Symbol,Market,Date,Open,High,Low,Close,Volume
LW,NYSE,2019/04/01 16:00:00,74.79,75.43,73.71,73.97,2302686
LW,NYSE,2019/04/02 16:00:00,79,79.1,73.12,74.36,6500074
LW,NYSE,2019/04/03 16:00:00,74.54,75.43,73.08,73.09,2836242
LW,NYSE,2019/04/04 16:00:00,73.08,73.15,70.3,70.32,2405205
LW,NYSE,2019/04/05 16:00:00,70.19,71.66,69.64,71.63,2512710
LW,NYSE,2019/04/08 16:00:00,71.92,73.2,71.72,72.87,1527943
LW,NYSE,2019/04/09 16:00:00,72.67,72.94,71.95,72.92,1220479
LW,NYSE,2019/04/10 16:00:00,73.08,73.53,72.25,72.4,1176902
LW,NYSE,2019/04/11 16:00:00,72.33,72.58,71.27,71.63,1192443
LW,NYSE,2019/04/12 16:00:00,71.49,71.55,70.58,71.11,1008117
LW,NYSE,2019/04/15 16:00:00,71.14,71.65,70.93,71.2,900254
LW,NYSE,2019/04/16 16:00:00,71.22,71.63,69.63,69.66,1209637
LW,NYSE,2019/04/17 16:00:00,69.75,69.96,68.59,68.63,1185976
LW,NYSE,2019/04/18 16:00:00,68.62,68.62,67.08,67.62,2237221
LW,NYSE,2019/04/22 16:00:00,67.73,68.93,67.19,68.9,1403968
LW,NYSE,2019/04/23 16:00:00,68.75,69.81,68.75,69.48,1194263
LW,NYSE,2019/04/24 16:00:00,69.66,69.81,68.82,69.29,1303628
LW,NYSE,2019/04/25 16:00:00,68.72,69.67,68.66,69.2,759972
LW,NYSE,2019/04/26 16:00:00,69.41,70.2,68.68,69.69,955418
LW,NYSE,2019/04/29 16:00:00,69.47,69.51,68,68.55,1482686
LW,NYSE,2019/04/30 16:00:00,68.57,70.17,68.07,70.05,1541354
LW,NYSE,2019/05/01 16:00:00,69.94,70.65,69.9,70.1,1273989
LW,NYSE,2019/05/02 16:00:00,69.77,69.77,65.23,66.37,3550016
LW,NYSE,2019/05/03 16:00:00,66.53,67.16,65.46,67.1,2289772
LW,NYSE,2019/05/06 16:00:00,66.51,67.69,66.29,67.5,1260851
LW,NYSE,2019/05/07 16:00:00,68.61,68.83,66.83,68.25,2877879
LW,NYSE,2019/05/08 16:00:00,68.15,68.63,67.89,68.3,2047211
LW,NYSE,2019/05/09 16:00:00,68.18,68.73,67.93,68.63,1443985
LW,NYSE,2019/05/10 16:00:00,68.46,68.46,67.22,67.45,1224998
LW,NYSE,2019/05/13 16:00:00,66.99,67.21,65.43,66.54,2145695
LW,NYSE,2019/05/14 16:00:00,66.76,67.83,66.58,67.02,1980326
LW,NYSE,2019/05/15 16:00:00,67.08,68.12,66.66,67.07,2318938
LW,NYSE,2019/05/16 16:00:00,67.25,68.05,66.85,66.88,2356532
LW,NYSE,2019/05/17 16:00:00,66.83,67.83,65.95,67.63,1512746
LW,NYSE,2019/05/20 16:00:00,67.63,68.42,67.46,67.54,1487171
LW,NYSE,2019/05/21 16:00:00,67.57,67.96,65.22,65.36,2769605
LW,NYSE,2019/05/22 16:00:00,65.36,65.95,63.57,63.66,1931606
LW,NYSE,2019/05/23 16:00:00,63.29,63.49,62.46,63.08,1958010
LW,NYSE,2019/05/24 16:00:00,63.18,63.45,61.92,62.13,2018143
LW,NYSE,2019/05/28 16:00:00,62.13,62.32,60.08,60.79,4988713
LW,NYSE,2019/05/29 16:00:00,60.6,60.74,59.64,59.93,2360779
LW,NYSE,2019/05/30 16:00:00,59.91,60.43,59.61,60.05,1226959
LW,NYSE,2019/05/31 16:00:00,59.84,59.93,59.16,59.25,1327029
LW,NYSE,2019/06/03 16:00:00,59.25,60.35,59.19,60.24,1154761
LW,NYSE,2019/06/04 16:00:00,60.36,61.26,60.06,61.23,3288881
LW,NYSE,2019/06/05 16:00:00,61.59,62.42,61.04,62.35,1624417
LW,NYSE,2019/06/06 16:00:00,62.14,62.57,61.52,62.39,1387728
LW,NYSE,2019/06/07 16:00:00,62.58,62.75,60.66,60.99,1568976
LW,NYSE,2019/06/10 16:00:00,60.9,61.61,60.49,61.42,1089836
LW,NYSE,2019/06/11 16:00:00,61.42,62.35,61.42,61.92,920986
LW,NYSE,2019/06/12 16:00:00,62.14,62.61,61.24,61.37,691267
LW,NYSE,2019/06/13 16:00:00,61.43,61.51,60.65,61.21,1135869
LW,NYSE,2019/06/14 16:00:00,61.33,61.91,61.21,61.71,1295111
LW,NYSE,2019/06/17 16:00:00,61.44,61.52,59.61,59.85,1304082
LW,NYSE,2019/06/18 16:00:00,59.99,60.18,58.83,58.97,1070925
LW,NYSE,2019/06/19 16:00:00,60.76,61.44,59.15,61.32,1646652
LW,NYSE,2019/06/20 16:00:00,61.44,62.15,61.13,61.34,1041283
LW,NYSE,2019/06/21 16:00:00,61.33,61.89,60.45,60.84,1955287
LW,NYSE,2019/06/24 16:00:00,60.79,61.42,60.44,60.76,1045112
LW,NYSE,2019/06/25 16:00:00,60.83,62.81,60.54,62.54,2027374
LW,NYSE,2019/06/26 16:00:00,62.12,63.29,62.07,63,2281325
LW,NYSE,2019/06/27 16:00:00,62.74,62.74,61.11,61.7,1315009
LW,NYSE,2019/06/28 16:00:00,61.85,63.38,61.7,63.36,2422049
LW,NYSE,2019/07/01 16:00:00,63.53,63.63,62.28,62.53,1067146
LW,NYSE,2019/07/02 16:00:00,62.84,63.55,62.54,62.62,998698
LW,NYSE,2019/07/03 13:00:00,62.65,63.96,62.65,63.72,670897
LW,NYSE,2019/07/05 16:00:00,63.54,64.38,63.3,64.34,706056
LW,NYSE,2019/07/08 16:00:00,64.43,64.78,63.96,64.39,956413
LW,NYSE,2019/07/09 16:00:00,64.37,65.35,63.64,65.08,2706597
LW,NYSE,2019/07/10 16:00:00,65,66.89,64.77,66.2,2535029
LW,NYSE,2019/07/11 16:00:00,66.29,67.76,66.25,67.58,2758644
LW,NYSE,2019/07/12 16:00:00,67.6,67.76,65.89,65.93,2027526
LW,NYSE,2019/07/15 16:00:00,66,66.81,65.41,66.37,1269356
LW,NYSE,2019/07/16 16:00:00,66.63,67.02,66.35,66.79,1250361
LW,NYSE,2019/07/17 16:00:00,66.71,67.14,66.47,67.08,810943
LW,NYSE,2019/07/18 16:00:00,67.2,68.06,66.67,67.96,892554
LW,NYSE,2019/07/19 16:00:00,68.05,68.85,67.94,68.57,1647214
LW,NYSE,2019/07/22 16:00:00,68.64,68.77,67.5,67.56,1979670
LW,NYSE,2019/07/23 16:00:00,65.63,65.63,63.13,63.66,3855735
LW,NYSE,2019/07/24 16:00:00,63.19,64.12,62.03,63.49,2441691
LW,NYSE,2019/07/25 16:00:00,63.1,64.9,63.01,64.79,1483594
LW,NYSE,2019/07/26 16:00:00,65.12,65.2,64.08,64.68,1319926
LW,NYSE,2019/07/29 16:00:00,64.86,65.74,64.48,65.55,1061900
LW,NYSE,2019/07/30 16:00:00,65.71,67.75,65.33,67.54,1642121
LW,NYSE,2019/07/31 16:00:00,67.7,67.7,66.41,67.12,2230616
LW,NYSE,2019/08/01 16:00:00,67.26,67.78,66.53,66.55,1137630
LW,NYSE,2019/08/02 16:00:00,66.7,67.38,66.24,67.06,1101635
LW,NYSE,2019/08/05 16:00:00,66.63,66.81,64.55,65.36,1022111
LW,NYSE,2019/08/06 16:00:00,65.41,66.1,64.78,64.95,1225542
LW,NYSE,2019/08/07 16:00:00,64.83,65.78,63.69,65.62,970779
LW,NYSE,2019/08/08 16:00:00,65.08,67.26,65.08,66.84,1236921
LW,NYSE,2019/08/09 16:00:00,67.05,67.2,66.22,67.06,547983
LW,NYSE,2019/08/12 16:00:00,66.86,68.01,66.65,67.9,484478
LW,NYSE,2019/08/13 16:00:00,67.91,68.38,67.13,67.3,1410248
LW,NYSE,2019/08/14 16:00:00,67.23,67.72,66.47,66.8,1232556
LW,NYSE,2019/08/15 16:00:00,66.94,68.2,66.77,67.9,749072
LW,NYSE,2019/08/16 16:00:00,68.19,69.18,67.45,68.81,793655
LW,NYSE,2019/08/19 16:00:00,69.04,70.38,68.99,70.12,1447094
LW,NYSE,2019/08/20 16:00:00,69.84,69.84,67.92,68.25,1249621
LW,NYSE,2019/08/21 16:00:00,68.51,69.14,68.23,68.44,732508
LW,NYSE,2019/08/22 16:00:00,68.63,69.96,68.47,69.51,752675
LW,NYSE,2019/08/23 16:00:00,69.42,69.95,68.1,68.4,674330
LW,NYSE,2019/08/26 16:00:00,68.83,69.12,68.47,68.87,600433
LW,NYSE,2019/08/27 16:00:00,68.88,69.26,67.94,68.45,629958
LW,NYSE,2019/08/28 16:00:00,68.56,69.16,68.17,68.77,479392
LW,NYSE,2019/08/29 16:00:00,69.2,70.01,68.88,69.92,429052
LW,NYSE,2019/08/30 16:00:00,70.28,70.77,70.11,70.39,773648
LW,NYSE,2019/09/03 16:00:00,70.1,71.4,69.81,71.36,612323
LW,NYSE,2019/09/04 16:00:00,71.59,72.48,71.29,72.38,897522
LW,NYSE,2019/09/05 16:00:00,72.76,72.83,71.63,71.79,920262
LW,NYSE,2019/09/06 16:00:00,71.97,72.44,71.14,71.22,843592
LW,NYSE,2019/09/09 16:00:00,71.3,71.48,70.34,71.06,526940
LW,NYSE,2019/09/10 16:00:00,70.77,70.78,69.76,70.57,693014
LW,NYSE,2019/09/11 16:00:00,70.6,71.77,70.02,71.58,657657
LW,NYSE,2019/09/12 16:00:00,71.85,72.22,71.6,71.95,522295
LW,NYSE,2019/09/13 16:00:00,71.83,73,71.35,72.15,913441
LW,NYSE,2019/09/16 16:00:00,72.26,73.65,71.94,73.19,955705
LW,NYSE,2019/09/17 16:00:00,72.88,74.01,72.65,74,1113169
LW,NYSE,2019/09/18 16:00:00,74.12,74.29,72.94,73.75,1063260
LW,NYSE,2019/09/19 16:00:00,73.73,74.01,73.47,73.63,1059027
LW,NYSE,2019/09/20 16:00:00,74,74.22,72.81,73.52,1413187
LW,NYSE,2019/09/23 16:00:00,73.68,74.44,73.22,74.14,1031760
LW,NYSE,2019/09/24 16:00:00,74.28,74.81,73.66,73.86,952235
LW,NYSE,2019/09/25 16:00:00,73.64,74.33,73.16,73.86,987390
LW,NYSE,2019/09/26 16:00:00,74.13,74.49,73.56,73.59,940714
LW,NYSE,2019/09/27 16:00:00,73.84,73.84,72.67,73.36,723288
LW,NYSE,2019/09/30 16:00:00,73.34,73.49,72.26,72.72,1651093
LW,NYSE,2019/10/01 16:00:00,72.82,74.75,72.82,73.57,2015179
LW,NYSE,2019/10/02 16:00:00,73.6,74.67,72.51,73.35,3604743
LW,NYSE,2019/10/03 16:00:00,73.54,77.88,73.47,77.88,2614121
LW,NYSE,2019/10/04 16:00:00,78,79.39,76.99,77.77,1357778
LW,NYSE,2019/10/07 16:00:00,77.54,77.72,75.7,75.91,1346067
LW,NYSE,2019/10/08 16:00:00,75.76,76.97,75.23,76.57,1349120
LW,NYSE,2019/10/09 16:00:00,76.57,76.98,75.73,75.96,579042
LW,NYSE,2019/10/10 16:00:00,75.79,76.92,75.43,76.41,836885
LW,NYSE,2019/10/11 16:00:00,76.55,76.88,76.03,76.09,521689
LW,NYSE,2019/10/14 16:00:00,76.19,76.35,75.52,75.84,458455
LW,NYSE,2019/10/15 16:00:00,75.94,76.2,75.16,75.5,723863
LW,NYSE,2019/10/16 16:00:00,75.7,76.23,74.95,76.23,761980
LW,NYSE,2019/10/17 16:00:00,76.41,77.53,76.22,77.05,729012
LW,NYSE,2019/10/18 16:00:00,77.13,77.32,76.62,76.97,627661
LW,NYSE,2019/10/21 16:00:00,76.97,77.18,76.59,76.82,582179
LW,NYSE,2019/10/22 16:00:00,77.18,77.18,75.18,75.33,706886
LW,NYSE,2019/10/23 16:00:00,75.33,75.54,74.17,74.81,1140137
LW,NYSE,2019/10/24 16:00:00,74.81,74.81,73.75,74.6,763806
LW,NYSE,2019/10/25 16:00:00,74.88,75.31,74.22,75,728093
LW,NYSE,2019/10/28 16:00:00,75.15,76.42,75.15,76.03,675836
LW,NYSE,2019/10/29 16:00:00,75.99,77.17,75.71,77.02,649728
LW,NYSE,2019/10/30 16:00:00,77.14,78.1,76.7,77.75,614704
LW,NYSE,2019/10/31 16:00:00,77.58,78.22,76.62,78.04,944432
LW,NYSE,2019/11/01 16:00:00,78.34,78.52,77.4,77.57,867757
LW,NYSE,2019/11/04 16:00:00,77.44,77.99,76.76,77.21,1392883
LW,NYSE,2019/11/05 16:00:00,77.04,77.49,76.62,76.86,740702
LW,NYSE,2019/11/06 16:00:00,76.95,79.23,76.95,79.07,847297
LW,NYSE,2019/11/07 16:00:00,79.21,79.42,78.29,79,802448
LW,NYSE,2019/11/08 16:00:00,78.93,79,78.39,78.95,460398
LW,NYSE,2019/11/11 16:00:00,78.72,80.49,78.7,80.49,674084
LW,NYSE,2019/11/12 16:00:00,80.41,80.81,79.71,80.12,903683
LW,NYSE,2019/11/13 16:00:00,79.99,81.3,79.77,81,799149
LW,NYSE,2019/11/14 16:00:00,81.07,81.47,80.29,81.04,658048
LW,NYSE,2019/11/15 16:00:00,81.2,82.94,81.05,82.94,1456213
LW,NYSE,2019/11/18 16:00:00,82.7,84.33,82.47,83.36,2261812
LW,NYSE,2019/11/19 16:00:00,83.53,84.25,83.18,83.75,963860
LW,NYSE,2019/11/20 16:00:00,83.71,84.23,83.17,83.49,819238
LW,NYSE,2019/11/21 16:00:00,83.24,83.47,82.23,82.84,952831
LW,NYSE,2019/11/22 16:00:00,83.07,83.32,82.58,82.91,691076
LW,NYSE,2019/11/25 16:00:00,83.27,83.75,83.12,83.43,858965
LW,NYSE,2019/11/26 16:00:00,83.7,84.11,83.17,83.85,2633064
LW,NYSE,2019/11/27 16:00:00,83.85,84.25,83.6,84.02,917414
LW,NYSE,2019/11/29 13:00:00,83.97,84.38,83.6,83.98,544826
LW,NYSE,2019/12/02 16:00:00,83.81,84.18,82.82,84.03,1691670
LW,NYSE,2019/12/03 16:00:00,83.95,84.78,83.6,84.41,974604
LW,NYSE,2019/12/04 16:00:00,84.22,84.99,83.73,84.13,1152617
LW,NYSE,2019/12/05 16:00:00,84.35,84.8,84.1,84.41,681112
LW,NYSE,2019/12/06 16:00:00,84.4,84.96,84.14,84.22,698579
LW,NYSE,2019/12/09 16:00:00,84.26,84.36,83.92,84.16,709164
LW,NYSE,2019/12/10 16:00:00,84.29,84.5,83.95,84.02,638108
LW,NYSE,2019/12/11 16:00:00,84.27,84.86,83.97,84.38,476249
LW,NYSE,2019/12/12 16:00:00,84.36,85.08,83.52,84.11,821945
LW,NYSE,2019/12/13 16:00:00,83.89,84.56,83.3,84.1,1395798
LW,NYSE,2019/12/16 16:00:00,84.05,84.59,83.46,83.97,1173051
LW,NYSE,2019/12/17 16:00:00,84.03,84.78,83.97,84.09,723182
LW,NYSE,2019/12/18 16:00:00,84.31,84.44,83.43,84.17,968641
LW,NYSE,2019/12/19 16:00:00,84.39,84.91,83.89,84.2,1027523
LW,NYSE,2019/12/20 16:00:00,84.86,86.24,84.22,85.83,2257194
LW,NYSE,2019/12/23 16:00:00,86.23,86.23,85.45,85.5,553443
LW,NYSE,2019/12/24 13:00:00,85.56,85.82,85.14,85.14,444585
LW,NYSE,2019/12/26 16:00:00,85.18,86.16,85.15,86.15,370132
LW,NYSE,2019/12/27 16:00:00,86.22,86.59,85.84,86.07,427707
LW,NYSE,2019/12/30 16:00:00,85.96,86.05,85.23,85.45,396997
LW,NYSE,2019/12/31 16:00:00,85.52,86.07,84.87,86.03,1044851
LW,NYSE,2020/01/02 16:00:00,85.77,86.07,83.95,84.09,1554789
LW,NYSE,2020/01/03 16:00:00,87.15,94.46,86.19,93.56,3940608
LW,NYSE,2020/01/06 16:00:00,92.45,92.51,90.48,90.7,1960527
LW,NYSE,2020/01/07 16:00:00,90.55,91.92,90.2,91.21,1791770
LW,NYSE,2020/01/08 16:00:00,91.2,92.25,91.03,91.26,1516374
LW,NYSE,2020/01/09 16:00:00,91.95,91.99,90.58,90.79,945692
LW,NYSE,2020/01/10 16:00:00,90.83,91.27,90.21,90.48,908916
LW,NYSE,2020/01/13 16:00:00,90.27,91.91,90.27,91.23,1586848
LW,NYSE,2020/01/14 16:00:00,91.06,91.59,90.37,90.67,685477
LW,NYSE,2020/01/15 16:00:00,90.73,92.02,90.67,90.88,809325
LW,NYSE,2020/01/16 16:00:00,90.94,91.69,90.59,91,681999
LW,NYSE,2020/01/17 16:00:00,91.21,91.43,90.49,90.5,908457
LW,NYSE,2020/01/21 16:00:00,90.52,91.44,90.49,91.2,1010850
LW,NYSE,2020/01/22 16:00:00,91.23,92.16,91.07,91.19,1001395
LW,NYSE,2020/01/23 16:00:00,90.95,91.46,90.66,90.89,901311
LW,NYSE,2020/01/24 16:00:00,91.09,91.16,90.29,90.69,519044
LW,NYSE,2020/01/27 16:00:00,90.64,91.7,90.27,90.43,907160
LW,NYSE,2020/01/28 16:00:00,90.11,91.99,89.8,91.66,1016466
LW,NYSE,2020/01/29 16:00:00,91.6,92.64,90.8,92.05,739711
LW,NYSE,2020/01/30 16:00:00,91.53,92.35,91.24,92.12,740226
LW,NYSE,2020/01/31 16:00:00,91.87,92.76,91.22,91.31,932907
LW,NYSE,2020/02/03 16:00:00,91.67,91.96,91.07,91.75,1438177
LW,NYSE,2020/02/04 16:00:00,92.21,92.99,91.79,92.28,660610
LW,NYSE,2020/02/05 16:00:00,92.38,93.48,92.06,92.58,973412
LW,NYSE,2020/02/06 16:00:00,92.77,93.59,92.51,93.17,1128160
LW,NYSE,2020/02/07 16:00:00,93.38,94.53,93.04,94.45,611036
LW,NYSE,2020/02/10 16:00:00,94.43,94.97,94.19,94.58,580416
LW,NYSE,2020/02/11 16:00:00,94.61,95.42,94.4,95.13,676680
LW,NYSE,2020/02/12 16:00:00,94.98,95.42,94.15,94.51,465405
LW,NYSE,2020/02/13 16:00:00,94.6,95.42,94.23,95.09,506357
LW,NYSE,2020/02/14 16:00:00,95.14,95.6,94.54,95.17,466209
LW,NYSE,2020/02/18 16:00:00,94.94,95.93,94.7,95.87,962837
LW,NYSE,2020/02/19 16:00:00,95.98,96.32,94.13,94.35,534219
LW,NYSE,2020/02/20 16:00:00,94.23,94.96,93.86,94.92,527606
LW,NYSE,2020/02/21 16:00:00,94.92,95.14,94.54,94.84,421705
LW,NYSE,2020/02/24 16:00:00,94,95.61,93.65,95.32,714003
LW,NYSE,2020/02/25 16:00:00,95.2,96.11,93.74,93.77,937425
LW,NYSE,2020/02/26 16:00:00,94.01,95.03,92.49,92.54,778537
LW,NYSE,2020/02/27 16:00:00,92.1,92.84,89.44,89.45,984472
LW,NYSE,2020/02/28 16:00:00,88.1,88.27,85.41,86.89,2623123
LW,NYSE,2020/03/02 16:00:00,86.94,88.45,85.21,86.65,2420914
LW,NYSE,2020/03/03 16:00:00,86.44,88.32,84.97,85.5,1628827
LW,NYSE,2020/03/04 16:00:00,86.56,88.28,86.17,88.09,1446473
LW,NYSE,2020/03/05 16:00:00,87.32,87.95,85.95,86.36,1368905
LW,NYSE,2020/03/06 16:00:00,83.78,84.13,80.17,83.37,2409459
LW,NYSE,2020/03/09 16:00:00,79.76,79.99,73.25,73.38,1633315
LW,NYSE,2020/03/10 16:00:00,75,75,70.88,72.73,2145437
LW,NYSE,2020/03/11 16:00:00,71.01,73,70.18,71.43,2622330
LW,NYSE,2020/03/12 16:00:00,67.57,68.93,62.24,63.36,2194813
LW,NYSE,2020/03/13 16:00:00,65.78,66.36,60.39,63.85,2633122
LW,NYSE,2020/03/16 16:00:00,58.32,60.98,51.47,52.44,2337364
LW,NYSE,2020/03/17 16:00:00,53.35,53.81,49.04,53.13,2960444
LW,NYSE,2020/03/18 16:00:00,50.4,51.09,39.06,45.01,2218325
LW,NYSE,2020/03/19 16:00:00,43.07,49.36,42.78,48.81,2433294
LW,NYSE,2020/03/20 16:00:00,49.45,51.21,47.43,47.63,2763685
LW,NYSE,2020/03/23 16:00:00,46.06,48.76,42.43,47.71,1847074
LW,NYSE,2020/03/24 16:00:00,49.86,57.65,49.75,55.04,3074932
LW,NYSE,2020/03/25 16:00:00,55,57.89,54.17,56.33,2533691
LW,NYSE,2020/03/26 16:00:00,56.89,61.46,56.12,58.84,1826321
LW,NYSE,2020/03/27 16:00:00,56.51,58.27,53.9,57.25,1975848
LW,NYSE,2020/03/30 16:00:00,57.77,60,56.24,57.64,2033005
LW,NYSE,2020/03/31 16:00:00,57.79,60.14,56.43,57.1,2604219
LW,NYSE,2020/04/01 16:00:00,52,52.46,48.12,51,3141145
LW,NYSE,2020/04/02 16:00:00,49.75,52.19,48.59,49.88,3217450
LW,NYSE,2020/04/03 16:00:00,49.88,50.75,48.76,50.2,1692063
LW,NYSE,2020/04/06 16:00:00,52.71,53.51,51.39,51.82,1977698
LW,NYSE,2020/04/07 16:00:00,54.52,58.52,53.12,55.1,2614692
LW,NYSE,2020/04/08 16:00:00,55.43,58.42,55.14,57.75,1857496
LW,NYSE,2020/04/09 16:00:00,58.71,62.27,58.01,58.4,2046874
LW,NYSE,2020/04/13 16:00:00,58.39,58.7,55.61,58.26,1072037
LW,NYSE,2020/04/14 16:00:00,59.09,62.22,59.09,60.7,2045426
LW,NYSE,2020/04/15 16:00:00,58.61,58.65,54.5,55.91,2021752
LW,NYSE,2020/04/16 16:00:00,56.36,58.09,55.83,57.55,1221547
LW,NYSE,2020/04/17 16:00:00,59.3,61.29,58.46,59.92,1533748
LW,NYSE,2020/04/20 16:00:00,59.24,60.41,57.34,57.51,1245440
LW,NYSE,2020/04/21 16:00:00,55.22,56.98,55.22,55.71,1341084
LW,NYSE,2020/04/22 16:00:00,56.68,57.28,55.21,56.33,981847
LW,NYSE,2020/04/23 16:00:00,56.34,57.99,55.91,56.69,1418049
LW,NYSE,2020/04/24 16:00:00,57.09,58.5,56.21,57.78,1152781
LW,NYSE,2020/04/27 16:00:00,57.94,59.4,57.83,58.55,1069207
LW,NYSE,2020/04/28 16:00:00,59.86,60.43,59.02,60.16,1373071
LW,NYSE,2020/04/29 16:00:00,61.42,65.42,60.37,64.89,2033289
LW,NYSE,2020/04/30 16:00:00,63.43,64.45,60.74,61.36,2377587
LW,NYSE,2020/05/01 16:00:00,60.54,61,58.03,58.35,884160
LW,NYSE,2020/05/04 16:00:00,57.68,58.11,56.61,57.7,898753
LW,NYSE,2020/05/05 16:00:00,58.36,60.02,58.36,58.97,1021738
LW,NYSE,2020/05/06 16:00:00,59.13,60.4,58.88,59,1071359
LW,NYSE,2020/05/07 16:00:00,59.69,59.97,55.34,55.42,1966196
LW,NYSE,2020/05/08 16:00:00,56.98,62.01,56.32,61.54,1920368
LW,NYSE,2020/05/11 16:00:00,60.75,61.55,59.44,59.66,902937
LW,NYSE,2020/05/12 16:00:00,60.11,60.57,58.18,58.23,1039982
LW,NYSE,2020/05/13 16:00:00,57.96,58.42,53.89,54.78,1271561
LW,NYSE,2020/05/14 16:00:00,53.8,55.09,52.27,54.51,1114746
LW,NYSE,2020/05/15 16:00:00,54.21,54.21,51.72,52.09,1289022
LW,NYSE,2020/05/18 16:00:00,54.03,56.84,54.03,56.37,1416709
LW,NYSE,2020/05/19 16:00:00,56.1,57.42,55.38,55.86,1503758
LW,NYSE,2020/05/20 16:00:00,56.07,56.51,54.04,56.27,2020100
LW,NYSE,2020/05/21 16:00:00,56.12,56.16,55.03,55.83,1449735
LW,NYSE,2020/05/22 16:00:00,56.2,57.36,55.72,57.22,1291872
LW,NYSE,2020/05/26 16:00:00,59.72,60.97,58.85,60.7,1923791
LW,NYSE,2020/05/27 16:00:00,61.73,62.87,60,61.95,1957357
LW,NYSE,2020/05/28 16:00:00,62.58,62.58,59.08,59.62,2104282
LW,NYSE,2020/05/29 16:00:00,58.96,60.35,58,60.06,6912064
LW,NYSE,2020/06/01 16:00:00,60.92,63.52,60.43,61.59,2174839
LW,NYSE,2020/06/02 16:00:00,62.81,62.82,60.6,61.77,1573923
LW,NYSE,2020/06/03 16:00:00,62.74,65.41,62.6,64.78,1708103
LW,NYSE,2020/06/04 16:00:00,64.35,65.88,63.97,65.81,1536085
LW,NYSE,2020/06/05 16:00:00,69.3,71.37,67.78,71.25,3251681
LW,NYSE,2020/06/08 16:00:00,71.32,74.81,71.25,74.58,4498525
LW,NYSE,2020/06/09 16:00:00,73.38,73.49,71.01,71.9,3542515
LW,NYSE,2020/06/10 16:00:00,71.34,71.42,69.16,70.52,1858640
LW,NYSE,2020/06/11 16:00:00,68.08,68.18,63.11,63.26,1973401
LW,NYSE,2020/06/12 16:00:00,65.41,66.63,62.87,64.97,1142727
LW,NYSE,2020/06/15 16:00:00,63.06,65.82,62.12,65.52,1084511
LW,NYSE,2020/06/16 16:00:00,68.44,68.98,66.22,67.96,1106238
LW,NYSE,2020/06/17 16:00:00,68.12,68.88,67.37,67.83,1352258
LW,NYSE,2020/06/18 16:00:00,66.77,67.91,66.45,67.79,850121
LW,NYSE,2020/06/19 16:00:00,68.9,69.31,66.19,66.2,1354983
LW,NYSE,2020/06/22 16:00:00,66.07,66.14,64.85,65.85,868291
LW,NYSE,2020/06/23 16:00:00,66.55,67.41,66.26,66.54,1529326
LW,NYSE,2020/06/24 16:00:00,65.47,66.02,61.86,63.05,1390151
LW,NYSE,2020/06/25 16:00:00,62.33,64.06,61.98,63.86,977785
LW,NYSE,2020/06/26 16:00:00,63.69,63.69,61.77,62.53,1970036
LW,NYSE,2020/06/29 16:00:00,63.24,64.11,61.95,63.26,985941
LW,NYSE,2020/06/30 16:00:00,63.42,64.54,62.87,63.93,873369
LW,NYSE,2020/07/01 16:00:00,63.87,64.51,62.95,63.42,784297
LW,NYSE,2020/07/02 16:00:00,64.71,64.71,63.28,63.46,757247
LW,NYSE,2020/07/06 16:00:00,64.86,65,63.45,64.05,775190
LW,NYSE,2020/07/07 16:00:00,63.58,63.7,62.46,63.05,1085063
LW,NYSE,2020/07/08 16:00:00,62.65,63.08,60.73,61.85,1326812
LW,NYSE,2020/07/09 16:00:00,61.28,61.36,58.98,59.96,1589389
LW,NYSE,2020/07/10 16:00:00,59.94,63.09,59.76,63.01,994797
LW,NYSE,2020/07/13 16:00:00,63.68,64.64,63.01,63.8,872970
LW,NYSE,2020/07/14 16:00:00,63.63,66.23,63.09,66.15,1202408
LW,NYSE,2020/07/15 16:00:00,67.78,68.8,66.97,68.26,1308935
LW,NYSE,2020/07/16 16:00:00,67.84,68.36,66.69,66.92,1104692
LW,NYSE,2020/07/17 16:00:00,67.26,67.43,66.08,66.4,1004413
LW,NYSE,2020/07/20 16:00:00,66.23,66.54,64.76,65,849488
LW,NYSE,2020/07/21 16:00:00,65.29,67.26,65.29,65.94,877393
LW,NYSE,2020/07/22 16:00:00,65.76,68.28,65.35,68.16,741483
LW,NYSE,2020/07/23 16:00:00,67.94,69.44,67.94,68.72,569794
LW,NYSE,2020/07/24 16:00:00,68.38,68.83,67.42,67.79,945024
LW,NYSE,2020/07/27 16:00:00,67.86,71.03,67.62,70.5,1547256
LW,NYSE,2020/07/28 16:00:00,65.26,68.48,62.21,62.42,3554363
LW,NYSE,2020/07/29 16:00:00,62.22,62.88,59.61,59.81,2963125
LW,NYSE,2020/07/30 16:00:00,59.04,60.47,58.68,59.32,1028521
LW,NYSE,2020/07/31 16:00:00,59.87,60.08,58.82,60.08,971719
LW,NYSE,2020/08/03 16:00:00,60.24,60.92,59.25,60.13,1056961
LW,NYSE,2020/08/04 16:00:00,60.21,62.12,60.21,61.74,853379
LW,NYSE,2020/08/05 16:00:00,62.12,63.03,61.51,62.8,1082556
LW,NYSE,2020/08/06 16:00:00,61.9,63.7,61.78,63.5,1249048
LW,NYSE,2020/08/07 16:00:00,63.12,63.46,62.54,62.75,879859
LW,NYSE,2020/08/10 16:00:00,63.01,64.93,62.88,64.57,736514
LW,NYSE,2020/08/11 16:00:00,65.41,65.49,63.89,64.21,799651
LW,NYSE,2020/08/12 16:00:00,64.87,64.87,63.45,64.38,792881
LW,NYSE,2020/08/13 16:00:00,64.03,65.59,63.72,64.69,571872
LW,NYSE,2020/08/14 16:00:00,64.21,64.95,63.43,64.65,604662
LW,NYSE,2020/08/17 16:00:00,64.92,65.15,63.32,63.45,869382
LW,NYSE,2020/08/18 16:00:00,63.46,63.57,62.04,63.28,1043629
LW,NYSE,2020/08/19 16:00:00,63.4,64.74,63.02,64.06,780515
LW,NYSE,2020/08/20 16:00:00,63.17,63.7,62.15,62.34,655883
LW,NYSE,2020/08/21 16:00:00,62.39,62.56,61.3,61.48,672360
LW,NYSE,2020/08/24 16:00:00,61.82,63.66,61.59,63.66,876970
LW,NYSE,2020/08/25 16:00:00,63.97,63.97,62.18,62.93,469769
LW,NYSE,2020/08/26 16:00:00,62.46,62.77,61,61.45,1035524
LW,NYSE,2020/08/27 16:00:00,62.06,63.57,61.77,62.45,1145618
LW,NYSE,2020/08/28 16:00:00,62.62,64.35,61.86,64.19,1009176
LW,NYSE,2020/08/31 16:00:00,63.97,64.48,62.83,62.85,921607
LW,NYSE,2020/09/01 16:00:00,62.55,62.79,61.12,61.33,872567
LW,NYSE,2020/09/02 16:00:00,61.37,63.23,61.16,62.77,996287
LW,NYSE,2020/09/03 16:00:00,63.26,65.2,62.64,63.28,1081101
LW,NYSE,2020/09/04 16:00:00,63.44,63.91,61.77,62.44,580387
LW,NYSE,2020/09/08 16:00:00,62.19,62.4,60.86,61.1,789993
LW,NYSE,2020/09/09 16:00:00,61.78,62.6,60.65,61.4,857854
LW,NYSE,2020/09/10 16:00:00,61.59,62.79,61.4,62,1070265
LW,NYSE,2020/09/11 16:00:00,62,63.62,61.72,63.33,991214
LW,NYSE,2020/09/14 16:00:00,63.54,65.87,63.27,65.61,750492
LW,NYSE,2020/09/15 16:00:00,65.65,67.33,65.47,67.25,1544505
LW,NYSE,2020/09/16 16:00:00,67.04,68.89,66.41,68.19,1318555
LW,NYSE,2020/09/17 16:00:00,67.39,70.24,66.22,70.1,1421823
LW,NYSE,2020/09/18 16:00:00,69.85,70.42,68.22,68.34,1429668
LW,NYSE,2020/09/21 16:00:00,67.09,67.15,64.64,65.01,1092417
LW,NYSE,2020/09/22 16:00:00,64.77,66.11,63.3,63.57,1383342
LW,NYSE,2020/09/23 16:00:00,64.53,65.15,63.09,63.53,957522
LW,NYSE,2020/09/24 16:00:00,63.49,64.54,62.13,62.67,735777
LW,NYSE,2020/09/25 16:00:00,62.61,65.23,62.33,64.89,872074
LW,NYSE,2020/09/28 16:00:00,65.74,67.81,65.74,66.77,668286
LW,NYSE,2020/09/29 16:00:00,66.45,67.07,65.08,65.29,744273
LW,NYSE,2020/09/30 16:00:00,66.03,67.15,65.67,66.27,856339
LW,NYSE,2020/10/01 16:00:00,66.84,67.33,66.02,66.67,819192
LW,NYSE,2020/10/02 16:00:00,65.6,68.22,65.35,67.93,699680
LW,NYSE,2020/10/05 16:00:00,68.35,69.93,68.21,69.55,989657
LW,NYSE,2020/10/06 16:00:00,70,71.71,69.38,70.16,1791918
LW,NYSE,2020/10/07 16:00:00,72,74.25,71.22,72.21,2515437
LW,NYSE,2020/10/08 16:00:00,72.63,74.68,72.36,74.33,1069733
LW,NYSE,2020/10/09 16:00:00,74.56,75,72.66,73.21,1324505
LW,NYSE,2020/10/12 16:00:00,73.45,73.57,72.59,72.62,630657
LW,NYSE,2020/10/13 16:00:00,71.95,72.17,71.48,71.96,757060
LW,NYSE,2020/10/14 16:00:00,71.91,73.05,71.75,72.13,502068
LW,NYSE,2020/10/15 16:00:00,71.03,73.5,70.69,73.24,617971
LW,NYSE,2020/10/16 16:00:00,73.28,73.68,72.14,72.7,963964
LW,NYSE,2020/10/19 16:00:00,72.66,73.02,71.46,71.66,788840
LW,NYSE,2020/10/20 16:00:00,72.34,73.11,71.48,71.89,857157
LW,NYSE,2020/10/21 16:00:00,72.02,72.35,71.25,71.34,1885605
LW,NYSE,2020/10/22 16:00:00,71.73,72.92,71.03,72.88,1632150
LW,NYSE,2020/10/23 16:00:00,73.3,73.58,71.55,72.11,688439
LW,NYSE,2020/10/26 16:00:00,71.06,71.21,67.23,67.79,1201291
LW,NYSE,2020/10/27 16:00:00,67.68,68.11,66.17,66.23,749235
LW,NYSE,2020/10/28 16:00:00,64.45,65.1,63.21,63.31,1089612
LW,NYSE,2020/10/29 16:00:00,63.22,64.87,62.84,64.09,1129268
LW,NYSE,2020/10/30 16:00:00,64.09,64.44,62.62,63.45,725839
LW,NYSE,2020/11/02 16:00:00,64.52,65.99,64.12,65.67,1062832
LW,NYSE,2020/11/03 16:00:00,66.75,68.44,66.59,67.23,671031
LW,NYSE,2020/11/04 16:00:00,67.7,68.91,67.09,67.21,1237242
LW,NYSE,2020/11/05 16:00:00,67.91,68.71,67.14,67.76,766854
LW,NYSE,2020/11/06 16:00:00,67.78,68.31,65.89,66.39,768731
LW,NYSE,2020/11/09 16:00:00,72.86,82.39,72.71,75.87,2421918
LW,NYSE,2020/11/10 16:00:00,76.46,76.92,75.24,76.46,1073884
LW,NYSE,2020/11/11 16:00:00,76.48,76.72,73.69,73.78,1025139
LW,NYSE,2020/11/12 16:00:00,73.1,73.1,70.79,71.41,735849
LW,NYSE,2020/11/13 16:00:00,72,72.55,71.07,71.93,585587
LW,NYSE,2020/11/16 16:00:00,74.26,74.62,72.2,74.23,1099049
LW,NYSE,2020/11/17 16:00:00,73.44,74.77,73.07,74.5,740489
LW,NYSE,2020/11/18 16:00:00,74.62,75.48,73.23,73.24,1073931
LW,NYSE,2020/11/19 16:00:00,72.49,72.62,70.46,71.6,1020733
LW,NYSE,2020/11/20 16:00:00,71.21,71.39,69.31,69.62,1215039
LW,NYSE,2020/11/23 16:00:00,70.04,70.42,69.35,70.07,1339934
LW,NYSE,2020/11/24 16:00:00,71.53,73.38,71.01,71.98,1566055
LW,NYSE,2020/11/25 16:00:00,71.96,74.12,71.11,73.26,1041140
LW,NYSE,2020/11/27 13:00:00,73.02,73.63,72.32,73.19,661230
LW,NYSE,2020/11/30 16:00:00,73,73,71.76,72.38,3592799
LW,NYSE,2020/12/01 16:00:00,73.29,73.78,71.58,72.75,1064420
LW,NYSE,2020/12/02 16:00:00,71.77,73.12,71.75,72.63,815878
LW,NYSE,2020/12/03 16:00:00,73,76.22,72.64,75.66,838972
LW,NYSE,2020/12/04 16:00:00,75.42,76.39,75.03,76.38,1332753
LW,NYSE,2020/12/07 16:00:00,78.5,79.7,76.28,76.6,853082
LW,NYSE,2020/12/08 16:00:00,75.79,77.95,75.69,77.5,566025
LW,NYSE,2020/12/09 16:00:00,77.8,78.51,76.75,77.4,602791
LW,NYSE,2020/12/10 16:00:00,76.58,77.48,75.63,76.39,963851
LW,NYSE,2020/12/11 16:00:00,75.93,77.61,75.61,77.28,668063
LW,NYSE,2020/12/14 16:00:00,77.83,78.78,76.42,76.54,1008038
LW,NYSE,2020/12/15 16:00:00,76.98,77.32,75.87,76.87,580733
LW,NYSE,2020/12/16 16:00:00,76.7,77,75.52,76.09,514367
LW,NYSE,2020/12/17 16:00:00,76.59,78.67,76.35,78.64,785932
LW,NYSE,2020/12/18 16:00:00,78.88,80,78.08,78.66,1326007
LW,NYSE,2020/12/21 16:00:00,77.01,77.63,75.63,77.47,719879
LW,NYSE,2020/12/22 16:00:00,77.98,78.47,77.06,77.34,640334
LW,NYSE,2020/12/23 16:00:00,77.6,79.35,77.38,78.6,615088
LW,NYSE,2020/12/24 13:00:00,78.44,78.44,76.75,77.65,294932
LW,NYSE,2020/12/28 16:00:00,78.35,78.5,77.2,77.44,371744
LW,NYSE,2020/12/29 16:00:00,77.65,77.74,76.6,76.84,527843
LW,NYSE,2020/12/30 16:00:00,76.77,77.62,76.6,77.36,421117
LW,NYSE,2020/12/31 16:00:00,77.59,79.22,76.94,78.74,382570
LW,NYSE,2021/01/04 16:00:00,78.38,78.85,74.49,75.67,1162850
LW,NYSE,2021/01/05 16:00:00,75.83,76.08,74.72,75.39,1018860
LW,NYSE,2021/01/06 16:00:00,76.29,78,75.75,76.63,1244356
LW,NYSE,2021/01/07 16:00:00,77.12,79.78,74.22,75.7,1418343
LW,NYSE,2021/01/08 16:00:00,75.3,77.15,73.61,76.83,963717
LW,NYSE,2021/01/11 16:00:00,76.1,76.75,75.05,76.01,923734
LW,NYSE,2021/01/12 16:00:00,75.63,76.24,74.36,75.08,1260299
LW,NYSE,2021/01/13 16:00:00,74.81,77.58,74.27,76.69,855744
LW,NYSE,2021/01/14 16:00:00,77.17,79.45,76.87,78.14,953396
LW,NYSE,2021/01/15 16:00:00,77.73,79.09,76.93,78.5,937072
LW,NYSE,2021/01/19 16:00:00,79.22,79.38,77.01,77.09,888979
LW,NYSE,2021/01/20 16:00:00,76.95,77.97,76.45,77.37,656326
LW,NYSE,2021/01/21 16:00:00,77.33,77.44,76.14,77.07,540414
LW,NYSE,2021/01/22 16:00:00,77.08,78.59,76.68,78.15,844264
LW,NYSE,2021/01/25 16:00:00,77.55,78.53,76.14,78.03,887643
LW,NYSE,2021/01/26 16:00:00,78.61,78.78,76.78,76.93,1148090
LW,NYSE,2021/01/27 16:00:00,75.64,76,72.61,73.38,1392287
LW,NYSE,2021/01/28 16:00:00,74.34,77.41,73.88,76.91,909935
LW,NYSE,2021/01/29 16:00:00,76.29,76.33,73.32,74.7,881713
LW,NYSE,2021/02/01 16:00:00,75.16,75.87,74.09,75.6,725139
LW,NYSE,2021/02/02 16:00:00,76.5,78.27,76.11,77.84,488224
LW,NYSE,2021/02/03 16:00:00,77.17,79.48,77.17,78.54,531040
LW,NYSE,2021/02/04 16:00:00,78.79,79.79,78.26,79.22,420941
LW,NYSE,2021/02/05 16:00:00,80,81.17,79.08,79.5,338754
LW,NYSE,2021/02/08 16:00:00,79.53,80.16,78.34,79.71,529902
LW,NYSE,2021/02/09 16:00:00,79.8,79.8,78.52,78.77,634785
LW,NYSE,2021/02/10 16:00:00,79.49,79.62,76.74,77.08,590940
LW,NYSE,2021/02/11 16:00:00,76.67,77.3,76.24,77.26,437948
LW,NYSE,2021/02/12 16:00:00,76.87,77.27,76.45,77.16,472974
LW,NYSE,2021/02/16 16:00:00,77.64,77.87,76.48,76.72,405331
LW,NYSE,2021/02/17 16:00:00,76.6,77.77,75.24,77.09,494142
LW,NYSE,2021/02/18 16:00:00,76.43,78.01,76.11,77.59,409008
LW,NYSE,2021/02/19 16:00:00,77.85,78.82,77.75,78.09,549902
LW,NYSE,2021/02/22 16:00:00,77.88,81.33,77.52,80.75,848609
LW,NYSE,2021/02/23 16:00:00,81.29,83.25,80.76,83.07,949885
LW,NYSE,2021/02/24 16:00:00,82.85,85.13,82.39,83.59,660507
LW,NYSE,2021/02/25 16:00:00,83.55,84.34,80.13,80.35,641268
LW,NYSE,2021/02/26 16:00:00,80.86,81.39,79.1,79.77,751689
LW,NYSE,2021/03/01 16:00:00,80.95,82.61,80.95,81.27,732352
LW,NYSE,2021/03/02 16:00:00,81.25,81.9,78.87,81.34,781955
LW,NYSE,2021/03/03 16:00:00,81.17,83.69,81.06,83.13,1157637
LW,NYSE,2021/03/04 16:00:00,83.13,84.43,81.3,82.76,1265437
LW,NYSE,2021/03/05 16:00:00,83.7,86.02,83.16,85.8,845163
LW,NYSE,2021/03/08 16:00:00,86.33,86.41,84.08,84.3,868708
LW,NYSE,2021/03/09 16:00:00,84.01,84.16,81.56,81.6,1616308
LW,NYSE,2021/03/10 16:00:00,81.71,81.94,79.44,80.69,5457667
LW,NYSE,2021/03/11 16:00:00,80.56,83.19,80,80.54,1435354
LW,NYSE,2021/03/12 16:00:00,81.05,81.06,80.1,80.72,1051812
LW,NYSE,2021/03/15 16:00:00,80.54,83.53,80.45,82.75,885055
LW,NYSE,2021/03/16 16:00:00,82.43,82.92,80.09,80.3,603954
LW,NYSE,2021/03/17 16:00:00,80.01,80.82,79.3,80.76,647303
LW,NYSE,2021/03/18 16:00:00,80.31,81.06,79.62,79.92,571850
LW,NYSE,2021/03/19 16:00:00,79.65,81.4,79.47,80.24,927336
LW,NYSE,2021/03/22 16:00:00,79.97,80.03,78.5,79.25,685240
LW,NYSE,2021/03/23 16:00:00,78.71,79.46,77.25,78,846878
LW,NYSE,2021/03/24 16:00:00,78.11,80.99,77.69,77.99,680325
LW,NYSE,2021/03/25 16:00:00,77.91,80.06,77.13,79.8,937657
LW,NYSE,2021/03/26 16:00:00,80.4,81.27,79.5,80.64,934708
LW,NYSE,2021/03/29 16:00:00,79.65,80.45,79.05,79.19,794763
LW,NYSE,2021/03/30 16:00:00,79.19,80.25,78.64,78.92,950548
LW,NYSE,2021/03/31 16:00:00,78.55,79.26,77.41,77.48,1886440
LW,NYSE,2021/04/01 16:00:00,77.25,78.35,76.48,78.08,2842690
LW,NYSE,2021/04/05 16:00:00,81.32,81.8,79.62,80.6,1439631
LW,NYSE,2021/04/06 16:00:00,79.97,82.38,79.62,80.92,1316170
LW,NYSE,2021/04/07 16:00:00,79.13,80.41,77.68,77.99,2575242
LW,NYSE,2021/04/08 16:00:00,75.85,78.21,75.29,77.62,2490442
LW,NYSE,2021/04/09 16:00:00,77.51,77.8,76.31,77.41,904611
LEVI,NYSE,2019/04/01 16:00:00,23.99,24.19,22.6,22.71,2587137
LEVI,NYSE,2019/04/02 16:00:00,22.8,23.08,22.43,23,1225447
LEVI,NYSE,2019/04/03 16:00:00,23.13,23.18,21.7,21.78,2632777
LEVI,NYSE,2019/04/04 16:00:00,21.85,21.99,21.38,21.69,1236656
LEVI,NYSE,2019/04/05 16:00:00,21.78,21.95,21.51,21.69,1570664
LEVI,NYSE,2019/04/08 16:00:00,21.69,21.9,21.24,21.3,1607766
LEVI,NYSE,2019/04/09 16:00:00,21.4,22.02,21.26,21.88,3204088
LEVI,NYSE,2019/04/10 16:00:00,23.23,23.9,22.72,22.75,10398245
LEVI,NYSE,2019/04/11 16:00:00,23.01,23.21,22.75,23.03,2183245
LEVI,NYSE,2019/04/12 16:00:00,23.07,23.22,22.32,22.45,1689845
LEVI,NYSE,2019/04/15 16:00:00,22.81,24.17,22.66,23.97,5351696
LEVI,NYSE,2019/04/16 16:00:00,24.23,24.5,23.6,23.91,2509081
LEVI,NYSE,2019/04/17 16:00:00,23.82,23.96,23.44,23.45,941958
LEVI,NYSE,2019/04/18 16:00:00,23.45,24.34,23.33,23.79,2058588
LEVI,NYSE,2019/04/22 16:00:00,23.81,23.91,22.77,22.82,1735042
LEVI,NYSE,2019/04/23 16:00:00,22.9,22.97,22.15,22.19,2226791
LEVI,NYSE,2019/04/24 16:00:00,22.27,22.6,21.84,22.4,1342247
LEVI,NYSE,2019/04/25 16:00:00,22.4,22.51,21.88,22.33,1104728
LEVI,NYSE,2019/04/26 16:00:00,22.4,22.93,22.06,22.79,1159291
LEVI,NYSE,2019/04/29 16:00:00,23.04,23.26,22.79,23.19,835256
LEVI,NYSE,2019/04/30 16:00:00,23.37,23.43,22.41,22.41,1035950
LEVI,NYSE,2019/05/01 16:00:00,22.45,22.65,22.18,22.63,1335209
LEVI,NYSE,2019/05/02 16:00:00,22.48,22.97,22.33,22.92,954883
LEVI,NYSE,2019/05/03 16:00:00,22.99,23.06,22.38,22.61,1211123
LEVI,NYSE,2019/05/06 16:00:00,22.3,22.75,22.19,22.69,682770
LEVI,NYSE,2019/05/07 16:00:00,22.44,22.88,22.42,22.83,1209616
LEVI,NYSE,2019/05/08 16:00:00,22.61,22.89,22.57,22.6,678005
LEVI,NYSE,2019/05/09 16:00:00,22.51,22.63,22.31,22.48,598267
LEVI,NYSE,2019/05/10 16:00:00,22.3,22.54,22.23,22.38,727242
LEVI,NYSE,2019/05/13 16:00:00,22,22.12,21.8,21.98,1052987
LEVI,NYSE,2019/05/14 16:00:00,22.21,22.65,22,22.38,826258
LEVI,NYSE,2019/05/15 16:00:00,22.5,22.62,22.04,22.1,534475
LEVI,NYSE,2019/05/16 16:00:00,22.16,22.35,21.96,21.97,832998
LEVI,NYSE,2019/05/17 16:00:00,21.89,22.34,21.8,21.95,533890
LEVI,NYSE,2019/05/20 16:00:00,21.81,22.07,21.74,22.02,473699
LEVI,NYSE,2019/05/21 16:00:00,22,22.29,21.89,22.25,371482
LEVI,NYSE,2019/05/22 16:00:00,22.06,22.48,22.06,22.4,381805
LEVI,NYSE,2019/05/23 16:00:00,22.25,22.49,22.09,22.14,660054
LEVI,NYSE,2019/05/24 16:00:00,22.25,22.42,21.78,22.06,1182822
LEVI,NYSE,2019/05/28 16:00:00,22,22.2,21.75,21.99,668204
LEVI,NYSE,2019/05/29 16:00:00,21.79,21.82,21,21.28,1541656
LEVI,NYSE,2019/05/30 16:00:00,21.11,21.33,20.41,20.79,1893929
LEVI,NYSE,2019/05/31 16:00:00,20.54,20.56,18.92,19.42,3355862
LEVI,NYSE,2019/06/03 16:00:00,19.43,20.79,19.37,20.63,1185491
LEVI,NYSE,2019/06/04 16:00:00,20.84,22.08,20.81,21.48,2093198
LEVI,NYSE,2019/06/05 16:00:00,21.51,21.55,20.7,21.33,784479
LEVI,NYSE,2019/06/06 16:00:00,21.21,21.39,20.45,20.82,782168
LEVI,NYSE,2019/06/07 16:00:00,20.8,21.09,20.4,20.97,714448
LEVI,NYSE,2019/06/10 16:00:00,21.19,22.11,21.19,21.65,577563
LEVI,NYSE,2019/06/11 16:00:00,21.76,21.88,20.82,20.91,485904
LEVI,NYSE,2019/06/12 16:00:00,20.95,21.13,20.5,20.63,736479
LEVI,NYSE,2019/06/13 16:00:00,20.73,21.54,20.7,21.18,478536
LEVI,NYSE,2019/06/14 16:00:00,21.01,21.89,21,21.49,708001
LEVI,NYSE,2019/06/17 16:00:00,21.57,22.25,21.5,21.83,1047405
LEVI,NYSE,2019/06/18 16:00:00,21.87,22.14,21.64,21.76,628934
LEVI,NYSE,2019/06/19 16:00:00,21.98,22.47,21.75,22.31,730063
LEVI,NYSE,2019/06/20 16:00:00,22.45,22.47,21.35,21.78,1181681
LEVI,NYSE,2019/06/21 16:00:00,21.77,21.94,21.48,21.76,2399280
LEVI,NYSE,2019/06/24 16:00:00,21.65,22.03,20.9,21.06,788203
LEVI,NYSE,2019/06/25 16:00:00,21.13,21.45,20.75,20.75,927189
LEVI,NYSE,2019/06/26 16:00:00,21.15,21.47,20.45,20.71,2299480
LEVI,NYSE,2019/06/27 16:00:00,20.68,21.18,20.68,21.07,948597
LEVI,NYSE,2019/06/28 16:00:00,21.1,21.29,20.7,20.88,699081
LEVI,NYSE,2019/07/01 16:00:00,21,21.55,20.78,21.25,1233495
LEVI,NYSE,2019/07/02 16:00:00,21.28,21.64,21.02,21.36,963234
LEVI,NYSE,2019/07/03 13:00:00,21.42,22,21.2,21.79,683644
LEVI,NYSE,2019/07/05 16:00:00,21.7,22.5,21.57,22.27,1060716
LEVI,NYSE,2019/07/08 16:00:00,22.46,23.37,22.3,23.19,1860032
LEVI,NYSE,2019/07/09 16:00:00,23.09,23.74,22.54,23.66,4003689
LEVI,NYSE,2019/07/10 16:00:00,21.78,21.97,20.65,20.82,17099722
LEVI,NYSE,2019/07/11 16:00:00,20.84,20.84,20.2,20.25,4510189
LEVI,NYSE,2019/07/12 16:00:00,20.29,20.4,19.56,20.12,3648022
LEVI,NYSE,2019/07/15 16:00:00,20,20.34,19.97,20.12,1201588
LEVI,NYSE,2019/07/16 16:00:00,20,20.12,19.8,19.8,968688
LEVI,NYSE,2019/07/17 16:00:00,19.2,19.26,18.49,18.89,4894343
LEVI,NYSE,2019/07/18 16:00:00,18.79,18.89,18.16,18.4,2238216
LEVI,NYSE,2019/07/19 16:00:00,18.39,18.81,18.39,18.75,1052108
LEVI,NYSE,2019/07/22 16:00:00,18.83,18.9,18.26,18.43,1105544
LEVI,NYSE,2019/07/23 16:00:00,18.3,18.64,18.3,18.5,708966
LEVI,NYSE,2019/07/24 16:00:00,18.63,19.25,18.52,19.24,1127269
LEVI,NYSE,2019/07/25 16:00:00,19.3,19.52,19.06,19.32,996699
LEVI,NYSE,2019/07/26 16:00:00,19.4,19.54,19.3,19.37,800404
LEVI,NYSE,2019/07/29 16:00:00,19.35,19.7,18.97,19.29,879211
LEVI,NYSE,2019/07/30 16:00:00,19.22,19.29,18.66,18.82,1279658
LEVI,NYSE,2019/07/31 16:00:00,19.05,19.15,18.59,19.06,1222448
LEVI,NYSE,2019/08/01 16:00:00,18.89,19.21,18.23,18.31,1712359
LEVI,NYSE,2019/08/02 16:00:00,18.63,19.16,18.37,18.88,1454357
LEVI,NYSE,2019/08/05 16:00:00,18.48,18.71,18.12,18.64,1241259
LEVI,NYSE,2019/08/06 16:00:00,18.6,18.73,18,18.51,1038594
LEVI,NYSE,2019/08/07 16:00:00,18.22,18.3,17.74,17.93,1488423
LEVI,NYSE,2019/08/08 16:00:00,17.98,18.08,17.52,17.61,1213621
LEVI,NYSE,2019/08/09 16:00:00,17.5,17.62,16.72,17.33,1442668
LEVI,NYSE,2019/08/12 16:00:00,17.14,17.24,16.86,17.11,806778
LEVI,NYSE,2019/08/13 16:00:00,17.04,17.96,16.87,17.21,1414842
LEVI,NYSE,2019/08/14 16:00:00,16.77,16.77,16,16.25,1530074
LEVI,NYSE,2019/08/15 16:00:00,16.79,16.91,16.06,16.12,1004139
LEVI,NYSE,2019/08/16 16:00:00,16.4,16.6,16.29,16.3,942437
LEVI,NYSE,2019/08/19 16:00:00,16.64,16.78,16.07,16.31,1196772
LEVI,NYSE,2019/08/20 16:00:00,16.35,16.56,16.19,16.46,644964
LEVI,NYSE,2019/08/21 16:00:00,16.68,17.18,16.61,16.98,861548
LEVI,NYSE,2019/08/22 16:00:00,16.95,17.22,16.81,17.2,450543
LEVI,NYSE,2019/08/23 16:00:00,17.04,17.04,16.48,16.66,769045
LEVI,NYSE,2019/08/26 16:00:00,16.86,17.32,16.69,17.13,605054
LEVI,NYSE,2019/08/27 16:00:00,17.2,17.35,16.6,16.71,716190
LEVI,NYSE,2019/08/28 16:00:00,16.64,17.3,16.64,17.11,342292
LEVI,NYSE,2019/08/29 16:00:00,17.42,17.42,17.15,17.35,322002
LEVI,NYSE,2019/08/30 16:00:00,17.33,17.41,16.82,16.9,416346
LEVI,NYSE,2019/09/03 16:00:00,16.67,16.98,16.57,16.97,424961
LEVI,NYSE,2019/09/04 16:00:00,17.07,17.42,16.89,17.35,574934
LEVI,NYSE,2019/09/05 16:00:00,17.56,17.7,17.4,17.58,606458
LEVI,NYSE,2019/09/06 16:00:00,17.65,17.65,16.96,17.08,894871
LEVI,NYSE,2019/09/09 16:00:00,17.25,18.27,17.08,18.19,1913421
LEVI,NYSE,2019/09/10 16:00:00,18.1,18.55,17.85,18.53,1428044
LEVI,NYSE,2019/09/11 16:00:00,18.47,19.07,18.03,19.01,1432385
LEVI,NYSE,2019/09/12 16:00:00,18.85,19.09,18.51,18.57,898909
LEVI,NYSE,2019/09/13 16:00:00,18.62,18.89,17.93,18,664800
LEVI,NYSE,2019/09/16 16:00:00,18,18.23,17.77,17.91,666555
LEVI,NYSE,2019/09/17 16:00:00,18.43,18.54,17.95,18.26,1304108
LEVI,NYSE,2019/09/18 16:00:00,18.24,18.45,18.05,18.3,808579
LEVI,NYSE,2019/09/19 16:00:00,18.35,18.51,18.15,18.49,295909
LEVI,NYSE,2019/09/20 16:00:00,18.47,18.69,18.25,18.25,968178
LEVI,NYSE,2019/09/23 16:00:00,18.1,18.47,18.1,18.35,678220
LEVI,NYSE,2019/09/24 16:00:00,18.41,18.53,17.82,18.19,354064
LEVI,NYSE,2019/09/25 16:00:00,18.41,18.95,18.27,18.91,673188
LEVI,NYSE,2019/09/26 16:00:00,18.89,19.14,18.75,19.08,682513
LEVI,NYSE,2019/09/27 16:00:00,18.93,19.25,18.78,19.21,612446
LEVI,NYSE,2019/09/30 16:00:00,19.14,19.21,18.86,19.04,457980
LEVI,NYSE,2019/10/01 16:00:00,19.01,19.25,18.76,19.01,515048
LEVI,NYSE,2019/10/02 16:00:00,19.01,19.39,18.66,19.29,955389
LEVI,NYSE,2019/10/03 16:00:00,19.06,19.74,18.6,19.45,1150664
LEVI,NYSE,2019/10/04 16:00:00,19.41,19.46,18.93,19.29,623793
LEVI,NYSE,2019/10/07 16:00:00,19.35,19.8,19.3,19.77,1166100
LEVI,NYSE,2019/10/08 16:00:00,19.67,19.83,18.75,18.96,3950212
LEVI,NYSE,2019/10/09 16:00:00,19.02,19.11,17.26,17.54,6174549
LEVI,NYSE,2019/10/10 16:00:00,17.55,17.94,17.31,17.55,2024380
LEVI,NYSE,2019/10/11 16:00:00,17.57,17.98,17.39,17.41,1807052
LEVI,NYSE,2019/10/14 16:00:00,17.37,17.51,16.8,17.12,1557743
LEVI,NYSE,2019/10/15 16:00:00,17.18,17.65,17.07,17.38,1400322
LEVI,NYSE,2019/10/16 16:00:00,17.32,17.65,17.31,17.63,755416
LEVI,NYSE,2019/10/17 16:00:00,17.7,17.8,17.02,17.05,1065019
LEVI,NYSE,2019/10/18 16:00:00,16.85,17.22,16.85,17.11,1035621
LEVI,NYSE,2019/10/21 16:00:00,17.25,17.34,17,17.02,1090236
LEVI,NYSE,2019/10/22 16:00:00,17.23,17.69,17,17.58,1541447
LEVI,NYSE,2019/10/23 16:00:00,17.67,17.67,17.36,17.46,562037
LEVI,NYSE,2019/10/24 16:00:00,17.52,17.52,16.91,16.98,948509
LEVI,NYSE,2019/10/25 16:00:00,17.09,17.37,16.88,17.12,879897
LEVI,NYSE,2019/10/28 16:00:00,17.14,17.31,16.97,17.17,822479
LEVI,NYSE,2019/10/29 16:00:00,17.07,17.36,17.02,17.32,809247
LEVI,NYSE,2019/10/30 16:00:00,17.46,17.83,17.24,17.8,1211908
LEVI,NYSE,2019/10/31 16:00:00,17.72,17.85,17.34,17.82,860620
LEVI,NYSE,2019/11/01 16:00:00,17.84,17.97,17.72,17.82,1109115
LEVI,NYSE,2019/11/04 16:00:00,17.92,17.94,17.07,17.12,954526
LEVI,NYSE,2019/11/05 16:00:00,17.15,17.77,17.15,17.35,846617
LEVI,NYSE,2019/11/06 16:00:00,17.31,17.31,17.1,17.15,870524
LEVI,NYSE,2019/11/07 16:00:00,17.17,17.7,17.15,17.51,1061988
LEVI,NYSE,2019/11/08 16:00:00,17.45,17.48,16.96,17.13,1065653
LEVI,NYSE,2019/11/11 16:00:00,17.11,17.22,17,17.05,469660
LEVI,NYSE,2019/11/12 16:00:00,17.11,17.24,16.92,17,769633
LEVI,NYSE,2019/11/13 16:00:00,17.04,17.04,16.87,16.95,602926
LEVI,NYSE,2019/11/14 16:00:00,16.96,17.08,16.86,17.01,659789
LEVI,NYSE,2019/11/15 16:00:00,17,17.38,16.95,17.18,496528
LEVI,NYSE,2019/11/18 16:00:00,17.2,17.25,16.92,17.06,731477
LEVI,NYSE,2019/11/19 16:00:00,17.02,17.14,16.83,17.01,780080
LEVI,NYSE,2019/11/20 16:00:00,16.99,17,16.32,16.37,1613482
LEVI,NYSE,2019/11/21 16:00:00,16.48,16.78,16.43,16.57,1051369
LEVI,NYSE,2019/11/22 16:00:00,16.61,17.01,16.52,16.99,1057317
LEVI,NYSE,2019/11/25 16:00:00,17.06,17.15,16.91,17.05,941140
LEVI,NYSE,2019/11/26 16:00:00,17.06,17.15,16.78,16.85,1192476
LEVI,NYSE,2019/11/27 16:00:00,16.98,17.03,16.88,16.98,662936
LEVI,NYSE,2019/11/29 13:00:00,17.02,17.02,16.76,16.78,372720
LEVI,NYSE,2019/12/02 16:00:00,16.77,16.84,16.61,16.64,569925
LEVI,NYSE,2019/12/03 16:00:00,16.55,17,16.38,16.89,1338951
LEVI,NYSE,2019/12/04 16:00:00,16.84,17.1,16.84,16.99,647419
LEVI,NYSE,2019/12/05 16:00:00,17.03,17.36,17.01,17.19,862382
LEVI,NYSE,2019/12/06 16:00:00,17.33,17.57,17.2,17.43,546397
LEVI,NYSE,2019/12/09 16:00:00,17.31,17.45,17.03,17.41,1330354
LEVI,NYSE,2019/12/10 16:00:00,17.4,17.98,17.31,17.97,829500
LEVI,NYSE,2019/12/11 16:00:00,17.94,18.04,17.8,18.02,835021
LEVI,NYSE,2019/12/12 16:00:00,18.05,18.42,17.97,18.41,1416911
LEVI,NYSE,2019/12/13 16:00:00,18.84,19.25,18.28,18.96,2418126
LEVI,NYSE,2019/12/16 16:00:00,19.15,19.18,18.41,18.78,1095337
LEVI,NYSE,2019/12/17 16:00:00,18.81,19.4,18.68,19.28,1761521
LEVI,NYSE,2019/12/18 16:00:00,19.28,19.95,19.22,19.85,1325422
LEVI,NYSE,2019/12/19 16:00:00,19.62,19.75,19.35,19.53,850729
LEVI,NYSE,2019/12/20 16:00:00,19.84,20.01,19.57,19.91,2007390
LEVI,NYSE,2019/12/23 16:00:00,19.99,20,19.32,19.52,1002504
LEVI,NYSE,2019/12/24 13:00:00,19.42,19.74,19.36,19.63,223323
LEVI,NYSE,2019/12/26 16:00:00,19.7,19.81,19.45,19.66,360191
LEVI,NYSE,2019/12/27 16:00:00,19.71,19.73,19.19,19.25,601158
LEVI,NYSE,2019/12/30 16:00:00,19.23,19.38,18.98,19.03,648757
LEVI,NYSE,2019/12/31 16:00:00,18.95,19.42,18.9,19.29,560556
LEVI,NYSE,2020/01/02 16:00:00,19.33,19.38,18.97,19.12,559116
LEVI,NYSE,2020/01/03 16:00:00,19,19.19,18.88,19.19,356598
LEVI,NYSE,2020/01/06 16:00:00,18.9,19.23,18.87,19.07,590974
LEVI,NYSE,2020/01/07 16:00:00,19.1,19.43,19.05,19.25,723758
LEVI,NYSE,2020/01/08 16:00:00,19.21,19.46,18.98,19.12,457168
LEVI,NYSE,2020/01/09 16:00:00,19.18,19.19,18.61,18.71,1068626
LEVI,NYSE,2020/01/10 16:00:00,18.63,18.72,18.28,18.65,966333
LEVI,NYSE,2020/01/13 16:00:00,18.68,18.93,18.56,18.85,653958
LEVI,NYSE,2020/01/14 16:00:00,18.86,19.13,18.61,18.99,884758
LEVI,NYSE,2020/01/15 16:00:00,18.94,19.1,18.82,19.07,516776
LEVI,NYSE,2020/01/16 16:00:00,19.14,19.72,19,19.69,2280435
LEVI,NYSE,2020/01/17 16:00:00,19.69,19.98,19.21,19.98,1200954
LEVI,NYSE,2020/01/21 16:00:00,19.86,20.04,19.58,20,1363856
LEVI,NYSE,2020/01/22 16:00:00,19.88,20.01,19.45,19.89,827281
LEVI,NYSE,2020/01/23 16:00:00,19.74,20.17,19.5,19.95,1351817
LEVI,NYSE,2020/01/24 16:00:00,20.11,20.16,19.9,20.14,1155008
LEVI,NYSE,2020/01/27 16:00:00,19.93,20.3,19.7,20.25,1156145
LEVI,NYSE,2020/01/28 16:00:00,20.3,20.39,19.41,19.7,2121578
LEVI,NYSE,2020/01/29 16:00:00,19.76,20,19.5,19.8,940621
LEVI,NYSE,2020/01/30 16:00:00,19.79,19.98,19.43,19.75,2295083
LEVI,NYSE,2020/01/31 16:00:00,19.66,20,18.88,19.64,2802698
LEVI,NYSE,2020/02/03 16:00:00,18.61,19.64,18.14,19.16,2664925
LEVI,NYSE,2020/02/04 16:00:00,19.05,19.75,18.88,19.3,1924687
LEVI,NYSE,2020/02/05 16:00:00,19.25,20.18,19.25,19.9,1558976
LEVI,NYSE,2020/02/06 16:00:00,19.97,20.09,19.76,19.79,1210907
LEVI,NYSE,2020/02/07 16:00:00,19.75,19.86,19.1,19.35,1759957
LEVI,NYSE,2020/02/10 16:00:00,19.41,20.05,19.41,19.96,935191
LEVI,NYSE,2020/02/11 16:00:00,20,20.27,19.94,19.97,1020152
LEVI,NYSE,2020/02/12 16:00:00,20.13,20.6,20.13,20.4,1266451
LEVI,NYSE,2020/02/13 16:00:00,20.39,20.71,20.18,20.48,1074307
LEVI,NYSE,2020/02/14 16:00:00,20.55,20.62,20.11,20.22,821259
LEVI,NYSE,2020/02/18 16:00:00,20.1,20.32,19.72,19.83,1153810
LEVI,NYSE,2020/02/19 16:00:00,19.9,20.09,19.26,19.38,1259036
LEVI,NYSE,2020/02/20 16:00:00,19.33,20,19.33,20,877296
LEVI,NYSE,2020/02/21 16:00:00,20,20,19.64,19.72,750713
LEVI,NYSE,2020/02/24 16:00:00,19.33,19.6,19.08,19.12,1434870
LEVI,NYSE,2020/02/25 16:00:00,19.34,19.4,18.45,18.79,1264011
LEVI,NYSE,2020/02/26 16:00:00,18.8,18.96,17.76,17.78,1212422
LEVI,NYSE,2020/02/27 16:00:00,17.32,18.08,17.02,17.53,985384
LEVI,NYSE,2020/02/28 16:00:00,17.11,17.29,16.67,16.99,1513456
LEVI,NYSE,2020/03/02 16:00:00,17.03,17.93,16.88,17.87,1592525
LEVI,NYSE,2020/03/03 16:00:00,17.89,18.54,17.89,18.46,987778
LEVI,NYSE,2020/03/04 16:00:00,18.56,18.75,18.2,18.74,693237
LEVI,NYSE,2020/03/05 16:00:00,18.38,18.4,17.7,17.89,1043550
LEVI,NYSE,2020/03/06 16:00:00,17.48,17.67,17.06,17.22,998099
LEVI,NYSE,2020/03/09 16:00:00,16.33,16.85,16.15,16.46,1656847
LEVI,NYSE,2020/03/10 16:00:00,16.89,17.15,16.21,16.66,914259
LEVI,NYSE,2020/03/11 16:00:00,16.34,16.44,15.44,15.51,1255742
LEVI,NYSE,2020/03/12 16:00:00,14.73,14.73,12.95,13.17,1775170
LEVI,NYSE,2020/03/13 16:00:00,13.81,14.46,13.43,14.42,1151189
LEVI,NYSE,2020/03/16 16:00:00,12.56,14.84,12.55,14.15,2569262
LEVI,NYSE,2020/03/17 16:00:00,14.23,14.83,13.75,13.88,2341364
LEVI,NYSE,2020/03/18 16:00:00,12.99,13.48,12.15,12.39,1763282
LEVI,NYSE,2020/03/19 16:00:00,12.1,13.1,11.51,12.36,1483166
LEVI,NYSE,2020/03/20 16:00:00,12.29,12.41,11.4,11.46,1415031
LEVI,NYSE,2020/03/23 16:00:00,11.46,11.52,10.14,10.37,946253
LEVI,NYSE,2020/03/24 16:00:00,10.98,12.56,10.9,12.52,1318728
LEVI,NYSE,2020/03/25 16:00:00,12.73,13.86,12.35,13.14,1276762
LEVI,NYSE,2020/03/26 16:00:00,13.3,14.68,13,14.37,1123668
LEVI,NYSE,2020/03/27 16:00:00,13.64,13.78,12.28,12.76,1945817
LEVI,NYSE,2020/03/30 16:00:00,12.55,13.12,12.53,13.02,1681153
LEVI,NYSE,2020/03/31 16:00:00,12.93,13.25,12.25,12.43,1350433
LEVI,NYSE,2020/04/01 16:00:00,12.01,12.1,10.53,10.65,2728828
LEVI,NYSE,2020/04/02 16:00:00,11.08,11.18,10,10.07,1565574
LEVI,NYSE,2020/04/03 16:00:00,10.05,10.17,9.09,9.51,2443424
LEVI,NYSE,2020/04/06 16:00:00,10.14,11.19,10.08,10.94,2470669
LEVI,NYSE,2020/04/07 16:00:00,12.05,12.57,11.35,12.01,3564951
LEVI,NYSE,2020/04/08 16:00:00,12.75,13.91,12.12,13.13,3612661
LEVI,NYSE,2020/04/09 16:00:00,13.5,14.56,13.25,13.78,2899647
LEVI,NYSE,2020/04/13 16:00:00,13.71,13.99,12.93,13.83,2377536
LEVI,NYSE,2020/04/14 16:00:00,14.33,14.73,13.61,13.92,2208305
LEVI,NYSE,2020/04/15 16:00:00,13.16,13.55,12.89,13,3468588
LEVI,NYSE,2020/04/16 16:00:00,13.05,13.42,12.47,12.68,1581411
LEVI,NYSE,2020/04/17 16:00:00,13.4,14.06,13.36,13.5,2620070
LEVI,NYSE,2020/04/20 16:00:00,13.11,13.45,12.7,12.86,1254414
LEVI,NYSE,2020/04/21 16:00:00,12.5,12.76,12.21,12.32,1165391
LEVI,NYSE,2020/04/22 16:00:00,13.05,13.05,12.44,12.59,1442417
LEVI,NYSE,2020/04/23 16:00:00,12.51,12.73,12.24,12.36,1230307
LEVI,NYSE,2020/04/24 16:00:00,12.33,12.87,12.22,12.6,1449847
LEVI,NYSE,2020/04/27 16:00:00,12.75,13.28,12.6,13.11,1921408
LEVI,NYSE,2020/04/28 16:00:00,13.56,13.59,12.83,13.15,1935244
LEVI,NYSE,2020/04/29 16:00:00,13.65,13.68,13.15,13.36,2199457
LEVI,NYSE,2020/04/30 16:00:00,13.22,13.31,12.6,12.89,1590561
LEVI,NYSE,2020/05/01 16:00:00,12.55,12.69,12.15,12.54,1166075
LEVI,NYSE,2020/05/04 16:00:00,12.29,12.63,11.96,12.34,1138869
LEVI,NYSE,2020/05/05 16:00:00,12.58,12.8,11.96,12.04,1395051
LEVI,NYSE,2020/05/06 16:00:00,12.1,12.26,11.59,11.8,1252413
LEVI,NYSE,2020/05/07 16:00:00,11.9,12.28,11.77,11.82,993899
LEVI,NYSE,2020/05/08 16:00:00,12.09,12.87,12.02,12.84,1664777
LEVI,NYSE,2020/05/11 16:00:00,12.6,12.6,12.05,12.4,1198454
LEVI,NYSE,2020/05/12 16:00:00,12.41,12.76,12.41,12.6,1434271
LEVI,NYSE,2020/05/13 16:00:00,12.5,12.51,11.63,11.85,1059503
LEVI,NYSE,2020/05/14 16:00:00,11.5,12.29,11.13,12.2,1119848
LEVI,NYSE,2020/05/15 16:00:00,11.93,12.31,11.79,12.09,1348291
LEVI,NYSE,2020/05/18 16:00:00,12.71,13.2,12.66,13.07,1311461
LEVI,NYSE,2020/05/19 16:00:00,13.09,13.1,12.39,12.43,731174
LEVI,NYSE,2020/05/20 16:00:00,12.8,12.81,12.37,12.43,644076
LEVI,NYSE,2020/05/21 16:00:00,12.37,13.13,12.26,13.06,1016771
LEVI,NYSE,2020/05/22 16:00:00,13.05,13.19,12.71,12.92,856598
LEVI,NYSE,2020/05/26 16:00:00,13.5,14.4,13.47,14.16,2787931
LEVI,NYSE,2020/05/27 16:00:00,14.7,14.79,13.94,14.58,1610116
LEVI,NYSE,2020/05/28 16:00:00,14.59,14.6,13.61,13.63,871950
LEVI,NYSE,2020/05/29 16:00:00,13.36,13.61,13.12,13.49,1176780
LEVI,NYSE,2020/06/01 16:00:00,13.45,14.01,13.36,13.81,1011878
LEVI,NYSE,2020/06/02 16:00:00,14.05,14.45,13.9,14.28,1043740
LEVI,NYSE,2020/06/03 16:00:00,14.59,15.79,14.48,15.34,2183097
LEVI,NYSE,2020/06/04 16:00:00,15.05,15.54,14.78,15.44,1926757
LEVI,NYSE,2020/06/05 16:00:00,16.3,16.97,15.91,16.07,2230453
LEVI,NYSE,2020/06/08 16:00:00,16.52,16.55,15.58,15.81,2017275
LEVI,NYSE,2020/06/09 16:00:00,15.33,15.61,15.13,15.44,1343342
LEVI,NYSE,2020/06/10 16:00:00,15.27,15.37,14.57,14.63,1457018
LEVI,NYSE,2020/06/11 16:00:00,13.73,14,13.32,13.66,1444808
LEVI,NYSE,2020/06/12 16:00:00,14.13,14.21,13.25,13.79,1445902
LEVI,NYSE,2020/06/15 16:00:00,13.21,14.19,13.11,14.14,1177492
LEVI,NYSE,2020/06/16 16:00:00,14.93,15.08,14.02,14.42,950293
LEVI,NYSE,2020/06/17 16:00:00,14.56,14.69,14.08,14.18,1342028
LEVI,NYSE,2020/06/18 16:00:00,13.95,14.18,13.7,13.78,1289251
LEVI,NYSE,2020/06/19 16:00:00,14,14.15,13.22,13.39,1708677
LEVI,NYSE,2020/06/22 16:00:00,13.39,13.64,13.2,13.45,1156233
LEVI,NYSE,2020/06/23 16:00:00,13.7,14.03,13.3,13.5,1600166
LEVI,NYSE,2020/06/24 16:00:00,13.42,13.48,12.87,13,1966832
LEVI,NYSE,2020/06/25 16:00:00,12.83,13.15,12.59,12.93,1253686
LEVI,NYSE,2020/06/26 16:00:00,12.8,12.83,12.17,12.25,1466111
LEVI,NYSE,2020/06/29 16:00:00,12.4,13.26,12.25,13.24,1177584
LEVI,NYSE,2020/06/30 16:00:00,13.04,13.41,12.85,13.4,1351662
LEVI,NYSE,2020/07/01 16:00:00,13.38,13.75,13.28,13.7,1560025
LEVI,NYSE,2020/07/02 16:00:00,13.95,14.1,13.24,13.35,1467113
LEVI,NYSE,2020/07/06 16:00:00,13.74,14.41,13.54,14.41,3386917
LEVI,NYSE,2020/07/07 16:00:00,14.16,14.25,13.65,13.83,4581659
LEVI,NYSE,2020/07/08 16:00:00,13.19,13.32,12.45,12.68,10737128
LEVI,NYSE,2020/07/09 16:00:00,12.78,13.06,12.36,12.43,4283196
LEVI,NYSE,2020/07/10 16:00:00,12.43,12.76,12.3,12.6,2312686
LEVI,NYSE,2020/07/13 16:00:00,12.74,12.84,12.28,12.39,2173692
LEVI,NYSE,2020/07/14 16:00:00,12.3,12.71,12.21,12.3,1530698
LEVI,NYSE,2020/07/15 16:00:00,12.53,12.83,12.37,12.63,2678002
LEVI,NYSE,2020/07/16 16:00:00,12.5,12.68,12.38,12.45,1484585
LEVI,NYSE,2020/07/17 16:00:00,12.51,12.51,12.25,12.36,1346418
LEVI,NYSE,2020/07/20 16:00:00,12.3,12.34,11.82,12,2440250
LEVI,NYSE,2020/07/21 16:00:00,12.08,12.33,12.05,12.15,1661150
LEVI,NYSE,2020/07/22 16:00:00,12.06,12.1,11.91,12.04,1536440
LEVI,NYSE,2020/07/23 16:00:00,12.12,12.5,12.02,12.19,2254312
LEVI,NYSE,2020/07/24 16:00:00,12.45,12.46,12.17,12.33,1945528
LEVI,NYSE,2020/07/27 16:00:00,12.22,12.28,12.03,12.18,1247811
LEVI,NYSE,2020/07/28 16:00:00,12.18,12.57,12.12,12.57,1376883
LEVI,NYSE,2020/07/29 16:00:00,12.57,12.63,12.3,12.32,1832880
LEVI,NYSE,2020/07/30 16:00:00,12.24,12.57,12.09,12.25,1083664
LEVI,NYSE,2020/07/31 16:00:00,12.19,12.35,12.05,12.16,1065570
LEVI,NYSE,2020/08/03 16:00:00,12.18,12.24,11.93,12.08,1419311
LEVI,NYSE,2020/08/04 16:00:00,12.07,12.19,11.98,12.16,987506
LEVI,NYSE,2020/08/05 16:00:00,12.19,12.56,12.19,12.4,1206872
LEVI,NYSE,2020/08/06 16:00:00,12.29,12.32,12.05,12.07,1235706
LEVI,NYSE,2020/08/07 16:00:00,12.08,12.5,12.01,12.5,939727
LEVI,NYSE,2020/08/10 16:00:00,12.5,12.94,12.49,12.91,1255298
LEVI,NYSE,2020/08/11 16:00:00,13.15,13.44,12.89,12.91,1296875
LEVI,NYSE,2020/08/12 16:00:00,13.02,13.09,12.57,12.87,1335356
LEVI,NYSE,2020/08/13 16:00:00,12.76,12.87,12.6,12.78,1020892
LEVI,NYSE,2020/08/14 16:00:00,12.7,13,12.58,12.76,893413
LEVI,NYSE,2020/08/17 16:00:00,12.75,12.84,12.32,12.8,1335998
LEVI,NYSE,2020/08/18 16:00:00,12.72,12.72,12.21,12.21,1285020
LEVI,NYSE,2020/08/19 16:00:00,12.31,12.43,12.15,12.28,924420
LEVI,NYSE,2020/08/20 16:00:00,12.2,12.33,12.05,12.29,883289
LEVI,NYSE,2020/08/21 16:00:00,12.31,12.44,12.16,12.24,784557
LEVI,NYSE,2020/08/24 16:00:00,12.24,12.74,12.24,12.7,1140376
LEVI,NYSE,2020/08/25 16:00:00,12.79,12.88,12.6,12.67,812310
LEVI,NYSE,2020/08/26 16:00:00,12.6,12.76,12.4,12.43,700057
LEVI,NYSE,2020/08/27 16:00:00,12.54,12.76,12.46,12.69,921365
LEVI,NYSE,2020/08/28 16:00:00,12.8,12.9,12.47,12.89,633855
LEVI,NYSE,2020/08/31 16:00:00,12.85,12.86,12.3,12.32,2056793
LEVI,NYSE,2020/09/01 16:00:00,12.3,12.57,12.09,12.41,1475557
LEVI,NYSE,2020/09/02 16:00:00,12.52,12.87,12.51,12.75,961586
LEVI,NYSE,2020/09/03 16:00:00,12.75,13,12.43,12.55,847047
LEVI,NYSE,2020/09/04 16:00:00,12.64,12.72,12.21,12.42,808226
LEVI,NYSE,2020/09/08 16:00:00,12.3,12.99,12.26,12.77,1421138
LEVI,NYSE,2020/09/09 16:00:00,12.77,13.09,12.51,12.83,1132504
LEVI,NYSE,2020/09/10 16:00:00,12.82,13.4,12.82,13.22,1691992
LEVI,NYSE,2020/09/11 16:00:00,13.32,13.6,13.23,13.27,1394775
LEVI,NYSE,2020/09/14 16:00:00,13.36,13.8,13.27,13.69,1312940
LEVI,NYSE,2020/09/15 16:00:00,13.77,13.83,13.43,13.47,1133432
LEVI,NYSE,2020/09/16 16:00:00,13.47,13.69,13.31,13.49,1012497
LEVI,NYSE,2020/09/17 16:00:00,13.33,13.47,13.14,13.2,797886
LEVI,NYSE,2020/09/18 16:00:00,13.07,13.15,12.5,12.52,2014729
LEVI,NYSE,2020/09/21 16:00:00,12.26,12.29,12,12,1963915
LEVI,NYSE,2020/09/22 16:00:00,12.15,12.52,11.91,12.36,1881985
LEVI,NYSE,2020/09/23 16:00:00,12.54,13.2,12.5,12.82,1892959
LEVI,NYSE,2020/09/24 16:00:00,12.71,13.02,12.32,12.87,1530493
LEVI,NYSE,2020/09/25 16:00:00,12.59,12.94,12.56,12.92,1196920
LEVI,NYSE,2020/09/28 16:00:00,13,13.61,13,13.59,1536109
LEVI,NYSE,2020/09/29 16:00:00,13.52,13.55,13.14,13.31,1492402
LEVI,NYSE,2020/09/30 16:00:00,13.32,13.63,13.32,13.4,1096456
LEVI,NYSE,2020/10/01 16:00:00,13.64,14.09,13.52,13.94,1885024
LEVI,NYSE,2020/10/02 16:00:00,13.56,14.25,13.51,14.15,2779497
LEVI,NYSE,2020/10/05 16:00:00,14.36,15.1,14.36,15.01,3059441
LEVI,NYSE,2020/10/06 16:00:00,15,15.27,14.61,14.74,7746372
LEVI,NYSE,2020/10/07 16:00:00,16.81,16.85,15.3,15.49,17491830
LEVI,NYSE,2020/10/08 16:00:00,15.53,15.8,15.05,15.56,4228279
LEVI,NYSE,2020/10/09 16:00:00,15.63,15.69,15.03,15.21,3444126
LEVI,NYSE,2020/10/12 16:00:00,15.81,16.44,15.65,15.8,6759303
LEVI,NYSE,2020/10/13 16:00:00,15.7,15.76,15.27,15.64,2520873
LEVI,NYSE,2020/10/14 16:00:00,15.64,15.9,15.45,15.51,1522339
LEVI,NYSE,2020/10/15 16:00:00,15.25,16.05,15.17,16.02,1703781
LEVI,NYSE,2020/10/16 16:00:00,16.09,16.1,15.72,15.72,1226665
LEVI,NYSE,2020/10/19 16:00:00,15.74,16.12,15.72,15.88,2010098
LEVI,NYSE,2020/10/20 16:00:00,15.98,16.57,15.9,16.36,2314959
LEVI,NYSE,2020/10/21 16:00:00,16.23,16.36,16.03,16.29,1299898
LEVI,NYSE,2020/10/22 16:00:00,16.29,16.6,16.21,16.55,1486741
LEVI,NYSE,2020/10/23 16:00:00,16.63,16.98,16.39,16.82,1570919
LEVI,NYSE,2020/10/26 16:00:00,16.53,16.6,16.15,16.27,1527288
LEVI,NYSE,2020/10/27 16:00:00,16.38,16.68,16.21,16.52,1068527
LEVI,NYSE,2020/10/28 16:00:00,16.18,16.24,15.62,15.85,1824585
LEVI,NYSE,2020/10/29 16:00:00,15.85,16.29,15.75,16.21,1362192
LEVI,NYSE,2020/10/30 16:00:00,16.17,16.27,15.54,15.78,1570028
LEVI,NYSE,2020/11/02 16:00:00,15.99,16.23,15.79,15.83,1545370
LEVI,NYSE,2020/11/03 16:00:00,16.08,16.17,15.8,16.07,1264277
LEVI,NYSE,2020/11/04 16:00:00,15.85,15.86,15.38,15.64,1419738
LEVI,NYSE,2020/11/05 16:00:00,15.84,16.15,15.73,16.14,1063257
LEVI,NYSE,2020/11/06 16:00:00,16.05,16.15,15.53,15.56,1288659
LEVI,NYSE,2020/11/09 16:00:00,16.34,16.9,16,16.5,2476617
LEVI,NYSE,2020/11/10 16:00:00,16.95,17.55,16.9,17.32,3945395
LEVI,NYSE,2020/11/11 16:00:00,17.37,17.41,16.72,16.85,2198360
LEVI,NYSE,2020/11/12 16:00:00,16.65,16.75,16.22,16.46,1355675
LEVI,NYSE,2020/11/13 16:00:00,16.62,17.26,16.62,17.14,1288967
LEVI,NYSE,2020/11/16 16:00:00,17.56,17.8,17.3,17.7,1680496
LEVI,NYSE,2020/11/17 16:00:00,17.58,18.23,17.53,18.23,1943994
LEVI,NYSE,2020/11/18 16:00:00,18.37,18.92,18.32,18.72,2297822
LEVI,NYSE,2020/11/19 16:00:00,18.46,18.99,18.01,18.92,1869868
LEVI,NYSE,2020/11/20 16:00:00,18.86,18.88,18.59,18.77,789542
LEVI,NYSE,2020/11/23 16:00:00,18.82,19.1,18.67,19.01,1374816
LEVI,NYSE,2020/11/24 16:00:00,19.44,19.69,19.05,19.5,2505562
LEVI,NYSE,2020/11/25 16:00:00,19.35,19.55,19.1,19.49,1608052
LEVI,NYSE,2020/11/27 13:00:00,19.58,19.75,19,19.16,1075428
LEVI,NYSE,2020/11/30 16:00:00,19.19,19.2,18.32,18.39,2365855
LEVI,NYSE,2020/12/01 16:00:00,18.71,19.02,18.35,18.78,1265198
LEVI,NYSE,2020/12/02 16:00:00,18.7,18.89,18.46,18.87,684925
LEVI,NYSE,2020/12/03 16:00:00,18.97,19.43,18.8,19.4,1699279
LEVI,NYSE,2020/12/04 16:00:00,19.52,19.93,19.43,19.83,1414484
LEVI,NYSE,2020/12/07 16:00:00,19.63,19.63,19.3,19.42,1532938
LEVI,NYSE,2020/12/08 16:00:00,19.28,19.91,19.28,19.79,787914
LEVI,NYSE,2020/12/09 16:00:00,19.76,20.37,19.65,20.25,1981974
LEVI,NYSE,2020/12/10 16:00:00,20.76,21.24,20.25,20.78,3560354
LEVI,NYSE,2020/12/11 16:00:00,20.45,20.68,20.3,20.49,1565629
LEVI,NYSE,2020/12/14 16:00:00,20.76,20.83,20.27,20.33,1250642
LEVI,NYSE,2020/12/15 16:00:00,20.56,20.82,20.38,20.82,1153087
LEVI,NYSE,2020/12/16 16:00:00,20.84,21.42,20.7,21.35,1397486
LEVI,NYSE,2020/12/17 16:00:00,21.36,21.55,21.05,21.47,1264793
LEVI,NYSE,2020/12/18 16:00:00,21.37,21.83,21.26,21.55,1660221
LEVI,NYSE,2020/12/21 16:00:00,21.1,21.67,21.01,21.53,1091619
LEVI,NYSE,2020/12/22 16:00:00,21.69,21.7,21.05,21.12,803268
LEVI,NYSE,2020/12/23 16:00:00,21.02,21.3,21.01,21.13,1015873
LEVI,NYSE,2020/12/24 13:00:00,21.1,21.12,20.55,20.61,405005
LEVI,NYSE,2020/12/28 16:00:00,20.69,20.94,20.32,20.33,926686
LEVI,NYSE,2020/12/29 16:00:00,20.12,20.3,19.54,19.82,1173781
LEVI,NYSE,2020/12/30 16:00:00,20,20.61,19.96,20.42,1561703
LEVI,NYSE,2020/12/31 16:00:00,20.46,20.49,20.03,20.08,555914
LEVI,NYSE,2021/01/04 16:00:00,20.15,20.28,19.41,19.65,1626964
LEVI,NYSE,2021/01/05 16:00:00,19.62,20.13,19.62,19.97,911142
LEVI,NYSE,2021/01/06 16:00:00,20.34,21.08,20.18,20.56,1603342
LEVI,NYSE,2021/01/07 16:00:00,20.87,20.92,20.19,20.32,1373751
LEVI,NYSE,2021/01/08 16:00:00,20.32,20.71,20.31,20.5,979646
LEVI,NYSE,2021/01/11 16:00:00,20.52,21.33,20.31,21.32,1622350
LEVI,NYSE,2021/01/12 16:00:00,21.26,22.64,21.26,22.49,2403642
LEVI,NYSE,2021/01/13 16:00:00,22.3,22.33,21.4,21.57,1502746
LEVI,NYSE,2021/01/14 16:00:00,21.76,22.01,21.6,21.65,1337744
LEVI,NYSE,2021/01/15 16:00:00,21.64,21.64,20.94,21.34,922052
LEVI,NYSE,2021/01/19 16:00:00,21.35,21.5,20.82,21.13,1041996
LEVI,NYSE,2021/01/20 16:00:00,21.01,21.41,21.01,21.13,705296
LEVI,NYSE,2021/01/21 16:00:00,21.15,21.45,20.82,20.85,911829
LEVI,NYSE,2021/01/22 16:00:00,20.71,21.14,20.33,20.8,900159
LEVI,NYSE,2021/01/25 16:00:00,20.8,21.5,20.64,21.24,1369706
LEVI,NYSE,2021/01/26 16:00:00,21.6,22.16,20.8,21.35,1893581
LEVI,NYSE,2021/01/27 16:00:00,21,22.2,20.76,22,2652682
LEVI,NYSE,2021/01/28 16:00:00,20.91,21.5,20.02,20.74,4138262
LEVI,NYSE,2021/01/29 16:00:00,20.3,20.53,19.57,19.71,1959562
LEVI,NYSE,2021/02/01 16:00:00,19.76,19.93,19.32,19.68,1244939
LEVI,NYSE,2021/02/02 16:00:00,19.73,19.99,19.25,19.74,1475310
LEVI,NYSE,2021/02/03 16:00:00,19.94,20.24,19.7,19.74,1160490
LEVI,NYSE,2021/02/04 16:00:00,19.99,20.35,19.85,20.12,1231683
LEVI,NYSE,2021/02/05 16:00:00,20.35,20.48,19.85,19.99,1614423
LEVI,NYSE,2021/02/08 16:00:00,19.97,20.13,19.45,19.45,1454633
LEVI,NYSE,2021/02/09 16:00:00,19.49,20.57,19.44,20.49,2012990
LEVI,NYSE,2021/02/10 16:00:00,20.5,21.1,20.46,21.03,1559229
LEVI,NYSE,2021/02/11 16:00:00,21.03,21.39,20.82,20.92,1077188
LEVI,NYSE,2021/02/12 16:00:00,20.7,21.06,20.49,20.91,740956
LEVI,NYSE,2021/02/16 16:00:00,20.99,21.9,20.94,21.86,1986384
LEVI,NYSE,2021/02/17 16:00:00,21.71,22.18,21.49,21.97,1918261
LEVI,NYSE,2021/02/18 16:00:00,21.82,21.95,21.45,21.89,774005
LEVI,NYSE,2021/02/19 16:00:00,21.98,23.46,21.94,23.05,2027442
LEVI,NYSE,2021/02/22 16:00:00,22.87,24.01,22.75,23.57,1076847
LEVI,NYSE,2021/02/23 16:00:00,23.47,23.49,22.22,23.07,805100
LEVI,NYSE,2021/02/24 16:00:00,23.04,23.49,22.93,23.29,653184
LEVI,NYSE,2021/02/25 16:00:00,23.13,23.86,23,23.31,748414
LEVI,NYSE,2021/02/26 16:00:00,23.29,23.49,22.68,23.26,947609
LEVI,NYSE,2021/03/01 16:00:00,23.45,24.05,23.34,23.58,1721446
LEVI,NYSE,2021/03/02 16:00:00,23.5,23.95,23.45,23.9,733836
LEVI,NYSE,2021/03/03 16:00:00,24,24.25,23.76,24.12,1773341
LEVI,NYSE,2021/03/04 16:00:00,23.9,24.19,23.38,23.91,1471680
LEVI,NYSE,2021/03/05 16:00:00,24.06,24.17,23.66,24.07,3015853
LEVI,NYSE,2021/03/08 16:00:00,24.62,24.93,24.36,24.78,1686372
LEVI,NYSE,2021/03/09 16:00:00,24.6,25.1,24.32,24.79,1266450
LEVI,NYSE,2021/03/10 16:00:00,24.77,24.85,24.19,24.63,1083561
LEVI,NYSE,2021/03/11 16:00:00,24.71,24.84,23.96,24.48,1548923
LEVI,NYSE,2021/03/12 16:00:00,24.51,25.25,24.5,25.14,1249019
LEVI,NYSE,2021/03/15 16:00:00,25.16,25.78,25.14,25.71,1494260
LEVI,NYSE,2021/03/16 16:00:00,25.48,25.48,24.75,25,1414351
LEVI,NYSE,2021/03/17 16:00:00,24.92,25.11,24.58,25.07,1359754
LEVI,NYSE,2021/03/18 16:00:00,25.24,25.29,24.82,24.99,1772938
LEVI,NYSE,2021/03/19 16:00:00,24.84,25.22,24.66,25.01,2112002
LEVI,NYSE,2021/03/22 16:00:00,24.88,25.17,24.16,24.82,1318875
LEVI,NYSE,2021/03/23 16:00:00,24.58,24.69,22.94,23.03,1438826
LEVI,NYSE,2021/03/24 16:00:00,23.27,23.61,23,23.04,1078926
LEVI,NYSE,2021/03/25 16:00:00,22.72,24.01,22.58,23.87,700873
LEVI,NYSE,2021/03/26 16:00:00,24.11,24.36,23.4,23.91,462878
LEVI,NYSE,2021/03/29 16:00:00,24.06,24.16,23.29,23.63,848518
LEVI,NYSE,2021/03/30 16:00:00,23.62,23.93,23.49,23.82,780720
LEVI,NYSE,2021/03/31 16:00:00,23.73,24.08,23.73,23.91,426100
LEVI,NYSE,2021/04/01 16:00:00,24.19,24.27,23.65,23.69,567253
LEVI,NYSE,2021/04/05 16:00:00,24.1,24.29,23.68,24.22,621806
LEVI,NYSE,2021/04/06 16:00:00,24.17,24.55,23.96,24.12,1249621
LEVI,NYSE,2021/04/07 16:00:00,24.48,24.78,24.31,24.46,1122647
LEVI,NYSE,2021/04/08 16:00:00,24.6,25.24,24.02,25.02,4188041
LEVI,NYSE,2021/04/09 16:00:00,26.89,27.3,25.38,25.67,10135952
BAH,NYSE,2019/04/01 16:00:00,58.45,58.77,57.81,58.73,764136
BAH,NYSE,2019/04/02 16:00:00,58.66,58.66,57.68,57.95,894510
BAH,NYSE,2019/04/03 16:00:00,58.25,58.44,57.96,58.21,770703
BAH,NYSE,2019/04/04 16:00:00,58.37,58.37,57.82,58,671511
BAH,NYSE,2019/04/05 16:00:00,58.34,58.75,58.2,58.6,1161350
BAH,NYSE,2019/04/08 16:00:00,58.67,58.73,57.84,58.34,616209
BAH,NYSE,2019/04/09 16:00:00,58,58,57.24,57.38,906823
BAH,NYSE,2019/04/10 16:00:00,57.51,57.67,57.36,57.5,1143818
BAH,NYSE,2019/04/11 16:00:00,57.61,58.34,57.51,58.28,999669
BAH,NYSE,2019/04/12 16:00:00,58.47,58.6,58.02,58.57,642634
BAH,NYSE,2019/04/15 16:00:00,58.49,58.66,58.06,58.33,872720
BAH,NYSE,2019/04/16 16:00:00,58.43,58.43,57.42,57.53,894508
BAH,NYSE,2019/04/17 16:00:00,57.65,57.68,56.62,56.88,880719
BAH,NYSE,2019/04/18 16:00:00,57.04,57.12,56.66,56.94,758687
BAH,NYSE,2019/04/22 16:00:00,56.72,57.63,56.63,57.48,827601
BAH,NYSE,2019/04/23 16:00:00,57.9,58.79,57.61,58.65,873168
BAH,NYSE,2019/04/24 16:00:00,58.75,58.98,58.65,58.74,881816
BAH,NYSE,2019/04/25 16:00:00,58.76,59.17,58.7,58.74,777438
BAH,NYSE,2019/04/26 16:00:00,58.84,59.11,58.69,58.99,765599
BAH,NYSE,2019/04/29 16:00:00,58.96,58.96,58.42,58.58,449080
BAH,NYSE,2019/04/30 16:00:00,58.88,59.3,58.78,59.29,892862
BAH,NYSE,2019/05/01 16:00:00,59.25,59.42,58.64,58.65,637145
BAH,NYSE,2019/05/02 16:00:00,58.78,59.59,58.66,59.41,915327
BAH,NYSE,2019/05/03 16:00:00,59.77,60.27,59.62,59.9,682312
BAH,NYSE,2019/05/06 16:00:00,59.04,60.66,58.63,60.6,680646
BAH,NYSE,2019/05/07 16:00:00,60.2,60.2,59.07,59.56,740593
BAH,NYSE,2019/05/08 16:00:00,59.48,59.75,59.21,59.4,684921
BAH,NYSE,2019/05/09 16:00:00,59.43,60.37,59.43,60.26,1155327
BAH,NYSE,2019/05/10 16:00:00,60.01,61.51,59.97,61.24,953836
BAH,NYSE,2019/05/13 16:00:00,60.43,60.43,59.63,59.82,689892
BAH,NYSE,2019/05/14 16:00:00,60.08,60.6,59.81,60.11,606477
BAH,NYSE,2019/05/15 16:00:00,59.87,61.04,59.87,60.68,782350
BAH,NYSE,2019/05/16 16:00:00,60.96,61.67,60.96,61.25,691126
BAH,NYSE,2019/05/17 16:00:00,60.8,61.59,60.72,61.18,791722
BAH,NYSE,2019/05/20 16:00:00,60.72,61.67,60.69,61.07,707186
BAH,NYSE,2019/05/21 16:00:00,61.28,61.95,61.22,61.74,1231453
BAH,NYSE,2019/05/22 16:00:00,61.56,62.58,61.5,62.12,900738
BAH,NYSE,2019/05/23 16:00:00,61.59,62.09,61.23,61.92,1066015
BAH,NYSE,2019/05/24 16:00:00,62.27,62.65,62.07,62.36,1108693
BAH,NYSE,2019/05/28 16:00:00,61.11,63.07,59.71,62.84,2901967
BAH,NYSE,2019/05/29 16:00:00,62.8,63.68,62.31,63.18,1421089
BAH,NYSE,2019/05/30 16:00:00,63.45,63.81,62.45,62.75,1029558
BAH,NYSE,2019/05/31 16:00:00,62.5,63.49,62.11,63.17,1280334
BAH,NYSE,2019/06/03 16:00:00,63.58,64.5,62.78,63.04,1552157
BAH,NYSE,2019/06/04 16:00:00,63.48,64.37,63.33,64.27,1007182
BAH,NYSE,2019/06/05 16:00:00,64.46,65.32,64.46,64.99,829970
BAH,NYSE,2019/06/06 16:00:00,65.29,65.82,64.91,65.56,690927
BAH,NYSE,2019/06/07 16:00:00,65.92,66.4,65.8,66.05,785166
BAH,NYSE,2019/06/10 16:00:00,66.3,66.47,65.8,65.91,663661
BAH,NYSE,2019/06/11 16:00:00,65.99,66.17,64.49,64.95,653963
BAH,NYSE,2019/06/12 16:00:00,64.9,65.47,64.58,65.38,598545
BAH,NYSE,2019/06/13 16:00:00,64.68,65.5,64.54,64.82,758573
BAH,NYSE,2019/06/14 16:00:00,64.86,65.42,64.66,65.18,725455
BAH,NYSE,2019/06/17 16:00:00,65.24,65.5,64.69,65.28,590315
BAH,NYSE,2019/06/18 16:00:00,65.63,65.81,65.05,65.2,713050
BAH,NYSE,2019/06/19 16:00:00,65.19,65.8,65.18,65.52,809904
BAH,NYSE,2019/06/20 16:00:00,66.2,67,65.69,65.87,1120411
BAH,NYSE,2019/06/21 16:00:00,65.71,66.11,65.13,66.1,1505950
BAH,NYSE,2019/06/24 16:00:00,66.35,66.45,65.89,66.11,919608
BAH,NYSE,2019/06/25 16:00:00,66.19,66.69,66.04,66.12,809960
BAH,NYSE,2019/06/26 16:00:00,66.25,66.25,65.28,65.34,1364547
BAH,NYSE,2019/06/27 16:00:00,65.42,66.39,65.24,66.2,1740482
BAH,NYSE,2019/06/28 16:00:00,66.29,66.47,65.71,66.21,1698106
BAH,NYSE,2019/07/01 16:00:00,66.79,66.99,66.36,66.67,1402838
BAH,NYSE,2019/07/02 16:00:00,66.67,66.91,66.3,66.72,1305058
BAH,NYSE,2019/07/03 13:00:00,66.93,67.63,66.69,67.51,465749
BAH,NYSE,2019/07/05 16:00:00,67.27,67.98,66.93,67.98,570020
BAH,NYSE,2019/07/08 16:00:00,67.78,67.78,66.86,67.13,720647
BAH,NYSE,2019/07/09 16:00:00,66.87,67.87,66.64,67.82,555700
BAH,NYSE,2019/07/10 16:00:00,67.96,68.37,67.85,68.28,476919
BAH,NYSE,2019/07/11 16:00:00,68.54,68.62,67.88,68.25,670350
BAH,NYSE,2019/07/12 16:00:00,68.38,68.91,68.03,68.82,642679
BAH,NYSE,2019/07/15 16:00:00,68.83,69,68.6,68.73,514830
BAH,NYSE,2019/07/16 16:00:00,68.64,68.78,67.92,68.45,824868
BAH,NYSE,2019/07/17 16:00:00,68.44,68.75,67.78,67.82,645554
BAH,NYSE,2019/07/18 16:00:00,67.71,67.85,67.18,67.38,982926
BAH,NYSE,2019/07/19 16:00:00,67.64,67.97,66.59,66.64,862176
BAH,NYSE,2019/07/22 16:00:00,66.89,67.82,66.64,67.01,908496
BAH,NYSE,2019/07/23 16:00:00,67.32,67.59,66.62,67.52,1007174
BAH,NYSE,2019/07/24 16:00:00,67.72,67.93,67.1,67.8,594602
BAH,NYSE,2019/07/25 16:00:00,68,68.51,67.62,68.39,619726
BAH,NYSE,2019/07/26 16:00:00,68.53,69.25,68.5,69.2,1157420
BAH,NYSE,2019/07/29 16:00:00,70.67,71.92,69.83,71.54,2868945
BAH,NYSE,2019/07/30 16:00:00,70.37,70.7,69.11,69.63,1343411
BAH,NYSE,2019/07/31 16:00:00,69.6,69.81,68.06,68.75,1117105
BAH,NYSE,2019/08/01 16:00:00,68.92,70.23,68.54,68.95,798425
BAH,NYSE,2019/08/02 16:00:00,68.61,69.13,68.02,68.79,1134820
BAH,NYSE,2019/08/05 16:00:00,67.33,67.95,66.75,67.36,2293416
BAH,NYSE,2019/08/06 16:00:00,67.73,69,67.63,68.85,902973
BAH,NYSE,2019/08/07 16:00:00,68.29,70.52,68.23,70.46,978845
BAH,NYSE,2019/08/08 16:00:00,70.9,72.29,70.51,72.25,1043796
BAH,NYSE,2019/08/09 16:00:00,72.13,72.78,71.51,72.41,735318
BAH,NYSE,2019/08/12 16:00:00,72.37,73.33,72.13,72.94,761088
BAH,NYSE,2019/08/13 16:00:00,72.9,73.67,71.52,72.2,1288721
BAH,NYSE,2019/08/14 16:00:00,71.42,72,70.67,70.69,552226
BAH,NYSE,2019/08/15 16:00:00,71.06,71.68,70.59,71.51,609087
BAH,NYSE,2019/08/16 16:00:00,71.94,72.98,71.91,72.92,779123
BAH,NYSE,2019/08/19 16:00:00,73.49,73.89,73.21,73.5,883188
BAH,NYSE,2019/08/20 16:00:00,73.52,73.88,73.01,73.58,826899
BAH,NYSE,2019/08/21 16:00:00,74.42,75.26,73.98,75.06,845863
BAH,NYSE,2019/08/22 16:00:00,75.05,75.11,74.33,74.97,736806
BAH,NYSE,2019/08/23 16:00:00,74.8,75.09,73.22,73.47,830826
BAH,NYSE,2019/08/26 16:00:00,73.91,74.03,73.28,73.7,857935
BAH,NYSE,2019/08/27 16:00:00,73.79,74.06,73.35,73.67,1000163
BAH,NYSE,2019/08/28 16:00:00,73.5,74.76,73.14,74.59,862125
BAH,NYSE,2019/08/29 16:00:00,75.24,75.8,74.85,75.21,1037206
BAH,NYSE,2019/08/30 16:00:00,75.24,75.94,75.22,75.51,887676
BAH,NYSE,2019/09/03 16:00:00,75.06,75.81,74.97,75.41,738876
BAH,NYSE,2019/09/04 16:00:00,75.9,76.69,75.8,76.56,690566
BAH,NYSE,2019/09/05 16:00:00,77.09,78.01,76.75,77.1,930469
BAH,NYSE,2019/09/06 16:00:00,77.1,77.5,76.56,76.58,961683
BAH,NYSE,2019/09/09 16:00:00,76.58,76.78,73.01,73.67,1344439
BAH,NYSE,2019/09/10 16:00:00,72.98,72.99,67.86,68.91,3583636
BAH,NYSE,2019/09/11 16:00:00,68.96,70.15,68.71,69.54,1652307
BAH,NYSE,2019/09/12 16:00:00,70.06,71.38,70,70.55,967778
BAH,NYSE,2019/09/13 16:00:00,70.6,71.43,69.18,69.48,742409
BAH,NYSE,2019/09/16 16:00:00,69.48,70.74,69.34,70.3,870778
BAH,NYSE,2019/09/17 16:00:00,70.54,72.93,70.54,72.85,1293997
BAH,NYSE,2019/09/18 16:00:00,72.96,73.5,71.19,71.96,1439902
BAH,NYSE,2019/09/19 16:00:00,72.1,73.06,72.04,72.53,1100876
BAH,NYSE,2019/09/20 16:00:00,72.58,72.58,70.17,70.18,1682564
BAH,NYSE,2019/09/23 16:00:00,70.19,70.53,69.49,69.93,1639502
BAH,NYSE,2019/09/24 16:00:00,70.47,70.57,69.71,69.9,1335041
BAH,NYSE,2019/09/25 16:00:00,69.99,71.11,69.62,70.93,850119
BAH,NYSE,2019/09/26 16:00:00,71.3,72.48,71.07,72.39,656454
BAH,NYSE,2019/09/27 16:00:00,72.6,72.8,70.35,70.88,1137967
BAH,NYSE,2019/09/30 16:00:00,70.88,71.57,70.6,71.02,672731
BAH,NYSE,2019/10/01 16:00:00,71.34,71.93,70.04,70.12,862095
BAH,NYSE,2019/10/02 16:00:00,69.56,69.73,68.23,69.01,1233020
BAH,NYSE,2019/10/03 16:00:00,69,69.91,68.43,69.9,783807
BAH,NYSE,2019/10/04 16:00:00,70.1,70.95,69.61,70.83,1135084
BAH,NYSE,2019/10/07 16:00:00,70.42,70.75,70.06,70.39,904277
BAH,NYSE,2019/10/08 16:00:00,69.95,70.55,69.34,69.68,1198141
BAH,NYSE,2019/10/09 16:00:00,69.97,71.03,69.97,70.85,621075
BAH,NYSE,2019/10/10 16:00:00,70.58,71.71,70.43,71.52,1547020
BAH,NYSE,2019/10/11 16:00:00,72.07,72.64,71.37,71.48,655209
BAH,NYSE,2019/10/14 16:00:00,71.28,71.52,70.23,70.57,569220
BAH,NYSE,2019/10/15 16:00:00,70.82,71.27,70.68,70.92,572878
BAH,NYSE,2019/10/16 16:00:00,70.5,71.27,69.83,70.99,888702
BAH,NYSE,2019/10/17 16:00:00,71.32,71.74,70.65,70.83,637898
BAH,NYSE,2019/10/18 16:00:00,70.57,70.75,69.19,69.93,671748
BAH,NYSE,2019/10/21 16:00:00,69.93,70.17,69.22,69.99,736645
BAH,NYSE,2019/10/22 16:00:00,70.19,70.2,67.98,68.09,648270
BAH,NYSE,2019/10/23 16:00:00,67.97,68.72,67.36,67.63,909661
BAH,NYSE,2019/10/24 16:00:00,67.81,68.66,67.4,68.47,874674
BAH,NYSE,2019/10/25 16:00:00,68.36,68.89,67.99,68.38,950918
BAH,NYSE,2019/10/28 16:00:00,68.58,68.95,68.09,68.23,1083392
BAH,NYSE,2019/10/29 16:00:00,68.14,70.53,68.14,69.94,1028718
BAH,NYSE,2019/10/30 16:00:00,69.92,71.11,69.61,70.94,1327017
BAH,NYSE,2019/10/31 16:00:00,71.21,71.87,70.33,70.37,1549134
BAH,NYSE,2019/11/01 16:00:00,72.37,74.96,72.21,74.28,1711245
BAH,NYSE,2019/11/04 16:00:00,74.55,74.62,73.09,73.41,1118010
BAH,NYSE,2019/11/05 16:00:00,73.22,73.27,71.12,71.23,1242184
BAH,NYSE,2019/11/06 16:00:00,71.56,72.44,71.14,71.79,1267439
BAH,NYSE,2019/11/07 16:00:00,72.02,72.39,71.3,71.69,1172744
BAH,NYSE,2019/11/08 16:00:00,71.72,72.05,71.41,71.79,1361215
BAH,NYSE,2019/11/11 16:00:00,71.12,73.01,70.8,72.65,1378864
BAH,NYSE,2019/11/12 16:00:00,73,73.35,72.04,72.32,845364
BAH,NYSE,2019/11/13 16:00:00,72.17,73.16,72,72.56,634318
BAH,NYSE,2019/11/14 16:00:00,72.36,73.37,72.15,73.26,594526
BAH,NYSE,2019/11/15 16:00:00,73.81,73.95,73,73.67,893501
BAH,NYSE,2019/11/18 16:00:00,73.6,74.48,73.53,73.94,693027
BAH,NYSE,2019/11/19 16:00:00,74.06,74.17,73.68,73.68,1386952
BAH,NYSE,2019/11/20 16:00:00,73.72,74.25,73.36,74.02,1143612
BAH,NYSE,2019/11/21 16:00:00,73.99,73.99,71.95,72.08,1040181
BAH,NYSE,2019/11/22 16:00:00,72.08,72.58,70.87,71.35,1637860
BAH,NYSE,2019/11/25 16:00:00,71.49,72.71,71.43,72.46,2013427
BAH,NYSE,2019/11/26 16:00:00,72.81,73.66,72.43,73.41,9223964
BAH,NYSE,2019/11/27 16:00:00,73.87,74.28,72.84,73.42,1034719
BAH,NYSE,2019/11/29 13:00:00,73.28,73.54,72.74,72.76,460891
BAH,NYSE,2019/12/02 16:00:00,72.65,73.6,71.54,73.42,2016987
BAH,NYSE,2019/12/03 16:00:00,72.33,72.86,71.22,71.65,1655091
BAH,NYSE,2019/12/04 16:00:00,72.21,72.79,71.58,72.33,1445885
BAH,NYSE,2019/12/05 16:00:00,72.5,72.81,72.15,72.23,546629
BAH,NYSE,2019/12/06 16:00:00,72.25,72.65,71.97,72.1,708600
BAH,NYSE,2019/12/09 16:00:00,72,72.5,70.63,70.94,1566072
BAH,NYSE,2019/12/10 16:00:00,70.98,71.79,70.28,70.6,1651059
BAH,NYSE,2019/12/11 16:00:00,70.13,70.14,68.65,69.88,1989094
BAH,NYSE,2019/12/12 16:00:00,69.92,70.03,68.86,69.35,1323722
BAH,NYSE,2019/12/13 16:00:00,69.24,70.78,69.08,70.56,1162596
BAH,NYSE,2019/12/16 16:00:00,70.62,70.68,69.55,69.79,1462075
BAH,NYSE,2019/12/17 16:00:00,70.15,70.64,69.72,70,1062245
BAH,NYSE,2019/12/18 16:00:00,70.12,70.39,69.54,69.72,1155285
BAH,NYSE,2019/12/19 16:00:00,69.59,70.93,69.57,70.86,1223322
BAH,NYSE,2019/12/20 16:00:00,71.14,71.89,70.62,71.81,1661759
BAH,NYSE,2019/12/23 16:00:00,71.88,72.27,71.12,71.57,717400
BAH,NYSE,2019/12/24 13:00:00,71.59,71.64,71.13,71.16,199159
BAH,NYSE,2019/12/26 16:00:00,71.22,71.64,70.82,71,385561
BAH,NYSE,2019/12/27 16:00:00,71.25,71.25,70.48,70.93,591263
BAH,NYSE,2019/12/30 16:00:00,70.95,71.09,70.27,71.06,518063
BAH,NYSE,2019/12/31 16:00:00,70.83,71.57,70.71,71.13,554565
BAH,NYSE,2020/01/02 16:00:00,71.73,71.9,71.12,71.9,677651
BAH,NYSE,2020/01/03 16:00:00,71.39,73.1,71.31,72.67,1027269
BAH,NYSE,2020/01/06 16:00:00,72.15,73.88,71.93,73.84,1036920
BAH,NYSE,2020/01/07 16:00:00,73.64,74.18,73.22,73.41,845279
BAH,NYSE,2020/01/08 16:00:00,73.41,74.5,73.35,74.06,910637
BAH,NYSE,2020/01/09 16:00:00,74.46,76.13,74.19,76.12,1266151
BAH,NYSE,2020/01/10 16:00:00,76.41,76.89,76.12,76.66,1163427
BAH,NYSE,2020/01/13 16:00:00,77,78.43,76.85,78.41,1288065
BAH,NYSE,2020/01/14 16:00:00,78.49,78.58,77.88,78.47,915466
BAH,NYSE,2020/01/15 16:00:00,78.61,79.97,78.61,79.4,917149
BAH,NYSE,2020/01/16 16:00:00,79.58,79.94,78.7,78.99,936704
BAH,NYSE,2020/01/17 16:00:00,79.1,79.74,78.65,79.4,710537
BAH,NYSE,2020/01/21 16:00:00,79.02,79.51,78.28,78.64,1710494
BAH,NYSE,2020/01/22 16:00:00,78.82,79.03,77.66,77.75,1121955
BAH,NYSE,2020/01/23 16:00:00,78.04,78.7,77.4,78.38,734710
BAH,NYSE,2020/01/24 16:00:00,78.86,78.9,77.78,77.96,602517
BAH,NYSE,2020/01/27 16:00:00,76.65,77.84,76.2,77.57,1149706
BAH,NYSE,2020/01/28 16:00:00,77.86,78.97,77.58,78.55,929065
BAH,NYSE,2020/01/29 16:00:00,78.92,79.28,78.21,78.23,813440
BAH,NYSE,2020/01/30 16:00:00,77.82,78.9,77.59,78.75,1087559
BAH,NYSE,2020/01/31 16:00:00,78.85,82,77.86,78.04,1915626
BAH,NYSE,2020/02/03 16:00:00,78.62,79.71,78.37,78.55,1288762
BAH,NYSE,2020/02/04 16:00:00,78.99,79.27,78.31,78.45,1127401
BAH,NYSE,2020/02/05 16:00:00,78.74,79,77.91,78.17,1244408
BAH,NYSE,2020/02/06 16:00:00,78.34,78.93,78.11,78.36,674198
BAH,NYSE,2020/02/07 16:00:00,78.25,78.73,77.22,77.43,800797
BAH,NYSE,2020/02/10 16:00:00,77.33,77.72,76.4,77.49,942326
BAH,NYSE,2020/02/11 16:00:00,77.81,78.01,77.23,77.28,1132734
BAH,NYSE,2020/02/12 16:00:00,77.84,78.31,75.39,76.07,1256197
BAH,NYSE,2020/02/13 16:00:00,75.55,76.61,75.55,76.22,757715
BAH,NYSE,2020/02/14 16:00:00,76.33,76.66,75.82,76.65,713314
BAH,NYSE,2020/02/18 16:00:00,76.65,78.24,76.41,77.37,1826575
BAH,NYSE,2020/02/19 16:00:00,77.7,77.96,76.5,76.54,698152
BAH,NYSE,2020/02/20 16:00:00,76.51,76.51,73.46,74.49,1297053
BAH,NYSE,2020/02/21 16:00:00,74.24,74.38,72.71,73.14,927916
BAH,NYSE,2020/02/24 16:00:00,71.23,73.54,70.78,72.17,982881
BAH,NYSE,2020/02/25 16:00:00,72.25,72.92,70.41,70.47,1880919
BAH,NYSE,2020/02/26 16:00:00,70.81,72.52,70.36,71.91,2491058
BAH,NYSE,2020/02/27 16:00:00,70.63,72.46,69.82,71.68,2925741
BAH,NYSE,2020/02/28 16:00:00,69.96,72.03,69.4,71.3,3540070
BAH,NYSE,2020/03/02 16:00:00,71.48,74.06,71.12,74.05,2485901
BAH,NYSE,2020/03/03 16:00:00,75.35,75.94,73.55,74.62,2526143
BAH,NYSE,2020/03/04 16:00:00,75.83,77.26,74.99,77.03,1430610
BAH,NYSE,2020/03/05 16:00:00,76.34,77.26,74.79,75.49,1607830
BAH,NYSE,2020/03/06 16:00:00,73.66,76.45,72.94,76.29,2046549
BAH,NYSE,2020/03/09 16:00:00,72.88,74.73,71.31,72.53,1598639
BAH,NYSE,2020/03/10 16:00:00,73.79,74.74,71.58,74.65,2696862
BAH,NYSE,2020/03/11 16:00:00,73.21,74.77,72.84,73.84,1708994
BAH,NYSE,2020/03/12 16:00:00,69.58,71.55,66.34,66.39,3262844
BAH,NYSE,2020/03/13 16:00:00,68.7,70.26,64.52,69.99,2777289
BAH,NYSE,2020/03/16 16:00:00,60.64,69.38,60,63.84,2808451
BAH,NYSE,2020/03/17 16:00:00,64.68,66.55,62.2,65.98,2783035
BAH,NYSE,2020/03/18 16:00:00,62.69,70.89,57.74,69.64,2289464
BAH,NYSE,2020/03/19 16:00:00,69.28,69.59,62.51,64.13,1962567
BAH,NYSE,2020/03/20 16:00:00,64.87,64.87,57.31,57.95,3116230
BAH,NYSE,2020/03/23 16:00:00,57.63,57.91,54.37,57.38,2224463
BAH,NYSE,2020/03/24 16:00:00,59.38,63.91,59.15,63.22,1804543
BAH,NYSE,2020/03/25 16:00:00,64.37,67.85,62.15,65.13,1707356
BAH,NYSE,2020/03/26 16:00:00,65.95,69.8,65.87,68.41,1524643
BAH,NYSE,2020/03/27 16:00:00,66.78,70.06,66.53,68.33,1723994
BAH,NYSE,2020/03/30 16:00:00,68.81,71.47,68.46,71.28,1135877
BAH,NYSE,2020/03/31 16:00:00,70.15,72.03,68.33,68.64,1775342
BAH,NYSE,2020/04/01 16:00:00,67.07,70.32,66.53,69.6,1665141
BAH,NYSE,2020/04/02 16:00:00,68.01,70.93,67.75,70.48,1774084
BAH,NYSE,2020/04/03 16:00:00,69.91,71.94,68.87,70.06,1173618
BAH,NYSE,2020/04/06 16:00:00,71.3,74.54,70.61,73.94,966711
BAH,NYSE,2020/04/07 16:00:00,76.76,76.77,70.9,71.38,1114241
BAH,NYSE,2020/04/08 16:00:00,73.45,74.1,71.57,71.87,1298493
BAH,NYSE,2020/04/09 16:00:00,73.13,75.49,72.67,74.25,890403
BAH,NYSE,2020/04/13 16:00:00,73.87,74.25,71.36,72.08,705987
BAH,NYSE,2020/04/14 16:00:00,72.99,76.32,72.6,75.86,979692
BAH,NYSE,2020/04/15 16:00:00,74.98,75.61,74.09,74.81,687083
BAH,NYSE,2020/04/16 16:00:00,75.06,76.82,74.95,75.71,936737
BAH,NYSE,2020/04/17 16:00:00,76.99,77.48,74.97,77.26,869746
BAH,NYSE,2020/04/20 16:00:00,76.34,76.71,75.34,75.89,715725
BAH,NYSE,2020/04/21 16:00:00,75.13,75.79,73.09,73.49,596099
BAH,NYSE,2020/04/22 16:00:00,74.54,75.05,73.87,74.64,600715
BAH,NYSE,2020/04/23 16:00:00,75.31,76.28,74.72,75.43,534657
BAH,NYSE,2020/04/24 16:00:00,75.53,76.16,74.61,75.86,470141
BAH,NYSE,2020/04/27 16:00:00,76.65,77.21,75.83,77.1,585969
BAH,NYSE,2020/04/28 16:00:00,78.4,79.46,76.1,76.17,966810
BAH,NYSE,2020/04/29 16:00:00,76.62,76.88,74.75,74.88,855680
BAH,NYSE,2020/04/30 16:00:00,74.65,74.9,73.27,73.44,993183
BAH,NYSE,2020/05/01 16:00:00,72.58,72.81,70.79,72.45,862969
BAH,NYSE,2020/05/04 16:00:00,71.72,73.33,71.6,72.77,1174119
BAH,NYSE,2020/05/05 16:00:00,73.28,74.75,73.28,73.73,789588
BAH,NYSE,2020/05/06 16:00:00,73.77,74.55,73.21,73.74,865162
BAH,NYSE,2020/05/07 16:00:00,74.57,75.23,73.73,73.85,634229
BAH,NYSE,2020/05/08 16:00:00,74.04,74.41,72.94,72.98,662188
BAH,NYSE,2020/05/11 16:00:00,72.8,73.99,72.22,72.64,1639335
BAH,NYSE,2020/05/12 16:00:00,73.11,73.15,71.11,71.22,1549841
BAH,NYSE,2020/05/13 16:00:00,72.26,72.33,69.24,70.4,993729
BAH,NYSE,2020/05/14 16:00:00,69.6,69.92,68.34,69.92,904153
BAH,NYSE,2020/05/15 16:00:00,69.52,70.79,69.36,70.78,673253
BAH,NYSE,2020/05/18 16:00:00,71.63,72.21,70.37,70.65,1182056
BAH,NYSE,2020/05/19 16:00:00,71.61,73.24,71.25,72.15,1141977
BAH,NYSE,2020/05/20 16:00:00,72.4,74.74,72.32,74.59,1219835
BAH,NYSE,2020/05/21 16:00:00,74.34,75.23,73.97,74.87,1104632
BAH,NYSE,2020/05/22 16:00:00,74.87,75.88,74.46,75.81,632418
BAH,NYSE,2020/05/26 16:00:00,77.03,77.5,74.33,76.25,1700436
BAH,NYSE,2020/05/27 16:00:00,76.84,76.84,74.7,76.65,1331296
BAH,NYSE,2020/05/28 16:00:00,76.84,79.8,76.62,78.74,1215968
BAH,NYSE,2020/05/29 16:00:00,78.89,79.77,77.43,79.76,1501220
BAH,NYSE,2020/06/01 16:00:00,79.48,80.4,78.82,79.74,933786
BAH,NYSE,2020/06/02 16:00:00,81.05,81.05,78.36,80.42,996291
BAH,NYSE,2020/06/03 16:00:00,80.17,81.05,79.6,80.41,1235108
BAH,NYSE,2020/06/04 16:00:00,79.87,80.75,79.31,80.65,1027128
BAH,NYSE,2020/06/05 16:00:00,80.69,80.82,79.41,80.53,1096918
BAH,NYSE,2020/06/08 16:00:00,79.73,80.94,79.27,80.87,1117927
BAH,NYSE,2020/06/09 16:00:00,80.53,80.69,79.86,79.99,880608
BAH,NYSE,2020/06/10 16:00:00,80,82.22,80,81.75,911568
BAH,NYSE,2020/06/11 16:00:00,80.72,80.88,77.1,77.14,946380
BAH,NYSE,2020/06/12 16:00:00,78.52,79.08,75.63,76.97,603937
BAH,NYSE,2020/06/15 16:00:00,75.86,77.21,74.95,76.91,1553510
BAH,NYSE,2020/06/16 16:00:00,78.45,79.03,77.26,77.96,670135
BAH,NYSE,2020/06/17 16:00:00,78.43,80.01,77.8,79.51,1203779
BAH,NYSE,2020/06/18 16:00:00,79.74,80.51,78.93,80.28,1118792
BAH,NYSE,2020/06/19 16:00:00,81.17,82.16,79.71,79.79,1514110
BAH,NYSE,2020/06/22 16:00:00,80.1,80.13,79.23,79.91,704346
BAH,NYSE,2020/06/23 16:00:00,80.35,81.07,79.27,80.01,813245
BAH,NYSE,2020/06/24 16:00:00,79.59,79.8,76.92,77.2,730303
BAH,NYSE,2020/06/25 16:00:00,77.25,77.61,75.94,77.53,732522
BAH,NYSE,2020/06/26 16:00:00,77.52,77.81,74.06,74.39,2010910
BAH,NYSE,2020/06/29 16:00:00,74.53,76.1,74.49,75.78,920979
BAH,NYSE,2020/06/30 16:00:00,75.86,78.1,75.78,77.79,1229214
BAH,NYSE,2020/07/01 16:00:00,78.06,80.09,77.73,79.47,1171090
BAH,NYSE,2020/07/02 16:00:00,79.77,80.78,79.01,79.56,823727
BAH,NYSE,2020/07/06 16:00:00,80.06,80.56,76.93,77.44,1017999
BAH,NYSE,2020/07/07 16:00:00,76.87,77.09,75.09,75.4,1371296
BAH,NYSE,2020/07/08 16:00:00,73.2,75.6,73.17,75.47,1474986
BAH,NYSE,2020/07/09 16:00:00,75.85,75.85,73.82,75.26,1056122
BAH,NYSE,2020/07/10 16:00:00,75.25,75.64,74.67,75.31,994017
BAH,NYSE,2020/07/13 16:00:00,75.65,76.05,71.58,71.67,1303654
BAH,NYSE,2020/07/14 16:00:00,71.57,72.27,70.72,72.21,1267485
BAH,NYSE,2020/07/15 16:00:00,72.75,73.02,72.18,72.5,858536
BAH,NYSE,2020/07/16 16:00:00,72.14,72.32,70.84,70.9,891624
BAH,NYSE,2020/07/17 16:00:00,71.21,72.37,70.11,72.25,1280444
BAH,NYSE,2020/07/20 16:00:00,72.12,72.99,72,72.77,730668
BAH,NYSE,2020/07/21 16:00:00,73.47,73.78,72.77,73.07,802365
BAH,NYSE,2020/07/22 16:00:00,72.85,75.37,72.85,75.18,1051009
BAH,NYSE,2020/07/23 16:00:00,75.19,76.45,74.19,74.34,1107951
BAH,NYSE,2020/07/24 16:00:00,74.34,74.83,73.52,74.34,665081
BAH,NYSE,2020/07/27 16:00:00,74.48,75.15,73.89,74.63,1024453
BAH,NYSE,2020/07/28 16:00:00,74.5,76.13,74.5,75.11,590904
BAH,NYSE,2020/07/29 16:00:00,75.53,76.85,75.1,76.5,721183
BAH,NYSE,2020/07/30 16:00:00,75.94,78.08,75.87,77.73,1133152
BAH,NYSE,2020/07/31 16:00:00,78.45,81.87,77.82,81.76,1681282
BAH,NYSE,2020/08/03 16:00:00,82,83.81,80.85,83.51,1028122
BAH,NYSE,2020/08/04 16:00:00,83.16,83.85,82.38,83.08,1102332
BAH,NYSE,2020/08/05 16:00:00,83.46,84.37,82.05,82.51,786569
BAH,NYSE,2020/08/06 16:00:00,82.4,83.08,81.43,82.9,658562
BAH,NYSE,2020/08/07 16:00:00,82.74,84.89,82.34,84.67,836702
BAH,NYSE,2020/08/10 16:00:00,84.11,85.3,83.92,84.66,904704
BAH,NYSE,2020/08/11 16:00:00,84.67,86.93,84.65,86.04,1021538
BAH,NYSE,2020/08/12 16:00:00,86.36,86.75,85.33,85.72,1069717
BAH,NYSE,2020/08/13 16:00:00,85.32,86.84,85.32,85.75,649153
BAH,NYSE,2020/08/14 16:00:00,85.5,86.96,85.5,86.43,626230
BAH,NYSE,2020/08/17 16:00:00,86.58,86.9,85.52,85.67,1260239
BAH,NYSE,2020/08/18 16:00:00,85.84,86.61,85.4,85.84,999852
BAH,NYSE,2020/08/19 16:00:00,85.78,86.73,85.78,86.2,605523
BAH,NYSE,2020/08/20 16:00:00,86.35,87,85.97,86.73,630713
BAH,NYSE,2020/08/21 16:00:00,87.01,87.07,85.96,86.32,795801
BAH,NYSE,2020/08/24 16:00:00,86.89,87.46,86.5,87.38,483119
BAH,NYSE,2020/08/25 16:00:00,87.34,87.88,85.96,86.42,485599
BAH,NYSE,2020/08/26 16:00:00,86.56,87.58,85.88,87.48,658870
BAH,NYSE,2020/08/27 16:00:00,87.5,89.29,87.5,88.58,670293
BAH,NYSE,2020/08/28 16:00:00,88.8,89.09,87.43,88.77,664914
BAH,NYSE,2020/08/31 16:00:00,88.77,89.01,87.76,88.06,1099920
BAH,NYSE,2020/09/01 16:00:00,88.2,88.61,87.52,88.41,492108
BAH,NYSE,2020/09/02 16:00:00,88.62,89.45,88.01,88.64,1081154
BAH,NYSE,2020/09/03 16:00:00,88.5,88.72,85.4,86.43,1067340
BAH,NYSE,2020/09/04 16:00:00,86.51,86.84,83.54,84.98,688455
BAH,NYSE,2020/09/08 16:00:00,84.03,84.82,82.01,83.78,1033174
BAH,NYSE,2020/09/09 16:00:00,84.54,86.53,84.37,85.9,704746
BAH,NYSE,2020/09/10 16:00:00,86.18,86.72,84.09,84.15,849353
BAH,NYSE,2020/09/11 16:00:00,84.63,84.96,83.18,84.02,776960
BAH,NYSE,2020/09/14 16:00:00,84.67,85.25,83.56,83.73,631895
BAH,NYSE,2020/09/15 16:00:00,84.34,84.5,83.67,83.87,561850
BAH,NYSE,2020/09/16 16:00:00,84.33,85.5,84.28,84.78,764362
BAH,NYSE,2020/09/17 16:00:00,84.36,85.33,83.56,84.82,641815
BAH,NYSE,2020/09/18 16:00:00,85.13,85.38,83.73,84.65,1292756
BAH,NYSE,2020/09/21 16:00:00,83.97,85.84,83.45,85.66,625788
BAH,NYSE,2020/09/22 16:00:00,86.12,87.77,85.55,87.38,544193
BAH,NYSE,2020/09/23 16:00:00,87.79,87.79,83.6,83.84,863547
BAH,NYSE,2020/09/24 16:00:00,83.85,84.08,82.52,83.02,828899
BAH,NYSE,2020/09/25 16:00:00,82.72,85,82.72,84.84,537704
BAH,NYSE,2020/09/28 16:00:00,85.64,86.29,84.88,84.95,463426
BAH,NYSE,2020/09/29 16:00:00,85.02,85.33,84.14,84.24,594399
BAH,NYSE,2020/09/30 16:00:00,84.33,84.38,82.42,82.98,933536
BAH,NYSE,2020/10/01 16:00:00,83.31,83.79,82.48,83.05,556043
BAH,NYSE,2020/10/02 16:00:00,82.39,83.41,81.54,82.85,630440
BAH,NYSE,2020/10/05 16:00:00,82.91,83.3,81.66,82.44,863279
BAH,NYSE,2020/10/06 16:00:00,82.46,83.38,81.68,82.26,1140477
BAH,NYSE,2020/10/07 16:00:00,82.88,82.98,81.2,81.59,938626
BAH,NYSE,2020/10/08 16:00:00,82.23,82.81,81.23,81.36,875386
BAH,NYSE,2020/10/09 16:00:00,81.99,82.53,80.8,81.16,1384560
BAH,NYSE,2020/10/12 16:00:00,81.73,82.17,80.87,81.56,1173790
BAH,NYSE,2020/10/13 16:00:00,81.79,82.09,80.56,80.99,661882
BAH,NYSE,2020/10/14 16:00:00,81.24,82.77,81.23,82.37,677510
BAH,NYSE,2020/10/15 16:00:00,81.86,82.47,81.62,82.02,514593
BAH,NYSE,2020/10/16 16:00:00,82.04,82.67,81.78,82.25,557926
BAH,NYSE,2020/10/19 16:00:00,82.43,83.08,79.85,79.95,404317
BAH,NYSE,2020/10/20 16:00:00,80.15,80.84,79.52,79.54,530826
BAH,NYSE,2020/10/21 16:00:00,79.75,80.12,78.7,78.73,683689
BAH,NYSE,2020/10/22 16:00:00,78.6,79.15,78.16,78.44,616617
BAH,NYSE,2020/10/23 16:00:00,78.7,79.17,77.77,79.05,662075
BAH,NYSE,2020/10/26 16:00:00,78.47,78.87,77.07,77.88,583429
BAH,NYSE,2020/10/27 16:00:00,77.91,78.81,77.47,77.66,627565
BAH,NYSE,2020/10/28 16:00:00,76.63,77.71,74.6,74.64,849288
BAH,NYSE,2020/10/29 16:00:00,74.77,76.36,74.32,75.31,1370432
BAH,NYSE,2020/10/30 16:00:00,76.77,79.08,75.33,78.5,1704679
BAH,NYSE,2020/11/02 16:00:00,79.29,81.21,79,81.19,1197303
BAH,NYSE,2020/11/03 16:00:00,81.75,84.24,81.33,83.68,766752
BAH,NYSE,2020/11/04 16:00:00,84.5,87.99,84.24,87.78,1326806
BAH,NYSE,2020/11/05 16:00:00,88.31,88.94,85.78,86.3,1022516
BAH,NYSE,2020/11/06 16:00:00,86.07,87.09,85.63,86.6,447452
BAH,NYSE,2020/11/09 16:00:00,88.69,88.92,86.46,86.46,844510
BAH,NYSE,2020/11/10 16:00:00,86.27,87.32,86,86.59,648889
BAH,NYSE,2020/11/11 16:00:00,87.2,87.59,85.27,86.03,999276
BAH,NYSE,2020/11/12 16:00:00,85.97,87.29,85.75,86.52,478645
BAH,NYSE,2020/11/13 16:00:00,86.42,87.87,86.2,87.58,579483
BAH,NYSE,2020/11/16 16:00:00,87.91,89.4,87.44,89.38,489848
BAH,NYSE,2020/11/17 16:00:00,88.66,89.86,87.8,89.16,600862
BAH,NYSE,2020/11/18 16:00:00,89,89.07,87.89,88.1,876911
BAH,NYSE,2020/11/19 16:00:00,88,88.56,86.85,88.15,951165
BAH,NYSE,2020/11/20 16:00:00,87.94,88.39,86.99,87.19,740365
BAH,NYSE,2020/11/23 16:00:00,87.38,88.6,87.16,87.86,511134
BAH,NYSE,2020/11/24 16:00:00,88.03,88.29,87.2,87.82,567950
BAH,NYSE,2020/11/25 16:00:00,88.08,88.39,86.92,88,442158
BAH,NYSE,2020/11/27 13:00:00,88.03,88.82,87.81,88.13,233714
BAH,NYSE,2020/11/30 16:00:00,88.14,88.14,86.29,86.79,1117873
BAH,NYSE,2020/12/01 16:00:00,87.09,89.28,86.91,89.2,890237
BAH,NYSE,2020/12/02 16:00:00,88.79,89.81,87.65,88.54,493049
BAH,NYSE,2020/12/03 16:00:00,88.33,89.22,88.01,88.38,491686
BAH,NYSE,2020/12/04 16:00:00,88.3,89.26,87.88,88.43,518241
BAH,NYSE,2020/12/07 16:00:00,88.3,89.31,88.3,88.62,685144
BAH,NYSE,2020/12/08 16:00:00,88.88,88.98,87.84,88.03,647695
BAH,NYSE,2020/12/09 16:00:00,88.11,88.25,86.98,87.4,667194
BAH,NYSE,2020/12/10 16:00:00,87,87.88,86.5,87.64,601715
BAH,NYSE,2020/12/11 16:00:00,87.43,88.25,87.07,87.77,533996
BAH,NYSE,2020/12/14 16:00:00,88.31,89.88,88.07,88.29,861928
BAH,NYSE,2020/12/15 16:00:00,88.36,89.58,87.73,89.23,1026897
BAH,NYSE,2020/12/16 16:00:00,89.67,91.08,89.3,90.68,1386082
BAH,NYSE,2020/12/17 16:00:00,90.8,91.21,88.73,89.04,1601119
BAH,NYSE,2020/12/18 16:00:00,89.51,90.05,88.87,89.8,1574426
BAH,NYSE,2020/12/21 16:00:00,88.69,89.18,86.49,87.67,825233
BAH,NYSE,2020/12/22 16:00:00,87.7,88.05,86.75,87.2,892457
BAH,NYSE,2020/12/23 16:00:00,87.56,87.86,86.63,87.49,761869
BAH,NYSE,2020/12/24 13:00:00,87.28,87.89,86.71,87.37,268737
BAH,NYSE,2020/12/28 16:00:00,87.93,88.08,86.84,87.63,562262
BAH,NYSE,2020/12/29 16:00:00,88.14,88.14,86.85,87.22,426260
BAH,NYSE,2020/12/30 16:00:00,87.56,88.21,86.83,86.98,394686
BAH,NYSE,2020/12/31 16:00:00,86.9,87.42,85.88,87.18,649085
BAH,NYSE,2021/01/04 16:00:00,87.38,87.78,85.63,85.98,1121868
BAH,NYSE,2021/01/05 16:00:00,85.79,87.03,85.06,86.66,1123720
BAH,NYSE,2021/01/06 16:00:00,86.44,89.73,85.28,88.69,1381098
BAH,NYSE,2021/01/07 16:00:00,88.58,91.03,87.81,90.85,1224395
BAH,NYSE,2021/01/08 16:00:00,90.65,92.54,90.37,91.6,894958
BAH,NYSE,2021/01/11 16:00:00,90.98,92.42,90.55,91.39,723533
BAH,NYSE,2021/01/12 16:00:00,91.49,92.92,91.08,92.69,800347
BAH,NYSE,2021/01/13 16:00:00,92.78,93.21,91.1,91.36,1066129
BAH,NYSE,2021/01/14 16:00:00,91.36,92.77,90.75,91.46,647367
BAH,NYSE,2021/01/15 16:00:00,91.46,92.25,90.8,92.18,579500
BAH,NYSE,2021/01/19 16:00:00,92.69,94.04,92.51,93.9,561970
BAH,NYSE,2021/01/20 16:00:00,94,95.72,93.93,95,679194
BAH,NYSE,2021/01/21 16:00:00,94.98,95.53,94.22,94.79,692692
BAH,NYSE,2021/01/22 16:00:00,94.67,96.03,94.5,95.93,568905
BAH,NYSE,2021/01/25 16:00:00,96.55,98.3,96.27,97.56,1081430
BAH,NYSE,2021/01/26 16:00:00,98,98.43,97.27,97.84,834453
BAH,NYSE,2021/01/27 16:00:00,97.13,100.26,96.29,97.57,1492483
BAH,NYSE,2021/01/28 16:00:00,97.69,98.18,95.13,95.4,1253324
BAH,NYSE,2021/01/29 16:00:00,91.25,91.45,84.89,85.17,2986636
BAH,NYSE,2021/02/01 16:00:00,85.41,85.87,81.81,83.75,2412025
BAH,NYSE,2021/02/02 16:00:00,83.95,84.31,81.83,83.39,2265197
BAH,NYSE,2021/02/03 16:00:00,83.6,83.71,80.65,81.83,1814005
BAH,NYSE,2021/02/04 16:00:00,82,83.6,81.23,83.4,1428683
BAH,NYSE,2021/02/05 16:00:00,83.5,83.81,81.6,82.09,1119332
BAH,NYSE,2021/02/08 16:00:00,82.15,82.52,81.06,81.95,1169473
BAH,NYSE,2021/02/09 16:00:00,82,83.67,81.74,83.16,798251
BAH,NYSE,2021/02/10 16:00:00,83.31,83.86,82.5,83.54,1008728
BAH,NYSE,2021/02/11 16:00:00,83.44,84.73,83.41,84.59,915958
BAH,NYSE,2021/02/12 16:00:00,84.52,84.84,82.09,82.59,622295
BAH,NYSE,2021/02/16 16:00:00,82.9,83,80.91,81.23,728391
BAH,NYSE,2021/02/17 16:00:00,80.55,81.1,79.52,80.7,906457
BAH,NYSE,2021/02/18 16:00:00,80.34,80.67,79.13,79.63,2761197
BAH,NYSE,2021/02/19 16:00:00,79.98,80,78.25,78.71,1650672
BAH,NYSE,2021/02/22 16:00:00,78.39,78.7,77.08,77.27,1043222
BAH,NYSE,2021/02/23 16:00:00,77.1,77.35,75.15,76.96,1844847
BAH,NYSE,2021/02/24 16:00:00,76.88,78.18,76.39,78,2831414
BAH,NYSE,2021/02/25 16:00:00,78.11,79.75,77.89,78.14,1896246
BAH,NYSE,2021/02/26 16:00:00,78.2,79.82,77.05,77.14,2603926
BAH,NYSE,2021/03/01 16:00:00,77.27,79.91,77.07,79.39,1260152
BAH,NYSE,2021/03/02 16:00:00,79.45,79.94,78.74,79.07,1323128
BAH,NYSE,2021/03/03 16:00:00,78.76,79.51,77.84,78.67,1720295
BAH,NYSE,2021/03/04 16:00:00,79,79.37,76.55,76.68,1555644
BAH,NYSE,2021/03/05 16:00:00,76.77,77.25,75.66,76.75,2052132
BAH,NYSE,2021/03/08 16:00:00,76.75,79.57,76.05,78.25,1757590
BAH,NYSE,2021/03/09 16:00:00,79.09,79.44,77.88,78.04,880569
BAH,NYSE,2021/03/10 16:00:00,78.44,78.95,77.89,78.42,825174
BAH,NYSE,2021/03/11 16:00:00,78.87,79.22,78.42,78.79,912593
BAH,NYSE,2021/03/12 16:00:00,78.89,79.5,78.47,78.55,874353
BAH,NYSE,2021/03/15 16:00:00,78.71,80.68,78.71,80.63,970197
BAH,NYSE,2021/03/16 16:00:00,80.45,80.49,79.02,79.44,677562
BAH,NYSE,2021/03/17 16:00:00,79.49,80.52,78.61,80.05,1135838
BAH,NYSE,2021/03/18 16:00:00,79.81,80.96,79.06,80.57,706435
BAH,NYSE,2021/03/19 16:00:00,80.88,81.11,79.58,79.75,1458750
BAH,NYSE,2021/03/22 16:00:00,79.14,79.88,78.21,79.83,600370
BAH,NYSE,2021/03/23 16:00:00,79.81,80.59,79.45,80.05,805146
BAH,NYSE,2021/03/24 16:00:00,80.1,81.28,79.49,79.73,1177607
BAH,NYSE,2021/03/25 16:00:00,79.54,80.78,78.94,80.38,875184
BAH,NYSE,2021/03/26 16:00:00,80.42,80.42,77.94,79.76,1163553
BAH,NYSE,2021/03/29 16:00:00,79.77,81.78,79.77,81.42,614102
BAH,NYSE,2021/03/30 16:00:00,81.5,81.9,80.5,80.77,531935
BAH,NYSE,2021/03/31 16:00:00,80.6,81.09,79.67,80.53,636687
BAH,NYSE,2021/04/01 16:00:00,81.03,82.09,80.64,81.71,862057
BAH,NYSE,2021/04/05 16:00:00,81.98,84.35,81.8,83.69,1067704
BAH,NYSE,2021/04/06 16:00:00,83.21,83.21,82.11,82.5,1192125
BAH,NYSE,2021/04/07 16:00:00,82.72,84.04,82.18,82.23,676349
BAH,NYSE,2021/04/08 16:00:00,82.64,82.84,81.77,82.02,869254
BAH,NYSE,2021/04/09 16:00:00,82.26,82.5,81.55,82.26,943952
TECK,NYSE,2019/04/01 16:00:00,23.72,24.07,23.53,23.62,2680630
TECK,NYSE,2019/04/02 16:00:00,23.7,23.7,23.23,23.56,3727785
TECK,NYSE,2019/04/03 16:00:00,23.85,24.02,22.8,22.87,5825678
TECK,NYSE,2019/04/04 16:00:00,22.85,23.73,22.71,23.71,5127814
TECK,NYSE,2019/04/05 16:00:00,23.85,24.13,23.63,24.05,3528091
TECK,NYSE,2019/04/08 16:00:00,24.29,24.75,24.19,24.75,2890463
TECK,NYSE,2019/04/09 16:00:00,24.94,25,24.04,24.18,2899920
TECK,NYSE,2019/04/10 16:00:00,24.42,24.65,24.34,24.54,1963646
TECK,NYSE,2019/04/11 16:00:00,24.34,24.5,24.12,24.42,1862067
TECK,NYSE,2019/04/12 16:00:00,24.83,25.3,24.75,25.21,3553348
TECK,NYSE,2019/04/15 16:00:00,25.17,25.17,24.68,24.74,2792522
TECK,NYSE,2019/04/16 16:00:00,24.65,25.01,24.3,24.83,3995044
TECK,NYSE,2019/04/17 16:00:00,25.1,25.75,25.06,25.24,3276771
TECK,NYSE,2019/04/18 16:00:00,25.1,25.24,24.64,24.83,2089464
TECK,NYSE,2019/04/22 16:00:00,24.89,24.89,24.4,24.6,2626862
TECK,NYSE,2019/04/23 16:00:00,24.91,25.45,24.55,24.55,5321480
TECK,NYSE,2019/04/24 16:00:00,24.5,24.5,23.65,23.73,3282439
TECK,NYSE,2019/04/25 16:00:00,23.6,23.6,22.92,23,3692425
TECK,NYSE,2019/04/26 16:00:00,23.1,23.66,23.07,23.66,2310084
TECK,NYSE,2019/04/29 16:00:00,23.55,23.71,23.31,23.65,1584698
TECK,NYSE,2019/04/30 16:00:00,23.55,23.69,23.25,23.65,2817821
TECK,NYSE,2019/05/01 16:00:00,23.52,23.6,22.36,22.38,6635726
TECK,NYSE,2019/05/02 16:00:00,22.31,22.42,22,22.11,3266559
TECK,NYSE,2019/05/03 16:00:00,22.4,23.01,22.32,22.99,2681720
TECK,NYSE,2019/05/06 16:00:00,22.18,22.5,22.12,22.49,2421985
TECK,NYSE,2019/05/07 16:00:00,22.23,22.28,21.75,21.9,3017762
TECK,NYSE,2019/05/08 16:00:00,21.69,22.11,21.6,21.96,1878234
TECK,NYSE,2019/05/09 16:00:00,21.63,22.01,21.57,21.78,1939348
TECK,NYSE,2019/05/10 16:00:00,21.86,22.05,21.52,21.95,2380800
TECK,NYSE,2019/05/13 16:00:00,21.44,21.49,20.61,20.87,3810104
TECK,NYSE,2019/05/14 16:00:00,21.05,21.1,20.78,21.01,1820727
TECK,NYSE,2019/05/15 16:00:00,20.78,21.34,20.76,21.09,2066561
TECK,NYSE,2019/05/16 16:00:00,21.39,21.39,20.92,21.11,2513752
TECK,NYSE,2019/05/17 16:00:00,20.92,20.97,20.32,20.42,2992012
TECK,NYSE,2019/05/20 16:00:00,20.19,20.4,20.12,20.25,1804247
TECK,NYSE,2019/05/21 16:00:00,20.35,20.77,20.35,20.62,2533723
TECK,NYSE,2019/05/22 16:00:00,20.5,20.52,20.1,20.25,1261895
TECK,NYSE,2019/05/23 16:00:00,19.9,19.93,19.4,19.61,3286695
TECK,NYSE,2019/05/24 16:00:00,19.86,20.05,19.53,19.81,1607657
TECK,NYSE,2019/05/28 16:00:00,20.16,20.36,19.97,20.1,2439255
TECK,NYSE,2019/05/29 16:00:00,19.75,20.12,19.69,20.03,1387858
TECK,NYSE,2019/05/30 16:00:00,20.09,20.09,19.7,19.78,1737784
TECK,NYSE,2019/05/31 16:00:00,19.59,20.46,19.46,20.31,3936889
TECK,NYSE,2019/06/03 16:00:00,20.41,20.79,20.16,20.78,2895946
TECK,NYSE,2019/06/04 16:00:00,21.01,21.45,20.87,21.42,2681774
TECK,NYSE,2019/06/05 16:00:00,21.52,21.53,21.04,21.25,2011221
TECK,NYSE,2019/06/06 16:00:00,21.3,21.4,21.02,21.21,1337674
TECK,NYSE,2019/06/07 16:00:00,21.31,21.54,21.13,21.36,1535016
TECK,NYSE,2019/06/10 16:00:00,21.45,21.61,21.39,21.43,915565
TECK,NYSE,2019/06/11 16:00:00,22.07,22.62,22.02,22.42,3086234
TECK,NYSE,2019/06/12 16:00:00,22.24,22.29,21.79,22.04,2320216
TECK,NYSE,2019/06/13 16:00:00,22.27,22.29,21.73,21.81,2064018
TECK,NYSE,2019/06/14 16:00:00,21.66,21.89,21.29,21.71,1081780
TECK,NYSE,2019/06/17 16:00:00,21.69,21.96,21.41,21.87,1954628
TECK,NYSE,2019/06/18 16:00:00,22.14,23.01,22.07,22.78,2399628
TECK,NYSE,2019/06/19 16:00:00,22.66,22.78,22.35,22.53,2664755
TECK,NYSE,2019/06/20 16:00:00,23.07,23.24,22.76,22.86,2840361
TECK,NYSE,2019/06/21 16:00:00,22.83,22.85,22.35,22.58,2636010
TECK,NYSE,2019/06/24 16:00:00,22.68,22.92,22.58,22.83,2353302
TECK,NYSE,2019/06/25 16:00:00,22.87,23.06,22.68,22.75,2647175
TECK,NYSE,2019/06/26 16:00:00,22.88,22.93,22.56,22.56,2068873
TECK,NYSE,2019/06/27 16:00:00,22.71,22.91,22.5,22.82,2869148
TECK,NYSE,2019/06/28 16:00:00,22.84,23.07,22.75,23.06,3148514
TECK,NYSE,2019/07/01 16:00:00,23.2,23.3,22.86,23.02,1845402
TECK,NYSE,2019/07/02 16:00:00,22.98,23.08,22.43,22.94,4029922
TECK,NYSE,2019/07/03 13:00:00,22.94,23.09,22.25,22.33,2265384
TECK,NYSE,2019/07/05 16:00:00,22.04,22.19,21.86,22.08,2099838
TECK,NYSE,2019/07/08 16:00:00,22,22.04,21.7,21.72,1823320
TECK,NYSE,2019/07/09 16:00:00,21.51,21.51,21.21,21.37,1574548
TECK,NYSE,2019/07/10 16:00:00,21.61,21.74,21.34,21.5,1633617
TECK,NYSE,2019/07/11 16:00:00,21.34,21.56,21.04,21.56,2231562
TECK,NYSE,2019/07/12 16:00:00,21.51,21.75,21.41,21.68,1815174
TECK,NYSE,2019/07/15 16:00:00,21.91,22.12,21.65,21.79,1886484
TECK,NYSE,2019/07/16 16:00:00,21.72,22.24,21.59,22.03,2139448
TECK,NYSE,2019/07/17 16:00:00,22.17,22.27,21.74,22.23,2181227
TECK,NYSE,2019/07/18 16:00:00,22.04,22.28,21.79,22.01,1950374
TECK,NYSE,2019/07/19 16:00:00,22.19,22.66,21.93,22.2,2963844
TECK,NYSE,2019/07/22 16:00:00,22.05,22.34,22.05,22.21,2342454
TECK,NYSE,2019/07/23 16:00:00,22.23,22.7,22.22,22.67,2589230
TECK,NYSE,2019/07/24 16:00:00,22.39,22.94,22.35,22.82,3960883
TECK,NYSE,2019/07/25 16:00:00,22.61,23.13,21.27,21.61,5587121
TECK,NYSE,2019/07/26 16:00:00,21.56,21.57,21.15,21.3,2969156
TECK,NYSE,2019/07/29 16:00:00,21.38,21.43,21.05,21.24,2614859
TECK,NYSE,2019/07/30 16:00:00,21.18,21.23,20.52,21.07,2919657
TECK,NYSE,2019/07/31 16:00:00,20.91,21.06,20.41,20.49,2819046
TECK,NYSE,2019/08/01 16:00:00,20.06,20.1,19.07,19.17,4121191
TECK,NYSE,2019/08/02 16:00:00,19.05,19.05,18.35,18.56,3626193
TECK,NYSE,2019/08/05 16:00:00,18.11,18.17,17.68,17.91,2738072
TECK,NYSE,2019/08/06 16:00:00,18.06,18.17,17.42,17.69,3484514
TECK,NYSE,2019/08/07 16:00:00,17.37,17.73,17.11,17.61,3342407
TECK,NYSE,2019/08/08 16:00:00,17.84,18.1,17.62,17.95,2984865
TECK,NYSE,2019/08/09 16:00:00,17.79,17.79,16.8,16.84,3608277
TECK,NYSE,2019/08/12 16:00:00,16.76,17.09,16.52,16.88,2702394
TECK,NYSE,2019/08/13 16:00:00,16.78,17.48,16.75,17.45,3650923
TECK,NYSE,2019/08/14 16:00:00,17.02,17.04,16.61,16.67,2376405
TECK,NYSE,2019/08/15 16:00:00,16.77,16.77,16.43,16.62,2616439
TECK,NYSE,2019/08/16 16:00:00,16.55,16.74,16.43,16.55,2652620
TECK,NYSE,2019/08/19 16:00:00,16.75,16.9,16.67,16.72,2039124
TECK,NYSE,2019/08/20 16:00:00,16.59,16.65,16.39,16.5,2020138
TECK,NYSE,2019/08/21 16:00:00,16.5,16.62,16.36,16.39,2076385
TECK,NYSE,2019/08/22 16:00:00,16.45,16.6,16.3,16.35,1945726
TECK,NYSE,2019/08/23 16:00:00,16.28,16.82,16.18,16.23,2352179
TECK,NYSE,2019/08/26 16:00:00,16.37,16.78,16.33,16.64,2218000
TECK,NYSE,2019/08/27 16:00:00,16.58,16.72,16.51,16.54,1909126
TECK,NYSE,2019/08/28 16:00:00,16.53,16.76,16.48,16.6,2529540
TECK,NYSE,2019/08/29 16:00:00,16.83,17.15,16.62,16.84,2077496
TECK,NYSE,2019/08/30 16:00:00,17.06,17.22,16.78,17.03,2179029
TECK,NYSE,2019/09/03 16:00:00,16.88,16.91,16.66,16.83,1455569
TECK,NYSE,2019/09/04 16:00:00,17.23,17.34,16.99,17.23,3734832
TECK,NYSE,2019/09/05 16:00:00,17.57,17.9,17.57,17.71,1671042
TECK,NYSE,2019/09/06 16:00:00,17.71,17.77,17.42,17.51,1832233
TECK,NYSE,2019/09/09 16:00:00,17.55,17.89,17.37,17.87,2238036
TECK,NYSE,2019/09/10 16:00:00,18,18.44,17.96,18.38,2706609
TECK,NYSE,2019/09/11 16:00:00,18.6,18.79,18.2,18.78,2272988
TECK,NYSE,2019/09/12 16:00:00,18.79,19.09,18.45,18.96,2591349
TECK,NYSE,2019/09/13 16:00:00,19.33,19.44,19.02,19.1,2753386
TECK,NYSE,2019/09/16 16:00:00,19.25,19.4,18.7,18.75,2325128
TECK,NYSE,2019/09/17 16:00:00,18.45,18.91,18.06,18.74,2288862
TECK,NYSE,2019/09/18 16:00:00,18.64,18.69,17.69,17.93,3167352
TECK,NYSE,2019/09/19 16:00:00,17.83,18.06,17.56,17.75,3999214
TECK,NYSE,2019/09/20 16:00:00,17.64,17.76,17.34,17.34,3498147
TECK,NYSE,2019/09/23 16:00:00,17.08,17.08,16.74,17.07,2701832
TECK,NYSE,2019/09/24 16:00:00,16.81,16.92,16.41,16.48,2771671
TECK,NYSE,2019/09/25 16:00:00,16.23,16.63,16.14,16.49,3367432
TECK,NYSE,2019/09/26 16:00:00,16.45,16.48,15.9,16.07,3807825
TECK,NYSE,2019/09/27 16:00:00,16.12,16.4,16.06,16.37,3408513
TECK,NYSE,2019/09/30 16:00:00,16.24,16.45,16.19,16.23,2141317
TECK,NYSE,2019/10/01 16:00:00,16.19,16.34,15.3,15.42,3303541
TECK,NYSE,2019/10/02 16:00:00,15.24,15.36,14.97,15.15,3360665
TECK,NYSE,2019/10/03 16:00:00,14.91,15.73,14.89,15.5,5232142
TECK,NYSE,2019/10/04 16:00:00,15.47,15.78,15.47,15.63,2453495
TECK,NYSE,2019/10/07 16:00:00,15.61,15.61,15.17,15.25,2067411
TECK,NYSE,2019/10/08 16:00:00,15.09,15.09,14.73,14.77,2143277
TECK,NYSE,2019/10/09 16:00:00,14.9,14.99,14.51,14.85,2571083
TECK,NYSE,2019/10/10 16:00:00,15.1,15.97,15.1,15.86,4095315
TECK,NYSE,2019/10/11 16:00:00,16.41,16.95,16.31,16.76,5884040
TECK,NYSE,2019/10/14 16:00:00,16.38,16.6,16.11,16.52,1584492
TECK,NYSE,2019/10/15 16:00:00,16.26,16.52,15.98,16.15,2832516
TECK,NYSE,2019/10/16 16:00:00,16.1,16.44,16.05,16.34,2462886
TECK,NYSE,2019/10/17 16:00:00,16.48,16.94,16.35,16.37,1972213
TECK,NYSE,2019/10/18 16:00:00,16.56,16.79,16.42,16.49,2600605
TECK,NYSE,2019/10/21 16:00:00,16.8,16.9,16.38,16.4,1950856
TECK,NYSE,2019/10/22 16:00:00,16.33,16.59,16.03,16.48,2656834
TECK,NYSE,2019/10/23 16:00:00,16.55,16.9,16.18,16.89,4495342
TECK,NYSE,2019/10/24 16:00:00,17.32,17.6,15.82,16.04,4784691
TECK,NYSE,2019/10/25 16:00:00,15.93,16.8,15.9,16.69,3395738
TECK,NYSE,2019/10/28 16:00:00,16.79,17.15,16.79,17.03,2899449
TECK,NYSE,2019/10/29 16:00:00,16.94,17.11,16.75,16.97,3257305
TECK,NYSE,2019/10/30 16:00:00,16.74,16.85,16.1,16.38,3009983
TECK,NYSE,2019/10/31 16:00:00,16.18,16.24,15.64,15.83,3841752
TECK,NYSE,2019/11/01 16:00:00,16,16.24,15.75,16.12,5574543
TECK,NYSE,2019/11/04 16:00:00,16.42,16.53,16.14,16.38,2653936
TECK,NYSE,2019/11/05 16:00:00,16.61,17.5,16.56,17.34,4731071
TECK,NYSE,2019/11/06 16:00:00,17.33,17.36,16.82,16.88,2765502
TECK,NYSE,2019/11/07 16:00:00,17.17,17.53,17.14,17.27,4545481
TECK,NYSE,2019/11/08 16:00:00,17.07,17.55,16.88,16.99,2328435
TECK,NYSE,2019/11/11 16:00:00,16.68,16.91,16.57,16.77,2194985
TECK,NYSE,2019/11/12 16:00:00,16.78,17.1,16.5,16.55,2725186
TECK,NYSE,2019/11/13 16:00:00,15.99,16.24,15.85,15.92,2891784
TECK,NYSE,2019/11/14 16:00:00,15.91,15.95,15.73,15.87,2593197
TECK,NYSE,2019/11/15 16:00:00,15.97,16.44,15.94,16.39,2490225
TECK,NYSE,2019/11/18 16:00:00,16.24,16.24,15.79,16.02,2934587
TECK,NYSE,2019/11/19 16:00:00,16.15,16.31,15.96,16.13,1885163
TECK,NYSE,2019/11/20 16:00:00,15.95,16.23,15.67,15.9,3248735
TECK,NYSE,2019/11/21 16:00:00,15.72,15.81,15.5,15.69,2800933
TECK,NYSE,2019/11/22 16:00:00,15.87,16.09,15.71,15.73,3696397
TECK,NYSE,2019/11/25 16:00:00,15.9,16.03,15.76,15.9,3894163
TECK,NYSE,2019/11/26 16:00:00,15.86,15.94,15.68,15.81,1731922
TECK,NYSE,2019/11/27 16:00:00,15.8,15.95,15.69,15.81,2317902
TECK,NYSE,2019/11/29 13:00:00,15.69,15.75,15.5,15.7,1228609
TECK,NYSE,2019/12/02 16:00:00,15.69,15.83,15.48,15.48,3076254
TECK,NYSE,2019/12/03 16:00:00,15.26,15.33,14.96,14.97,2751906
TECK,NYSE,2019/12/04 16:00:00,15.21,15.96,15.18,15.83,4740501
TECK,NYSE,2019/12/05 16:00:00,15.9,15.98,15.62,15.72,2466933
TECK,NYSE,2019/12/06 16:00:00,15.87,16.25,15.79,16.02,3110123
TECK,NYSE,2019/12/09 16:00:00,15.96,15.97,15.69,15.74,2895805
TECK,NYSE,2019/12/10 16:00:00,15.75,15.83,15.64,15.74,1858864
TECK,NYSE,2019/12/11 16:00:00,15.85,16.27,15.83,16.16,3546592
TECK,NYSE,2019/12/12 16:00:00,16.04,16.76,16.02,16.74,3709127
TECK,NYSE,2019/12/13 16:00:00,16.75,17.27,16.52,16.82,6741689
TECK,NYSE,2019/12/16 16:00:00,17.35,17.48,17.11,17.24,5658214
TECK,NYSE,2019/12/17 16:00:00,17.34,17.46,17.14,17.27,3005910
TECK,NYSE,2019/12/18 16:00:00,17.24,17.28,17.01,17.19,2623468
TECK,NYSE,2019/12/19 16:00:00,17.17,17.23,16.99,17.1,2350385
TECK,NYSE,2019/12/20 16:00:00,17.08,17.44,16.83,16.9,4708529
TECK,NYSE,2019/12/23 16:00:00,16.9,17.28,16.86,17.26,3242609
TECK,NYSE,2019/12/24 13:00:00,17.34,17.46,17.21,17.26,2053391
TECK,NYSE,2019/12/26 16:00:00,17.34,17.74,17.3,17.65,1830600
TECK,NYSE,2019/12/27 16:00:00,17.61,17.73,17.33,17.41,1878282
TECK,NYSE,2019/12/30 16:00:00,17.48,17.52,17.27,17.35,2274724
TECK,NYSE,2019/12/31 16:00:00,17.3,17.45,17.25,17.37,2372440
TECK,NYSE,2020/01/02 16:00:00,17.63,17.77,17.45,17.54,3278161
TECK,NYSE,2020/01/03 16:00:00,17.24,17.29,16.88,16.94,2850415
TECK,NYSE,2020/01/06 16:00:00,16.8,16.85,16.63,16.71,2239519
TECK,NYSE,2020/01/07 16:00:00,16.65,16.78,16.6,16.7,2645685
TECK,NYSE,2020/01/08 16:00:00,16.77,16.77,16.08,16.12,4305469
TECK,NYSE,2020/01/09 16:00:00,16.12,16.13,15.53,15.59,3076344
TECK,NYSE,2020/01/10 16:00:00,15.54,15.96,15.46,15.84,2770296
TECK,NYSE,2020/01/13 16:00:00,15.9,15.91,15.77,15.82,6893641
TECK,NYSE,2020/01/14 16:00:00,15.81,16.3,15.8,16.2,8418853
TECK,NYSE,2020/01/15 16:00:00,16.11,16.31,16.04,16.11,3081919
TECK,NYSE,2020/01/16 16:00:00,16.23,16.29,15.7,15.8,3991246
TECK,NYSE,2020/01/17 16:00:00,15.91,16.24,15.87,16.22,3134754
TECK,NYSE,2020/01/21 16:00:00,16.17,16.2,15.37,15.43,4609298
TECK,NYSE,2020/01/22 16:00:00,15.48,15.54,15.31,15.41,4881607
TECK,NYSE,2020/01/23 16:00:00,15.16,15.22,14.76,15.22,5042985
TECK,NYSE,2020/01/24 16:00:00,15.14,15.14,14.19,14.45,6143140
TECK,NYSE,2020/01/27 16:00:00,13.74,13.81,13.25,13.32,6985565
TECK,NYSE,2020/01/28 16:00:00,13.45,13.65,13.36,13.49,6668014
TECK,NYSE,2020/01/29 16:00:00,13.51,13.58,13.23,13.48,3815650
TECK,NYSE,2020/01/30 16:00:00,13.29,13.49,12.95,13.49,4957384
TECK,NYSE,2020/01/31 16:00:00,13.16,13.17,12.72,12.91,6829590
TECK,NYSE,2020/02/03 16:00:00,13.03,13.11,12.82,12.95,4545922
TECK,NYSE,2020/02/04 16:00:00,13.42,13.77,13.37,13.64,5543901
TECK,NYSE,2020/02/05 16:00:00,13.96,14.36,13.95,14.29,4255003
TECK,NYSE,2020/02/06 16:00:00,14.4,14.4,13.79,13.84,4089231
TECK,NYSE,2020/02/07 16:00:00,13.61,13.61,13.33,13.36,3818605
TECK,NYSE,2020/02/10 16:00:00,13.25,13.27,12.93,13.15,3261380
TECK,NYSE,2020/02/11 16:00:00,13.4,14.23,13.4,13.73,4543498
TECK,NYSE,2020/02/12 16:00:00,14.12,14.33,13.91,14.11,3246505
TECK,NYSE,2020/02/13 16:00:00,13.91,14.13,13.75,14.01,4052372
TECK,NYSE,2020/02/14 16:00:00,14,14.1,13.36,13.46,4076591
TECK,NYSE,2020/02/18 16:00:00,13.3,13.33,12.95,13.04,4021634
TECK,NYSE,2020/02/19 16:00:00,13.06,13.39,13.02,13.35,4290118
TECK,NYSE,2020/02/20 16:00:00,13.26,13.37,12.82,12.89,5673445
TECK,NYSE,2020/02/21 16:00:00,12.5,12.5,10.85,10.92,15495126
TECK,NYSE,2020/02/24 16:00:00,10.33,10.75,10.04,10.58,7430326
TECK,NYSE,2020/02/25 16:00:00,10.62,10.66,10.19,10.34,7112226
TECK,NYSE,2020/02/26 16:00:00,10.41,10.75,10.24,10.27,6425531
TECK,NYSE,2020/02/27 16:00:00,9.93,10.43,9.69,10.26,7747508
TECK,NYSE,2020/02/28 16:00:00,9.79,10.13,9.67,10.12,10847484
TECK,NYSE,2020/03/02 16:00:00,10.26,10.53,9.6,10.53,6993415
TECK,NYSE,2020/03/03 16:00:00,10.56,10.77,9.91,9.95,8690613
TECK,NYSE,2020/03/04 16:00:00,10.28,10.9,10.21,10.8,6470959
TECK,NYSE,2020/03/05 16:00:00,10.27,11.03,10.22,10.85,7454414
TECK,NYSE,2020/03/06 16:00:00,10.51,10.97,10.43,10.51,6968438
TECK,NYSE,2020/03/09 16:00:00,9.56,9.58,7.85,8.05,6502639
TECK,NYSE,2020/03/10 16:00:00,8.74,9.1,8.32,8.92,8477881
TECK,NYSE,2020/03/11 16:00:00,8.59,8.71,8.05,8.2,7758100
TECK,NYSE,2020/03/12 16:00:00,7.56,8.06,6.96,7.38,8085233
TECK,NYSE,2020/03/13 16:00:00,8.21,8.98,7.69,8.95,7906150
TECK,NYSE,2020/03/16 16:00:00,7.62,8.5,7.4,8.26,5495181
TECK,NYSE,2020/03/17 16:00:00,8.3,8.41,7.6,7.8,6887231
TECK,NYSE,2020/03/18 16:00:00,7.14,7.15,5.6,6.12,8040335
TECK,NYSE,2020/03/19 16:00:00,6.11,7.4,5.89,7.29,7226811
TECK,NYSE,2020/03/20 16:00:00,7.68,8.23,6.76,7.12,5617819
TECK,NYSE,2020/03/23 16:00:00,7.12,7.24,6.62,6.64,6902571
TECK,NYSE,2020/03/24 16:00:00,7.34,7.94,6.92,7.9,7252301
TECK,NYSE,2020/03/25 16:00:00,8.05,8.34,7.19,7.73,6304352
TECK,NYSE,2020/03/26 16:00:00,7.86,8.07,7.4,7.53,7983842
TECK,NYSE,2020/03/27 16:00:00,7.23,7.3,6.42,6.51,6453617
TECK,NYSE,2020/03/30 16:00:00,6.55,7,6.26,6.91,4237526
TECK,NYSE,2020/03/31 16:00:00,7.09,7.63,6.78,7.56,5720794
TECK,NYSE,2020/04/01 16:00:00,7.07,7.73,6.91,7.08,4184035
TECK,NYSE,2020/04/02 16:00:00,7.19,7.81,7.14,7.27,4751831
TECK,NYSE,2020/04/03 16:00:00,7.42,7.48,6.65,7.11,5883051
TECK,NYSE,2020/04/06 16:00:00,7.46,7.84,7.3,7.6,4857646
TECK,NYSE,2020/04/07 16:00:00,8.08,8.4,7.91,8.36,7024574
TECK,NYSE,2020/04/08 16:00:00,8.36,8.44,7.99,8.18,4826800
TECK,NYSE,2020/04/09 16:00:00,8.48,8.48,7.66,7.91,7236678
TECK,NYSE,2020/04/13 16:00:00,8.05,8.36,7.76,8.3,4747407
TECK,NYSE,2020/04/14 16:00:00,8.32,8.99,8.31,8.87,5555693
TECK,NYSE,2020/04/15 16:00:00,8.35,8.35,7.87,8.04,4464964
TECK,NYSE,2020/04/16 16:00:00,8.13,8.18,7.7,7.85,4913390
TECK,NYSE,2020/04/17 16:00:00,7.97,8.16,7.8,7.9,4351575
TECK,NYSE,2020/04/20 16:00:00,7.5,7.86,7.25,7.49,5716308
TECK,NYSE,2020/04/21 16:00:00,7.09,7.44,6.79,7.05,6771537
TECK,NYSE,2020/04/22 16:00:00,7.21,7.5,7.21,7.27,3130420
TECK,NYSE,2020/04/23 16:00:00,7.41,7.58,7.31,7.37,4016809
TECK,NYSE,2020/04/24 16:00:00,7.49,7.61,7.21,7.39,5238985
TECK,NYSE,2020/04/27 16:00:00,7.4,7.46,6.91,7.14,6488761
TECK,NYSE,2020/04/28 16:00:00,7.33,8.16,7.24,8.11,13569869
TECK,NYSE,2020/04/29 16:00:00,8.55,9.02,8.35,8.91,8879441
TECK,NYSE,2020/04/30 16:00:00,8.78,9.12,8.49,8.81,6802898
TECK,NYSE,2020/05/01 16:00:00,8.41,8.84,8.38,8.55,5795836
TECK,NYSE,2020/05/04 16:00:00,8.43,8.8,8.25,8.78,7936011
TECK,NYSE,2020/05/05 16:00:00,9.03,9.34,8.5,8.56,4859482
TECK,NYSE,2020/05/06 16:00:00,8.66,8.73,8.35,8.51,4024912
TECK,NYSE,2020/05/07 16:00:00,8.74,8.87,8.64,8.71,4480131
TECK,NYSE,2020/05/08 16:00:00,8.87,9.17,8.79,9.14,3465183
TECK,NYSE,2020/05/11 16:00:00,8.9,9.05,8.77,8.82,4513356
TECK,NYSE,2020/05/12 16:00:00,8.91,9.07,8.61,8.62,6166886
TECK,NYSE,2020/05/13 16:00:00,8.6,8.61,8.28,8.47,5318356
TECK,NYSE,2020/05/14 16:00:00,8.31,8.53,7.79,8.53,6933514
TECK,NYSE,2020/05/15 16:00:00,8.55,8.83,8.31,8.8,3674280
TECK,NYSE,2020/05/18 16:00:00,9.27,10.26,9.24,9.87,6297349
TECK,NYSE,2020/05/19 16:00:00,9.72,10.07,9.63,9.66,5360038
TECK,NYSE,2020/05/20 16:00:00,10,10,9.58,9.75,4900564
TECK,NYSE,2020/05/21 16:00:00,9.82,9.84,9.29,9.47,2634070
TECK,NYSE,2020/05/22 16:00:00,9.42,9.42,9.09,9.16,2570950
TECK,NYSE,2020/05/26 16:00:00,9.48,9.76,9.27,9.63,4226257
TECK,NYSE,2020/05/27 16:00:00,9.81,10.01,9.34,9.83,5126791
TECK,NYSE,2020/05/28 16:00:00,9.94,9.94,9.58,9.63,3098030
TECK,NYSE,2020/05/29 16:00:00,9.6,9.65,9.23,9.49,6693653
TECK,NYSE,2020/06/01 16:00:00,9.56,9.8,9.39,9.67,4499818
TECK,NYSE,2020/06/02 16:00:00,9.84,10.4,9.72,10.29,5681321
TECK,NYSE,2020/06/03 16:00:00,10.48,10.85,10.44,10.75,5787806
TECK,NYSE,2020/06/04 16:00:00,10.72,10.92,10.41,10.71,4740499
TECK,NYSE,2020/06/05 16:00:00,11.25,12.05,11.25,11.66,5330340
TECK,NYSE,2020/06/08 16:00:00,12.27,12.28,11.68,12.26,4761036
TECK,NYSE,2020/06/09 16:00:00,11.9,11.9,11.31,11.83,5082022
TECK,NYSE,2020/06/10 16:00:00,11.77,11.87,11.22,11.52,4976876
TECK,NYSE,2020/06/11 16:00:00,10.73,10.82,9.86,9.96,5279964
TECK,NYSE,2020/06/12 16:00:00,10.56,10.77,10.15,10.39,3681937
TECK,NYSE,2020/06/15 16:00:00,9.88,10.54,9.61,10.41,3551958
TECK,NYSE,2020/06/16 16:00:00,10.91,11.27,10.33,10.61,6441447
TECK,NYSE,2020/06/17 16:00:00,10.68,10.71,10.34,10.37,4793589
TECK,NYSE,2020/06/18 16:00:00,10.19,10.27,10.03,10.08,3132532
TECK,NYSE,2020/06/19 16:00:00,10.4,10.4,9.91,10,3629998
TECK,NYSE,2020/06/22 16:00:00,10,10.62,10,10.49,7183052
TECK,NYSE,2020/06/23 16:00:00,10.69,11.03,10.6,10.68,2870731
TECK,NYSE,2020/06/24 16:00:00,10.51,10.58,10.14,10.21,3811184
TECK,NYSE,2020/06/25 16:00:00,10.09,10.45,10.04,10.44,2157821
TECK,NYSE,2020/06/26 16:00:00,10.3,10.32,9.56,9.88,4103642
TECK,NYSE,2020/06/29 16:00:00,9.87,10.12,9.74,9.95,3134876
TECK,NYSE,2020/06/30 16:00:00,9.93,10.55,9.84,10.42,4274373
TECK,NYSE,2020/07/01 16:00:00,10.43,10.62,10.06,10.2,2549813
TECK,NYSE,2020/07/02 16:00:00,10.54,10.77,10.34,10.41,3385453
TECK,NYSE,2020/07/06 16:00:00,10.69,10.93,10.58,10.77,2972675
TECK,NYSE,2020/07/07 16:00:00,10.69,10.88,10.49,10.49,2515746
TECK,NYSE,2020/07/08 16:00:00,10.61,11.05,10.52,10.73,4819110
TECK,NYSE,2020/07/09 16:00:00,10.84,11,10.65,10.76,2946682
TECK,NYSE,2020/07/10 16:00:00,10.78,11.02,10.48,10.99,3394227
TECK,NYSE,2020/07/13 16:00:00,11.26,11.84,11.08,11.16,6763196
TECK,NYSE,2020/07/14 16:00:00,11.07,11.18,10.73,11.15,3243583
TECK,NYSE,2020/07/15 16:00:00,11.34,11.42,10.88,11.29,3427818
TECK,NYSE,2020/07/16 16:00:00,11.21,11.39,11.06,11.12,2195839
TECK,NYSE,2020/07/17 16:00:00,11.13,11.4,11.11,11.22,2346078
TECK,NYSE,2020/07/20 16:00:00,11.3,11.42,11.18,11.3,2306241
TECK,NYSE,2020/07/21 16:00:00,11.35,11.5,10.9,10.96,4702077
TECK,NYSE,2020/07/22 16:00:00,10.97,11.11,10.76,10.84,5236919
TECK,NYSE,2020/07/23 16:00:00,10.99,11.8,10.94,11.56,5564506
TECK,NYSE,2020/07/24 16:00:00,11.58,11.58,11.05,11.17,4706443
TECK,NYSE,2020/07/27 16:00:00,11.22,11.32,10.94,11.11,4126773
TECK,NYSE,2020/07/28 16:00:00,10.96,11.03,10.74,10.85,2827998
TECK,NYSE,2020/07/29 16:00:00,10.89,10.93,10.56,10.86,3322408
TECK,NYSE,2020/07/30 16:00:00,10.65,10.65,10.26,10.32,2312864
TECK,NYSE,2020/07/31 16:00:00,10.3,10.4,10.03,10.13,3497791
TECK,NYSE,2020/08/03 16:00:00,10.2,10.28,10.15,10.21,1785781
TECK,NYSE,2020/08/04 16:00:00,10.19,10.63,10.19,10.53,2579777
TECK,NYSE,2020/08/05 16:00:00,10.94,11.24,10.85,11.18,3164661
TECK,NYSE,2020/08/06 16:00:00,11.22,11.41,11.11,11.37,2544229
TECK,NYSE,2020/08/07 16:00:00,11.21,11.21,10.96,11.09,2537412
TECK,NYSE,2020/08/10 16:00:00,11.2,11.42,11.18,11.42,1621158
TECK,NYSE,2020/08/11 16:00:00,11.59,11.76,11.47,11.53,3403921
TECK,NYSE,2020/08/12 16:00:00,11.75,11.86,11.44,11.48,1782413
TECK,NYSE,2020/08/13 16:00:00,11.44,11.54,11.23,11.4,1853900
TECK,NYSE,2020/08/14 16:00:00,11.32,11.35,11.14,11.33,1238572
TECK,NYSE,2020/08/17 16:00:00,11.49,11.99,11.46,11.8,2185242
TECK,NYSE,2020/08/18 16:00:00,11.99,12.08,11.7,11.84,3275216
TECK,NYSE,2020/08/19 16:00:00,11.9,12.88,11.84,12.68,6225208
TECK,NYSE,2020/08/20 16:00:00,12.51,12.59,11.67,11.86,5833279
TECK,NYSE,2020/08/21 16:00:00,11.71,11.71,11.34,11.35,2925494
TECK,NYSE,2020/08/24 16:00:00,11.6,11.63,11.36,11.46,2924230
TECK,NYSE,2020/08/25 16:00:00,11.53,11.55,10.9,11.16,2881150
TECK,NYSE,2020/08/26 16:00:00,11.19,11.54,11.16,11.51,2844445
TECK,NYSE,2020/08/27 16:00:00,11.56,11.66,11.17,11.36,1797220
TECK,NYSE,2020/08/28 16:00:00,11.55,11.86,11.44,11.78,2590860
TECK,NYSE,2020/08/31 16:00:00,11.8,11.84,11.5,11.52,1856227
TECK,NYSE,2020/09/01 16:00:00,11.66,11.92,11.43,11.9,2422457
TECK,NYSE,2020/09/02 16:00:00,11.92,12.03,11.63,11.94,2832005
TECK,NYSE,2020/09/03 16:00:00,11.77,11.8,11.21,11.36,3319969
TECK,NYSE,2020/09/04 16:00:00,11.5,11.82,11.14,11.77,3692559
TECK,NYSE,2020/09/08 16:00:00,11.34,11.49,11.2,11.32,3221515
TECK,NYSE,2020/09/09 16:00:00,11.41,11.93,11.41,11.74,3022027
TECK,NYSE,2020/09/10 16:00:00,11.81,11.98,11.61,11.73,3569658
TECK,NYSE,2020/09/11 16:00:00,11.98,13.29,11.9,13,13402431
TECK,NYSE,2020/09/14 16:00:00,13.2,13.6,12.75,13.59,5585220
TECK,NYSE,2020/09/15 16:00:00,13.88,14.13,13.6,13.71,5069813
TECK,NYSE,2020/09/16 16:00:00,14.07,14.63,13.93,14.37,6219274
TECK,NYSE,2020/09/17 16:00:00,14.05,14.97,13.81,14.89,4861371
TECK,NYSE,2020/09/18 16:00:00,15,15.6,14.91,15.41,7410412
TECK,NYSE,2020/09/21 16:00:00,14.53,14.72,14.02,14.25,7398396
TECK,NYSE,2020/09/22 16:00:00,14.25,14.69,14.11,14.32,4178307
TECK,NYSE,2020/09/23 16:00:00,14.02,14.17,13.69,13.75,5672881
TECK,NYSE,2020/09/24 16:00:00,13.55,14.11,13.48,13.91,7519279
TECK,NYSE,2020/09/25 16:00:00,13.73,14.05,13.41,14.04,3620298
TECK,NYSE,2020/09/28 16:00:00,14.56,14.64,13.88,13.97,3888582
TECK,NYSE,2020/09/29 16:00:00,13.95,13.95,13.62,13.84,3418060
TECK,NYSE,2020/09/30 16:00:00,13.97,14.1,13.86,13.92,2348474
TECK,NYSE,2020/10/01 16:00:00,14.02,14.28,13.84,14.06,5421111
TECK,NYSE,2020/10/02 16:00:00,13.66,14.53,13.6,14.26,4097437
TECK,NYSE,2020/10/05 16:00:00,14.38,14.44,13.74,13.93,5839505
TECK,NYSE,2020/10/06 16:00:00,14.05,14.14,13.09,13.23,6855493
TECK,NYSE,2020/10/07 16:00:00,13.5,13.6,13.18,13.48,11235651
TECK,NYSE,2020/10/08 16:00:00,13.85,13.96,13.55,13.91,5859415
TECK,NYSE,2020/10/09 16:00:00,14.02,14.18,13.77,13.9,5494614
TECK,NYSE,2020/10/12 16:00:00,14,14.02,13.18,13.4,5028226
TECK,NYSE,2020/10/13 16:00:00,13.3,13.49,13.05,13.32,4603626
TECK,NYSE,2020/10/14 16:00:00,13.52,13.94,13.18,13.85,7337648
TECK,NYSE,2020/10/15 16:00:00,13.5,13.75,13.39,13.7,4150495
TECK,NYSE,2020/10/16 16:00:00,13.72,13.74,13.47,13.55,3094382
TECK,NYSE,2020/10/19 16:00:00,13.59,14.1,13.52,13.53,4583264
TECK,NYSE,2020/10/20 16:00:00,13.65,14.14,13.65,13.93,4062846
TECK,NYSE,2020/10/21 16:00:00,13.99,14.07,13.72,13.79,4869010
TECK,NYSE,2020/10/22 16:00:00,13.8,13.8,13.4,13.71,5295392
TECK,NYSE,2020/10/23 16:00:00,13.88,14.18,13.75,13.85,4010542
TECK,NYSE,2020/10/26 16:00:00,13.6,13.81,13.24,13.35,5162806
TECK,NYSE,2020/10/27 16:00:00,12.81,13.2,12.4,12.56,7908308
TECK,NYSE,2020/10/28 16:00:00,11.93,12.47,11.91,12.28,5060704
TECK,NYSE,2020/10/29 16:00:00,12.15,13,12.14,12.82,4383484
TECK,NYSE,2020/10/30 16:00:00,12.74,13.21,12.72,13.14,4494320
TECK,NYSE,2020/11/02 16:00:00,13.42,13.61,13.24,13.55,2738644
TECK,NYSE,2020/11/03 16:00:00,13.85,13.88,13.41,13.48,3118868
TECK,NYSE,2020/11/04 16:00:00,13.3,13.42,12.95,13.12,3588119
TECK,NYSE,2020/11/05 16:00:00,13.35,13.75,13.35,13.57,2499551
TECK,NYSE,2020/11/06 16:00:00,13.8,14.77,13.8,14.65,4739124
TECK,NYSE,2020/11/09 16:00:00,15.75,15.92,14.8,15.12,5973930
TECK,NYSE,2020/11/10 16:00:00,15.14,15.25,14.83,14.89,3200978
TECK,NYSE,2020/11/11 16:00:00,14.92,15.01,14.65,14.95,2693859
TECK,NYSE,2020/11/12 16:00:00,14.71,14.9,14.41,14.51,3571651
TECK,NYSE,2020/11/13 16:00:00,14.66,15.06,14.59,14.68,3001492
TECK,NYSE,2020/11/16 16:00:00,15.06,15.34,14.94,15.27,4416196
TECK,NYSE,2020/11/17 16:00:00,15.06,15.06,14.68,14.83,3616151
TECK,NYSE,2020/11/18 16:00:00,15.05,15.28,14.94,15.02,3395380
TECK,NYSE,2020/11/19 16:00:00,14.9,15.09,14.77,14.83,3085653
TECK,NYSE,2020/11/20 16:00:00,15.05,15.2,14.94,15.06,3317422
TECK,NYSE,2020/11/23 16:00:00,15.3,15.7,15.23,15.36,4195817
TECK,NYSE,2020/11/24 16:00:00,15.69,15.9,15.61,15.81,5064696
TECK,NYSE,2020/11/25 16:00:00,15.75,15.75,15.46,15.56,2659814
TECK,NYSE,2020/11/27 13:00:00,15.73,16.34,15.66,16,4957185
TECK,NYSE,2020/11/30 16:00:00,16.23,16.5,15.8,15.8,6015253
TECK,NYSE,2020/12/01 16:00:00,16.24,16.8,16.18,16.39,5775177
TECK,NYSE,2020/12/02 16:00:00,16.44,17.1,16.21,16.68,5358490
TECK,NYSE,2020/12/03 16:00:00,16.81,17.61,16.77,17.43,4875898
TECK,NYSE,2020/12/04 16:00:00,17.75,18.84,17.72,18.83,7830338
TECK,NYSE,2020/12/07 16:00:00,18.72,18.78,18.1,18.18,5270729
TECK,NYSE,2020/12/08 16:00:00,18.11,18.28,17.79,18.01,3403941
TECK,NYSE,2020/12/09 16:00:00,18.22,18.32,17.64,18,4746879
TECK,NYSE,2020/12/10 16:00:00,17.96,18.52,17.92,18.38,3468439
TECK,NYSE,2020/12/11 16:00:00,18.11,18.13,17.85,18.02,2933999
TECK,NYSE,2020/12/14 16:00:00,18.22,18.27,17.72,17.73,2534934
TECK,NYSE,2020/12/15 16:00:00,17.93,18.61,17.88,18.59,7234343
TECK,NYSE,2020/12/16 16:00:00,18.61,18.68,17.99,18.39,4680792
TECK,NYSE,2020/12/17 16:00:00,18.61,18.95,18.24,18.3,3462107
TECK,NYSE,2020/12/18 16:00:00,18.19,18.3,17.86,17.88,2719413
TECK,NYSE,2020/12/21 16:00:00,16.96,18.03,16.82,17.93,3019129
TECK,NYSE,2020/12/22 16:00:00,17.78,17.91,17.29,17.34,2865651
TECK,NYSE,2020/12/23 16:00:00,17.55,17.98,17.55,17.82,1334040
TECK,NYSE,2020/12/24 13:00:00,17.94,17.94,17.4,17.53,1255347
TECK,NYSE,2020/12/28 16:00:00,17.78,17.95,17.6,17.62,1226368
TECK,NYSE,2020/12/29 16:00:00,17.66,17.84,17.49,17.64,1647250
TECK,NYSE,2020/12/30 16:00:00,17.67,18.59,17.65,18.44,2568517
TECK,NYSE,2020/12/31 16:00:00,18.41,18.63,18.14,18.15,2274441
TECK,NYSE,2021/01/04 16:00:00,18.63,19.09,18.6,18.97,5219754
TECK,NYSE,2021/01/05 16:00:00,19.1,19.74,19.03,19.56,7059024
TECK,NYSE,2021/01/06 16:00:00,19.68,20.27,19.43,19.61,6898446
TECK,NYSE,2021/01/07 16:00:00,20.21,20.21,19.4,19.85,3734126
TECK,NYSE,2021/01/08 16:00:00,19.91,19.94,19.25,19.58,2927287
TECK,NYSE,2021/01/11 16:00:00,18.83,19.39,18.7,19.15,2143640
TECK,NYSE,2021/01/12 16:00:00,19.21,19.66,19.08,19.62,1775227
TECK,NYSE,2021/01/13 16:00:00,19.36,19.68,18.95,19,3038977
TECK,NYSE,2021/01/14 16:00:00,19.24,19.83,19.1,19.71,3180800
TECK,NYSE,2021/01/15 16:00:00,19.49,20,19.09,19.63,5106895
TECK,NYSE,2021/01/19 16:00:00,19.92,21.04,19.84,20.92,5794717
TECK,NYSE,2021/01/20 16:00:00,21.2,21.34,20.37,20.77,3051727
TECK,NYSE,2021/01/21 16:00:00,20.87,21.22,20.56,20.58,3001098
TECK,NYSE,2021/01/22 16:00:00,20,20.52,19.88,20.5,2913218
TECK,NYSE,2021/01/25 16:00:00,20.45,20.56,19.51,19.9,3734951
TECK,NYSE,2021/01/26 16:00:00,20.04,20.24,19.09,19.52,4262958
TECK,NYSE,2021/01/27 16:00:00,18.82,19.16,18.17,18.61,5313006
TECK,NYSE,2021/01/28 16:00:00,18.88,19.38,18.45,19.2,4528613
TECK,NYSE,2021/01/29 16:00:00,19.17,19.2,18.08,18.28,4672864
TECK,NYSE,2021/02/01 16:00:00,18.39,18.82,18.26,18.65,4081058
TECK,NYSE,2021/02/02 16:00:00,18.69,18.72,18.2,18.43,3299464
TECK,NYSE,2021/02/03 16:00:00,18.64,18.64,18.02,18.03,3051791
TECK,NYSE,2021/02/04 16:00:00,17.91,18.2,17.6,18.18,4780426
TECK,NYSE,2021/02/05 16:00:00,18.22,18.67,18.15,18.33,3809551
TECK,NYSE,2021/02/08 16:00:00,18.75,19.53,18.53,19.42,4493288
TECK,NYSE,2021/02/09 16:00:00,19.38,19.5,18.91,19.02,2844299
TECK,NYSE,2021/02/10 16:00:00,19.52,19.96,19.26,19.67,6111300
TECK,NYSE,2021/02/11 16:00:00,19.65,19.94,19.44,19.77,4092012
TECK,NYSE,2021/02/12 16:00:00,19.64,19.76,19.35,19.71,1544226
TECK,NYSE,2021/02/16 16:00:00,20.15,20.96,20.15,20.63,5858688
TECK,NYSE,2021/02/17 16:00:00,20.6,21.1,20.25,20.72,5972859
TECK,NYSE,2021/02/18 16:00:00,20.94,21.47,20.31,21.42,5545038
TECK,NYSE,2021/02/19 16:00:00,22.01,23.15,21.89,23,8272248
TECK,NYSE,2021/02/22 16:00:00,22.84,23.58,22.74,23.25,8937868
TECK,NYSE,2021/02/23 16:00:00,22.81,23.09,21.89,23.04,6395045
TECK,NYSE,2021/02/24 16:00:00,23.12,23.81,22.65,23.76,4836107
TECK,NYSE,2021/02/25 16:00:00,23.82,23.93,21.67,21.95,6545361
TECK,NYSE,2021/02/26 16:00:00,21.6,21.83,20.61,20.83,5840426
TECK,NYSE,2021/03/01 16:00:00,21.37,21.57,20.84,21.05,5159778
TECK,NYSE,2021/03/02 16:00:00,20.98,21.68,20.71,21.23,4446153
TECK,NYSE,2021/03/03 16:00:00,21.08,22.21,20.95,21.6,9061874
TECK,NYSE,2021/03/04 16:00:00,21.02,21.26,20.16,20.63,7247680
TECK,NYSE,2021/03/05 16:00:00,21.13,21.42,20.22,21.35,7441685
TECK,NYSE,2021/03/08 16:00:00,21.31,21.82,21.01,21.2,4846099
TECK,NYSE,2021/03/09 16:00:00,21.29,21.47,20.59,20.9,3655888
TECK,NYSE,2021/03/10 16:00:00,20.92,21.42,20.5,21.38,4859080
TECK,NYSE,2021/03/11 16:00:00,21.93,22.82,21.85,22.82,5600075
TECK,NYSE,2021/03/12 16:00:00,22.36,22.69,22.28,22.63,4035644
TECK,NYSE,2021/03/15 16:00:00,22.48,22.57,21.86,22.34,4189325
TECK,NYSE,2021/03/16 16:00:00,22.15,22.6,21.63,21.93,11913221
TECK,NYSE,2021/03/17 16:00:00,21.94,22.06,21.2,21.82,5764758
TECK,NYSE,2021/03/18 16:00:00,21.78,22.61,21.4,21.62,6642103
TECK,NYSE,2021/03/19 16:00:00,21.47,21.55,20.2,20.28,6888062
TECK,NYSE,2021/03/22 16:00:00,20.4,20.65,20.15,20.21,4569032
TECK,NYSE,2021/03/23 16:00:00,19.83,19.99,18.72,18.77,6885223
TECK,NYSE,2021/03/24 16:00:00,19.1,19.34,18.44,18.48,4867813
TECK,NYSE,2021/03/25 16:00:00,18.04,18.13,17.31,18.03,8277632
TECK,NYSE,2021/03/26 16:00:00,18.52,19.11,18.42,19.05,5162165
TECK,NYSE,2021/03/29 16:00:00,18.77,19.54,18.73,19.13,9802157
TECK,NYSE,2021/03/30 16:00:00,19.05,19.46,18.89,19.32,3299675
TECK,NYSE,2021/03/31 16:00:00,19.51,19.64,18.84,19.18,4902023
TECK,NYSE,2021/04/01 16:00:00,19.35,19.59,19.06,19.55,3439440
TECK,NYSE,2021/04/05 16:00:00,19.96,20.41,19.87,20.2,5464098
TECK,NYSE,2021/04/06 16:00:00,20.13,20.48,19.75,20.18,4983789
TECK,NYSE,2021/04/07 16:00:00,20.23,20.32,19.91,20.13,2610383
TECK,NYSE,2021/04/08 16:00:00,20.15,20.35,19.64,19.79,5171832
TECK,NYSE,2021/04/09 16:00:00,19.8,19.95,19.68,19.82,1977087
BG,NYSE,2019/04/01 16:00:00,53.32,53.5,52.67,52.81,1029741
BG,NYSE,2019/04/02 16:00:00,52.89,53.3,52.1,52.16,1052516
BG,NYSE,2019/04/03 16:00:00,52.15,52.38,51.65,51.89,1278626
BG,NYSE,2019/04/04 16:00:00,51.95,53.45,51.95,53.22,1455515
BG,NYSE,2019/04/05 16:00:00,52.8,53.32,52.38,53.25,2122802
BG,NYSE,2019/04/08 16:00:00,53.28,53.67,53.07,53.53,1592962
BG,NYSE,2019/04/09 16:00:00,53.8,53.96,52.61,53.11,1884700
BG,NYSE,2019/04/10 16:00:00,53.12,53.56,52.71,52.99,931453
BG,NYSE,2019/04/11 16:00:00,53.02,53.5,52.77,52.96,746789
BG,NYSE,2019/04/12 16:00:00,52.93,53.43,52.55,52.65,1105518
BG,NYSE,2019/04/15 16:00:00,52.65,52.83,52.1,52.48,2205308
BG,NYSE,2019/04/16 16:00:00,52.49,52.94,51.71,51.74,1386029
BG,NYSE,2019/04/17 16:00:00,51.99,52.26,51.46,51.55,992817
BG,NYSE,2019/04/18 16:00:00,51.81,51.86,50.9,51.13,1253337
BG,NYSE,2019/04/22 16:00:00,51.13,51.42,50.8,51.31,1290148
BG,NYSE,2019/04/23 16:00:00,51.48,51.98,51.25,51.25,992903
BG,NYSE,2019/04/24 16:00:00,51.21,51.42,50.96,51.12,1782983
BG,NYSE,2019/04/25 16:00:00,50.96,50.97,48.52,48.6,3155574
BG,NYSE,2019/04/26 16:00:00,48.6,49.06,47.26,48.97,2298329
BG,NYSE,2019/04/29 16:00:00,49.15,50.43,49.1,50.12,2056723
BG,NYSE,2019/04/30 16:00:00,50.29,52.45,50.29,52.41,2208319
BG,NYSE,2019/05/01 16:00:00,52.28,53.03,52.15,52.16,1423679
BG,NYSE,2019/05/02 16:00:00,51.86,52.27,50.87,51.13,1355553
BG,NYSE,2019/05/03 16:00:00,51.13,51.49,50.75,51.15,813582
BG,NYSE,2019/05/06 16:00:00,50.72,50.93,50.2,50.65,1049195
BG,NYSE,2019/05/07 16:00:00,50.3,50.53,49.64,49.98,1440428
BG,NYSE,2019/05/08 16:00:00,51.25,53.79,51.25,53.44,2826667
BG,NYSE,2019/05/09 16:00:00,53.08,54.12,53.04,53.17,1512324
BG,NYSE,2019/05/10 16:00:00,52.84,53.84,51.8,53.76,1683015
BG,NYSE,2019/05/13 16:00:00,52.99,53.55,52.22,52.49,1073009
BG,NYSE,2019/05/14 16:00:00,52.49,53.27,52.48,52.65,930659
BG,NYSE,2019/05/15 16:00:00,52.49,53.65,52.39,53.27,998201
BG,NYSE,2019/05/16 16:00:00,53.35,53.77,53.08,53.29,713517
BG,NYSE,2019/05/17 16:00:00,52.54,53.27,52,52.23,1583387
BG,NYSE,2019/05/20 16:00:00,52.03,52.39,51.61,51.83,1341052
BG,NYSE,2019/05/21 16:00:00,51.96,52.2,51.52,51.98,1917698
BG,NYSE,2019/05/22 16:00:00,51.64,51.99,50.21,51.9,1447225
BG,NYSE,2019/05/23 16:00:00,51.6,51.6,50.5,51.42,1396592
BG,NYSE,2019/05/24 16:00:00,51.75,51.75,50.36,50.55,1073086
BG,NYSE,2019/05/28 16:00:00,50.52,51.14,50.47,50.62,2009478
BG,NYSE,2019/05/29 16:00:00,51.12,52.82,50.67,51.81,1799028
BG,NYSE,2019/05/30 16:00:00,52.17,52.42,51.09,51.18,1267847
BG,NYSE,2019/05/31 16:00:00,50.83,52.36,50.83,52.29,1756810
BG,NYSE,2019/06/03 16:00:00,52.29,54.65,51.91,54.6,1952472
BG,NYSE,2019/06/04 16:00:00,54.82,55.25,54.37,54.75,1156913
BG,NYSE,2019/06/05 16:00:00,54.58,55.01,53.65,54.53,922083
BG,NYSE,2019/06/06 16:00:00,54.67,55.24,54.12,55.1,1095330
BG,NYSE,2019/06/07 16:00:00,55.35,55.39,54.7,55.15,2378778
BG,NYSE,2019/06/10 16:00:00,55.22,56.52,55.07,56.4,2316759
BG,NYSE,2019/06/11 16:00:00,56.48,56.65,55.74,56.2,1423711
BG,NYSE,2019/06/12 16:00:00,56.33,57.33,56.24,57.1,1713200
BG,NYSE,2019/06/13 16:00:00,57.4,57.95,56.98,57.5,621684
BG,NYSE,2019/06/14 16:00:00,57.49,58.09,57.28,57.86,1059138
BG,NYSE,2019/06/17 16:00:00,57.97,58.1,57.28,57.51,1182722
BG,NYSE,2019/06/18 16:00:00,57.72,58.13,57.6,57.98,2046040
BG,NYSE,2019/06/19 16:00:00,58.14,58.19,57.16,57.36,3198697
BG,NYSE,2019/06/20 16:00:00,57.7,57.84,57.18,57.61,1328042
BG,NYSE,2019/06/21 16:00:00,57.49,57.82,56.79,57.55,2591786
BG,NYSE,2019/06/24 16:00:00,57.53,57.62,56.96,57.49,982480
BG,NYSE,2019/06/25 16:00:00,57.41,57.48,55.75,55.88,1934703
BG,NYSE,2019/06/26 16:00:00,55.86,56.24,55.56,55.63,651669
BG,NYSE,2019/06/27 16:00:00,55.31,55.62,54.86,55.1,1082472
BG,NYSE,2019/06/28 16:00:00,55.27,56.25,55.04,55.71,1590524
BG,NYSE,2019/07/01 16:00:00,56.28,56.81,56.07,56.29,862774
BG,NYSE,2019/07/02 16:00:00,56.55,57.15,56.31,56.41,783566
BG,NYSE,2019/07/03 13:00:00,56.77,57.09,56.59,56.73,373911
BG,NYSE,2019/07/05 16:00:00,56.57,56.83,56.03,56.61,434121
BG,NYSE,2019/07/08 16:00:00,56.59,57.24,56.28,56.97,633297
BG,NYSE,2019/07/09 16:00:00,56.87,57.5,56.56,57.29,738030
BG,NYSE,2019/07/10 16:00:00,57.45,57.83,57.18,57.19,1214742
BG,NYSE,2019/07/11 16:00:00,57.4,57.76,56.47,56.55,506608
BG,NYSE,2019/07/12 16:00:00,56.65,57.43,56.61,56.86,789823
BG,NYSE,2019/07/15 16:00:00,57,57.06,56.46,56.78,633109
BG,NYSE,2019/07/16 16:00:00,56.58,56.64,55.46,55.84,685244
BG,NYSE,2019/07/17 16:00:00,55.94,55.97,55.12,55.67,666444
BG,NYSE,2019/07/18 16:00:00,55.61,56.19,55.29,55.83,612533
BG,NYSE,2019/07/19 16:00:00,55.98,56.21,55.39,55.57,671133
BG,NYSE,2019/07/22 16:00:00,57.05,57.24,56.04,56.34,1312755
BG,NYSE,2019/07/23 16:00:00,56.58,57.18,56.54,56.97,863893
BG,NYSE,2019/07/24 16:00:00,56.69,57.07,56.2,56.87,791412
BG,NYSE,2019/07/25 16:00:00,56.83,57.23,56.35,56.63,1016459
BG,NYSE,2019/07/26 16:00:00,56.85,57.05,56.36,56.93,974612
BG,NYSE,2019/07/29 16:00:00,56.91,57.25,55.86,56.58,1061781
BG,NYSE,2019/07/30 16:00:00,56.45,56.79,56.05,56.36,1476004
BG,NYSE,2019/07/31 16:00:00,58.21,59.37,57.9,58.43,2253654
BG,NYSE,2019/08/01 16:00:00,58.74,59.65,57.79,57.92,1750865
BG,NYSE,2019/08/02 16:00:00,57.8,57.9,56.49,57.19,898458
BG,NYSE,2019/08/05 16:00:00,56.6,56.66,55.17,55.3,1268546
BG,NYSE,2019/08/06 16:00:00,55.59,56.4,55,56.07,1270965
BG,NYSE,2019/08/07 16:00:00,55.59,56.33,54.88,56.27,879470
BG,NYSE,2019/08/08 16:00:00,56.54,58.12,56.27,58.1,1587572
BG,NYSE,2019/08/09 16:00:00,57.71,57.83,56.87,57.22,693291
BG,NYSE,2019/08/12 16:00:00,56.66,56.82,53.26,53.36,1444624
BG,NYSE,2019/08/13 16:00:00,53.3,55.02,53.19,53.47,1400517
BG,NYSE,2019/08/14 16:00:00,52.98,53.7,52.33,53.34,1182875
BG,NYSE,2019/08/15 16:00:00,53.5,53.97,53.01,53.82,902194
BG,NYSE,2019/08/16 16:00:00,54.08,54.92,53.58,54.87,824524
BG,NYSE,2019/08/19 16:00:00,54.78,55.1,54.07,55.01,780850
BG,NYSE,2019/08/20 16:00:00,54.79,54.79,53.87,53.9,951714
BG,NYSE,2019/08/21 16:00:00,54.07,54.82,53.38,54.7,918524
BG,NYSE,2019/08/22 16:00:00,54.59,55.1,54.22,54.9,775024
BG,NYSE,2019/08/23 16:00:00,54.45,54.56,53.02,53.22,873246
BG,NYSE,2019/08/26 16:00:00,53.62,53.75,52.94,53.51,844019
BG,NYSE,2019/08/27 16:00:00,53.65,53.65,51.66,52.58,1119802
BG,NYSE,2019/08/28 16:00:00,52.54,52.8,51.77,52.44,1011737
BG,NYSE,2019/08/29 16:00:00,52.75,52.85,52.03,52.62,970330
BG,NYSE,2019/08/30 16:00:00,53.37,53.91,53.16,53.41,1013907
BG,NYSE,2019/09/03 16:00:00,53.35,53.53,52.63,53.36,751348
BG,NYSE,2019/09/04 16:00:00,53.95,54.19,53.63,53.9,852434
BG,NYSE,2019/09/05 16:00:00,54.19,55.73,54.19,55.22,706964
BG,NYSE,2019/09/06 16:00:00,55.07,55.97,55.04,55.8,659350
BG,NYSE,2019/09/09 16:00:00,55.79,57.11,55.72,57.1,991456
BG,NYSE,2019/09/10 16:00:00,56.99,57.51,56.54,56.99,1088420
BG,NYSE,2019/09/11 16:00:00,57.19,58,56.57,57.97,869400
BG,NYSE,2019/09/12 16:00:00,57.7,58.06,56.94,57.5,812841
BG,NYSE,2019/09/13 16:00:00,57.38,57.7,56.6,56.83,2088144
BG,NYSE,2019/09/16 16:00:00,56.56,58,56.38,57.82,751180
BG,NYSE,2019/09/17 16:00:00,57.55,57.58,56.57,56.66,769351
BG,NYSE,2019/09/18 16:00:00,56.75,57.17,56.27,56.98,928452
BG,NYSE,2019/09/19 16:00:00,57.1,57.1,56.08,56.15,703731
BG,NYSE,2019/09/20 16:00:00,56.14,56.51,55.72,55.96,1698226
BG,NYSE,2019/09/23 16:00:00,55.65,56.34,55.25,55.97,853024
BG,NYSE,2019/09/24 16:00:00,56.18,56.31,55.32,55.55,940472
BG,NYSE,2019/09/25 16:00:00,55.67,56.45,55.59,56.08,869911
BG,NYSE,2019/09/26 16:00:00,56.2,57.17,56.08,56.56,1081975
BG,NYSE,2019/09/27 16:00:00,56.66,56.88,56.2,56.54,532887
BG,NYSE,2019/09/30 16:00:00,56.51,57.04,56.29,56.62,847351
BG,NYSE,2019/10/01 16:00:00,56.87,57.17,55.95,56.39,1110673
BG,NYSE,2019/10/02 16:00:00,56.3,56.45,55.43,55.86,699479
BG,NYSE,2019/10/03 16:00:00,55.5,55.85,54.82,55.79,668209
BG,NYSE,2019/10/04 16:00:00,55.72,56.29,55.59,56.29,641055
BG,NYSE,2019/10/07 16:00:00,55.89,56.15,55.41,55.63,686841
BG,NYSE,2019/10/08 16:00:00,55.66,55.66,54.4,54.42,810871
BG,NYSE,2019/10/09 16:00:00,54.56,54.93,54.23,54.83,669086
BG,NYSE,2019/10/10 16:00:00,54.82,55.56,54.59,55.38,830470
BG,NYSE,2019/10/11 16:00:00,55.77,56.98,55.77,56.21,1087093
BG,NYSE,2019/10/14 16:00:00,56.26,56.69,55.94,56.55,1161531
BG,NYSE,2019/10/15 16:00:00,56.61,57.34,56.2,57.13,894834
BG,NYSE,2019/10/16 16:00:00,56.94,57.13,55.23,55.4,861623
BG,NYSE,2019/10/17 16:00:00,55.23,55.34,54.51,55.05,815803
BG,NYSE,2019/10/18 16:00:00,54.98,55.64,54.21,54.7,988678
BG,NYSE,2019/10/21 16:00:00,54.66,55.54,54.66,55.15,718649
BG,NYSE,2019/10/22 16:00:00,55.21,55.45,54.72,55.4,907452
BG,NYSE,2019/10/23 16:00:00,55.37,55.45,54.4,55.45,647729
BG,NYSE,2019/10/24 16:00:00,55.45,55.45,54.3,54.64,462624
BG,NYSE,2019/10/25 16:00:00,54.58,55.35,54.34,55.24,525365
BG,NYSE,2019/10/28 16:00:00,55.35,55.85,54.87,55.53,620961
BG,NYSE,2019/10/29 16:00:00,55.04,56.53,55.04,56.19,1177015
BG,NYSE,2019/10/30 16:00:00,55.04,55.99,52.31,52.76,2272378
BG,NYSE,2019/10/31 16:00:00,53,54.22,52.1,54,1256494
BG,NYSE,2019/11/01 16:00:00,54.15,54.62,53.72,54.22,1236439
BG,NYSE,2019/11/04 16:00:00,54.58,56.42,54.58,56.26,1195367
BG,NYSE,2019/11/05 16:00:00,56.01,56.76,55.23,55.59,1106861
BG,NYSE,2019/11/06 16:00:00,55.56,55.92,55.16,55.21,760778
BG,NYSE,2019/11/07 16:00:00,55.5,56.35,55.3,55.45,691378
BG,NYSE,2019/11/08 16:00:00,55.22,55.96,54.88,55.89,535137
BG,NYSE,2019/11/11 16:00:00,55.73,55.93,55.2,55.82,726135
BG,NYSE,2019/11/12 16:00:00,56,56.63,55.58,55.72,828652
BG,NYSE,2019/11/13 16:00:00,55.5,55.62,54.71,55.2,694306
BG,NYSE,2019/11/14 16:00:00,55.08,55.75,55.03,55.45,702895
BG,NYSE,2019/11/15 16:00:00,55.39,56.23,55.15,56.19,921251
BG,NYSE,2019/11/18 16:00:00,55.99,55.99,54.61,54.68,688944
BG,NYSE,2019/11/19 16:00:00,54.65,55.87,54.65,55.66,1254049
BG,NYSE,2019/11/20 16:00:00,55.67,55.67,54.63,55.3,1610655
BG,NYSE,2019/11/21 16:00:00,55.3,55.3,54.55,54.64,637978
BG,NYSE,2019/11/22 16:00:00,54.48,55.32,54.08,54.08,515040
BG,NYSE,2019/11/25 16:00:00,54.07,54.62,53.86,53.88,712538
BG,NYSE,2019/11/26 16:00:00,53.87,54.15,53.03,53.28,923540
BG,NYSE,2019/11/27 16:00:00,53.34,53.89,53.16,53.45,701204
BG,NYSE,2019/11/29 13:00:00,53.13,53.76,52.8,53.38,415473
BG,NYSE,2019/12/02 16:00:00,53.25,54.09,53.12,53.54,560819
BG,NYSE,2019/12/03 16:00:00,52.99,53.26,52.48,52.86,764111
BG,NYSE,2019/12/04 16:00:00,52.78,53.52,52.78,53.1,731317
BG,NYSE,2019/12/05 16:00:00,53.21,53.65,52.79,53.51,792012
BG,NYSE,2019/12/06 16:00:00,53.86,54.47,53.61,53.72,553590
BG,NYSE,2019/12/09 16:00:00,53.72,53.85,53.08,53.4,672445
BG,NYSE,2019/12/10 16:00:00,54.53,55.14,54.14,54.71,1111188
BG,NYSE,2019/12/11 16:00:00,54.68,55.67,54.58,55.28,793929
BG,NYSE,2019/12/12 16:00:00,55.44,56.14,55.28,55.93,768228
BG,NYSE,2019/12/13 16:00:00,56.16,56.2,55.06,55.77,854141
BG,NYSE,2019/12/16 16:00:00,55.74,56.22,55.61,55.92,778475
BG,NYSE,2019/12/17 16:00:00,55.77,56,55.18,55.84,949235
BG,NYSE,2019/12/18 16:00:00,55.67,56.19,55.32,56.14,1141017
BG,NYSE,2019/12/19 16:00:00,56.29,56.32,55.74,55.98,709883
BG,NYSE,2019/12/20 16:00:00,55.65,57.94,55.22,57.55,2030951
BG,NYSE,2019/12/23 16:00:00,57.71,57.76,56.75,56.97,567869
BG,NYSE,2019/12/24 13:00:00,57.23,57.31,56.9,57.05,177668
BG,NYSE,2019/12/26 16:00:00,57.1,57.71,57.1,57.38,552631
BG,NYSE,2019/12/27 16:00:00,57.48,57.85,57.14,57.37,436970
BG,NYSE,2019/12/30 16:00:00,57.2,57.3,56.87,57.15,445665
BG,NYSE,2019/12/31 16:00:00,57.12,57.75,56.94,57.55,634009
BG,NYSE,2020/01/02 16:00:00,57.92,58.19,57.1,57.56,574550
BG,NYSE,2020/01/03 16:00:00,57.36,57.98,57.3,57.94,782350
BG,NYSE,2020/01/06 16:00:00,57.64,57.79,57.1,57.52,1390655
BG,NYSE,2020/01/07 16:00:00,57.55,57.81,56.93,57.04,733457
BG,NYSE,2020/01/08 16:00:00,57.01,57.13,56.14,56.39,827510
BG,NYSE,2020/01/09 16:00:00,56.39,56.54,55.21,55.98,799612
BG,NYSE,2020/01/10 16:00:00,55.91,56.34,55.55,55.66,673305
BG,NYSE,2020/01/13 16:00:00,55.7,56.39,55.45,55.78,708691
BG,NYSE,2020/01/14 16:00:00,55.84,56.16,55.33,55.6,674620
BG,NYSE,2020/01/15 16:00:00,55.55,56,55.19,55.38,531961
BG,NYSE,2020/01/16 16:00:00,55.66,56.54,55.41,56.32,692744
BG,NYSE,2020/01/17 16:00:00,56.32,56.58,55.88,56.06,1316754
BG,NYSE,2020/01/21 16:00:00,56.15,56.56,55.72,56.41,940251
BG,NYSE,2020/01/22 16:00:00,56.48,56.49,55.19,55.88,822653
BG,NYSE,2020/01/23 16:00:00,55.57,55.84,54.84,55.6,593644
BG,NYSE,2020/01/24 16:00:00,55.55,55.57,54.12,54.32,802039
BG,NYSE,2020/01/27 16:00:00,53.61,53.66,51.71,51.84,1383133
BG,NYSE,2020/01/28 16:00:00,52.1,52.38,51.3,51.61,1444160
BG,NYSE,2020/01/29 16:00:00,51.67,51.77,51,51.05,800684
BG,NYSE,2020/01/30 16:00:00,51,52.5,50.91,52.47,956165
BG,NYSE,2020/01/31 16:00:00,52.24,52.43,51.82,52.43,978090
BG,NYSE,2020/02/03 16:00:00,52.69,53.44,52.52,52.99,887651
BG,NYSE,2020/02/04 16:00:00,53.57,54.32,52.8,52.98,780887
BG,NYSE,2020/02/05 16:00:00,53.3,54.65,53.29,54.36,919139
BG,NYSE,2020/02/06 16:00:00,54.64,55,53.63,53.64,887746
BG,NYSE,2020/02/07 16:00:00,53.49,54.43,53.12,54.08,879364
BG,NYSE,2020/02/10 16:00:00,53.82,55.16,53.62,54.67,1519209
BG,NYSE,2020/02/11 16:00:00,54.92,56.31,54.7,55,1713094
BG,NYSE,2020/02/12 16:00:00,56.6,57.5,54.84,55.02,2763794
BG,NYSE,2020/02/13 16:00:00,55.15,56.79,54.66,55.77,2246282
BG,NYSE,2020/02/14 16:00:00,55.72,55.72,54.18,54.22,1301080
BG,NYSE,2020/02/18 16:00:00,54,54,52.95,53.6,1092349
BG,NYSE,2020/02/19 16:00:00,53.79,54.2,53.57,53.76,1077423
BG,NYSE,2020/02/20 16:00:00,53.61,54.04,53.17,53.98,853815
BG,NYSE,2020/02/21 16:00:00,53.63,53.86,53,53.23,579771
BG,NYSE,2020/02/24 16:00:00,52.75,53.18,52.22,53.02,1212001
BG,NYSE,2020/02/25 16:00:00,52.92,52.97,50.62,51.02,1263787
BG,NYSE,2020/02/26 16:00:00,51.25,51.94,50.52,50.53,1324790
BG,NYSE,2020/02/27 16:00:00,49.9,49.99,47.51,47.85,1615481
BG,NYSE,2020/02/28 16:00:00,46.68,47.55,45.65,46.95,2186501
BG,NYSE,2020/03/02 16:00:00,47.21,49.19,47.07,49.03,1794535
BG,NYSE,2020/03/03 16:00:00,48.91,49.89,48.04,48.56,1125211
BG,NYSE,2020/03/04 16:00:00,49.32,50.3,49.26,49.71,1650627
BG,NYSE,2020/03/05 16:00:00,48.57,49.1,47.91,48.42,1027987
BG,NYSE,2020/03/06 16:00:00,47.29,47.54,45.88,46.85,1529805
BG,NYSE,2020/03/09 16:00:00,43.93,45.67,42.19,43.58,2266330
BG,NYSE,2020/03/10 16:00:00,44.7,44.78,40.75,43.34,1660516
BG,NYSE,2020/03/11 16:00:00,42.16,42.4,39.32,39.9,1944291
BG,NYSE,2020/03/12 16:00:00,37.48,38.53,34.11,36.15,3126247
BG,NYSE,2020/03/13 16:00:00,38,39.39,36,38.56,1727764
BG,NYSE,2020/03/16 16:00:00,35.96,37.62,33.32,33.64,1704822
BG,NYSE,2020/03/17 16:00:00,35.02,36.51,33.64,35.29,2583877
BG,NYSE,2020/03/18 16:00:00,33,33.5,29.64,30.25,2400079
BG,NYSE,2020/03/19 16:00:00,30,33.95,29,32.74,2221510
BG,NYSE,2020/03/20 16:00:00,33.41,35.06,31.7,31.78,2263218
BG,NYSE,2020/03/23 16:00:00,31.62,33.79,30.74,32.74,2094954
BG,NYSE,2020/03/24 16:00:00,34.69,35.61,34.12,35,1834407
BG,NYSE,2020/03/25 16:00:00,35.56,38.95,35.23,36.63,2053988
BG,NYSE,2020/03/26 16:00:00,37.16,38.8,36.32,37.64,1544451
BG,NYSE,2020/03/27 16:00:00,36.31,37.33,35.15,36.19,1688631
BG,NYSE,2020/03/30 16:00:00,36.51,40.19,35.65,39.59,1772510
BG,NYSE,2020/03/31 16:00:00,39.71,41.46,39.69,41.03,1988910
BG,NYSE,2020/04/01 16:00:00,39.59,40.44,37.53,38.37,1729382
BG,NYSE,2020/04/02 16:00:00,38.34,39.79,37.8,39.08,1592263
BG,NYSE,2020/04/03 16:00:00,38.55,39.08,36.63,37.17,1225775
BG,NYSE,2020/04/06 16:00:00,38.67,39.29,37.96,38.27,1533958
BG,NYSE,2020/04/07 16:00:00,39.54,41.26,37.99,38.02,1360353
BG,NYSE,2020/04/08 16:00:00,38.49,39.8,38.18,39.44,1625352
BG,NYSE,2020/04/09 16:00:00,39.85,41.41,39.53,40.83,1360533
BG,NYSE,2020/04/13 16:00:00,40.86,41.15,38.89,38.95,1026285
BG,NYSE,2020/04/14 16:00:00,39.97,40.72,38.78,39.46,1397101
BG,NYSE,2020/04/15 16:00:00,38.48,38.53,36.36,36.92,1497712
BG,NYSE,2020/04/16 16:00:00,36.92,38.39,36.39,38.11,1487181
BG,NYSE,2020/04/17 16:00:00,38.93,40.11,38.61,40.09,1789879
BG,NYSE,2020/04/20 16:00:00,39.5,40.13,38.77,38.88,1141986
BG,NYSE,2020/04/21 16:00:00,38.13,38.3,36.09,36.13,1434875
BG,NYSE,2020/04/22 16:00:00,36.81,38.11,36.45,37.8,1641527
BG,NYSE,2020/04/23 16:00:00,38,39.36,38,39.13,1087771
BG,NYSE,2020/04/24 16:00:00,39.77,39.83,38.74,39.61,1093325
BG,NYSE,2020/04/27 16:00:00,39.71,40,39.17,39.69,1706761
BG,NYSE,2020/04/28 16:00:00,40.5,40.71,39.57,40.42,1018756
BG,NYSE,2020/04/29 16:00:00,41.04,42.07,40.89,41.65,1107390
BG,NYSE,2020/04/30 16:00:00,41.21,41.43,39.55,39.67,1063210
BG,NYSE,2020/05/01 16:00:00,39.09,39.44,37.6,37.89,1001875
BG,NYSE,2020/05/04 16:00:00,37.56,38.09,37.16,37.69,1517889
BG,NYSE,2020/05/05 16:00:00,38,38.6,37.83,37.94,995477
BG,NYSE,2020/05/06 16:00:00,35,35.42,32.68,34.2,5259806
BG,NYSE,2020/05/07 16:00:00,34.5,36.73,34.5,36.37,2962507
BG,NYSE,2020/05/08 16:00:00,37.1,37.44,36.05,36.53,1632393
BG,NYSE,2020/05/11 16:00:00,36.16,36.42,34.62,34.67,1805376
BG,NYSE,2020/05/12 16:00:00,35.3,35.62,34.53,34.63,1398084
BG,NYSE,2020/05/13 16:00:00,35.06,35.24,33.82,34.35,1610388
BG,NYSE,2020/05/14 16:00:00,33.93,34.85,33.08,34.77,1446841
BG,NYSE,2020/05/15 16:00:00,34.02,34.8,33.73,34.33,1424058
BG,NYSE,2020/05/18 16:00:00,35.42,35.9,35.12,35.43,1796530
BG,NYSE,2020/05/19 16:00:00,35.5,35.97,34.97,35.14,1291064
BG,NYSE,2020/05/20 16:00:00,35.46,35.95,35.18,35.59,1325478
BG,NYSE,2020/05/21 16:00:00,35.35,35.71,35,35.53,1246290
BG,NYSE,2020/05/22 16:00:00,35.4,35.6,34.57,35.38,1406080
BG,NYSE,2020/05/26 16:00:00,37.18,38.1,36.93,37.72,2626634
BG,NYSE,2020/05/27 16:00:00,38.38,39.86,38.31,39.36,3097348
BG,NYSE,2020/05/28 16:00:00,39.7,39.89,38.65,38.87,1436010
BG,NYSE,2020/05/29 16:00:00,38.46,39.33,37.91,39.02,3154187
BG,NYSE,2020/06/01 16:00:00,38.89,39.82,38.67,39.22,1622395
BG,NYSE,2020/06/02 16:00:00,39.97,39.99,38.93,39.87,1743221
BG,NYSE,2020/06/03 16:00:00,40.44,41.67,40.38,41.39,1493271
BG,NYSE,2020/06/04 16:00:00,41.19,41.86,40.61,41.3,967423
BG,NYSE,2020/06/05 16:00:00,42.8,44.86,42.33,42.47,1519397
BG,NYSE,2020/06/08 16:00:00,43.4,44.37,43.31,43.81,1744037
BG,NYSE,2020/06/09 16:00:00,43,43.29,42.1,42.91,1055879
BG,NYSE,2020/06/10 16:00:00,42.84,43.09,40.39,40.42,1543638
BG,NYSE,2020/06/11 16:00:00,39.89,39.97,38.71,38.88,2285397
BG,NYSE,2020/06/12 16:00:00,40.01,40.24,38.64,39.39,1743275
BG,NYSE,2020/06/15 16:00:00,38.04,40.1,37.82,39.82,1308565
BG,NYSE,2020/06/16 16:00:00,41,41.47,39.97,41.08,1216237
BG,NYSE,2020/06/17 16:00:00,41.07,41.11,40.08,40.41,1124303
BG,NYSE,2020/06/18 16:00:00,39.97,41.36,39.71,41.21,1489856
BG,NYSE,2020/06/19 16:00:00,42,42,40.63,40.63,2544497
BG,NYSE,2020/06/22 16:00:00,40.66,40.91,40.03,40.39,1071660
BG,NYSE,2020/06/23 16:00:00,40.69,41.57,40.42,41.08,1580027
BG,NYSE,2020/06/24 16:00:00,40.53,42.17,39.7,41.19,2608113
BG,NYSE,2020/06/25 16:00:00,41.29,42.6,41.21,42.52,2062508
BG,NYSE,2020/06/26 16:00:00,42.38,42.38,40.2,40.22,2111856
BG,NYSE,2020/06/29 16:00:00,40.56,41.36,40.44,40.81,907968
BG,NYSE,2020/06/30 16:00:00,40.85,41.37,40.3,41.13,1095599
BG,NYSE,2020/07/01 16:00:00,41.1,41.26,40.04,40.13,1560943
BG,NYSE,2020/07/02 16:00:00,41.1,41.53,39.73,39.78,1554977
BG,NYSE,2020/07/06 16:00:00,40.35,40.74,39.94,40.49,1298055
BG,NYSE,2020/07/07 16:00:00,40.04,40.04,39.37,39.64,1011633
BG,NYSE,2020/07/08 16:00:00,39.64,40.07,38.84,39.19,893010
BG,NYSE,2020/07/09 16:00:00,38.93,39,38,38.23,904642
BG,NYSE,2020/07/10 16:00:00,38.23,40.03,38.23,39.89,975825
BG,NYSE,2020/07/13 16:00:00,40.57,41.14,39.74,40.5,1169529
BG,NYSE,2020/07/14 16:00:00,40.31,41.96,40.14,41.9,1169854
BG,NYSE,2020/07/15 16:00:00,42.47,43.48,42.02,43.23,1876810
BG,NYSE,2020/07/16 16:00:00,43.05,43.89,42.62,42.84,1009254
BG,NYSE,2020/07/17 16:00:00,43.09,43.46,42.76,43.06,874161
BG,NYSE,2020/07/20 16:00:00,42.73,43.05,41.57,41.91,927326
BG,NYSE,2020/07/21 16:00:00,42.06,43.29,42.06,42.89,1116798
BG,NYSE,2020/07/22 16:00:00,42.79,43.61,42.63,43.37,803269
BG,NYSE,2020/07/23 16:00:00,43.34,45.14,43.34,44.78,1142910
BG,NYSE,2020/07/24 16:00:00,44.7,44.98,44,44.33,895876
BG,NYSE,2020/07/27 16:00:00,43.9,45.02,43.65,45,1038224
BG,NYSE,2020/07/28 16:00:00,44.95,45.56,44.11,44.6,1001509
BG,NYSE,2020/07/29 16:00:00,45.76,46.69,43.86,45.18,2377579
BG,NYSE,2020/07/30 16:00:00,44.62,45.64,44.57,45.01,1256445
BG,NYSE,2020/07/31 16:00:00,44.63,44.94,42.85,43.44,1418366
BG,NYSE,2020/08/03 16:00:00,43.65,44.66,43.38,44.03,1236336
BG,NYSE,2020/08/04 16:00:00,44.03,44.34,43.11,44.31,1035334
BG,NYSE,2020/08/05 16:00:00,44.67,44.99,44.3,44.84,1012819
BG,NYSE,2020/08/06 16:00:00,44.6,45.15,44.6,44.7,788502
BG,NYSE,2020/08/07 16:00:00,44.42,45.59,44.38,45.46,808739
BG,NYSE,2020/08/10 16:00:00,45.48,47.04,45.44,46.8,1038800
BG,NYSE,2020/08/11 16:00:00,47.47,47.78,46.68,46.72,828014
BG,NYSE,2020/08/12 16:00:00,47.25,47.39,46.69,46.81,744729
BG,NYSE,2020/08/13 16:00:00,47,47,46.31,46.47,900514
BG,NYSE,2020/08/14 16:00:00,45.75,46.39,45.53,45.93,838717
BG,NYSE,2020/08/17 16:00:00,46.02,46.94,46.01,46.39,750611
BG,NYSE,2020/08/18 16:00:00,46.34,46.4,45.86,46.17,635669
BG,NYSE,2020/08/19 16:00:00,46.17,47.07,46.13,46.69,836359
BG,NYSE,2020/08/20 16:00:00,46.25,46.76,45.7,45.99,888420
BG,NYSE,2020/08/21 16:00:00,46.1,47.01,46.03,46.77,1010430
BG,NYSE,2020/08/24 16:00:00,47.09,47.56,46.52,46.83,692789
BG,NYSE,2020/08/25 16:00:00,47.19,47.36,46.14,46.94,906462
BG,NYSE,2020/08/26 16:00:00,46.92,47.05,46.3,46.65,578370
BG,NYSE,2020/08/27 16:00:00,46.66,46.9,45.92,46.24,542484
BG,NYSE,2020/08/28 16:00:00,46.3,46.72,45.82,46.67,717140
BG,NYSE,2020/08/31 16:00:00,46.45,46.64,45.58,45.62,961462
BG,NYSE,2020/09/01 16:00:00,45.52,46.08,45.01,45.47,580761
BG,NYSE,2020/09/02 16:00:00,45.62,46.53,45.37,46.41,809580
BG,NYSE,2020/09/03 16:00:00,46.59,47.22,45.59,45.76,770710
BG,NYSE,2020/09/04 16:00:00,46.23,46.67,45.24,46.48,654510
BG,NYSE,2020/09/08 16:00:00,46.27,46.3,45.1,45.22,895759
BG,NYSE,2020/09/09 16:00:00,45.45,46.26,45.33,45.85,598895
BG,NYSE,2020/09/10 16:00:00,45.89,46.39,45.37,45.39,538110
BG,NYSE,2020/09/11 16:00:00,45.37,45.81,45.01,45.64,688110
BG,NYSE,2020/09/14 16:00:00,46.04,46.32,45.4,46.25,915270
BG,NYSE,2020/09/15 16:00:00,46.36,46.87,45.61,46.37,1319714
BG,NYSE,2020/09/16 16:00:00,46.43,46.86,46.19,46.51,871407
BG,NYSE,2020/09/17 16:00:00,46.06,47.42,45.49,47.33,1230486
BG,NYSE,2020/09/18 16:00:00,47.51,49.48,47.33,47.61,4055595
BG,NYSE,2020/09/21 16:00:00,46.48,46.48,45.29,45.73,1234929
BG,NYSE,2020/09/22 16:00:00,45.92,46.35,45.62,45.98,978846
BG,NYSE,2020/09/23 16:00:00,46.35,46.85,44.58,44.66,1087104
BG,NYSE,2020/09/24 16:00:00,44.52,45.22,43.41,44.65,1196374
BG,NYSE,2020/09/25 16:00:00,44.44,46.2,44.41,46.09,1568702
BG,NYSE,2020/09/28 16:00:00,46.97,47.56,46.49,46.5,912802
BG,NYSE,2020/09/29 16:00:00,46.28,46.35,44.97,45.18,628291
BG,NYSE,2020/09/30 16:00:00,45.22,46.1,45.22,45.7,889022
BG,NYSE,2020/10/01 16:00:00,45.84,46.08,45.27,45.82,550618
BG,NYSE,2020/10/02 16:00:00,45.04,46.48,44.82,46.39,553553
BG,NYSE,2020/10/05 16:00:00,46.78,47.52,46.56,47.24,755314
BG,NYSE,2020/10/06 16:00:00,47.89,48.91,47.51,47.6,1065578
BG,NYSE,2020/10/07 16:00:00,48.08,49.22,48,49.06,1441068
BG,NYSE,2020/10/08 16:00:00,49.42,49.43,48.66,49.02,1524007
BG,NYSE,2020/10/09 16:00:00,49.5,51.21,49.39,50.47,1589241
BG,NYSE,2020/10/12 16:00:00,50.75,51.72,50.34,51.39,916964
BG,NYSE,2020/10/13 16:00:00,50.93,51.27,50.15,50.94,1025163
BG,NYSE,2020/10/14 16:00:00,50.85,52.22,50.65,52.15,1158970
BG,NYSE,2020/10/15 16:00:00,51.43,54.99,51.25,54.21,2652131
BG,NYSE,2020/10/16 16:00:00,54.24,54.9,53.87,54.59,1532371
BG,NYSE,2020/10/19 16:00:00,55.41,56.09,54.18,54.6,1650141
BG,NYSE,2020/10/20 16:00:00,55.17,55.47,54.1,55.03,1278659
BG,NYSE,2020/10/21 16:00:00,55.06,56.14,55,55.1,1097470
BG,NYSE,2020/10/22 16:00:00,55.38,57.45,55.25,56.45,1683410
BG,NYSE,2020/10/23 16:00:00,56.92,57.87,55.83,56.02,1412105
BG,NYSE,2020/10/26 16:00:00,55.6,56.06,54.91,55.69,1139358
BG,NYSE,2020/10/27 16:00:00,55.65,56.12,54.68,55.69,1517555
BG,NYSE,2020/10/28 16:00:00,58,60.5,57.05,58.06,4133379
BG,NYSE,2020/10/29 16:00:00,58.31,58.73,57.18,58.29,2218636
BG,NYSE,2020/10/30 16:00:00,57.58,57.91,55.91,56.73,2022808
BG,NYSE,2020/11/02 16:00:00,57.43,58.5,56.88,58.07,1581700
BG,NYSE,2020/11/03 16:00:00,58.36,58.66,56.12,56.48,1456517
BG,NYSE,2020/11/04 16:00:00,56.26,56.7,54,55.96,1603978
BG,NYSE,2020/11/05 16:00:00,56.04,58.81,56.04,58.5,1297786
BG,NYSE,2020/11/06 16:00:00,58.83,58.88,57.23,57.51,1253674
BG,NYSE,2020/11/09 16:00:00,59,59.5,56.8,56.85,1893379
BG,NYSE,2020/11/10 16:00:00,57.21,58.94,56.5,58.81,1331371
BG,NYSE,2020/11/11 16:00:00,59,59.68,57.43,58.9,1078353
BG,NYSE,2020/11/12 16:00:00,58.93,58.93,57.4,57.99,920522
BG,NYSE,2020/11/13 16:00:00,58.27,59.53,58.18,59.17,839008
BG,NYSE,2020/11/16 16:00:00,59.92,61.08,58.65,60.69,1399941
BG,NYSE,2020/11/17 16:00:00,59.33,59.93,58.59,59.38,1168467
BG,NYSE,2020/11/18 16:00:00,59.5,60.64,58.28,58.38,1199318
BG,NYSE,2020/11/19 16:00:00,58.14,58.66,57.36,58.53,1099638
BG,NYSE,2020/11/20 16:00:00,58.49,58.97,58.1,58.74,713231
BG,NYSE,2020/11/23 16:00:00,59.29,60.45,58.84,59.93,1228321
BG,NYSE,2020/11/24 16:00:00,60.67,62.73,60.05,62.65,2144494
BG,NYSE,2020/11/25 16:00:00,62.2,62.49,60.68,61.83,1407631
BG,NYSE,2020/11/27 13:00:00,61.6,62.12,60.52,60.84,405552
BG,NYSE,2020/11/30 16:00:00,60.48,60.99,58.81,58.89,1875217
BG,NYSE,2020/12/01 16:00:00,59.97,60.63,58.81,59.47,1309150
BG,NYSE,2020/12/02 16:00:00,59.17,59.6,58.76,59.31,670870
BG,NYSE,2020/12/03 16:00:00,60,61.23,59.71,60.78,923758
BG,NYSE,2020/12/04 16:00:00,61.04,61.78,61,61.47,1079097
BG,NYSE,2020/12/07 16:00:00,61.54,61.66,60.31,60.78,907743
BG,NYSE,2020/12/08 16:00:00,60.76,62.03,60.27,61.35,1205316
BG,NYSE,2020/12/09 16:00:00,62.02,63.61,61.23,63.5,2088740
BG,NYSE,2020/12/10 16:00:00,63.77,64.64,62.84,64.5,2047536
BG,NYSE,2020/12/11 16:00:00,64.21,66.71,64.21,66.04,1884326
BG,NYSE,2020/12/14 16:00:00,66.53,66.64,63.71,63.78,997777
BG,NYSE,2020/12/15 16:00:00,64,65.84,63.8,65.16,1099411
BG,NYSE,2020/12/16 16:00:00,65,65.16,63.97,64.63,557042
BG,NYSE,2020/12/17 16:00:00,64.62,64.98,63.57,64,953503
BG,NYSE,2020/12/18 16:00:00,64.07,64.51,63.21,64.38,2150571
BG,NYSE,2020/12/21 16:00:00,63.71,65,63.3,64.82,979658
BG,NYSE,2020/12/22 16:00:00,64.8,64.99,63.56,64.09,1124720
BG,NYSE,2020/12/23 16:00:00,64.55,64.92,63.61,64.72,505767
BG,NYSE,2020/12/24 13:00:00,64.38,64.6,63.78,64.33,239724
BG,NYSE,2020/12/28 16:00:00,64.65,64.99,63.85,64.11,494605
BG,NYSE,2020/12/29 16:00:00,64.02,64.29,62.84,63.44,722398
BG,NYSE,2020/12/30 16:00:00,63.82,65.38,63.35,65.19,663550
BG,NYSE,2020/12/31 16:00:00,65.14,65.86,64.78,65.58,846803
BG,NYSE,2021/01/04 16:00:00,65.92,67.39,64.39,65.71,1255411
BG,NYSE,2021/01/05 16:00:00,65.64,68.11,65.64,67.4,1382810
BG,NYSE,2021/01/06 16:00:00,68.4,72.22,68.26,70.17,2892444
BG,NYSE,2021/01/07 16:00:00,70.78,71.47,69.3,69.44,1284028
BG,NYSE,2021/01/08 16:00:00,69.7,70.31,68.87,70.2,1019568
BG,NYSE,2021/01/11 16:00:00,69.1,70.91,69.1,69.72,1156041
BG,NYSE,2021/01/12 16:00:00,70,70.28,69.32,69.69,753434
BG,NYSE,2021/01/13 16:00:00,69.97,72.25,69.47,70.43,1979258
BG,NYSE,2021/01/14 16:00:00,70.45,73.49,70.43,72.25,1609122
BG,NYSE,2021/01/15 16:00:00,71.8,71.99,69.75,70.66,1149257
BG,NYSE,2021/01/19 16:00:00,71,72.35,70.33,70.65,1521518
BG,NYSE,2021/01/20 16:00:00,70.87,71.8,70.38,70.91,963534
BG,NYSE,2021/01/21 16:00:00,70.93,71.22,68.55,68.68,1122704
BG,NYSE,2021/01/22 16:00:00,68.2,68.91,67.52,68.6,1138000
BG,NYSE,2021/01/25 16:00:00,68.6,68.66,66.33,67.72,1588090
BG,NYSE,2021/01/26 16:00:00,68.35,68.6,66.39,66.65,1227417
BG,NYSE,2021/01/27 16:00:00,65.51,65.9,62.07,63.91,2061003
BG,NYSE,2021/01/28 16:00:00,64.45,67.07,64.01,66.65,1590169
BG,NYSE,2021/01/29 16:00:00,66.29,66.65,64.51,65.44,955378
BG,NYSE,2021/02/01 16:00:00,65.91,67.51,65.05,67.27,1176928
BG,NYSE,2021/02/02 16:00:00,68.16,69.78,67.63,69.5,1361341
BG,NYSE,2021/02/03 16:00:00,69.55,71.05,69.08,70.5,1637286
BG,NYSE,2021/02/04 16:00:00,70.53,71.64,70.37,71.58,1028173
BG,NYSE,2021/02/05 16:00:00,72,73.76,71.68,73.09,2892035
BG,NYSE,2021/02/08 16:00:00,73.31,75.05,73.11,74.11,1577601
BG,NYSE,2021/02/09 16:00:00,74,75.62,73.51,75.43,2502535
BG,NYSE,2021/02/10 16:00:00,75.03,77.43,73.82,74.69,4037563
BG,NYSE,2021/02/11 16:00:00,74.8,76.35,74.3,76.21,1804233
BG,NYSE,2021/02/12 16:00:00,76.06,78.05,75.05,78,2406178
BG,NYSE,2021/02/16 16:00:00,78,79.45,77.17,79.31,1910199
BG,NYSE,2021/02/17 16:00:00,78.71,78.92,76.83,78,2181737
BG,NYSE,2021/02/18 16:00:00,77.11,77.34,73.99,74.74,2139071
BG,NYSE,2021/02/19 16:00:00,75.01,77.39,75.01,76.38,1420935
BG,NYSE,2021/02/22 16:00:00,76.33,78.5,75.72,78.19,2058441
BG,NYSE,2021/02/23 16:00:00,78,78.79,75.93,77.41,1793523
BG,NYSE,2021/02/24 16:00:00,77.6,78.37,76.4,76.76,1396139
BG,NYSE,2021/02/25 16:00:00,76.76,77.82,74.5,74.72,1310374
BG,NYSE,2021/02/26 16:00:00,74.99,77.08,74.02,76.58,2193978
BG,NYSE,2021/03/01 16:00:00,77.62,79.01,76.9,78.68,1935323
BG,NYSE,2021/03/02 16:00:00,78.92,79.87,78.45,79.26,1252427
BG,NYSE,2021/03/03 16:00:00,79.36,81,78.23,78.45,1755433
BG,NYSE,2021/03/04 16:00:00,78.02,78.8,73.45,76.06,2219164
BG,NYSE,2021/03/05 16:00:00,77.34,78.55,74.97,77.72,1545540
BG,NYSE,2021/03/08 16:00:00,77.59,80,77.23,78.46,1519588
BG,NYSE,2021/03/09 16:00:00,79.05,80.08,78.12,79.06,1070854
BG,NYSE,2021/03/10 16:00:00,79.38,80.89,78.87,80.52,1484796
BG,NYSE,2021/03/11 16:00:00,80.74,81.92,78.84,81.46,1365759
BG,NYSE,2021/03/12 16:00:00,81.11,82.33,80.34,80.78,1498124
BG,NYSE,2021/03/15 16:00:00,80.55,80.8,78.41,79.24,863709
BG,NYSE,2021/03/16 16:00:00,79.18,79.99,78.29,78.98,851304
BG,NYSE,2021/03/17 16:00:00,78.95,79.36,77.63,79.06,897089
BG,NYSE,2021/03/18 16:00:00,79.53,80.53,78.13,78.53,854415
BG,NYSE,2021/03/19 16:00:00,78.8,78.91,77.16,78.18,1602536
BG,NYSE,2021/03/22 16:00:00,78.33,78.61,76.82,77.66,724559
BG,NYSE,2021/03/23 16:00:00,77,77.58,75.06,75.58,974299
BG,NYSE,2021/03/24 16:00:00,76.35,77.24,75.41,75.53,882816
BG,NYSE,2021/03/25 16:00:00,75,77.48,74.42,77.1,1572001
BG,NYSE,2021/03/26 16:00:00,77.97,79.3,77.65,79.28,944395
BG,NYSE,2021/03/29 16:00:00,78.35,79.56,77.58,77.68,1124267
BG,NYSE,2021/03/30 16:00:00,77.83,80.22,77.76,79.81,1259724
BG,NYSE,2021/03/31 16:00:00,80.25,80.68,79.27,79.27,1122337
BG,NYSE,2021/04/01 16:00:00,79.69,80.77,79.51,80.2,1146677
BG,NYSE,2021/04/05 16:00:00,80.41,80.6,78.94,78.94,722446
BG,NYSE,2021/04/06 16:00:00,79.11,80.12,78.35,79.31,795557
BG,NYSE,2021/04/07 16:00:00,79.44,79.86,78.3,78.58,503508
BG,NYSE,2021/04/08 16:00:00,78.53,78.72,77.2,78.39,984752
BG,NYSE,2021/04/09 16:00:00,78.9,79.45,78.06,79.45,605238
BWA,NYSE,2019/04/01 16:00:00,39.16,40.54,39.16,40.52,2288562
BWA,NYSE,2019/04/02 16:00:00,40.54,40.93,40.14,40.71,2158602
BWA,NYSE,2019/04/03 16:00:00,41.4,42.13,41.22,41.63,1795367
BWA,NYSE,2019/04/04 16:00:00,41.78,42.42,41.67,42.37,2505158
BWA,NYSE,2019/04/05 16:00:00,42.35,42.67,42.09,42.15,2071912
BWA,NYSE,2019/04/08 16:00:00,42.02,42.65,41.97,42.62,2811560
BWA,NYSE,2019/04/09 16:00:00,42.36,42.52,41.77,41.82,1278389
BWA,NYSE,2019/04/10 16:00:00,41.78,43.1,41.78,42.78,2049125
BWA,NYSE,2019/04/11 16:00:00,42.76,43.03,42.37,42.77,1327430
BWA,NYSE,2019/04/12 16:00:00,43.36,44.3,43.35,44.23,1802600
BWA,NYSE,2019/04/15 16:00:00,44.08,44.41,43.6,43.88,1062835
BWA,NYSE,2019/04/16 16:00:00,43.95,44.15,43.73,43.87,1524728
BWA,NYSE,2019/04/17 16:00:00,44.3,44.78,43.46,43.5,3005792
BWA,NYSE,2019/04/18 16:00:00,43.5,44.02,43.23,44,1198531
BWA,NYSE,2019/04/22 16:00:00,43.78,44.02,43.55,43.71,1186831
BWA,NYSE,2019/04/23 16:00:00,43.79,44.01,43.32,43.63,1349232
BWA,NYSE,2019/04/24 16:00:00,43.46,43.73,43.32,43.55,1554150
BWA,NYSE,2019/04/25 16:00:00,44.01,44.5,41.3,41.57,2660919
BWA,NYSE,2019/04/26 16:00:00,41.98,42.64,41.53,42.52,1852496
BWA,NYSE,2019/04/29 16:00:00,42.31,42.53,42.04,42.04,904446
BWA,NYSE,2019/04/30 16:00:00,41.91,42.09,41.27,41.77,1503721
BWA,NYSE,2019/05/01 16:00:00,41.88,42.04,41.04,41.05,1872877
BWA,NYSE,2019/05/02 16:00:00,40.99,41.16,40.45,40.84,1556997
BWA,NYSE,2019/05/03 16:00:00,41.04,41.37,40.74,41.29,789768
BWA,NYSE,2019/05/06 16:00:00,40,40.85,39.43,40.74,1172979
BWA,NYSE,2019/05/07 16:00:00,40.12,40.28,39.44,39.77,1159069
BWA,NYSE,2019/05/08 16:00:00,39.78,40.04,39.38,39.39,1103343
BWA,NYSE,2019/05/09 16:00:00,38.47,38.69,37.81,38.58,1477544
BWA,NYSE,2019/05/10 16:00:00,38.3,38.59,37.63,38.48,958515
BWA,NYSE,2019/05/13 16:00:00,37.42,37.53,36.58,36.61,1684363
BWA,NYSE,2019/05/14 16:00:00,36.84,37.21,36.47,36.54,1435914
BWA,NYSE,2019/05/15 16:00:00,36.04,37.13,35.46,36.99,2223599
BWA,NYSE,2019/05/16 16:00:00,36.98,37.17,36.46,36.65,1597209
BWA,NYSE,2019/05/17 16:00:00,36.32,36.81,36.14,36.26,1415835
BWA,NYSE,2019/05/20 16:00:00,35.65,36.16,35.34,35.94,2216659
BWA,NYSE,2019/05/21 16:00:00,36.19,36.93,36.07,36.81,2133489
BWA,NYSE,2019/05/22 16:00:00,36.49,36.64,35.31,35.31,1573229
BWA,NYSE,2019/05/23 16:00:00,34.94,35.53,34.39,35.47,1977070
BWA,NYSE,2019/05/24 16:00:00,35.87,36.13,35.58,35.64,1321928
BWA,NYSE,2019/05/28 16:00:00,35.78,36.52,35.73,36.44,2454877
BWA,NYSE,2019/05/29 16:00:00,36.16,36.26,35.47,36.09,1901747
BWA,NYSE,2019/05/30 16:00:00,36.94,37.22,36.37,36.78,2103668
BWA,NYSE,2019/05/31 16:00:00,35.58,36.25,35.12,35.48,2497951
BWA,NYSE,2019/06/03 16:00:00,35.48,37.2,35.33,37.02,2669505
BWA,NYSE,2019/06/04 16:00:00,38.16,38.78,37.53,38.34,2162723
BWA,NYSE,2019/06/05 16:00:00,38.4,38.84,37.6,38.82,1862094
BWA,NYSE,2019/06/06 16:00:00,38.67,39.12,38.02,38.95,1354893
BWA,NYSE,2019/06/07 16:00:00,39.21,39.92,39,39.77,1575418
BWA,NYSE,2019/06/10 16:00:00,40.32,40.8,39.96,40.33,1529316
BWA,NYSE,2019/06/11 16:00:00,40.77,41.2,40.69,40.92,1287968
BWA,NYSE,2019/06/12 16:00:00,40.87,40.87,40.24,40.58,1620730
BWA,NYSE,2019/06/13 16:00:00,40.6,41.12,40.42,41.11,1316131
BWA,NYSE,2019/06/14 16:00:00,40.95,41.03,40.17,40.95,1267807
BWA,NYSE,2019/06/17 16:00:00,40.87,41.43,40.79,41.03,1323940
BWA,NYSE,2019/06/18 16:00:00,41.28,42.12,41.28,41.46,1395119
BWA,NYSE,2019/06/19 16:00:00,41.73,41.76,41.21,41.44,1296443
BWA,NYSE,2019/06/20 16:00:00,41.97,42.33,41.75,42.22,1531637
BWA,NYSE,2019/06/21 16:00:00,42.2,42.34,41.79,42.01,1972251
BWA,NYSE,2019/06/24 16:00:00,41.77,42.13,41.42,41.7,1092465
BWA,NYSE,2019/06/25 16:00:00,41.87,41.96,41.41,41.49,1162846
BWA,NYSE,2019/06/26 16:00:00,41.58,42.04,41.49,41.59,1887326
BWA,NYSE,2019/06/27 16:00:00,42.07,42.39,41.94,42.13,1290275
BWA,NYSE,2019/06/28 16:00:00,42.16,42.58,41.92,41.98,2950059
BWA,NYSE,2019/07/01 16:00:00,42.8,43.21,41.57,41.95,1853013
BWA,NYSE,2019/07/02 16:00:00,41.86,41.97,40.9,41.09,1714246
BWA,NYSE,2019/07/03 13:00:00,41.36,41.38,40.64,40.69,762672
BWA,NYSE,2019/07/05 16:00:00,40.38,41.34,40.38,40.77,1039601
BWA,NYSE,2019/07/08 16:00:00,40.49,40.82,40.02,40.26,1425012
BWA,NYSE,2019/07/09 16:00:00,39.81,40.07,38.82,39.3,1595537
BWA,NYSE,2019/07/10 16:00:00,39.39,39.76,38.75,39.23,1312318
BWA,NYSE,2019/07/11 16:00:00,39.15,39.22,38.52,39.02,1340564
BWA,NYSE,2019/07/12 16:00:00,39.3,40.15,39.04,39.97,1103774
BWA,NYSE,2019/07/15 16:00:00,40.12,40.27,39.41,39.72,1318924
BWA,NYSE,2019/07/16 16:00:00,38.55,40.5,38.23,40.39,2308801
BWA,NYSE,2019/07/17 16:00:00,40.22,40.37,39.33,39.48,1422199
BWA,NYSE,2019/07/18 16:00:00,39.29,39.59,39.15,39.35,1156165
BWA,NYSE,2019/07/19 16:00:00,39.58,40.77,39.53,40.04,1910149
BWA,NYSE,2019/07/22 16:00:00,40.21,40.73,39.86,39.98,2174403
BWA,NYSE,2019/07/23 16:00:00,41.06,42.06,40.78,41.68,3197612
BWA,NYSE,2019/07/24 16:00:00,41.56,42.5,41.53,42.48,2380141
BWA,NYSE,2019/07/25 16:00:00,41.93,42.05,39.85,40.57,3449943
BWA,NYSE,2019/07/26 16:00:00,40.05,40.05,38.69,39.16,2910113
BWA,NYSE,2019/07/29 16:00:00,39.05,39.38,38.82,38.85,1961009
BWA,NYSE,2019/07/30 16:00:00,38.29,38.47,37.71,38.08,2874393
BWA,NYSE,2019/07/31 16:00:00,38.26,38.4,37.21,37.8,2190188
BWA,NYSE,2019/08/01 16:00:00,37.95,38.08,36.03,36.25,2114340
BWA,NYSE,2019/08/02 16:00:00,36,36.09,35.16,35.84,2011841
BWA,NYSE,2019/08/05 16:00:00,35.01,35.25,34.32,34.46,2384459
BWA,NYSE,2019/08/06 16:00:00,34.91,35.13,34.09,34.36,2353996
BWA,NYSE,2019/08/07 16:00:00,33.86,34.47,33.7,34.41,2222706
BWA,NYSE,2019/08/08 16:00:00,34.57,35.17,34.34,34.98,1636261
BWA,NYSE,2019/08/09 16:00:00,34.71,34.75,33.76,33.81,1739870
BWA,NYSE,2019/08/12 16:00:00,33.47,33.8,32.95,33.02,1312460
BWA,NYSE,2019/08/13 16:00:00,32.97,34.22,32.69,33.24,1446875
BWA,NYSE,2019/08/14 16:00:00,32.6,32.64,31.38,31.5,2236537
BWA,NYSE,2019/08/15 16:00:00,31.53,31.7,30.84,31.08,1535715
BWA,NYSE,2019/08/16 16:00:00,31.38,32.12,31.26,32,1391941
BWA,NYSE,2019/08/19 16:00:00,32.56,32.73,32.32,32.52,1527267
BWA,NYSE,2019/08/20 16:00:00,32.37,32.37,31.54,31.75,1205635
BWA,NYSE,2019/08/21 16:00:00,32.29,32.49,32.05,32.06,1070477
BWA,NYSE,2019/08/22 16:00:00,32.21,32.4,31.69,31.8,985772
BWA,NYSE,2019/08/23 16:00:00,31.58,31.83,30.71,30.88,2420459
BWA,NYSE,2019/08/26 16:00:00,31.33,31.47,30.77,31.06,1232243
BWA,NYSE,2019/08/27 16:00:00,31.58,32.11,31.02,31.14,1875611
BWA,NYSE,2019/08/28 16:00:00,31,31.88,30.84,31.82,1425414
BWA,NYSE,2019/08/29 16:00:00,32.2,32.87,32.2,32.75,1590374
BWA,NYSE,2019/08/30 16:00:00,32.98,33.24,32.52,32.63,1175832
BWA,NYSE,2019/09/03 16:00:00,32.26,32.35,31.75,32.32,1447799
BWA,NYSE,2019/09/04 16:00:00,32.87,33.27,32.77,33.21,1570333
BWA,NYSE,2019/09/05 16:00:00,33.81,35.36,33.77,35.09,2203662
BWA,NYSE,2019/09/06 16:00:00,35.24,35.6,34.99,35.42,1358029
BWA,NYSE,2019/09/09 16:00:00,35.79,36.82,35.66,36.66,1480380
BWA,NYSE,2019/09/10 16:00:00,36.54,38.46,36.49,38.41,2163221
BWA,NYSE,2019/09/11 16:00:00,38.44,39.14,37.46,39.12,2527910
BWA,NYSE,2019/09/12 16:00:00,38.77,39.32,38.03,39.24,1730244
BWA,NYSE,2019/09/13 16:00:00,39.61,40.45,39.55,40,2034862
BWA,NYSE,2019/09/16 16:00:00,39.49,40.3,39.16,39.49,1379344
BWA,NYSE,2019/09/17 16:00:00,39.05,39.17,38.1,38.54,2181854
BWA,NYSE,2019/09/18 16:00:00,38.54,38.66,37.35,37.57,2340104
BWA,NYSE,2019/09/19 16:00:00,37.49,37.71,36.98,37.03,1506981
BWA,NYSE,2019/09/20 16:00:00,37.12,37.62,36.49,36.77,2880923
BWA,NYSE,2019/09/23 16:00:00,36.31,37.3,36.24,36.81,1046582
BWA,NYSE,2019/09/24 16:00:00,36.94,37.13,36.08,36.23,1112062
BWA,NYSE,2019/09/25 16:00:00,36.14,36.92,35.76,36.84,1123199
BWA,NYSE,2019/09/26 16:00:00,36.89,36.89,36.25,36.57,1094492
BWA,NYSE,2019/09/27 16:00:00,36.76,37.08,36.15,36.39,1314454
BWA,NYSE,2019/09/30 16:00:00,36.54,36.86,36.16,36.68,1282144
BWA,NYSE,2019/10/01 16:00:00,36.81,37.03,35.77,35.93,1395905
BWA,NYSE,2019/10/02 16:00:00,35.37,35.44,34.36,34.7,1579194
BWA,NYSE,2019/10/03 16:00:00,34.53,34.83,34.01,34.82,1348507
BWA,NYSE,2019/10/04 16:00:00,34.9,35.16,34.69,35.15,1293900
BWA,NYSE,2019/10/07 16:00:00,34.99,35.57,34.57,34.96,973065
BWA,NYSE,2019/10/08 16:00:00,34.39,34.51,33.89,34.12,1032238
BWA,NYSE,2019/10/09 16:00:00,34.63,34.88,34.28,34.71,1046996
BWA,NYSE,2019/10/10 16:00:00,34.92,35.56,34.92,35.4,1013508
BWA,NYSE,2019/10/11 16:00:00,36.13,37.39,36.09,37.2,1905941
BWA,NYSE,2019/10/14 16:00:00,37,37.08,36.49,37.07,968592
BWA,NYSE,2019/10/15 16:00:00,37.1,38.02,36.76,37.73,1076784
BWA,NYSE,2019/10/16 16:00:00,37.83,38.46,37.75,38.33,1894534
BWA,NYSE,2019/10/17 16:00:00,38.49,38.49,37.81,38.02,2234429
BWA,NYSE,2019/10/18 16:00:00,38.06,38.96,37.85,38.74,1885083
BWA,NYSE,2019/10/21 16:00:00,39,39.55,38.8,38.98,1301278
BWA,NYSE,2019/10/22 16:00:00,38.81,39.75,38.56,39.74,1336974
BWA,NYSE,2019/10/23 16:00:00,39.74,40,39.17,39.98,1087564
BWA,NYSE,2019/10/24 16:00:00,40.08,40.5,39.24,39.3,949302
BWA,NYSE,2019/10/25 16:00:00,39.12,39.89,38.99,39.72,1400784
BWA,NYSE,2019/10/28 16:00:00,40.08,40.61,40.01,40.41,1363959
BWA,NYSE,2019/10/29 16:00:00,39.94,40.33,39.52,39.69,1066571
BWA,NYSE,2019/10/30 16:00:00,39.5,39.67,38.52,39.23,1698927
BWA,NYSE,2019/10/31 16:00:00,41.5,43.6,40.8,41.68,4320474
BWA,NYSE,2019/11/01 16:00:00,42.17,43.69,42.12,43.65,2442693
BWA,NYSE,2019/11/04 16:00:00,44.23,45.43,44,45.3,3027978
BWA,NYSE,2019/11/05 16:00:00,45.33,45.69,44.73,45.06,2054232
BWA,NYSE,2019/11/06 16:00:00,45,45.15,44.37,44.82,1196953
BWA,NYSE,2019/11/07 16:00:00,45.3,46.29,45.21,45.97,1404743
BWA,NYSE,2019/11/08 16:00:00,46.01,46.33,45.28,46.31,1051449
BWA,NYSE,2019/11/11 16:00:00,45.99,46.6,45.89,46.25,1035440
BWA,NYSE,2019/11/12 16:00:00,46.29,46.36,45.57,45.72,1283837
BWA,NYSE,2019/11/13 16:00:00,45.36,45.46,44.56,44.7,1593243
BWA,NYSE,2019/11/14 16:00:00,44.79,44.95,44.23,44.34,1078832
BWA,NYSE,2019/11/15 16:00:00,44.73,44.93,44.44,44.59,1015414
BWA,NYSE,2019/11/18 16:00:00,44.15,44.29,43.65,43.76,1593843
BWA,NYSE,2019/11/19 16:00:00,43.95,44.02,43.29,43.51,1604967
BWA,NYSE,2019/11/20 16:00:00,43.23,43.5,41.97,42.02,2061517
BWA,NYSE,2019/11/21 16:00:00,42.41,42.74,42.09,42.41,1568487
BWA,NYSE,2019/11/22 16:00:00,42.64,42.94,42.29,42.79,1375475
BWA,NYSE,2019/11/25 16:00:00,42.67,43.55,42.49,43.47,1341749
BWA,NYSE,2019/11/26 16:00:00,43.37,43.47,42.82,42.84,2011711
BWA,NYSE,2019/11/27 16:00:00,42.95,43.12,42.19,42.5,1142060
BWA,NYSE,2019/11/29 13:00:00,42.03,42.42,42.03,42.05,792713
BWA,NYSE,2019/12/02 16:00:00,42.31,43.09,42.02,42.47,1492676
BWA,NYSE,2019/12/03 16:00:00,41.8,41.87,41.14,41.57,1483971
BWA,NYSE,2019/12/04 16:00:00,41.86,42.41,41.62,41.94,1478016
BWA,NYSE,2019/12/05 16:00:00,42.11,42.67,41.96,42.66,1294522
BWA,NYSE,2019/12/06 16:00:00,43.23,43.71,43.01,43.35,1205139
BWA,NYSE,2019/12/09 16:00:00,43.16,43.45,42.95,43.35,1053347
BWA,NYSE,2019/12/10 16:00:00,43.25,43.56,43.06,43.47,989548
BWA,NYSE,2019/12/11 16:00:00,43.6,44.13,43.5,43.93,978515
BWA,NYSE,2019/12/12 16:00:00,44.02,44.94,43.8,44.5,2422444
BWA,NYSE,2019/12/13 16:00:00,44.77,45,43.77,43.8,1249329
BWA,NYSE,2019/12/16 16:00:00,44.14,44.67,44,44.14,1976424
BWA,NYSE,2019/12/17 16:00:00,44.4,44.75,44.25,44.63,1043030
BWA,NYSE,2019/12/18 16:00:00,44.65,45.35,44.44,45.2,1609453
BWA,NYSE,2019/12/19 16:00:00,45.06,45.29,44.72,44.9,1071169
BWA,NYSE,2019/12/20 16:00:00,45,45.07,44.08,44.22,2069197
BWA,NYSE,2019/12/23 16:00:00,44.28,44.45,43.78,44.3,876609
BWA,NYSE,2019/12/24 13:00:00,44.3,44.3,43.69,43.88,331543
BWA,NYSE,2019/12/26 16:00:00,44.01,44.07,43.39,43.81,599162
BWA,NYSE,2019/12/27 16:00:00,43.93,44.14,43.59,43.76,665784
BWA,NYSE,2019/12/30 16:00:00,43.77,43.89,43.31,43.4,600400
BWA,NYSE,2019/12/31 16:00:00,43.34,43.75,43.27,43.38,661971
BWA,NYSE,2020/01/02 16:00:00,44,44.05,43.35,43.95,1189342
BWA,NYSE,2020/01/03 16:00:00,42.99,43.35,42.22,42.36,1050687
BWA,NYSE,2020/01/06 16:00:00,42,42.29,41.61,42.18,848091
BWA,NYSE,2020/01/07 16:00:00,42.1,42.71,41.92,42.44,1383320
BWA,NYSE,2020/01/08 16:00:00,42.48,43,42.09,42.7,1071965
BWA,NYSE,2020/01/09 16:00:00,42.92,42.93,41.92,41.93,1190853
BWA,NYSE,2020/01/10 16:00:00,41.84,41.95,41.3,41.42,827084
BWA,NYSE,2020/01/13 16:00:00,41.3,41.5,41.06,41.38,1703700
BWA,NYSE,2020/01/14 16:00:00,41.32,42.12,41.32,41.73,1516776
BWA,NYSE,2020/01/15 16:00:00,41.33,41.71,41.01,41.29,1075542
BWA,NYSE,2020/01/16 16:00:00,41.5,41.88,41.26,41.88,1393926
BWA,NYSE,2020/01/17 16:00:00,41.84,42.18,41.22,41.53,1426336
BWA,NYSE,2020/01/21 16:00:00,41.25,41.33,40.47,40.5,1423310
BWA,NYSE,2020/01/22 16:00:00,40.48,40.71,40.07,40.29,1197293
BWA,NYSE,2020/01/23 16:00:00,39.96,40.64,39.31,40.56,1411467
BWA,NYSE,2020/01/24 16:00:00,40.5,40.64,39.13,39.24,853358
BWA,NYSE,2020/01/27 16:00:00,38.25,38.62,37.71,38.36,1651951
BWA,NYSE,2020/01/28 16:00:00,35.5,36.57,34.88,35.43,15579023
BWA,NYSE,2020/01/29 16:00:00,36.1,36.38,35.24,35.29,6307914
BWA,NYSE,2020/01/30 16:00:00,35,35.48,34.65,35.06,4135775
BWA,NYSE,2020/01/31 16:00:00,34.89,35,34.09,34.29,4540789
BWA,NYSE,2020/02/03 16:00:00,34.62,35.17,34.37,34.38,3269713
BWA,NYSE,2020/02/04 16:00:00,35,35.08,34.34,34.43,4049345
BWA,NYSE,2020/02/05 16:00:00,34.89,35.16,34.59,35.04,3742553
BWA,NYSE,2020/02/06 16:00:00,35.25,35.25,33.76,33.76,3665375
BWA,NYSE,2020/02/07 16:00:00,33.5,33.73,33.25,33.57,2213955
BWA,NYSE,2020/02/10 16:00:00,33.57,33.77,33.15,33.28,1975894
BWA,NYSE,2020/02/11 16:00:00,33.25,34.44,33.17,34.11,2776514
BWA,NYSE,2020/02/12 16:00:00,34.54,35,33.98,34.69,4740528
BWA,NYSE,2020/02/13 16:00:00,34.31,35.36,33.56,35.08,5660491
BWA,NYSE,2020/02/14 16:00:00,34.75,34.96,33.43,34.15,5008448
BWA,NYSE,2020/02/18 16:00:00,34.16,34.81,33.95,34.34,3505975
BWA,NYSE,2020/02/19 16:00:00,34.27,34.92,34.22,34.79,3027932
BWA,NYSE,2020/02/20 16:00:00,34.62,35.4,34.55,35.15,2623949
BWA,NYSE,2020/02/21 16:00:00,35.05,35.08,33.9,33.98,2478944
BWA,NYSE,2020/02/24 16:00:00,32.79,32.85,31.81,32.16,5983220
BWA,NYSE,2020/02/25 16:00:00,32.25,32.44,30.76,30.77,6578626
BWA,NYSE,2020/02/26 16:00:00,31.22,31.73,30.17,30.21,3492460
BWA,NYSE,2020/02/27 16:00:00,29.66,31.38,28.98,30.59,6592885
BWA,NYSE,2020/02/28 16:00:00,29.48,31.63,29.42,31.6,6634583
BWA,NYSE,2020/03/02 16:00:00,31.5,32.33,30.89,32.33,4148158
BWA,NYSE,2020/03/03 16:00:00,32.05,32.64,30.78,31.24,5201035
BWA,NYSE,2020/03/04 16:00:00,31.58,31.63,30.42,31.54,4169168
BWA,NYSE,2020/03/05 16:00:00,30.59,30.77,29.57,29.9,3744924
BWA,NYSE,2020/03/06 16:00:00,29,29.67,28.52,28.87,5598801
BWA,NYSE,2020/03/09 16:00:00,27.16,27.9,26.03,26.05,4257151
BWA,NYSE,2020/03/10 16:00:00,27.23,27.8,26.22,27.79,5597180
BWA,NYSE,2020/03/11 16:00:00,27.06,27.39,26.21,26.79,5441682
BWA,NYSE,2020/03/12 16:00:00,24.43,27.8,23.25,24.62,4710853
BWA,NYSE,2020/03/13 16:00:00,25.7,26.38,23.72,25.66,4991141
BWA,NYSE,2020/03/16 16:00:00,23.36,24.59,22.76,23.05,4210796
BWA,NYSE,2020/03/17 16:00:00,23.37,23.71,20.7,22.29,5951643
BWA,NYSE,2020/03/18 16:00:00,20.84,21.88,17,19.73,3967639
BWA,NYSE,2020/03/19 16:00:00,18.96,22.08,18.26,21.01,4971781
BWA,NYSE,2020/03/20 16:00:00,21.41,22.51,19.53,20.5,4303013
BWA,NYSE,2020/03/23 16:00:00,20.44,21.69,19.58,21.15,3872631
BWA,NYSE,2020/03/24 16:00:00,22.86,23.57,21.22,22.79,4834678
BWA,NYSE,2020/03/25 16:00:00,23.48,24.68,21.19,23.72,5211612
BWA,NYSE,2020/03/26 16:00:00,23.92,25.05,23.13,24.94,4196473
BWA,NYSE,2020/03/27 16:00:00,23.59,24.18,22.51,23.7,3271745
BWA,NYSE,2020/03/30 16:00:00,23.4,24.74,22.61,24.58,3810951
BWA,NYSE,2020/03/31 16:00:00,25.58,26.73,24.25,24.37,7920610
BWA,NYSE,2020/04/01 16:00:00,23.07,23.62,22.45,22.66,4577123
BWA,NYSE,2020/04/02 16:00:00,22.35,23.49,21.8,22.28,4104256
BWA,NYSE,2020/04/03 16:00:00,22.4,22.7,21.15,21.29,4128794
BWA,NYSE,2020/04/06 16:00:00,22.56,24.94,21.93,24.73,4132728
BWA,NYSE,2020/04/07 16:00:00,26.26,26.57,24.46,24.67,3162238
BWA,NYSE,2020/04/08 16:00:00,25.1,25.86,24.49,25.53,3005044
BWA,NYSE,2020/04/09 16:00:00,26.24,27.1,25.56,25.74,4216498
BWA,NYSE,2020/04/13 16:00:00,26.06,26.48,24.5,26.16,2230838
BWA,NYSE,2020/04/14 16:00:00,26.31,27.29,26.25,27.19,3187726
BWA,NYSE,2020/04/15 16:00:00,25.61,26.64,25.45,26.47,2523594
BWA,NYSE,2020/04/16 16:00:00,26.24,26.59,25.48,26.05,3187715
BWA,NYSE,2020/04/17 16:00:00,27.33,28.05,26.64,26.98,3917337
BWA,NYSE,2020/04/20 16:00:00,26.09,26.62,25.46,25.52,2923794
BWA,NYSE,2020/04/21 16:00:00,24.55,25.69,24.27,25.51,2277907
BWA,NYSE,2020/04/22 16:00:00,26.11,26.39,25.28,25.65,2426878
BWA,NYSE,2020/04/23 16:00:00,25.77,27.11,25.67,26.65,2859369
BWA,NYSE,2020/04/24 16:00:00,27.32,27.32,26.29,27.08,2519161
BWA,NYSE,2020/04/27 16:00:00,27.2,28.31,26.91,28.06,3104472
BWA,NYSE,2020/04/28 16:00:00,29.06,29.31,28.23,28.55,2548424
BWA,NYSE,2020/04/29 16:00:00,29.39,30.15,29.17,29.67,2244192
BWA,NYSE,2020/04/30 16:00:00,29.19,29.27,28.43,28.57,3390670
BWA,NYSE,2020/05/01 16:00:00,27.83,27.96,26.69,27.16,2448677
BWA,NYSE,2020/05/04 16:00:00,26.66,27.28,26.38,27.02,2580283
BWA,NYSE,2020/05/05 16:00:00,27.65,28.11,26.89,26.96,2626985
BWA,NYSE,2020/05/06 16:00:00,28.65,28.65,27.15,28.07,9996113
BWA,NYSE,2020/05/07 16:00:00,28.84,29.61,27.73,27.84,4936192
BWA,NYSE,2020/05/08 16:00:00,28.54,29.5,28.39,29.39,3957200
BWA,NYSE,2020/05/11 16:00:00,28.95,29.51,28.35,29.26,5458037
BWA,NYSE,2020/05/12 16:00:00,29.5,29.74,28.21,28.22,2980147
BWA,NYSE,2020/05/13 16:00:00,28.07,28.17,25.95,26.34,3866026
BWA,NYSE,2020/05/14 16:00:00,25.48,27.83,25.17,27.81,6106700
BWA,NYSE,2020/05/15 16:00:00,27.43,27.93,27.22,27.77,3626190
BWA,NYSE,2020/05/18 16:00:00,29.1,29.84,28.8,29.54,2355021
BWA,NYSE,2020/05/19 16:00:00,29.47,29.89,28.88,28.89,3253792
BWA,NYSE,2020/05/20 16:00:00,29.57,30.01,29.32,29.75,3517121
BWA,NYSE,2020/05/21 16:00:00,29.71,30.18,29.29,29.9,2793973
BWA,NYSE,2020/05/22 16:00:00,30.17,30.22,29.15,29.84,3759510
BWA,NYSE,2020/05/26 16:00:00,31.24,31.83,31.07,31.52,4117104
BWA,NYSE,2020/05/27 16:00:00,32.35,32.7,31.59,32.54,5023975
BWA,NYSE,2020/05/28 16:00:00,32.81,32.91,31.71,32.1,4094721
BWA,NYSE,2020/05/29 16:00:00,31.58,32.24,31.04,32.15,4547321
BWA,NYSE,2020/06/01 16:00:00,32.42,33.87,32.13,33.26,2985887
BWA,NYSE,2020/06/02 16:00:00,33.75,34.01,32.98,33.94,3813258
BWA,NYSE,2020/06/03 16:00:00,34.63,35.33,34.22,34.33,4235985
BWA,NYSE,2020/06/04 16:00:00,33.98,34.97,33.66,34.97,3548667
BWA,NYSE,2020/06/05 16:00:00,37.1,37.74,36.38,37.29,5171748
BWA,NYSE,2020/06/08 16:00:00,37.81,38.1,37.28,37.52,2944626
BWA,NYSE,2020/06/09 16:00:00,36.48,37.21,36.04,36.65,3044124
BWA,NYSE,2020/06/10 16:00:00,36.59,36.6,35.38,35.57,3069172
BWA,NYSE,2020/06/11 16:00:00,33.64,34.28,32.4,32.66,3323214
BWA,NYSE,2020/06/12 16:00:00,34.44,34.5,32.68,33.55,3084086
BWA,NYSE,2020/06/15 16:00:00,32.24,33.93,31.87,33.86,2575315
BWA,NYSE,2020/06/16 16:00:00,35.18,35.24,33.26,33.6,5756731
BWA,NYSE,2020/06/17 16:00:00,33.61,34.49,33.11,33.34,2855393
BWA,NYSE,2020/06/18 16:00:00,32.87,33.76,32.6,33.25,2584553
BWA,NYSE,2020/06/19 16:00:00,34.1,34.59,33.38,34.24,5361694
BWA,NYSE,2020/06/22 16:00:00,34.13,34.6,33.63,34.28,2392809
BWA,NYSE,2020/06/23 16:00:00,34.97,35.66,34.39,35.42,4147283
BWA,NYSE,2020/06/24 16:00:00,35,35,33.08,33.18,2242084
BWA,NYSE,2020/06/25 16:00:00,32.89,33.59,32.32,33.5,2321755
BWA,NYSE,2020/06/26 16:00:00,33.46,33.48,32.74,33.23,3111483
BWA,NYSE,2020/06/29 16:00:00,33.64,35.14,33.45,35.08,2494559
BWA,NYSE,2020/06/30 16:00:00,34.79,35.62,34.42,35.3,2938818
BWA,NYSE,2020/07/01 16:00:00,35.29,35.68,34.04,34.24,2593309
BWA,NYSE,2020/07/02 16:00:00,35.21,35.96,34.78,35.19,2545943
BWA,NYSE,2020/07/06 16:00:00,36,36.15,34.8,35.35,2171341
BWA,NYSE,2020/07/07 16:00:00,35.01,35.37,34.87,35.04,2129613
BWA,NYSE,2020/07/08 16:00:00,34.81,35.3,34.57,34.93,1947423
BWA,NYSE,2020/07/09 16:00:00,35.14,35.14,33.74,34.4,1653258
BWA,NYSE,2020/07/10 16:00:00,34.55,35.51,34.39,35.51,2332498
BWA,NYSE,2020/07/13 16:00:00,36,36.2,35.11,35.25,2891871
BWA,NYSE,2020/07/14 16:00:00,35.37,36.31,35.01,36.28,2022014
BWA,NYSE,2020/07/15 16:00:00,37,37.83,36.01,37.56,2891542
BWA,NYSE,2020/07/16 16:00:00,37.15,38.06,36.93,37.77,2303529
BWA,NYSE,2020/07/17 16:00:00,37.99,38.03,37.12,37.49,4694366
BWA,NYSE,2020/07/20 16:00:00,37.36,38.02,37.34,37.77,3128129
BWA,NYSE,2020/07/21 16:00:00,38.19,38.4,37.63,37.7,3139390
BWA,NYSE,2020/07/22 16:00:00,37.55,38.54,37.44,38.31,1687546
BWA,NYSE,2020/07/23 16:00:00,38.54,39.01,38,38.73,3269781
BWA,NYSE,2020/07/24 16:00:00,38.4,38.69,38.03,38.36,1427734
BWA,NYSE,2020/07/27 16:00:00,38.46,39.05,38,38.98,1388134
BWA,NYSE,2020/07/28 16:00:00,38.83,39.18,38.48,38.5,2232985
BWA,NYSE,2020/07/29 16:00:00,38.6,38.95,38.3,38.92,1905989
BWA,NYSE,2020/07/30 16:00:00,38.16,38.28,37.11,37.11,2265333
BWA,NYSE,2020/07/31 16:00:00,37.01,37.19,36.07,36.6,3299447
BWA,NYSE,2020/08/03 16:00:00,36.86,37.15,36.67,36.93,2186434
BWA,NYSE,2020/08/04 16:00:00,37.21,37.26,36.55,37.16,4742800
BWA,NYSE,2020/08/05 16:00:00,37.34,39.08,37.1,38.72,5347774
BWA,NYSE,2020/08/06 16:00:00,38.49,39.04,38.08,38.68,3684442
BWA,NYSE,2020/08/07 16:00:00,38.26,39,38.05,38.91,2203448
BWA,NYSE,2020/08/10 16:00:00,39.21,40.59,39.2,40.49,3065945
BWA,NYSE,2020/08/11 16:00:00,41.42,42.4,41.3,41.74,3155787
BWA,NYSE,2020/08/12 16:00:00,42.14,42.42,41.27,41.51,3282948
BWA,NYSE,2020/08/13 16:00:00,41.26,41.71,40.96,40.96,1598792
BWA,NYSE,2020/08/14 16:00:00,40.93,41.9,40.8,41.79,2737787
BWA,NYSE,2020/08/17 16:00:00,42.09,42.32,41.4,41.59,1936789
BWA,NYSE,2020/08/18 16:00:00,41.53,41.94,41.13,41.21,1430169
BWA,NYSE,2020/08/19 16:00:00,41.32,41.62,40.87,41.01,2227538
BWA,NYSE,2020/08/20 16:00:00,40.46,40.96,40.31,40.66,2492200
BWA,NYSE,2020/08/21 16:00:00,40.33,40.79,40.17,40.59,1484089
BWA,NYSE,2020/08/24 16:00:00,40.95,41.57,40.55,41.38,1954165
BWA,NYSE,2020/08/25 16:00:00,41.57,41.69,40.62,41,2186436
BWA,NYSE,2020/08/26 16:00:00,40.96,41.6,40.66,41.53,3214665
BWA,NYSE,2020/08/27 16:00:00,41.87,41.87,40.67,40.76,3536080
BWA,NYSE,2020/08/28 16:00:00,40.89,41.53,40.67,41.43,2252865
BWA,NYSE,2020/08/31 16:00:00,41.52,41.52,40.59,40.59,3361198
BWA,NYSE,2020/09/01 16:00:00,40.43,41.69,40.04,41.58,2673785
BWA,NYSE,2020/09/02 16:00:00,41.86,43.05,41.75,42.93,2950541
BWA,NYSE,2020/09/03 16:00:00,42.85,43.12,41.69,42.2,2932980
BWA,NYSE,2020/09/04 16:00:00,42.76,43.09,41.6,42.07,2322851
BWA,NYSE,2020/09/08 16:00:00,41.51,42.78,40.94,41.61,2653492
BWA,NYSE,2020/09/09 16:00:00,42,42.51,41.91,42.29,1923015
BWA,NYSE,2020/09/10 16:00:00,42.94,43.17,41.63,41.66,2064528
BWA,NYSE,2020/09/11 16:00:00,41.78,42.58,41.65,42.37,2667087
BWA,NYSE,2020/09/14 16:00:00,42.69,42.89,42.33,42.82,3062989
BWA,NYSE,2020/09/15 16:00:00,43,43.22,42.26,42.27,2094660
BWA,NYSE,2020/09/16 16:00:00,42.06,42.09,39.48,39.56,4773686
BWA,NYSE,2020/09/17 16:00:00,39.25,40.19,38.9,39.58,3802333
BWA,NYSE,2020/09/18 16:00:00,39.59,39.77,38.77,39,3488226
BWA,NYSE,2020/09/21 16:00:00,38.41,38.64,37.11,37.41,2671264
BWA,NYSE,2020/09/22 16:00:00,37.45,37.73,37.01,37.41,2257664
BWA,NYSE,2020/09/23 16:00:00,37.62,38.19,37.39,37.4,2092477
BWA,NYSE,2020/09/24 16:00:00,37.31,37.7,36.74,37.03,2230967
BWA,NYSE,2020/09/25 16:00:00,36.81,37.06,36.34,36.81,1591978
BWA,NYSE,2020/09/28 16:00:00,37.79,38.3,37.52,38.01,3221735
BWA,NYSE,2020/09/29 16:00:00,38.07,38.47,37.94,38.03,1662728
BWA,NYSE,2020/09/30 16:00:00,38.33,39.06,38.09,38.74,4094354
BWA,NYSE,2020/10/01 16:00:00,39.27,39.95,39.09,39.54,6720869
BWA,NYSE,2020/10/02 16:00:00,38.59,39.49,37.42,39.2,4556165
BWA,NYSE,2020/10/05 16:00:00,39.67,41.34,39.34,40.88,4653640
BWA,NYSE,2020/10/06 16:00:00,41.39,41.76,39.91,39.94,12487505
BWA,NYSE,2020/10/07 16:00:00,40.59,41.94,40.46,41.54,3384342
BWA,NYSE,2020/10/08 16:00:00,42,42.24,39.86,40.09,4119997
BWA,NYSE,2020/10/09 16:00:00,40.25,40.92,39.57,39.62,3263927
BWA,NYSE,2020/10/12 16:00:00,40,40.64,39.27,39.42,1870534
BWA,NYSE,2020/10/13 16:00:00,39.26,39.83,38.86,38.95,2134351
BWA,NYSE,2020/10/14 16:00:00,39.38,39.59,38.54,38.56,2522247
BWA,NYSE,2020/10/15 16:00:00,38.01,39.24,37.73,39.21,2210751
BWA,NYSE,2020/10/16 16:00:00,39.53,39.72,38.62,38.69,1909767
BWA,NYSE,2020/10/19 16:00:00,38.75,39.07,38.31,38.66,3352478
BWA,NYSE,2020/10/20 16:00:00,39.44,39.91,39.04,39.29,3247716
BWA,NYSE,2020/10/21 16:00:00,39.31,39.96,39.31,39.62,3405128
BWA,NYSE,2020/10/22 16:00:00,39.19,40.25,39.15,40.19,4009713
BWA,NYSE,2020/10/23 16:00:00,40.67,41.13,39.66,39.75,2350986
BWA,NYSE,2020/10/26 16:00:00,39.15,39.31,37.9,38.48,3114028
BWA,NYSE,2020/10/27 16:00:00,38.34,38.43,37.34,37.54,3063731
BWA,NYSE,2020/10/28 16:00:00,36.5,37.02,36.08,36.65,2871712
BWA,NYSE,2020/10/29 16:00:00,36.88,36.91,34.95,35.44,5028531
BWA,NYSE,2020/10/30 16:00:00,35.43,35.71,34.3,34.98,2994826
BWA,NYSE,2020/11/02 16:00:00,35.32,36.27,35.32,35.6,2930713
BWA,NYSE,2020/11/03 16:00:00,36.21,37.06,36.01,36.34,3418140
BWA,NYSE,2020/11/04 16:00:00,35.85,36.37,35.2,35.84,2615226
BWA,NYSE,2020/11/05 16:00:00,36.3,37.26,36.3,37.02,2631836
BWA,NYSE,2020/11/06 16:00:00,37.26,37.52,36.23,36.43,2831958
BWA,NYSE,2020/11/09 16:00:00,38.33,39.4,37.74,37.99,2913050
BWA,NYSE,2020/11/10 16:00:00,38.51,39.2,37.96,38.8,3407746
BWA,NYSE,2020/11/11 16:00:00,39.19,39.35,38.16,38.56,1685142
BWA,NYSE,2020/11/12 16:00:00,37.43,37.86,35.79,36.27,5024128
BWA,NYSE,2020/11/13 16:00:00,36.64,37.9,36.58,37.66,3398263
BWA,NYSE,2020/11/16 16:00:00,38.43,38.75,37.92,38.74,2109450
BWA,NYSE,2020/11/17 16:00:00,38.12,38.6,37.57,38,1881870
BWA,NYSE,2020/11/18 16:00:00,38.15,39.07,38,38.36,2437193
BWA,NYSE,2020/11/19 16:00:00,38.04,38.55,37.31,37.71,2322298
BWA,NYSE,2020/11/20 16:00:00,37.53,37.76,37.24,37.56,2004808
BWA,NYSE,2020/11/23 16:00:00,37.87,39.17,37.87,39.06,3321172
BWA,NYSE,2020/11/24 16:00:00,39.79,40.55,39.45,40.47,2375501
BWA,NYSE,2020/11/25 16:00:00,40.07,40.27,39.06,39.11,1468284
BWA,NYSE,2020/11/27 13:00:00,39.12,39.5,38.9,39.5,862765
BWA,NYSE,2020/11/30 16:00:00,39.29,39.5,38.46,38.85,4144983
BWA,NYSE,2020/12/01 16:00:00,39.63,39.68,38.69,38.71,2478885
BWA,NYSE,2020/12/02 16:00:00,38.42,38.84,38.31,38.61,1587966
BWA,NYSE,2020/12/03 16:00:00,38.75,38.97,38.39,38.69,1551751
BWA,NYSE,2020/12/04 16:00:00,38.87,39.92,38.87,39.87,2033160
BWA,NYSE,2020/12/07 16:00:00,39.79,40.05,38.86,39.22,2225160
BWA,NYSE,2020/12/08 16:00:00,39.28,40.13,39.1,39.35,3572277
BWA,NYSE,2020/12/09 16:00:00,39.46,39.95,39.36,39.86,2718690
BWA,NYSE,2020/12/10 16:00:00,39.56,39.56,38.21,38.28,2516240
BWA,NYSE,2020/12/11 16:00:00,37.92,38.01,36.5,36.52,3645584
BWA,NYSE,2020/12/14 16:00:00,37.15,37.33,36.26,36.34,3371812
BWA,NYSE,2020/12/15 16:00:00,36.87,37.72,36.68,37.7,2225056
BWA,NYSE,2020/12/16 16:00:00,38.04,38.49,37.65,38.41,2050862
BWA,NYSE,2020/12/17 16:00:00,38.58,39.01,38.26,39,2238380
BWA,NYSE,2020/12/18 16:00:00,39,39.01,38.18,38.62,5467604
BWA,NYSE,2020/12/21 16:00:00,37.94,38.54,37.46,38.54,2020901
BWA,NYSE,2020/12/22 16:00:00,38.56,39.24,38.22,39.11,2363016
BWA,NYSE,2020/12/23 16:00:00,39.5,40.32,39.28,39.62,1620656
BWA,NYSE,2020/12/24 13:00:00,39.6,39.6,38.64,38.96,567107
BWA,NYSE,2020/12/28 16:00:00,39.32,39.74,39.2,39.24,998604
BWA,NYSE,2020/12/29 16:00:00,39.49,39.55,38.36,38.55,1078437
BWA,NYSE,2020/12/30 16:00:00,38.64,39.27,38.55,39.19,1475671
BWA,NYSE,2020/12/31 16:00:00,39.31,39.31,38.59,38.64,1211958
BWA,NYSE,2021/01/04 16:00:00,38.99,39.14,37.76,38.06,1838490
BWA,NYSE,2021/01/05 16:00:00,37.87,39.23,37.87,38.96,1693576
BWA,NYSE,2021/01/06 16:00:00,39,40.42,39,40.17,2736427
BWA,NYSE,2021/01/07 16:00:00,40.79,41.38,40.39,41.1,2259229
BWA,NYSE,2021/01/08 16:00:00,40.98,41.14,39.86,40.29,2059449
BWA,NYSE,2021/01/11 16:00:00,39.68,40.41,39.5,40.18,1294931
BWA,NYSE,2021/01/12 16:00:00,40.73,41.84,40.45,41.17,3152610
BWA,NYSE,2021/01/13 16:00:00,41.07,41.4,39.95,40.15,2246763
BWA,NYSE,2021/01/14 16:00:00,40.44,40.6,39.28,39.6,2819675
BWA,NYSE,2021/01/15 16:00:00,39.12,39.35,38.02,38.6,4637976
BWA,NYSE,2021/01/19 16:00:00,38.96,39.54,38.38,39.3,2374121
BWA,NYSE,2021/01/20 16:00:00,40.01,40.92,39.55,40.88,2263509
BWA,NYSE,2021/01/21 16:00:00,40.91,43.9,40.9,43.6,4586542
BWA,NYSE,2021/01/22 16:00:00,43.33,43.45,42.41,42.8,2198493
BWA,NYSE,2021/01/25 16:00:00,42.57,43.59,42.21,43.51,2194886
BWA,NYSE,2021/01/26 16:00:00,44.05,44.7,43.44,43.96,3178442
BWA,NYSE,2021/01/27 16:00:00,43.85,46.48,43.53,44.9,7918718
BWA,NYSE,2021/01/28 16:00:00,44.79,45.05,42.04,42.41,3088687
BWA,NYSE,2021/01/29 16:00:00,42.16,43.54,41.63,41.99,2735006
BWA,NYSE,2021/02/01 16:00:00,42.21,42.52,41.48,42.08,3116717
BWA,NYSE,2021/02/02 16:00:00,42.46,42.54,41.3,41.34,2003641
BWA,NYSE,2021/02/03 16:00:00,41.42,42.79,41.02,42.7,2344889
BWA,NYSE,2021/02/04 16:00:00,43.04,43.3,42.32,42.71,2035464
BWA,NYSE,2021/02/05 16:00:00,43.21,43.32,42.39,43.1,1861113
BWA,NYSE,2021/02/08 16:00:00,43.26,43.67,42.76,43.44,2440009
BWA,NYSE,2021/02/09 16:00:00,43.18,43.32,42.61,42.91,1469893
BWA,NYSE,2021/02/10 16:00:00,43.33,44.36,42.97,43.69,2805825
BWA,NYSE,2021/02/11 16:00:00,45.5,45.75,41.69,42.84,3961580
BWA,NYSE,2021/02/12 16:00:00,42.58,42.85,41.14,41.99,2690093
BWA,NYSE,2021/02/16 16:00:00,44,44.38,42.66,43.78,3875199
BWA,NYSE,2021/02/17 16:00:00,43.81,44.95,43.29,44.57,4879228
BWA,NYSE,2021/02/18 16:00:00,44.21,44.5,42.97,43.06,2620610
BWA,NYSE,2021/02/19 16:00:00,43.7,44.16,42.93,43.56,2476613
BWA,NYSE,2021/02/22 16:00:00,43.25,44.7,43.2,44.64,1909835
BWA,NYSE,2021/02/23 16:00:00,44.2,44.93,43.02,44.88,2966518
BWA,NYSE,2021/02/24 16:00:00,45.1,46.19,44.96,46,2750083
BWA,NYSE,2021/02/25 16:00:00,46.23,46.32,44.66,45.11,1893750
BWA,NYSE,2021/02/26 16:00:00,45.15,45.52,43.88,45,3216716
BWA,NYSE,2021/03/01 16:00:00,45.39,45.73,44.65,45.23,1844106
BWA,NYSE,2021/03/02 16:00:00,45.35,46.87,45.04,46.22,2016705
BWA,NYSE,2021/03/03 16:00:00,46.52,48.39,46.32,47.32,3202342
BWA,NYSE,2021/03/04 16:00:00,47.23,47.46,45.4,46.51,2167671
BWA,NYSE,2021/03/05 16:00:00,46.91,48.98,46.7,48.84,3681575
BWA,NYSE,2021/03/08 16:00:00,49.32,50.53,49.1,49.71,3276748
BWA,NYSE,2021/03/09 16:00:00,49.61,50.37,48.91,48.91,3071812
BWA,NYSE,2021/03/10 16:00:00,48.98,50.34,48.81,49.9,2360885
BWA,NYSE,2021/03/11 16:00:00,49.87,50,48.18,49.15,2547297
BWA,NYSE,2021/03/12 16:00:00,49.3,50.44,48.95,50.33,1684178
BWA,NYSE,2021/03/15 16:00:00,50.43,50.6,49.7,50.55,1789466
BWA,NYSE,2021/03/16 16:00:00,50.32,50.46,48.63,48.77,1503388
BWA,NYSE,2021/03/17 16:00:00,48.77,49.66,48.41,49.66,2532924
BWA,NYSE,2021/03/18 16:00:00,49.32,49.83,47.94,48.16,2067670
BWA,NYSE,2021/03/19 16:00:00,48.13,49.21,47.65,49.02,4667168
BWA,NYSE,2021/03/22 16:00:00,48.58,48.89,47.45,48.13,2138057
BWA,NYSE,2021/03/23 16:00:00,47.23,47.23,44.13,44.3,3513862
BWA,NYSE,2021/03/24 16:00:00,44.63,45.13,43.47,43.5,3268199
BWA,NYSE,2021/03/25 16:00:00,42.73,44,42.53,43.7,2793003
BWA,NYSE,2021/03/26 16:00:00,44.89,45.82,44.21,45.74,3438698
BWA,NYSE,2021/03/29 16:00:00,46.05,46.79,45.19,45.3,2662749
BWA,NYSE,2021/03/30 16:00:00,45.46,46.64,45.1,46.53,1882640
BWA,NYSE,2021/03/31 16:00:00,46.61,46.8,45.86,46.36,1613074
BWA,NYSE,2021/04/01 16:00:00,46.61,46.78,45.16,46.3,1844343
BWA,NYSE,2021/04/05 16:00:00,46.61,47.1,46.13,46.79,1675219
BWA,NYSE,2021/04/06 16:00:00,46.8,47.27,46.49,46.67,1808105
BWA,NYSE,2021/04/07 16:00:00,46.58,46.89,45.26,45.5,2493418
BWA,NYSE,2021/04/08 16:00:00,45.31,46.16,44.62,46,1982400
BWA,NYSE,2021/04/09 16:00:00,46.35,46.69,45.93,46.48,1412927
FND,NYSE,2019/04/01 16:00:00,41.57,41.96,41.29,41.45,934853
FND,NYSE,2019/04/02 16:00:00,41.41,41.77,41.22,41.34,1952609
FND,NYSE,2019/04/03 16:00:00,41.58,42.17,41.23,42.02,812519
FND,NYSE,2019/04/04 16:00:00,42.01,44.11,41.93,43.89,1447639
FND,NYSE,2019/04/05 16:00:00,42.67,44.45,42.49,44.4,795993
FND,NYSE,2019/04/08 16:00:00,43.45,44.54,43.02,44.52,684671
FND,NYSE,2019/04/09 16:00:00,44.53,44.59,43.96,44.14,624434
FND,NYSE,2019/04/10 16:00:00,44.28,45.39,44.21,45.25,907914
FND,NYSE,2019/04/11 16:00:00,45.26,45.87,45.01,45.86,634737
FND,NYSE,2019/04/12 16:00:00,46.17,46.67,46.09,46.51,441271
FND,NYSE,2019/04/15 16:00:00,45.35,46.45,45.3,46.01,681758
FND,NYSE,2019/04/16 16:00:00,46.21,47.03,45.98,46.52,455105
FND,NYSE,2019/04/17 16:00:00,46.92,46.92,46.04,46.06,554697
FND,NYSE,2019/04/18 16:00:00,46.19,46.5,45.76,46.42,465332
FND,NYSE,2019/04/22 16:00:00,46.33,46.98,45.3,45.36,747295
FND,NYSE,2019/04/23 16:00:00,45.82,47.9,45.56,47.37,786846
FND,NYSE,2019/04/24 16:00:00,47.86,48.72,47.75,48.12,933478
FND,NYSE,2019/04/25 16:00:00,47.78,48.2,46.75,47.87,614219
FND,NYSE,2019/04/26 16:00:00,47.87,48.54,47.57,47.85,543153
FND,NYSE,2019/04/29 16:00:00,47.92,48.11,47.25,47.51,759877
FND,NYSE,2019/04/30 16:00:00,47.25,48.31,46.87,48.02,531102
FND,NYSE,2019/05/01 16:00:00,48.22,48.53,47.34,47.59,849916
FND,NYSE,2019/05/02 16:00:00,47.24,48.47,47.24,48.29,1523481
FND,NYSE,2019/05/03 16:00:00,42.11,45.5,42.11,44.03,3964295
FND,NYSE,2019/05/06 16:00:00,42.72,44.31,42.26,44.05,1917499
FND,NYSE,2019/05/07 16:00:00,43.62,43.84,41.82,42.55,1601949
FND,NYSE,2019/05/08 16:00:00,42.54,42.88,41.94,42.33,1465690
FND,NYSE,2019/05/09 16:00:00,41.93,42.4,41.26,42.15,1421129
FND,NYSE,2019/05/10 16:00:00,41.95,42.16,40.09,41.38,1347476
FND,NYSE,2019/05/13 16:00:00,39.97,40.06,38.48,38.69,1616228
FND,NYSE,2019/05/14 16:00:00,39.11,41.23,38.98,41.02,1645648
FND,NYSE,2019/05/15 16:00:00,40.54,42.77,40.35,42.43,1252071
FND,NYSE,2019/05/16 16:00:00,42.43,42.96,41.2,41.31,1578930
FND,NYSE,2019/05/17 16:00:00,40.86,41.81,40.27,40.9,1213501
FND,NYSE,2019/05/20 16:00:00,40.19,40.38,38.61,39.89,1575490
FND,NYSE,2019/05/21 16:00:00,39.87,40.18,39.54,40.12,1272765
FND,NYSE,2019/05/22 16:00:00,40.01,40.07,38.74,38.9,823642
FND,NYSE,2019/05/23 16:00:00,38.44,38.6,36.21,37.07,2085876
FND,NYSE,2019/05/24 16:00:00,37.35,38.18,37.23,38.01,739164
FND,NYSE,2019/05/28 16:00:00,38,38.7,36.28,36.36,1109942
FND,NYSE,2019/05/29 16:00:00,36,36.32,35.17,36.16,1043345
FND,NYSE,2019/05/30 16:00:00,36.42,37.54,36.19,36.7,884826
FND,NYSE,2019/05/31 16:00:00,36.04,36.19,35.24,35.52,1029300
FND,NYSE,2019/06/03 16:00:00,35.43,36.78,35.41,36.15,1879398
FND,NYSE,2019/06/04 16:00:00,36.54,37.72,36.31,37.53,1099693
FND,NYSE,2019/06/05 16:00:00,38,38.65,37.22,38.03,1135392
FND,NYSE,2019/06/06 16:00:00,37.75,37.9,35.48,36.82,1624322
FND,NYSE,2019/06/07 16:00:00,37.2,37.64,36.39,36.68,891872
FND,NYSE,2019/06/10 16:00:00,36.91,37.76,36.4,36.71,1079210
FND,NYSE,2019/06/11 16:00:00,37.09,37.37,35.98,36.2,876668
FND,NYSE,2019/06/12 16:00:00,36.22,38.08,35.88,37.91,1715005
FND,NYSE,2019/06/13 16:00:00,38.11,38.28,37.46,38.17,827563
FND,NYSE,2019/06/14 16:00:00,38.08,39.71,37.83,39.3,1303203
FND,NYSE,2019/06/17 16:00:00,39.46,40.05,39.1,39.85,801554
FND,NYSE,2019/06/18 16:00:00,40.21,42.01,39.65,41.44,1363900
FND,NYSE,2019/06/19 16:00:00,41.46,41.85,40.72,41.73,948780
FND,NYSE,2019/06/20 16:00:00,42.2,42.53,41.22,41.95,601482
FND,NYSE,2019/06/21 16:00:00,41.93,42.07,41.17,41.46,1622698
FND,NYSE,2019/06/24 16:00:00,41.33,41.62,40.46,40.65,1173724
FND,NYSE,2019/06/25 16:00:00,40.65,40.81,38.35,38.79,1001916
FND,NYSE,2019/06/26 16:00:00,39.08,39.76,39.08,39.25,835630
FND,NYSE,2019/06/27 16:00:00,39.48,40.43,39.33,40.19,613907
FND,NYSE,2019/06/28 16:00:00,40.52,42.1,40.52,41.9,1177577
FND,NYSE,2019/07/01 16:00:00,42.86,43.45,41.94,42.28,1227369
FND,NYSE,2019/07/02 16:00:00,42.26,42.26,41.31,41.98,728520
FND,NYSE,2019/07/03 13:00:00,42.02,42.6,41.76,41.91,517065
FND,NYSE,2019/07/05 16:00:00,41.67,42.12,41.17,41.95,418636
FND,NYSE,2019/07/08 16:00:00,41.7,42.62,41.29,42.46,720357
FND,NYSE,2019/07/09 16:00:00,42.26,42.62,41.77,42.2,626420
FND,NYSE,2019/07/10 16:00:00,42.55,43.2,41.96,42.97,800565
FND,NYSE,2019/07/11 16:00:00,42.84,42.84,41.44,42.38,480126
FND,NYSE,2019/07/12 16:00:00,42.67,43.78,42.32,43.69,504759
FND,NYSE,2019/07/15 16:00:00,43.62,43.83,41.09,42.07,811331
FND,NYSE,2019/07/16 16:00:00,41.79,42.67,41.63,42.13,629485
FND,NYSE,2019/07/17 16:00:00,42.02,42.57,41.61,41.63,491983
FND,NYSE,2019/07/18 16:00:00,41.25,41.45,39.65,39.83,869590
FND,NYSE,2019/07/19 16:00:00,40.12,40.59,39.63,39.65,746021
FND,NYSE,2019/07/22 16:00:00,39.63,40.41,39.53,39.92,834982
FND,NYSE,2019/07/23 16:00:00,39.93,40.29,38.2,38.92,1213430
FND,NYSE,2019/07/24 16:00:00,38.93,39.27,38.23,39.27,1486338
FND,NYSE,2019/07/25 16:00:00,39.23,39.73,39.02,39.46,745480
FND,NYSE,2019/07/26 16:00:00,39.46,39.46,38.16,38.73,1354528
FND,NYSE,2019/07/29 16:00:00,38.79,39.94,38.79,39.76,1103220
FND,NYSE,2019/07/30 16:00:00,39.6,40.38,39.36,39.9,927709
FND,NYSE,2019/07/31 16:00:00,39.9,39.99,38.61,39.15,569097
FND,NYSE,2019/08/01 16:00:00,39.4,39.96,35.91,36.36,2947085
FND,NYSE,2019/08/02 16:00:00,40.72,44,40.55,43.96,3430477
FND,NYSE,2019/08/05 16:00:00,42.11,43.15,41.4,42.56,2195672
FND,NYSE,2019/08/06 16:00:00,42.97,43.99,41.66,42,1957244
FND,NYSE,2019/08/07 16:00:00,41.6,44.27,41.22,43.56,2277867
FND,NYSE,2019/08/08 16:00:00,42.1,42.56,40.46,42.43,2851515
FND,NYSE,2019/08/09 16:00:00,42.36,42.62,41.09,42,888983
FND,NYSE,2019/08/12 16:00:00,41.92,43.59,41.39,43.05,964270
FND,NYSE,2019/08/13 16:00:00,43.08,45.72,42.12,45.3,1568865
FND,NYSE,2019/08/14 16:00:00,44.6,44.6,42.74,42.96,1115291
FND,NYSE,2019/08/15 16:00:00,43.31,43.37,42.26,42.6,754588
FND,NYSE,2019/08/16 16:00:00,43.11,43.97,42.75,43.78,512257
FND,NYSE,2019/08/19 16:00:00,44.45,45.55,44.17,45.16,842408
FND,NYSE,2019/08/20 16:00:00,45.42,46.39,45.11,45.4,1365184
FND,NYSE,2019/08/21 16:00:00,46.28,48.71,46.04,48.6,1741167
FND,NYSE,2019/08/22 16:00:00,48.86,49.9,48.69,49.29,1424933
FND,NYSE,2019/08/23 16:00:00,48.44,49,46.77,46.99,882835
FND,NYSE,2019/08/26 16:00:00,47.4,48.21,46.9,47.62,660592
FND,NYSE,2019/08/27 16:00:00,48.18,48.26,45.52,46.16,882081
FND,NYSE,2019/08/28 16:00:00,46.15,47.26,45.81,47.14,754527
FND,NYSE,2019/08/29 16:00:00,47.57,48.96,47.57,48.29,876701
FND,NYSE,2019/08/30 16:00:00,48.38,49.34,47.88,49.22,1006207
FND,NYSE,2019/09/03 16:00:00,48.59,49.42,47.19,47.73,1436185
FND,NYSE,2019/09/04 16:00:00,48.3,48.47,46.91,47.65,860460
FND,NYSE,2019/09/05 16:00:00,48.21,50,48.18,49.73,879304
FND,NYSE,2019/09/06 16:00:00,49.54,49.97,48.93,49.01,881315
FND,NYSE,2019/09/09 16:00:00,49.09,49.75,47.63,48.14,680097
FND,NYSE,2019/09/10 16:00:00,47.73,49.2,47.11,48.77,992085
FND,NYSE,2019/09/11 16:00:00,48.86,49.17,48.24,48.92,495782
FND,NYSE,2019/09/12 16:00:00,48.75,49.92,48.06,49.57,876493
FND,NYSE,2019/09/13 16:00:00,49.54,49.8,48.47,48.87,916865
FND,NYSE,2019/09/16 16:00:00,48.54,49.84,48.39,49.33,764006
FND,NYSE,2019/09/17 16:00:00,49.2,49.36,48.44,48.99,865513
FND,NYSE,2019/09/18 16:00:00,48.91,49.19,48.21,48.85,811692
FND,NYSE,2019/09/19 16:00:00,48.69,49.37,48.51,48.96,994295
FND,NYSE,2019/09/20 16:00:00,49.15,49.68,48.3,49.04,2871930
FND,NYSE,2019/09/23 16:00:00,48.77,49.82,48.45,49.5,2140507
FND,NYSE,2019/09/24 16:00:00,49.9,51.77,49.6,50.78,2488037
FND,NYSE,2019/09/25 16:00:00,50.83,53,50.83,51.2,2086854
FND,NYSE,2019/09/26 16:00:00,51.3,51.7,50.5,51.29,1174076
FND,NYSE,2019/09/27 16:00:00,51.63,51.89,50.12,50.5,1111600
FND,NYSE,2019/09/30 16:00:00,50.79,51.98,50.6,51.15,1277213
FND,NYSE,2019/10/01 16:00:00,51.29,51.99,49.32,49.43,1546246
FND,NYSE,2019/10/02 16:00:00,49.07,49.07,46.78,47.16,1502526
FND,NYSE,2019/10/03 16:00:00,47.03,47.58,46.19,47.57,1282121
FND,NYSE,2019/10/04 16:00:00,47.84,47.95,46.94,47.6,1222440
FND,NYSE,2019/10/07 16:00:00,47.61,48.28,47.24,47.75,943706
FND,NYSE,2019/10/08 16:00:00,47.64,47.82,46.69,46.86,1324501
FND,NYSE,2019/10/09 16:00:00,47.54,47.98,47,47.31,621288
FND,NYSE,2019/10/10 16:00:00,47.27,48.65,47.27,48.24,846429
FND,NYSE,2019/10/11 16:00:00,49,49.48,48.45,48.92,924103
FND,NYSE,2019/10/14 16:00:00,49.07,49.31,47.82,48.12,802614
FND,NYSE,2019/10/15 16:00:00,48.31,48.54,46.56,46.82,1361440
FND,NYSE,2019/10/16 16:00:00,46.58,47.39,45.89,45.96,1288259
FND,NYSE,2019/10/17 16:00:00,46.12,46.35,44.53,45.46,1648138
FND,NYSE,2019/10/18 16:00:00,45.19,45.57,43.75,44.31,1415315
FND,NYSE,2019/10/21 16:00:00,44.85,45.49,44.32,44.61,1294633
FND,NYSE,2019/10/22 16:00:00,44.64,45.07,43.98,44.8,1183592
FND,NYSE,2019/10/23 16:00:00,44.75,45.22,44.47,44.95,1202579
FND,NYSE,2019/10/24 16:00:00,45.13,45.39,44.72,45.01,1068144
FND,NYSE,2019/10/25 16:00:00,44.93,45.67,44.7,45.37,713383
FND,NYSE,2019/10/28 16:00:00,45.65,47.7,45.65,46.56,1600061
FND,NYSE,2019/10/29 16:00:00,46.25,47.28,46.22,46.79,945389
FND,NYSE,2019/10/30 16:00:00,46.71,46.95,45.67,46.89,657803
FND,NYSE,2019/10/31 16:00:00,46.89,46.91,45.74,45.83,1029151
FND,NYSE,2019/11/01 16:00:00,40.01,46.68,39.5,46.13,5854200
FND,NYSE,2019/11/04 16:00:00,46.25,46.82,43.69,44.44,1729111
FND,NYSE,2019/11/05 16:00:00,44.53,44.9,43.53,43.98,1509484
FND,NYSE,2019/11/06 16:00:00,43.81,43.81,42.69,43.16,1246023
FND,NYSE,2019/11/07 16:00:00,43.48,43.73,42.46,42.68,1047963
FND,NYSE,2019/11/08 16:00:00,42.71,43.25,42.27,42.63,825632
FND,NYSE,2019/11/11 16:00:00,42.32,43.5,42.03,43.43,847757
FND,NYSE,2019/11/12 16:00:00,43.61,44.18,43.28,44.02,878188
FND,NYSE,2019/11/13 16:00:00,44.06,44.66,43.63,43.79,1051809
FND,NYSE,2019/11/14 16:00:00,43.71,45.82,43.59,45.41,1520069
FND,NYSE,2019/11/15 16:00:00,44.9,45.1,43.65,44.54,3631014
FND,NYSE,2019/11/18 16:00:00,44.7,45.92,44.4,44.71,1131550
FND,NYSE,2019/11/19 16:00:00,44.42,44.47,43.62,43.78,1021463
FND,NYSE,2019/11/20 16:00:00,43.88,44.93,43.7,43.76,717177
FND,NYSE,2019/11/21 16:00:00,44.04,44.58,43.25,43.42,1177298
FND,NYSE,2019/11/22 16:00:00,43.68,44.74,43.49,44.63,567894
FND,NYSE,2019/11/25 16:00:00,44.9,46.5,44.89,46.44,1365831
FND,NYSE,2019/11/26 16:00:00,46.69,47.29,46.37,47.15,883201
FND,NYSE,2019/11/27 16:00:00,47.31,48.64,47.05,48.29,745849
FND,NYSE,2019/11/29 13:00:00,48.04,48.26,47.54,48.01,395555
FND,NYSE,2019/12/02 16:00:00,48.03,48.03,46.36,46.46,724446
FND,NYSE,2019/12/03 16:00:00,45.98,45.98,44.83,45.27,820896
FND,NYSE,2019/12/04 16:00:00,46.27,47.7,45.86,47.5,787062
FND,NYSE,2019/12/05 16:00:00,47.76,48.21,47.01,47.27,800127
FND,NYSE,2019/12/06 16:00:00,47.53,48.18,47.03,48.11,888207
FND,NYSE,2019/12/09 16:00:00,48.09,48.45,47.18,47.19,829419
FND,NYSE,2019/12/10 16:00:00,47.05,47.46,46.68,47.27,1282166
FND,NYSE,2019/12/11 16:00:00,47.18,48.99,47.09,48.9,1461631
FND,NYSE,2019/12/12 16:00:00,49.05,50.38,48.99,50.25,1347680
FND,NYSE,2019/12/13 16:00:00,50.12,50.48,49.36,50.28,1239881
FND,NYSE,2019/12/16 16:00:00,50.73,51.08,50.19,50.48,1378518
FND,NYSE,2019/12/17 16:00:00,50.68,50.87,49.23,49.44,1167537
FND,NYSE,2019/12/18 16:00:00,49.47,50.98,49.37,50.14,1180986
FND,NYSE,2019/12/19 16:00:00,50.4,51.26,50.23,50.35,1099853
FND,NYSE,2019/12/20 16:00:00,50.51,51.33,50.36,51.07,1250797
FND,NYSE,2019/12/23 16:00:00,51.17,51.19,49.93,49.99,1057923
FND,NYSE,2019/12/24 13:00:00,49.99,50.69,49.64,50.56,274495
FND,NYSE,2019/12/26 16:00:00,50.56,50.65,49.81,50.3,375788
FND,NYSE,2019/12/27 16:00:00,50.32,50.84,50.12,50.51,821330
FND,NYSE,2019/12/30 16:00:00,50.46,50.71,49.49,50.24,789566
FND,NYSE,2019/12/31 16:00:00,49.97,50.97,49.97,50.81,763522
FND,NYSE,2020/01/02 16:00:00,51,51.46,50.08,50.55,631286
FND,NYSE,2020/01/03 16:00:00,49.77,50.56,49.51,50.22,799585
FND,NYSE,2020/01/06 16:00:00,50,51.5,49.66,51.11,788677
FND,NYSE,2020/01/07 16:00:00,51.48,51.71,49.47,49.53,942346
FND,NYSE,2020/01/08 16:00:00,49.46,50.93,49.46,50.35,725779
FND,NYSE,2020/01/09 16:00:00,50.79,50.88,50.23,50.29,424788
FND,NYSE,2020/01/10 16:00:00,50.11,50.26,47.34,47.59,1908815
FND,NYSE,2020/01/13 16:00:00,47.53,47.56,46.05,47.06,1477102
FND,NYSE,2020/01/14 16:00:00,46.98,47.71,46.76,47.4,886166
FND,NYSE,2020/01/15 16:00:00,47.21,48.89,47.06,48.15,710089
FND,NYSE,2020/01/16 16:00:00,48.46,49.18,48.33,48.87,756820
FND,NYSE,2020/01/17 16:00:00,49,49.43,48.27,48.39,556440
FND,NYSE,2020/01/21 16:00:00,48.14,48.45,47.17,48.29,787145
FND,NYSE,2020/01/22 16:00:00,48.48,49.96,48.48,49.54,469975
FND,NYSE,2020/01/23 16:00:00,49.06,49.84,48.19,49.47,646600
FND,NYSE,2020/01/24 16:00:00,50.03,50.03,48.33,48.53,577857
FND,NYSE,2020/01/27 16:00:00,47.54,48.8,47.32,47.89,1319114
FND,NYSE,2020/01/28 16:00:00,48.22,50,48.22,49.48,530518
FND,NYSE,2020/01/29 16:00:00,49.78,51.13,49.55,50.71,535389
FND,NYSE,2020/01/30 16:00:00,50.18,51.1,50.18,50.74,455516
FND,NYSE,2020/01/31 16:00:00,50.97,50.97,49.18,49.31,504797
FND,NYSE,2020/02/03 16:00:00,49.66,51.45,49.66,50.59,596566
FND,NYSE,2020/02/04 16:00:00,51.23,52.69,51.23,52.05,952716
FND,NYSE,2020/02/05 16:00:00,52.98,52.98,51.68,51.75,562498
FND,NYSE,2020/02/06 16:00:00,51.94,52.31,50.23,50.28,631260
FND,NYSE,2020/02/07 16:00:00,50.09,50.15,48.83,49.71,1159115
FND,NYSE,2020/02/10 16:00:00,49.67,50.34,48.97,49.56,525017
FND,NYSE,2020/02/11 16:00:00,49.88,50.82,49.69,50.58,897365
FND,NYSE,2020/02/12 16:00:00,50.88,53.18,50.75,53.01,691286
FND,NYSE,2020/02/13 16:00:00,52.61,53.85,52.3,52.91,878389
FND,NYSE,2020/02/14 16:00:00,53.09,53.86,52.93,53.13,588524
FND,NYSE,2020/02/18 16:00:00,53.08,53.78,52.54,53.18,1168055
FND,NYSE,2020/02/19 16:00:00,53.58,53.93,52.76,53.5,1260748
FND,NYSE,2020/02/20 16:00:00,53.49,55.01,53.36,55,1740586
FND,NYSE,2020/02/21 16:00:00,59.19,62.62,56.87,57.67,2801857
FND,NYSE,2020/02/24 16:00:00,54.32,58.44,54.31,57.7,2530350
FND,NYSE,2020/02/25 16:00:00,58.14,58.32,56.14,56.8,1717089
FND,NYSE,2020/02/26 16:00:00,57.21,57.93,54.79,55.44,1377514
FND,NYSE,2020/02/27 16:00:00,54.1,55.66,52.37,52.89,2197706
FND,NYSE,2020/02/28 16:00:00,51.61,51.79,49.01,51.05,2450783
FND,NYSE,2020/03/02 16:00:00,51.58,52.93,49.27,52.8,1205502
FND,NYSE,2020/03/03 16:00:00,52.91,55.47,51.1,51.45,1581537
FND,NYSE,2020/03/04 16:00:00,52.8,54.87,52.53,54.84,1259777
FND,NYSE,2020/03/05 16:00:00,53.15,53.66,51.75,52.66,984095
FND,NYSE,2020/03/06 16:00:00,50.92,52.86,50,52.44,1787762
FND,NYSE,2020/03/09 16:00:00,48,49.74,45.43,45.51,2060258
FND,NYSE,2020/03/10 16:00:00,47.4,47.74,43.71,47.36,1330835
FND,NYSE,2020/03/11 16:00:00,46.18,46.7,42.76,44.2,1064044
FND,NYSE,2020/03/12 16:00:00,40.95,41.81,37.46,38.55,2144552
FND,NYSE,2020/03/13 16:00:00,40.92,41.98,35.23,40.06,2738238
FND,NYSE,2020/03/16 16:00:00,33.31,34.32,29.4,29.84,3233099
FND,NYSE,2020/03/17 16:00:00,30.44,32.02,27.44,31.35,3420921
FND,NYSE,2020/03/18 16:00:00,28.89,30.28,24.36,27.16,1943439
FND,NYSE,2020/03/19 16:00:00,26.66,30.73,24.52,28.67,2343897
FND,NYSE,2020/03/20 16:00:00,29.38,30.5,27.11,28.57,5652272
FND,NYSE,2020/03/23 16:00:00,28.35,29.18,26.22,28.74,2131716
FND,NYSE,2020/03/24 16:00:00,30.9,32.26,29.51,31.93,2728798
FND,NYSE,2020/03/25 16:00:00,32,35.25,31.1,33.6,2546087
FND,NYSE,2020/03/26 16:00:00,34.21,36.03,33.08,35.45,2078506
FND,NYSE,2020/03/27 16:00:00,33.98,34.55,31.59,33.12,1571158
FND,NYSE,2020/03/30 16:00:00,32.78,34.18,31.07,33.9,1160477
FND,NYSE,2020/03/31 16:00:00,33.39,34.14,31.51,32.09,2221423
FND,NYSE,2020/04/01 16:00:00,30.05,30.76,28.28,28.33,1764671
FND,NYSE,2020/04/02 16:00:00,28.06,28.73,27.51,28.46,1538110
FND,NYSE,2020/04/03 16:00:00,28.1,28.65,26.44,27.04,1220973
FND,NYSE,2020/04/06 16:00:00,28.65,31.55,26.08,31.02,3111227
FND,NYSE,2020/04/07 16:00:00,32.57,32.99,29.37,31.41,2402393
FND,NYSE,2020/04/08 16:00:00,32.22,34.45,31.55,34.02,1627520
FND,NYSE,2020/04/09 16:00:00,35.21,37.42,34.73,36.49,3104292
FND,NYSE,2020/04/13 16:00:00,36.54,36.54,34.18,34.97,1843179
FND,NYSE,2020/04/14 16:00:00,35.69,37.39,35.51,36.98,1345440
FND,NYSE,2020/04/15 16:00:00,35.62,35.79,34.12,34.2,1761964
FND,NYSE,2020/04/16 16:00:00,34.21,34.5,32.79,33.1,2511853
FND,NYSE,2020/04/17 16:00:00,34.66,37.47,34.66,36.87,1656640
FND,NYSE,2020/04/20 16:00:00,35.94,36.84,35.09,35.6,1039053
FND,NYSE,2020/04/21 16:00:00,34.27,35.46,33.99,34.09,1012251
FND,NYSE,2020/04/22 16:00:00,34.49,34.83,33.33,34.55,1892096
FND,NYSE,2020/04/23 16:00:00,34.54,36.14,34.54,35.61,1413067
FND,NYSE,2020/04/24 16:00:00,36.11,36.5,35.22,36.31,1254927
FND,NYSE,2020/04/27 16:00:00,36.94,39.04,36.83,38.75,1128358
FND,NYSE,2020/04/28 16:00:00,39.46,40.26,38.67,39.7,2223950
FND,NYSE,2020/04/29 16:00:00,41.3,43.09,40.93,42.77,1434424
FND,NYSE,2020/04/30 16:00:00,42.22,43.57,41.37,42.4,1646326
FND,NYSE,2020/05/01 16:00:00,41.68,42.3,39.85,41.93,2907749
FND,NYSE,2020/05/04 16:00:00,40.02,40.84,38.34,39.66,1755974
FND,NYSE,2020/05/05 16:00:00,40.58,43.26,40.4,42.57,2163233
FND,NYSE,2020/05/06 16:00:00,42.89,43.73,42.28,42.4,1836730
FND,NYSE,2020/05/07 16:00:00,43.21,44.03,43.12,43.36,998642
FND,NYSE,2020/05/08 16:00:00,42.08,43.29,42.08,42.9,1764372
FND,NYSE,2020/05/11 16:00:00,42.49,44.78,42.04,44.22,1612884
FND,NYSE,2020/05/12 16:00:00,44.86,45.48,43.54,43.57,1057522
FND,NYSE,2020/05/13 16:00:00,43.54,43.54,40.92,41.71,882303
FND,NYSE,2020/05/14 16:00:00,41.01,43.41,39.56,43.28,1395828
FND,NYSE,2020/05/15 16:00:00,42.46,45.08,42.27,44.44,1135462
FND,NYSE,2020/05/18 16:00:00,46.5,48.26,46.19,47.7,1733519
FND,NYSE,2020/05/19 16:00:00,46.97,47.72,46.34,46.4,1297002
FND,NYSE,2020/05/20 16:00:00,44.29,46.48,43.75,46.28,4782191
FND,NYSE,2020/05/21 16:00:00,46.83,48.93,46.34,48.86,2670415
FND,NYSE,2020/05/22 16:00:00,48.85,49.99,48.53,49.79,1701491
FND,NYSE,2020/05/26 16:00:00,50.25,52.25,49.92,51.75,3273951
FND,NYSE,2020/05/27 16:00:00,52.84,54,52.42,53.99,1919153
FND,NYSE,2020/05/28 16:00:00,54,54.3,51.02,51.45,1844849
FND,NYSE,2020/05/29 16:00:00,51.36,52.48,50.54,52,1645366
FND,NYSE,2020/06/01 16:00:00,52.8,53.2,50.86,51.13,1475330
FND,NYSE,2020/06/02 16:00:00,51.83,52.97,51.74,52.29,1368316
FND,NYSE,2020/06/03 16:00:00,53.58,55.64,52.96,55.41,1506716
FND,NYSE,2020/06/04 16:00:00,54.94,56.15,54.76,55.1,908515
FND,NYSE,2020/06/05 16:00:00,56.89,57.89,55.49,56,1330044
FND,NYSE,2020/06/08 16:00:00,56.45,57,55.63,56.55,1353510
FND,NYSE,2020/06/09 16:00:00,55.11,57.28,54.53,57,1420946
FND,NYSE,2020/06/10 16:00:00,57.14,57.81,55.69,56.84,2419576
FND,NYSE,2020/06/11 16:00:00,54.19,54.71,51.25,51.56,1719474
FND,NYSE,2020/06/12 16:00:00,53.52,53.96,51.22,52.37,1199630
FND,NYSE,2020/06/15 16:00:00,50.55,53.76,49.85,53.32,1048876
FND,NYSE,2020/06/16 16:00:00,55.89,56.64,54.09,56.49,1437170
FND,NYSE,2020/06/17 16:00:00,58,58.6,57.33,57.61,1162318
FND,NYSE,2020/06/18 16:00:00,56.88,58.67,56.87,58.31,1156300
FND,NYSE,2020/06/19 16:00:00,58.85,58.85,56.12,56.57,1473997
FND,NYSE,2020/06/22 16:00:00,56.19,57.77,56.19,57.2,2056508
FND,NYSE,2020/06/23 16:00:00,58.49,58.71,58.07,58.21,1242809
FND,NYSE,2020/06/24 16:00:00,57.74,58.43,55.24,55.77,1905588
FND,NYSE,2020/06/25 16:00:00,55.32,55.79,54.51,55.71,1475129
FND,NYSE,2020/06/26 16:00:00,55.86,56.38,53.82,54.18,2086891
FND,NYSE,2020/06/29 16:00:00,54.95,57.53,54.23,57.07,1295934
FND,NYSE,2020/06/30 16:00:00,56.9,58.02,56.11,57.65,874754
FND,NYSE,2020/07/01 16:00:00,58.05,58.78,57.17,57.64,915462
FND,NYSE,2020/07/02 16:00:00,58.85,59.38,57.22,57.81,938783
FND,NYSE,2020/07/06 16:00:00,58.91,59.53,58.47,58.95,1091889
FND,NYSE,2020/07/07 16:00:00,58.15,59.75,57.99,58.27,842092
FND,NYSE,2020/07/08 16:00:00,58.66,59.11,57.68,58.99,732854
FND,NYSE,2020/07/09 16:00:00,58.9,59.18,57.64,58.43,872729
FND,NYSE,2020/07/10 16:00:00,58.26,60.3,58.26,59.62,717620
FND,NYSE,2020/07/13 16:00:00,60.7,61.13,58.14,58.35,835280
FND,NYSE,2020/07/14 16:00:00,57.6,59.95,57.43,59.85,1068899
FND,NYSE,2020/07/15 16:00:00,61.4,61.95,60.12,61.56,622677
FND,NYSE,2020/07/16 16:00:00,61.23,61.49,60.62,60.79,748203
FND,NYSE,2020/07/17 16:00:00,61.41,61.79,60.86,61.21,589818
FND,NYSE,2020/07/20 16:00:00,61.01,62.33,60.73,62.25,800147
FND,NYSE,2020/07/21 16:00:00,62.5,64.13,62.5,63.64,1104036
FND,NYSE,2020/07/22 16:00:00,64.39,66.92,64.34,66.78,1020290
FND,NYSE,2020/07/23 16:00:00,66.9,67.98,65.13,66.54,1368932
FND,NYSE,2020/07/24 16:00:00,66.13,68.12,65.2,67.82,1074020
FND,NYSE,2020/07/27 16:00:00,68.29,71.72,68.09,71.47,1350324
FND,NYSE,2020/07/28 16:00:00,71.55,71.64,67.95,68.19,1718765
FND,NYSE,2020/07/29 16:00:00,68.57,70.68,68.57,70.62,1269572
FND,NYSE,2020/07/30 16:00:00,69.97,71.18,69.43,69.99,1331890
FND,NYSE,2020/07/31 16:00:00,69.93,70.11,64.53,65.9,1955182
FND,NYSE,2020/08/03 16:00:00,66.5,68.5,66.5,68.05,1352517
FND,NYSE,2020/08/04 16:00:00,68.45,68.8,67.69,68.36,1131699
FND,NYSE,2020/08/05 16:00:00,68.43,68.81,67.13,68.68,1050551
FND,NYSE,2020/08/06 16:00:00,68.68,68.68,67.83,68.2,1218343
FND,NYSE,2020/08/07 16:00:00,68.2,68.53,66.87,67.85,939653
FND,NYSE,2020/08/10 16:00:00,68.06,68.66,67.13,67.98,1205055
FND,NYSE,2020/08/11 16:00:00,67.95,67.95,65.73,66.14,3089163
FND,NYSE,2020/08/12 16:00:00,67.15,67.52,66.01,66.8,2844169
FND,NYSE,2020/08/13 16:00:00,66.86,68.99,66.58,68.9,1700728
FND,NYSE,2020/08/14 16:00:00,68.85,70.06,68.48,69.16,1941314
FND,NYSE,2020/08/17 16:00:00,70,71.69,69.7,70.89,1414318
FND,NYSE,2020/08/18 16:00:00,71.59,71.59,69.53,70.39,1435018
FND,NYSE,2020/08/19 16:00:00,71,72.35,70.2,71.92,1072751
FND,NYSE,2020/08/20 16:00:00,71.12,72.01,70.76,71.03,945241
FND,NYSE,2020/08/21 16:00:00,70.99,72.87,70.81,72.25,1004954
FND,NYSE,2020/08/24 16:00:00,73.18,73.35,71.8,72.86,886164
FND,NYSE,2020/08/25 16:00:00,73.37,73.37,71.07,72.62,1018942
FND,NYSE,2020/08/26 16:00:00,72.95,74.08,72.62,73.86,969101
FND,NYSE,2020/08/27 16:00:00,73.91,74.23,71.62,72.41,978878
FND,NYSE,2020/08/28 16:00:00,72.91,73.42,72.46,73.26,665180
FND,NYSE,2020/08/31 16:00:00,73.6,73.71,72.49,73.24,853649
FND,NYSE,2020/09/01 16:00:00,73.21,75.6,72.7,75.47,895074
FND,NYSE,2020/09/02 16:00:00,76.24,76.34,73.26,75.7,849979
FND,NYSE,2020/09/03 16:00:00,75.07,75.29,70.69,71.67,1225904
FND,NYSE,2020/09/04 16:00:00,72.13,72.86,67.38,70.39,900755
FND,NYSE,2020/09/08 16:00:00,68.62,71.73,68.3,70.24,991360
FND,NYSE,2020/09/09 16:00:00,71.11,72.86,71.11,72,915872
FND,NYSE,2020/09/10 16:00:00,72.73,74.19,71.66,72.11,920324
FND,NYSE,2020/09/11 16:00:00,73.11,73.11,70.61,71.56,1143938
FND,NYSE,2020/09/14 16:00:00,72.35,74.26,72.35,74.2,1326451
FND,NYSE,2020/09/15 16:00:00,75,75.78,73.84,75.05,863995
FND,NYSE,2020/09/16 16:00:00,76,77.12,75.48,75.96,1804900
FND,NYSE,2020/09/17 16:00:00,74.54,76.1,74,74.68,1413201
FND,NYSE,2020/09/18 16:00:00,74.85,75.55,72.15,73.24,2431425
FND,NYSE,2020/09/21 16:00:00,71.51,72.4,69.5,72.25,958234
FND,NYSE,2020/09/22 16:00:00,72.77,74.01,72.02,74,789941
FND,NYSE,2020/09/23 16:00:00,74.5,75.41,72.68,72.79,971937
FND,NYSE,2020/09/24 16:00:00,72.26,73.2,70.9,71.55,861607
FND,NYSE,2020/09/25 16:00:00,71.17,72.89,70.78,72.26,597160
FND,NYSE,2020/09/28 16:00:00,73.34,74.15,72.81,73.78,639934
FND,NYSE,2020/09/29 16:00:00,74.38,75.18,73.33,73.39,598912
FND,NYSE,2020/09/30 16:00:00,74.13,76.5,73.18,74.8,1054530
FND,NYSE,2020/10/01 16:00:00,75.77,76.64,75,76.39,758464
FND,NYSE,2020/10/02 16:00:00,74.67,76.38,74.21,75.53,627412
FND,NYSE,2020/10/05 16:00:00,76.02,77.08,73.86,74.45,749113
FND,NYSE,2020/10/06 16:00:00,74.79,74.89,72.65,73.24,1004289
FND,NYSE,2020/10/07 16:00:00,74.52,76.57,73.99,76.5,777708
FND,NYSE,2020/10/08 16:00:00,77.05,79.22,76.6,79.01,765827
FND,NYSE,2020/10/09 16:00:00,79.8,81.86,79.29,79.64,1072721
FND,NYSE,2020/10/12 16:00:00,81.02,81.74,79.65,80.32,538848
FND,NYSE,2020/10/13 16:00:00,80.2,83.34,79.78,83.1,810739
FND,NYSE,2020/10/14 16:00:00,83.32,84.52,83.28,83.8,800928
FND,NYSE,2020/10/15 16:00:00,82.84,84.59,82.21,84.07,879164
FND,NYSE,2020/10/16 16:00:00,84.97,86.37,84.72,85.25,782862
FND,NYSE,2020/10/19 16:00:00,85.42,85.9,81.36,81.74,873141
FND,NYSE,2020/10/20 16:00:00,82.87,84.37,81.24,81.81,913265
FND,NYSE,2020/10/21 16:00:00,82.31,82.31,79.8,80.09,707650
FND,NYSE,2020/10/22 16:00:00,80.56,80.72,78.02,79.7,703172
FND,NYSE,2020/10/23 16:00:00,79.89,81.35,78.35,81.1,835241
FND,NYSE,2020/10/26 16:00:00,79.94,81.64,77.62,78.16,968857
FND,NYSE,2020/10/27 16:00:00,78.99,80.15,78.1,78.63,562335
FND,NYSE,2020/10/28 16:00:00,77.16,78.9,76.54,77.84,965318
FND,NYSE,2020/10/29 16:00:00,78.55,79.83,77.34,77.91,1065953
FND,NYSE,2020/10/30 16:00:00,76.17,77,71.95,73,1812410
FND,NYSE,2020/11/02 16:00:00,74.42,75.97,72.7,74.81,1198665
FND,NYSE,2020/11/03 16:00:00,76.09,79.12,75.55,79.02,1049213
FND,NYSE,2020/11/04 16:00:00,78.69,83.08,78.64,82.5,1071643
FND,NYSE,2020/11/05 16:00:00,83.99,84.69,81.94,81.97,632553
FND,NYSE,2020/11/06 16:00:00,81.6,81.66,80.02,81,831155
FND,NYSE,2020/11/09 16:00:00,80.22,83.14,72.35,72.44,1638671
FND,NYSE,2020/11/10 16:00:00,71.87,73.2,69.39,73.02,1238222
FND,NYSE,2020/11/11 16:00:00,74.35,78.16,73.82,77.66,1160888
FND,NYSE,2020/11/12 16:00:00,77.54,78.57,75.48,75.96,559548
FND,NYSE,2020/11/13 16:00:00,77.5,78.96,75.52,75.97,571512
FND,NYSE,2020/11/16 16:00:00,75.79,77.89,73.44,75.7,1097266
FND,NYSE,2020/11/17 16:00:00,75.01,76.6,74.02,76.31,761378
FND,NYSE,2020/11/18 16:00:00,76.27,78.41,76.27,76.89,565355
FND,NYSE,2020/11/19 16:00:00,76.65,79.36,76.65,78.99,500704
FND,NYSE,2020/11/20 16:00:00,78.72,80.82,77.59,80.12,773124
FND,NYSE,2020/11/23 16:00:00,80.5,85.34,80.5,85.01,854258
FND,NYSE,2020/11/24 16:00:00,85.51,85.96,83.14,83.19,594254
FND,NYSE,2020/11/25 16:00:00,83.88,84.83,81.9,82.08,693549
FND,NYSE,2020/11/27 13:00:00,82.4,84,80.54,81.66,305977
FND,NYSE,2020/11/30 16:00:00,81.87,82.33,78.47,80.09,733457
FND,NYSE,2020/12/01 16:00:00,80.49,81.9,77.96,81.44,702045
FND,NYSE,2020/12/02 16:00:00,80.66,81.14,78.71,80.7,548593
FND,NYSE,2020/12/03 16:00:00,80.7,84.43,80.47,83.87,602080
FND,NYSE,2020/12/04 16:00:00,84,84,82.63,83.5,573882
FND,NYSE,2020/12/07 16:00:00,83.75,85.14,83.01,84.55,643020
FND,NYSE,2020/12/08 16:00:00,84.58,88.04,82.65,87.71,1336722
FND,NYSE,2020/12/09 16:00:00,89.39,90.29,87.17,87.63,1341389
FND,NYSE,2020/12/10 16:00:00,90.4,91.14,87.62,90.38,1014904
FND,NYSE,2020/12/11 16:00:00,90.15,91.09,88.35,89.79,1175633
FND,NYSE,2020/12/14 16:00:00,91.41,92.36,87.94,88.26,1058074
FND,NYSE,2020/12/15 16:00:00,88.73,95.26,88.47,94.77,1263164
FND,NYSE,2020/12/16 16:00:00,95.67,97.4,95.02,95.71,939045
FND,NYSE,2020/12/17 16:00:00,96.9,98.67,96.19,98.16,887884
FND,NYSE,2020/12/18 16:00:00,98.59,101.63,98.43,100.98,1455161
FND,NYSE,2020/12/21 16:00:00,99.04,101.11,98.25,98.94,690579
FND,NYSE,2020/12/22 16:00:00,99.16,101,99.04,100.78,374885
FND,NYSE,2020/12/23 16:00:00,101.19,101.55,99.14,99.3,462358
FND,NYSE,2020/12/24 13:00:00,99.22,100,98.46,99.86,270897
FND,NYSE,2020/12/28 16:00:00,100.93,101.01,95.03,95.2,841336
FND,NYSE,2020/12/29 16:00:00,96.02,96.09,91.62,94.33,837065
FND,NYSE,2020/12/30 16:00:00,94.87,96.28,93.15,93.7,649598
FND,NYSE,2020/12/31 16:00:00,93.62,93.81,92.1,92.85,575324
FND,NYSE,2021/01/04 16:00:00,93.05,94.82,90.2,92.46,902520
FND,NYSE,2021/01/05 16:00:00,91.82,95.28,91.66,94.75,549607
FND,NYSE,2021/01/06 16:00:00,95.28,99.57,94.51,98.2,644865
FND,NYSE,2021/01/07 16:00:00,99.01,100.08,97.55,99.21,533032
FND,NYSE,2021/01/08 16:00:00,100.11,103.27,99.9,100.72,510115
FND,NYSE,2021/01/11 16:00:00,99.89,103.23,99.21,102.07,517398
FND,NYSE,2021/01/12 16:00:00,102.07,105.12,102.07,103.98,586803
FND,NYSE,2021/01/13 16:00:00,103.73,105.6,102.89,104.02,764649
FND,NYSE,2021/01/14 16:00:00,104.52,108.54,104.16,105.09,517296
FND,NYSE,2021/01/15 16:00:00,104.29,106.12,101.43,102.56,768099
FND,NYSE,2021/01/19 16:00:00,103.01,103.28,96.94,97.5,1344401
FND,NYSE,2021/01/20 16:00:00,98.49,99.57,97.27,98.89,1150207
FND,NYSE,2021/01/21 16:00:00,99.99,104.79,99.47,102.55,1115941
FND,NYSE,2021/01/22 16:00:00,102.35,102.5,99.69,101.41,663089
FND,NYSE,2021/01/25 16:00:00,101.65,102.84,99.09,99.24,624391
FND,NYSE,2021/01/26 16:00:00,99.38,99.97,96.67,96.96,422417
FND,NYSE,2021/01/27 16:00:00,94.08,94.75,90,90.96,1270033
FND,NYSE,2021/01/28 16:00:00,93.39,95.71,92.52,93.86,1165439
FND,NYSE,2021/01/29 16:00:00,93.45,94.59,91.26,92.07,962491
FND,NYSE,2021/02/01 16:00:00,92.65,94.42,91.15,93.93,569935
FND,NYSE,2021/02/02 16:00:00,95.57,98.53,95.02,97.82,550923
FND,NYSE,2021/02/03 16:00:00,98.87,99.79,97.23,97.72,461403
FND,NYSE,2021/02/04 16:00:00,98.59,101.11,98.45,100.29,553159
FND,NYSE,2021/02/05 16:00:00,101.58,103.83,101.01,103.57,633146
FND,NYSE,2021/02/08 16:00:00,104,108.04,104,105.29,600445
FND,NYSE,2021/02/09 16:00:00,104.62,105.23,103.28,103.43,541773
FND,NYSE,2021/02/10 16:00:00,104.15,104.16,99.53,99.82,827797
FND,NYSE,2021/02/11 16:00:00,100,102.79,99.15,102.66,496014
FND,NYSE,2021/02/12 16:00:00,102.64,105.55,101.48,103.89,429567
FND,NYSE,2021/02/16 16:00:00,104.02,104.58,100.93,102.75,510482
FND,NYSE,2021/02/17 16:00:00,102.08,102.73,99.81,101.45,564111
FND,NYSE,2021/02/18 16:00:00,100.83,101.11,97.62,97.64,750664
FND,NYSE,2021/02/19 16:00:00,100.11,103.61,99.39,102.43,680877
FND,NYSE,2021/02/22 16:00:00,100.97,101.55,97.93,98.18,492615
FND,NYSE,2021/02/23 16:00:00,96.54,98.97,92.18,98.17,777610
FND,NYSE,2021/02/24 16:00:00,97.65,98.54,95.76,97.33,743197
FND,NYSE,2021/02/25 16:00:00,96.68,98.24,92.39,93.8,884495
FND,NYSE,2021/02/26 16:00:00,96.02,99,92.01,95.09,1272395
FND,NYSE,2021/03/01 16:00:00,95.93,97.65,94.04,95.68,1013920
FND,NYSE,2021/03/02 16:00:00,95.98,96.47,92.24,92.77,845854
FND,NYSE,2021/03/03 16:00:00,92.09,93.11,88.68,89.2,1076700
FND,NYSE,2021/03/04 16:00:00,87.9,90.34,84.15,86.14,1355809
FND,NYSE,2021/03/05 16:00:00,87.42,89.41,81.2,88.76,1074317
FND,NYSE,2021/03/08 16:00:00,89.26,92,87.99,90.05,1072230
FND,NYSE,2021/03/09 16:00:00,93.49,94.68,89.4,89.88,745459
FND,NYSE,2021/03/10 16:00:00,91.3,92.53,89.06,90.9,497671
FND,NYSE,2021/03/11 16:00:00,92.69,96.1,92.29,95.13,549744
FND,NYSE,2021/03/12 16:00:00,93.92,94.3,91.92,94.12,531682
FND,NYSE,2021/03/15 16:00:00,94.62,101.25,93.85,100.87,907739
FND,NYSE,2021/03/16 16:00:00,100.74,101.67,97.9,98.45,611747
FND,NYSE,2021/03/17 16:00:00,97.28,99.97,95.67,99.31,493105
FND,NYSE,2021/03/18 16:00:00,98.27,99,93.15,93.73,642154
FND,NYSE,2021/03/19 16:00:00,93.19,98.27,92.88,97.61,737881
FND,NYSE,2021/03/22 16:00:00,100.25,101.74,98.3,99.28,750668
FND,NYSE,2021/03/23 16:00:00,98.69,100.34,94.55,95.5,653362
FND,NYSE,2021/03/24 16:00:00,96.36,96.98,92.88,93.22,788728
FND,NYSE,2021/03/25 16:00:00,91.88,95.85,90.7,95.47,441935
FND,NYSE,2021/03/26 16:00:00,96.18,98.34,94.58,97.68,573129
FND,NYSE,2021/03/29 16:00:00,97.78,99.58,91.76,93.05,911301
FND,NYSE,2021/03/30 16:00:00,92.46,96.01,92.46,95.94,615737
FND,NYSE,2021/03/31 16:00:00,96.91,97.02,95.1,95.48,675315
FND,NYSE,2021/04/01 16:00:00,97.12,99.03,96.85,98.89,549961
FND,NYSE,2021/04/05 16:00:00,99.64,100.57,97.55,99.13,902088
FND,NYSE,2021/04/06 16:00:00,98.95,102.76,98.43,101.54,734565
FND,NYSE,2021/04/07 16:00:00,101.11,103,101.04,101.49,331246
FND,NYSE,2021/04/08 16:00:00,102.45,103.5,100.82,102.75,397906
FND,NYSE,2021/04/09 16:00:00,104,110,103.25,108.69,2044763
TPL,NYSE,2019/04/01 16:00:00,781.9,804.61,779.85,798.12,14328
TPL,NYSE,2019/04/02 16:00:00,805.48,812.01,792.38,797.25,20207
TPL,NYSE,2019/04/03 16:00:00,792.1,792.54,778.91,782.15,8253
TPL,NYSE,2019/04/04 16:00:00,782,789.24,769.25,777.81,11151
TPL,NYSE,2019/04/05 16:00:00,780.01,811,780.01,811,12052
TPL,NYSE,2019/04/08 16:00:00,814.9,817.29,805,810.38,9419
TPL,NYSE,2019/04/09 16:00:00,817.33,851.8,812.42,848,26836
TPL,NYSE,2019/04/10 16:00:00,849.5,894,849.5,886.1,32262
TPL,NYSE,2019/04/11 16:00:00,889.2,915.66,872.9,878.83,33516
TPL,NYSE,2019/04/12 16:00:00,894.13,915,883.34,901.04,29371
TPL,NYSE,2019/04/15 16:00:00,905,910,891.38,894.12,11266
TPL,NYSE,2019/04/16 16:00:00,900,903,880,882,19737
TPL,NYSE,2019/04/17 16:00:00,882.83,899.75,875.26,898.31,7451
TPL,NYSE,2019/04/18 16:00:00,902.93,903.42,894,897.96,19832
TPL,NYSE,2019/04/22 16:00:00,892.16,899,889.49,899,7931
TPL,NYSE,2019/04/23 16:00:00,899,915.05,892.45,896.19,28435
TPL,NYSE,2019/04/24 16:00:00,903.27,903.27,892,895.93,6267
TPL,NYSE,2019/04/25 16:00:00,899,900.03,885.5,887.56,15760
TPL,NYSE,2019/04/26 16:00:00,876,882.05,810.6,843.55,32398
TPL,NYSE,2019/04/29 16:00:00,840.16,854,813.69,822,19714
TPL,NYSE,2019/04/30 16:00:00,822,822,773.01,802.34,47699
TPL,NYSE,2019/05/01 16:00:00,800,808,790,801.62,15157
TPL,NYSE,2019/05/02 16:00:00,814.4,826.91,801.5,807.3,18994
TPL,NYSE,2019/05/03 16:00:00,804.1,810,800.72,807.28,7498
TPL,NYSE,2019/05/06 16:00:00,800.5,805.5,796.27,799.14,9133
TPL,NYSE,2019/05/07 16:00:00,797.27,797.27,770.75,790.27,12204
TPL,NYSE,2019/05/08 16:00:00,793.5,799.4,788.01,798.95,7723
TPL,NYSE,2019/05/09 16:00:00,790,796.1,768.24,788.06,13088
TPL,NYSE,2019/05/10 16:00:00,787.2,809.31,775.01,800.48,9653
TPL,NYSE,2019/05/13 16:00:00,798.5,798.5,779.47,785.56,7786
TPL,NYSE,2019/05/14 16:00:00,785,829.5,785,824.06,18992
TPL,NYSE,2019/05/15 16:00:00,823.5,854.58,820.84,842.35,15657
TPL,NYSE,2019/05/16 16:00:00,839.4,850,834.8,848.33,4562
TPL,NYSE,2019/05/17 16:00:00,850,879.25,842.94,866.41,15802
TPL,NYSE,2019/05/20 16:00:00,873,873,841.63,845.51,8949
TPL,NYSE,2019/05/21 16:00:00,842.07,857.02,840,850.2,7473
TPL,NYSE,2019/05/22 16:00:00,844.99,850.88,818.89,829.17,13756
TPL,NYSE,2019/05/23 16:00:00,820,820,783.18,785.63,11259
TPL,NYSE,2019/05/24 16:00:00,789.71,791.75,773.01,783.56,7349
TPL,NYSE,2019/05/28 16:00:00,787.84,815.5,785,801.79,11406
TPL,NYSE,2019/05/29 16:00:00,804.05,822,799.91,809.93,9217
TPL,NYSE,2019/05/30 16:00:00,803,803.1,774.5,776.61,7931
TPL,NYSE,2019/05/31 16:00:00,766.8,766.8,728.05,737.01,28732
TPL,NYSE,2019/06/03 16:00:00,735,739.88,713.77,725.92,10657
TPL,NYSE,2019/06/04 16:00:00,733,753.54,722,753,21524
TPL,NYSE,2019/06/05 16:00:00,752.64,752.64,725,737.26,20984
TPL,NYSE,2019/06/06 16:00:00,735.45,750,735.45,746.97,12441
TPL,NYSE,2019/06/07 16:00:00,751,756.87,738.1,756.3,14700
TPL,NYSE,2019/06/10 16:00:00,747.74,767.3,743.34,750.96,8977
TPL,NYSE,2019/06/11 16:00:00,763,770.15,751,751.11,14551
TPL,NYSE,2019/06/12 16:00:00,750.5,752,712.5,721.19,12294
TPL,NYSE,2019/06/13 16:00:00,737.2,747.48,717.35,727.94,20708
TPL,NYSE,2019/06/14 16:00:00,733.78,740,728,740,7921
TPL,NYSE,2019/06/17 16:00:00,739.92,739.92,707.72,723,7962
TPL,NYSE,2019/06/18 16:00:00,724,754.5,724,752,8494
TPL,NYSE,2019/06/19 16:00:00,758.61,771.49,753.42,770.27,9708
TPL,NYSE,2019/06/20 16:00:00,780.41,799.01,775,790.9,15196
TPL,NYSE,2019/06/21 16:00:00,775,791.27,766.04,766.04,5109
TPL,NYSE,2019/06/24 16:00:00,775,795.43,772,795.43,12742
TPL,NYSE,2019/06/25 16:00:00,790.6,801,783.31,792.47,11014
TPL,NYSE,2019/06/26 16:00:00,801,814.64,799.24,799.24,22157
TPL,NYSE,2019/06/27 16:00:00,794.88,798,772.13,784.95,7427
TPL,NYSE,2019/06/28 16:00:00,790.1,791.9,785.44,786.99,6309
TPL,NYSE,2019/07/01 16:00:00,800,812.69,789,812.3,21165
TPL,NYSE,2019/07/02 16:00:00,812.11,818.09,780.66,780.66,18123
TPL,NYSE,2019/07/03 13:00:00,780.03,795.76,780.03,790.49,7675
TPL,NYSE,2019/07/05 16:00:00,792.89,803.3,792.5,800,3512
TPL,NYSE,2019/07/08 16:00:00,802.2,813.69,795.57,801.2,12009
TPL,NYSE,2019/07/09 16:00:00,790.42,793.29,785.44,786.07,4782
TPL,NYSE,2019/07/10 16:00:00,799.99,804.49,788.48,800.05,4943
TPL,NYSE,2019/07/11 16:00:00,810,810,791.47,793,7232
TPL,NYSE,2019/07/12 16:00:00,802.14,802.14,789,790.24,4468
TPL,NYSE,2019/07/15 16:00:00,785.05,788.11,785,786,3990
TPL,NYSE,2019/07/16 16:00:00,781,783.41,770.41,774.83,4859
TPL,NYSE,2019/07/17 16:00:00,769.24,770,765,765.43,6483
TPL,NYSE,2019/07/18 16:00:00,762.62,763.02,755.01,762.62,4514
TPL,NYSE,2019/07/19 16:00:00,760,768.65,760,761.5,5911
TPL,NYSE,2019/07/22 16:00:00,756.02,776.04,751.07,758.94,8116
TPL,NYSE,2019/07/23 16:00:00,755,757.5,745.02,754,9757
TPL,NYSE,2019/07/24 16:00:00,705.6,756.48,705.6,746.2,6993
TPL,NYSE,2019/07/25 16:00:00,753.3,757,741.99,747.79,10118
TPL,NYSE,2019/07/26 16:00:00,745.11,750,741.14,742.05,3208
TPL,NYSE,2019/07/29 16:00:00,750,750,730.34,748.5,8839
TPL,NYSE,2019/07/30 16:00:00,735.07,760,735,760,9829
TPL,NYSE,2019/07/31 16:00:00,769.83,811.25,769.83,797.2,27792
TPL,NYSE,2019/08/01 16:00:00,783.49,783.49,714.26,727.5,37538
TPL,NYSE,2019/08/02 16:00:00,735,735,702,712,13915
TPL,NYSE,2019/08/05 16:00:00,700,700,672.1,695.46,18113
TPL,NYSE,2019/08/06 16:00:00,700.65,712.5,673.25,679.99,10811
TPL,NYSE,2019/08/07 16:00:00,668.68,668.68,632.27,650,22805
TPL,NYSE,2019/08/08 16:00:00,653,675,653,675,21456
TPL,NYSE,2019/08/09 16:00:00,675.05,692.14,670.98,680.15,19225
TPL,NYSE,2019/08/12 16:00:00,685.98,688.76,650.5,659.95,13314
TPL,NYSE,2019/08/13 16:00:00,665,680,654.45,660.15,17665
TPL,NYSE,2019/08/14 16:00:00,650.98,650.98,625.02,638.2,27882
TPL,NYSE,2019/08/15 16:00:00,643.49,661.83,632,657.79,22887
TPL,NYSE,2019/08/16 16:00:00,667.65,672.5,658.35,671.17,7859
TPL,NYSE,2019/08/19 16:00:00,666,679.36,657.33,663.05,12710
TPL,NYSE,2019/08/20 16:00:00,667.01,668,652.55,652.55,5478
TPL,NYSE,2019/08/21 16:00:00,659.04,671.39,656.05,671.39,8666
TPL,NYSE,2019/08/22 16:00:00,672.5,677.5,656.41,660.15,13161
TPL,NYSE,2019/08/23 16:00:00,653,669.65,633.64,633.64,10689
TPL,NYSE,2019/08/26 16:00:00,643.04,643.04,627.76,636.25,11814
TPL,NYSE,2019/08/27 16:00:00,640,642.99,619.9,629.55,14663
TPL,NYSE,2019/08/28 16:00:00,631.99,655,630,646.77,16222
TPL,NYSE,2019/08/29 16:00:00,647.22,661.24,647.22,656.49,16022
TPL,NYSE,2019/08/30 16:00:00,655.1,661.87,647.69,655.21,17255
TPL,NYSE,2019/09/03 16:00:00,651.18,671.73,636.47,668.26,17939
TPL,NYSE,2019/09/04 16:00:00,670.96,679,661.12,676.92,22406
TPL,NYSE,2019/09/05 16:00:00,688,714,688,706.45,29610
TPL,NYSE,2019/09/06 16:00:00,705.78,705.78,678,679,26389
TPL,NYSE,2019/09/09 16:00:00,676.5,684.03,667.53,672.05,15769
TPL,NYSE,2019/09/10 16:00:00,668.85,675,650.34,651,23252
TPL,NYSE,2019/09/11 16:00:00,650.27,653.02,620.67,647.92,17646
TPL,NYSE,2019/09/12 16:00:00,650.01,679.39,643.99,658.97,27363
TPL,NYSE,2019/09/13 16:00:00,674.77,674.77,655.43,658.66,10342
TPL,NYSE,2019/09/16 16:00:00,675,714,675,710.21,26718
TPL,NYSE,2019/09/17 16:00:00,711,711,656.33,665.82,19833
TPL,NYSE,2019/09/18 16:00:00,657.13,667,655.02,667,15084
TPL,NYSE,2019/09/19 16:00:00,664.2,674,650,650.1,11208
TPL,NYSE,2019/09/20 16:00:00,646,651.1,637.5,642.15,16986
TPL,NYSE,2019/09/23 16:00:00,648.13,662.69,644.77,652.93,13625
TPL,NYSE,2019/09/24 16:00:00,651.31,655.23,648,650,7732
TPL,NYSE,2019/09/25 16:00:00,649.52,650.55,636.34,646.86,8124
TPL,NYSE,2019/09/26 16:00:00,647.04,652,635.05,635.05,5603
TPL,NYSE,2019/09/27 16:00:00,635.25,642.17,628.97,632.1,15295
TPL,NYSE,2019/09/30 16:00:00,634,650,634,649.57,16757
TPL,NYSE,2019/10/01 16:00:00,650,652.76,630.53,631.09,14436
TPL,NYSE,2019/10/02 16:00:00,630.02,631.02,605.63,620.15,25159
TPL,NYSE,2019/10/03 16:00:00,618.7,624,610,622.95,15153
TPL,NYSE,2019/10/04 16:00:00,617.65,620,594.1,604.39,34148
TPL,NYSE,2019/10/07 16:00:00,603.15,611.68,600,605.36,8344
TPL,NYSE,2019/10/08 16:00:00,599.2,615.71,593.61,612.26,17710
TPL,NYSE,2019/10/09 16:00:00,624.75,624.75,600,600.55,15743
TPL,NYSE,2019/10/10 16:00:00,602.2,613,601.06,607.92,8998
TPL,NYSE,2019/10/11 16:00:00,613.08,621,607.01,610.13,8968
TPL,NYSE,2019/10/14 16:00:00,612.56,612.56,595,605.52,7578
TPL,NYSE,2019/10/15 16:00:00,607.06,613.32,601,606,8120
TPL,NYSE,2019/10/16 16:00:00,610.38,619.99,601.61,601.61,15061
TPL,NYSE,2019/10/17 16:00:00,600,605,581.44,595.45,12858
TPL,NYSE,2019/10/18 16:00:00,597.56,601.22,585.77,592.09,8987
TPL,NYSE,2019/10/21 16:00:00,590,599.99,590,598.85,7932
TPL,NYSE,2019/10/22 16:00:00,599.42,612.54,599.42,610,6508
TPL,NYSE,2019/10/23 16:00:00,610.15,620,610.01,617.89,5863
TPL,NYSE,2019/10/24 16:00:00,618.67,618.67,604.12,606.64,7169
TPL,NYSE,2019/10/25 16:00:00,617.99,617.99,601.54,607.12,8040
TPL,NYSE,2019/10/28 16:00:00,604.54,615.93,601,611.91,15507
TPL,NYSE,2019/10/29 16:00:00,605.26,610,587.5,587.5,19723
TPL,NYSE,2019/10/30 16:00:00,587.6,595.11,585,591.28,10477
TPL,NYSE,2019/10/31 16:00:00,584.56,585.28,565.1,569.03,24038
TPL,NYSE,2019/11/01 16:00:00,577.56,632.5,577.56,626.7,41524
TPL,NYSE,2019/11/04 16:00:00,636.1,650,633.36,637,16225
TPL,NYSE,2019/11/05 16:00:00,644.43,663.12,639.14,654.9,21221
TPL,NYSE,2019/11/06 16:00:00,650.07,657.04,627.66,638.4,13891
TPL,NYSE,2019/11/07 16:00:00,640,654.9,636,640,9538
TPL,NYSE,2019/11/08 16:00:00,637.59,645,634.05,645,6587
TPL,NYSE,2019/11/11 16:00:00,642.33,651.67,632.26,647.54,14388
TPL,NYSE,2019/11/12 16:00:00,655,662.43,642.45,646.75,11344
TPL,NYSE,2019/11/13 16:00:00,642.99,678.99,640.96,664.37,21194
TPL,NYSE,2019/11/14 16:00:00,665,680,645.88,651.01,18229
TPL,NYSE,2019/11/15 16:00:00,652.47,665,649.41,665,11988
TPL,NYSE,2019/11/18 16:00:00,666.51,670,654.29,665.05,13536
TPL,NYSE,2019/11/19 16:00:00,666.18,682.64,659.81,682.64,14784
TPL,NYSE,2019/11/20 16:00:00,680.1,696.99,672.83,690.18,17914
TPL,NYSE,2019/11/21 16:00:00,700,700,668.41,679.21,20052
TPL,NYSE,2019/11/22 16:00:00,685.88,687,668.28,670,13666
TPL,NYSE,2019/11/25 16:00:00,672,685,672,676,11331
TPL,NYSE,2019/11/26 16:00:00,680.42,684.7,667.2,667.2,15770
TPL,NYSE,2019/11/27 16:00:00,667.6,679.91,665.41,675.99,23725
TPL,NYSE,2019/11/29 13:00:00,674.49,674.98,671.7,674.98,2760
TPL,NYSE,2019/12/02 16:00:00,676,680,644.22,650,23116
TPL,NYSE,2019/12/03 16:00:00,647.16,657.52,642.86,645.61,15767
TPL,NYSE,2019/12/04 16:00:00,655.29,681.52,655.29,666.64,25921
TPL,NYSE,2019/12/05 16:00:00,656.65,676.06,656.65,666.4,6231
TPL,NYSE,2019/12/06 16:00:00,667.01,673.5,657.24,667.55,12185
TPL,NYSE,2019/12/09 16:00:00,669.18,672.5,664,668.94,11349
TPL,NYSE,2019/12/10 16:00:00,666.1,675,666.1,672.19,8968
TPL,NYSE,2019/12/11 16:00:00,666,677.49,666,675.02,19397
TPL,NYSE,2019/12/12 16:00:00,677.99,688.2,671.98,688,12812
TPL,NYSE,2019/12/13 16:00:00,683.5,686.53,676.75,683.86,21490
TPL,NYSE,2019/12/16 16:00:00,692.05,702.69,685.77,695.05,21766
TPL,NYSE,2019/12/17 16:00:00,694,707.61,694,702.99,21200
TPL,NYSE,2019/12/18 16:00:00,706.9,715.96,700.37,708.12,23604
TPL,NYSE,2019/12/19 16:00:00,706.01,736.58,706.01,728.85,31583
TPL,NYSE,2019/12/20 16:00:00,734.62,769.87,726.84,765.92,43086
TPL,NYSE,2019/12/23 16:00:00,761,785.01,761,783.7,33257
TPL,NYSE,2019/12/24 13:00:00,785.21,797.33,775,785.46,10058
TPL,NYSE,2019/12/26 16:00:00,787.63,794.5,758.44,785.22,20393
TPL,NYSE,2019/12/27 16:00:00,787.65,804.7,771.74,795.04,21301
TPL,NYSE,2019/12/30 16:00:00,795.5,796.99,776.99,788.34,13986
TPL,NYSE,2019/12/31 16:00:00,798.7,798.7,778.42,781.22,8062
TPL,NYSE,2020/01/02 16:00:00,785,785.97,774.79,775.12,8224
TPL,NYSE,2020/01/03 16:00:00,800,802,782.04,799.2,20807
TPL,NYSE,2020/01/06 16:00:00,799.2,810,795.22,800,29591
TPL,NYSE,2020/01/07 16:00:00,800.85,804.5,796.95,804.5,13545
TPL,NYSE,2020/01/08 16:00:00,805,824.97,800,819.37,34524
TPL,NYSE,2020/01/09 16:00:00,822.99,838.5,805.48,813.19,20601
TPL,NYSE,2020/01/10 16:00:00,811.93,812.49,793.93,809.28,16494
TPL,NYSE,2020/01/13 16:00:00,807.01,807.01,791.45,804.9,24752
TPL,NYSE,2020/01/14 16:00:00,804.84,805,795,799.45,16472
TPL,NYSE,2020/01/15 16:00:00,799.3,810.76,795.92,795.92,12050
TPL,NYSE,2020/01/16 16:00:00,800,800,785.69,794.9,10096
TPL,NYSE,2020/01/17 16:00:00,795.4,795.4,789.57,792.86,5464
TPL,NYSE,2020/01/21 16:00:00,792.01,792.01,778.55,781.94,11659
TPL,NYSE,2020/01/22 16:00:00,793.66,797.85,766.1,766.8,17548
TPL,NYSE,2020/01/23 16:00:00,762,765,740.7,759,17896
TPL,NYSE,2020/01/24 16:00:00,755,755,739.22,751.23,9086
TPL,NYSE,2020/01/27 16:00:00,741,748.29,734.05,735.13,12061
TPL,NYSE,2020/01/28 16:00:00,741.74,753.38,736.62,745.55,17626
TPL,NYSE,2020/01/29 16:00:00,745.2,753.81,740,742,19166
TPL,NYSE,2020/01/30 16:00:00,735.03,738.35,719.39,726.5,15248
TPL,NYSE,2020/01/31 16:00:00,720.4,756.8,685.95,755.71,53111
TPL,NYSE,2020/02/03 16:00:00,751.53,760,731.68,750,33982
TPL,NYSE,2020/02/04 16:00:00,760.48,781.37,760.48,780.04,22342
TPL,NYSE,2020/02/05 16:00:00,789.69,814.99,785,801.07,27205
TPL,NYSE,2020/02/06 16:00:00,801,806.18,795,803.56,21234
TPL,NYSE,2020/02/07 16:00:00,798,809.41,790.13,802.1,12778
TPL,NYSE,2020/02/10 16:00:00,800,803.05,770.75,777.46,16760
TPL,NYSE,2020/02/11 16:00:00,777.5,792,777.5,782.1,8725
TPL,NYSE,2020/02/12 16:00:00,784.9,794,784.9,787.75,14735
TPL,NYSE,2020/02/13 16:00:00,781,786,773.39,783.5,10235
TPL,NYSE,2020/02/14 16:00:00,784,784,770,770.07,4650
TPL,NYSE,2020/02/18 16:00:00,766.71,769.35,759,766.18,12909
TPL,NYSE,2020/02/19 16:00:00,767.05,775,767.05,772.95,8919
TPL,NYSE,2020/02/20 16:00:00,770,781.41,770,781.41,9269
TPL,NYSE,2020/02/21 16:00:00,778,778,762.87,765,10705
TPL,NYSE,2020/02/24 16:00:00,753.53,762.56,742.13,751.23,33288
TPL,NYSE,2020/02/25 16:00:00,759,764.77,716,725,22144
TPL,NYSE,2020/02/26 16:00:00,725,736,709.22,710.79,26980
TPL,NYSE,2020/02/27 16:00:00,700.13,709.99,675,678.2,27035
TPL,NYSE,2020/02/28 16:00:00,665,695.8,650,695.8,27462
TPL,NYSE,2020/03/02 16:00:00,694.32,704.27,676.15,690.7,24316
TPL,NYSE,2020/03/03 16:00:00,698.28,698.28,659.33,671.08,15943
TPL,NYSE,2020/03/04 16:00:00,684.77,697.28,670.26,673.1,15936
TPL,NYSE,2020/03/05 16:00:00,658.48,671.87,651.31,655.81,23626
TPL,NYSE,2020/03/06 16:00:00,636.76,638.69,610,622,41762
TPL,NYSE,2020/03/09 16:00:00,540,540,460.47,467.21,96391
TPL,NYSE,2020/03/10 16:00:00,488.66,534.32,459,527,80802
TPL,NYSE,2020/03/11 16:00:00,495,505,454.63,457.01,49751
TPL,NYSE,2020/03/12 16:00:00,418.66,427.13,390,410.01,83900
TPL,NYSE,2020/03/13 16:00:00,430.09,452.47,415.01,436.9,57920
TPL,NYSE,2020/03/16 16:00:00,410,465.84,378.33,410.01,73719
TPL,NYSE,2020/03/17 16:00:00,414.15,421.99,356.19,368.26,91612
TPL,NYSE,2020/03/18 16:00:00,350,356.34,295.4,310.94,79059
TPL,NYSE,2020/03/19 16:00:00,313.63,371.31,301.4,354.08,59483
TPL,NYSE,2020/03/20 16:00:00,359.08,372.46,340.03,352.86,54335
TPL,NYSE,2020/03/23 16:00:00,347.86,347.86,295.05,308.34,60102
TPL,NYSE,2020/03/24 16:00:00,326.92,389.89,320.79,388.94,74550
TPL,NYSE,2020/03/25 16:00:00,380.37,404.76,346.99,375,55309
TPL,NYSE,2020/03/26 16:00:00,375,398.15,363.49,370.01,60907
TPL,NYSE,2020/03/27 16:00:00,365,379.3,325.01,379.3,63655
TPL,NYSE,2020/03/30 16:00:00,375.02,400,358,390.02,70905
TPL,NYSE,2020/03/31 16:00:00,398.21,400,375,380.01,63842
TPL,NYSE,2020/04/01 16:00:00,365.01,384.79,345,376.52,62837
TPL,NYSE,2020/04/02 16:00:00,388.98,459.85,380.2,422.07,77085
TPL,NYSE,2020/04/03 16:00:00,425,465,425,457.87,69193
TPL,NYSE,2020/04/06 16:00:00,461.61,478.62,453.97,475.03,56100
TPL,NYSE,2020/04/07 16:00:00,490,499.03,445.86,457.04,182605
TPL,NYSE,2020/04/08 16:00:00,455.59,489.49,440.78,471.03,177600
TPL,NYSE,2020/04/09 16:00:00,463.82,561.58,463.15,513.24,170126
TPL,NYSE,2020/04/13 16:00:00,515.08,520.01,490.02,515.1,78114
TPL,NYSE,2020/04/14 16:00:00,525,538.88,515.36,535.53,75643
TPL,NYSE,2020/04/15 16:00:00,510,515.02,490.01,515.02,53720
TPL,NYSE,2020/04/16 16:00:00,517.31,524.44,498,509.56,75723
TPL,NYSE,2020/04/17 16:00:00,517.61,520,489.59,512.62,34938
TPL,NYSE,2020/04/20 16:00:00,480.3,505.94,478.86,502.5,134896
TPL,NYSE,2020/04/21 16:00:00,482.55,490,455.01,463.16,74164
TPL,NYSE,2020/04/22 16:00:00,492.51,509.99,479.8,499.26,36114
TPL,NYSE,2020/04/23 16:00:00,511,531.14,492.45,493.71,49668
TPL,NYSE,2020/04/24 16:00:00,497.27,540.91,480.49,498.82,57117
TPL,NYSE,2020/04/27 16:00:00,500.9,522.34,469.1,513.96,38596
TPL,NYSE,2020/04/28 16:00:00,524.28,525,499.11,519.55,23651
TPL,NYSE,2020/04/29 16:00:00,537.73,574.9,532,560.05,29507
TPL,NYSE,2020/04/30 16:00:00,560,584.57,537.58,569.65,70946
TPL,NYSE,2020/05/01 16:00:00,515,532,493.41,508.26,49555
TPL,NYSE,2020/05/04 16:00:00,491.1,548.82,491.1,533.33,60336
TPL,NYSE,2020/05/05 16:00:00,537.36,559.99,509.46,516.14,39665
TPL,NYSE,2020/05/06 16:00:00,510,510,485,491.12,42023
TPL,NYSE,2020/05/07 16:00:00,498.01,515,487.76,493.03,37711
TPL,NYSE,2020/05/08 16:00:00,500,522.4,500,521.55,22375
TPL,NYSE,2020/05/11 16:00:00,519,528.8,510.75,520.19,21606
TPL,NYSE,2020/05/12 16:00:00,529.99,534.36,513.89,524.01,20661
TPL,NYSE,2020/05/13 16:00:00,520.43,530.25,503,511.71,29336
TPL,NYSE,2020/05/14 16:00:00,510.9,523.5,499,519.97,26566
TPL,NYSE,2020/05/15 16:00:00,520,535.51,517.5,524.35,16828
TPL,NYSE,2020/05/18 16:00:00,545.4,572,543.67,553.36,34761
TPL,NYSE,2020/05/19 16:00:00,554.89,562,543.99,550.86,16766
TPL,NYSE,2020/05/20 16:00:00,561.33,587,555.04,584.81,40671
TPL,NYSE,2020/05/21 16:00:00,588,594.9,566.52,578.54,29309
TPL,NYSE,2020/05/22 16:00:00,580,601.84,566.08,576.12,35939
TPL,NYSE,2020/05/26 16:00:00,593.17,601.01,581.23,587.89,23737
TPL,NYSE,2020/05/27 16:00:00,588.15,592.76,570.54,587.67,27927
TPL,NYSE,2020/05/28 16:00:00,590,611,575,600.99,46783
TPL,NYSE,2020/05/29 16:00:00,595.93,597.99,576.65,586.39,31837
TPL,NYSE,2020/06/01 16:00:00,578.3,598,578.3,595.03,21057
TPL,NYSE,2020/06/02 16:00:00,603.16,617.26,603.16,612.12,16548
TPL,NYSE,2020/06/03 16:00:00,610.2,620.1,610.2,619.96,14760
TPL,NYSE,2020/06/04 16:00:00,619.99,625.01,610.5,625.01,24383
TPL,NYSE,2020/06/05 16:00:00,630,675,630,664.8,64291
TPL,NYSE,2020/06/08 16:00:00,668.21,708.8,668.21,704.59,56778
TPL,NYSE,2020/06/09 16:00:00,698.91,698.91,666,666,33610
TPL,NYSE,2020/06/10 16:00:00,666,669,640,644.99,28105
TPL,NYSE,2020/06/11 16:00:00,618.82,623,570,575.32,97874
TPL,NYSE,2020/06/12 16:00:00,595.54,635,585.23,627,49296
TPL,NYSE,2020/06/15 16:00:00,600.9,642.03,598.7,625.57,49317
TPL,NYSE,2020/06/16 16:00:00,649.22,653.75,627.02,641.35,27841
TPL,NYSE,2020/06/17 16:00:00,641.4,641.4,620.86,625.12,10365
TPL,NYSE,2020/06/18 16:00:00,622.46,628.94,605.31,614.9,32656
TPL,NYSE,2020/06/19 16:00:00,630,634.99,616.57,624.04,25770
TPL,NYSE,2020/06/22 16:00:00,618.76,628.41,613,614.11,17188
TPL,NYSE,2020/06/23 16:00:00,626.8,626.8,599.95,599.95,19078
TPL,NYSE,2020/06/24 16:00:00,592.7,605,560.22,572,24188
TPL,NYSE,2020/06/25 16:00:00,576,585,570,584.27,11654
TPL,NYSE,2020/06/26 16:00:00,579.95,589.9,566.9,572.15,16527
TPL,NYSE,2020/06/29 16:00:00,575.87,580,561.38,570.01,12431
TPL,NYSE,2020/06/30 16:00:00,567.9,595,567.9,594.69,15115
TPL,NYSE,2020/07/01 16:00:00,595,600,570.06,578.4,22148
TPL,NYSE,2020/07/02 16:00:00,585,590.4,575.02,577.39,13921
TPL,NYSE,2020/07/06 16:00:00,583.5,584.72,567,569.99,13215
TPL,NYSE,2020/07/07 16:00:00,562.2,565.53,549.76,549.76,12774
TPL,NYSE,2020/07/08 16:00:00,549.8,561.23,539,561.01,16018
TPL,NYSE,2020/07/09 16:00:00,567.8,569.47,534.9,542.59,22223
TPL,NYSE,2020/07/10 16:00:00,538.14,553.47,536.68,547,25000
TPL,NYSE,2020/07/13 16:00:00,552.47,556.7,535.02,537.02,21303
TPL,NYSE,2020/07/14 16:00:00,540.32,598.13,540.32,585.18,25968
TPL,NYSE,2020/07/15 16:00:00,595.9,610,576.17,596.73,23452
TPL,NYSE,2020/07/16 16:00:00,586.94,591,574.34,582.43,16822
TPL,NYSE,2020/07/17 16:00:00,580,587,576.28,585.71,12659
TPL,NYSE,2020/07/20 16:00:00,585,592,575,575.01,15709
TPL,NYSE,2020/07/21 16:00:00,582,595,572.42,582,20223
TPL,NYSE,2020/07/22 16:00:00,579.75,586.9,564.01,573.82,14920
TPL,NYSE,2020/07/23 16:00:00,567.8,571.93,554.89,568.8,16489
TPL,NYSE,2020/07/24 16:00:00,564.87,566,552,560.02,7021
TPL,NYSE,2020/07/27 16:00:00,560.02,564.42,554.68,555,15382
TPL,NYSE,2020/07/28 16:00:00,554.98,560.15,542.53,548.99,15368
TPL,NYSE,2020/07/29 16:00:00,554.74,571.54,554.74,562,14712
TPL,NYSE,2020/07/30 16:00:00,550,576.06,545.9,554.57,27292
TPL,NYSE,2020/07/31 16:00:00,545,545,514.92,532.99,40035
TPL,NYSE,2020/08/03 16:00:00,532.99,554.12,520.99,539.99,26613
TPL,NYSE,2020/08/04 16:00:00,537.1,564.48,537.1,564.4,16858
TPL,NYSE,2020/08/05 16:00:00,564.4,615,564.4,602,51946
TPL,NYSE,2020/08/06 16:00:00,594.04,596.34,570,576.9,16069
TPL,NYSE,2020/08/07 16:00:00,570.05,585,565,584,16345
TPL,NYSE,2020/08/10 16:00:00,584,600,584,599,13031
TPL,NYSE,2020/08/11 16:00:00,607,610,580.45,588.2,20070
TPL,NYSE,2020/08/12 16:00:00,593.5,599.57,586,590.01,11686
TPL,NYSE,2020/08/13 16:00:00,588.97,592.84,584.35,588.99,8632
TPL,NYSE,2020/08/14 16:00:00,580.33,600,580.1,600,14333
TPL,NYSE,2020/08/17 16:00:00,605,605,590.48,596.74,15738
TPL,NYSE,2020/08/18 16:00:00,593.95,593.95,583.12,587.35,10986
TPL,NYSE,2020/08/19 16:00:00,582,584.89,572.01,572.11,11444
TPL,NYSE,2020/08/20 16:00:00,573.1,573.31,558,559.47,14746
TPL,NYSE,2020/08/21 16:00:00,558.98,561.85,549.2,552.51,12372
TPL,NYSE,2020/08/24 16:00:00,547.52,556.88,538,543.08,20035
TPL,NYSE,2020/08/25 16:00:00,543.52,552.5,538.71,545.14,15161
TPL,NYSE,2020/08/26 16:00:00,540,545.3,538.15,542.78,13375
TPL,NYSE,2020/08/27 16:00:00,541.1,546.37,531.38,537.74,23727
TPL,NYSE,2020/08/28 16:00:00,534.55,538.3,525,531.59,21153
TPL,NYSE,2020/08/31 16:00:00,530,530,521.88,526.72,17659
TPL,NYSE,2020/09/01 16:00:00,530,539.59,526.53,536.72,25027
TPL,NYSE,2020/09/02 16:00:00,540.99,544.33,530.99,537.8,13034
TPL,NYSE,2020/09/03 16:00:00,540.5,540.5,519.37,527.32,18034
TPL,NYSE,2020/09/04 16:00:00,522.5,527.01,504.78,510.69,37862
TPL,NYSE,2020/09/08 16:00:00,501,504.05,489.3,494.03,29743
TPL,NYSE,2020/09/09 16:00:00,502,508.73,497.44,508.73,14875
TPL,NYSE,2020/09/10 16:00:00,505,505,480,481,37479
TPL,NYSE,2020/09/11 16:00:00,485.04,490.3,469.43,478.13,20735
TPL,NYSE,2020/09/14 16:00:00,479.98,486.01,470.68,480.99,19728
TPL,NYSE,2020/09/15 16:00:00,479.66,482.19,463.6,463.6,23604
TPL,NYSE,2020/09/16 16:00:00,464.31,470.22,451.22,458.56,40245
TPL,NYSE,2020/09/17 16:00:00,453.1,460.24,452.22,459.42,14616
TPL,NYSE,2020/09/18 16:00:00,457.64,460.62,448.46,457.99,23517
TPL,NYSE,2020/09/21 16:00:00,445.27,459.99,427.69,459.56,39239
TPL,NYSE,2020/09/22 16:00:00,460.56,464,453.79,461,29660
TPL,NYSE,2020/09/23 16:00:00,461,466.68,439.14,441.7,17984
TPL,NYSE,2020/09/24 16:00:00,442,462.52,441.34,457.02,11120
TPL,NYSE,2020/09/25 16:00:00,454.94,461.66,446.46,451,17096
TPL,NYSE,2020/09/28 16:00:00,459.22,464,454.6,461.48,13792
TPL,NYSE,2020/09/29 16:00:00,454.96,454.96,439.99,452.06,19071
TPL,NYSE,2020/09/30 16:00:00,452.06,462.98,451.56,451.56,21052
TPL,NYSE,2020/10/01 16:00:00,450.58,460,440.22,450.2,30632
TPL,NYSE,2020/10/02 16:00:00,440,453.71,437.01,448.1,18488
TPL,NYSE,2020/10/05 16:00:00,451,459.64,450.47,455.11,11842
TPL,NYSE,2020/10/06 16:00:00,461.98,475.03,457.2,460.22,13699
TPL,NYSE,2020/10/07 16:00:00,458.96,477.62,458.71,472.98,15592
TPL,NYSE,2020/10/08 16:00:00,478.55,484.73,470.25,484.73,14944
TPL,NYSE,2020/10/09 16:00:00,484.73,485,462.84,466.6,20427
TPL,NYSE,2020/10/12 16:00:00,468,475.29,462,471.99,14230
TPL,NYSE,2020/10/13 16:00:00,469.89,472.21,457.75,459.65,8586
TPL,NYSE,2020/10/14 16:00:00,466.22,481.25,462.63,465.01,14345
TPL,NYSE,2020/10/15 16:00:00,461.26,485.19,458.17,481.42,15586
TPL,NYSE,2020/10/16 16:00:00,485,485,469.42,469.42,14295
TPL,NYSE,2020/10/19 16:00:00,472.99,480.6,469.09,472,15276
TPL,NYSE,2020/10/20 16:00:00,472,480,465,469.98,15033
TPL,NYSE,2020/10/21 16:00:00,472,474.08,462,463.05,11637
TPL,NYSE,2020/10/22 16:00:00,464.05,481.02,457.67,479.17,12611
TPL,NYSE,2020/10/23 16:00:00,478.5,486.52,474.77,477.98,8610
TPL,NYSE,2020/10/26 16:00:00,476.79,476.79,463,472.98,16687
TPL,NYSE,2020/10/27 16:00:00,475.2,475.3,463.2,463.2,11417
TPL,NYSE,2020/10/28 16:00:00,458.01,458.01,440,449.49,32635
TPL,NYSE,2020/10/29 16:00:00,447.89,466.72,439.05,464.62,16294
TPL,NYSE,2020/10/30 16:00:00,458.9,465,450.41,450.41,14545
TPL,NYSE,2020/11/02 16:00:00,457.2,480,457.2,465.44,22777
TPL,NYSE,2020/11/03 16:00:00,475.15,498.01,471,483.99,38119
TPL,NYSE,2020/11/04 16:00:00,479.56,481.21,472.22,474.51,9655
TPL,NYSE,2020/11/05 16:00:00,476.73,510.8,470.05,506.83,32835
TPL,NYSE,2020/11/06 16:00:00,505,508,497.57,497.58,12564
TPL,NYSE,2020/11/09 16:00:00,531.5,595,531.43,574.98,87942
TPL,NYSE,2020/11/10 16:00:00,575.38,580,551.5,556.02,23855
TPL,NYSE,2020/11/11 16:00:00,560.37,564.5,540.25,540.25,23638
TPL,NYSE,2020/11/12 16:00:00,539.41,548,530,537.22,13248
TPL,NYSE,2020/11/13 16:00:00,540,549.85,540,549.85,8145
TPL,NYSE,2020/11/16 16:00:00,557.71,579.99,557.71,579.99,18287
TPL,NYSE,2020/11/17 16:00:00,578,584.87,564.8,584.87,11659
TPL,NYSE,2020/11/18 16:00:00,586.99,586.99,574.48,579.4,17507
TPL,NYSE,2020/11/19 16:00:00,574.89,582,568,574.99,16408
TPL,NYSE,2020/11/20 16:00:00,576.9,581.68,575,577.26,10240
TPL,NYSE,2020/11/23 16:00:00,584.03,604.09,584.03,604.09,32033
TPL,NYSE,2020/11/24 16:00:00,607.5,653.95,605.75,631.5,38665
TPL,NYSE,2020/11/25 16:00:00,634.16,634.16,616.97,616.97,17207
TPL,NYSE,2020/11/27 13:00:00,616.48,620.29,585,589,18723
TPL,NYSE,2020/11/30 16:00:00,597.69,618.01,585,609.92,18275
TPL,NYSE,2020/12/01 16:00:00,611.59,625.97,601.71,614.01,17585
TPL,NYSE,2020/12/02 16:00:00,609.84,623,609.84,620.2,10758
TPL,NYSE,2020/12/03 16:00:00,624.83,640.58,618.37,640.52,10022
TPL,NYSE,2020/12/04 16:00:00,642,672.04,642,669.96,17818
TPL,NYSE,2020/12/07 16:00:00,662,672.39,658.58,669.39,8599
TPL,NYSE,2020/12/08 16:00:00,668.2,678.71,664.65,672,15649
TPL,NYSE,2020/12/09 16:00:00,678,687.91,664.98,682.88,17937
TPL,NYSE,2020/12/10 16:00:00,675.2,698,675.2,693.02,17217
TPL,NYSE,2020/12/11 16:00:00,692.5,694.34,684.5,692,9389
TPL,NYSE,2020/12/14 16:00:00,694,694,676,684,9235
TPL,NYSE,2020/12/15 16:00:00,684,702,684,700,33601
TPL,NYSE,2020/12/16 16:00:00,700,719.9,687.52,719.9,31412
TPL,NYSE,2020/12/17 16:00:00,725,730,720.34,723.53,23565
TPL,NYSE,2020/12/18 16:00:00,728.57,744.21,725,740.62,20086
TPL,NYSE,2020/12/21 16:00:00,724.8,750,715.35,724.5,41522
TPL,NYSE,2020/12/22 16:00:00,726.99,730,681.83,700,34588
TPL,NYSE,2020/12/23 16:00:00,701,708,690.4,699,18974
TPL,NYSE,2020/12/24 13:00:00,692.18,707.7,684.81,692,7310
TPL,NYSE,2020/12/28 16:00:00,692,700.82,684.03,694,9726
TPL,NYSE,2020/12/29 16:00:00,695.5,701.36,681,686.06,10788
TPL,NYSE,2020/12/30 16:00:00,681,723.49,681,723.49,18701
TPL,NYSE,2020/12/31 16:00:00,720.26,732.83,714.26,727,12498
TPL,NYSE,2021/01/04 16:00:00,723.49,768.34,710.5,756.56,30605
TPL,NYSE,2021/01/05 16:00:00,761,834.85,761,795,62282
TPL,NYSE,2021/01/06 16:00:00,790.18,808.01,786.52,793.02,20628
TPL,NYSE,2021/01/07 16:00:00,795,807.99,766.53,778.68,29195
TPL,NYSE,2021/01/08 16:00:00,771.21,806.81,756.85,801,41551
TPL,NYSE,2021/01/11 16:00:00,796.2,869.5,796.2,869.5,24231
TPL,NYSE,2021/01/12 16:00:00,874.99,883.44,856.95,880.89,39537
TPL,NYSE,2021/01/13 16:00:00,887.79,895,834.2,834.2,33238
TPL,NYSE,2021/01/14 16:00:00,837.14,859.9,833.51,853.97,20463
TPL,NYSE,2021/01/15 16:00:00,850.88,850.88,813.76,840.99,13887
TPL,NYSE,2021/01/19 16:00:00,841,850,823.95,848.85,12010
TPL,NYSE,2021/01/20 16:00:00,858.81,858.81,833.01,844.34,16862
TPL,NYSE,2021/01/21 16:00:00,849.2,849.2,802.47,810.91,22959
TPL,NYSE,2021/01/22 16:00:00,801.81,840,798.69,822.3,20800
TPL,NYSE,2021/01/25 16:00:00,819,832.28,801.05,823.99,10752
TPL,NYSE,2021/01/26 16:00:00,828,849.72,819.16,832.93,27720
TPL,NYSE,2021/01/27 16:00:00,828.07,830.1,785,806.1,25584
TPL,NYSE,2021/01/28 16:00:00,797.24,839.95,797,835,39234
TPL,NYSE,2021/01/29 16:00:00,832,848.99,803,832.24,45181
TPL,NYSE,2021/02/01 16:00:00,836,849.69,823.79,834,23608
TPL,NYSE,2021/02/02 16:00:00,848,864.11,846.86,857.94,20361
TPL,NYSE,2021/02/03 16:00:00,856.36,910,856.36,905.6,59954
TPL,NYSE,2021/02/04 16:00:00,906.2,973.99,901.61,961.49,75144
TPL,NYSE,2021/02/05 16:00:00,987,993,966.46,992.99,47790
TPL,NYSE,2021/02/08 16:00:00,988.97,1020,986.06,1020,47919
TPL,NYSE,2021/02/09 16:00:00,1007,1024.94,994.56,1011.68,61716
TPL,NYSE,2021/02/10 16:00:00,1020,1066,1020,1065.94,60264
TPL,NYSE,2021/02/11 16:00:00,1059.4,1082.9,1059,1074.98,42201
TPL,NYSE,2021/02/12 16:00:00,1076,1120.51,1061.12,1119.78,39185
TPL,NYSE,2021/02/16 16:00:00,1125,1187.4,1119.78,1164.23,66707
TPL,NYSE,2021/02/17 16:00:00,1165.01,1173.18,1138.55,1142.83,51697
TPL,NYSE,2021/02/18 16:00:00,1133.11,1142,1053.89,1109.83,56066
TPL,NYSE,2021/02/19 16:00:00,1121.54,1125,1099.28,1109,35921
TPL,NYSE,2021/02/22 16:00:00,1096.13,1143.94,1089.65,1100.01,39777
TPL,NYSE,2021/02/23 16:00:00,1098.83,1120,1044,1114.08,29608
TPL,NYSE,2021/02/24 16:00:00,1121.98,1165.66,1114,1143.52,25459
TPL,NYSE,2021/02/25 16:00:00,1166.19,1190,1107.47,1111.87,37698
TPL,NYSE,2021/02/26 16:00:00,1111,1127.87,1037.76,1104.04,29031
TPL,NYSE,2021/03/01 16:00:00,1121,1124.94,1077.79,1107.78,19743
TPL,NYSE,2021/03/02 16:00:00,1109,1129.17,1095.76,1098.32,23302
TPL,NYSE,2021/03/03 16:00:00,1101,1185,1101,1157.2,34837
TPL,NYSE,2021/03/04 16:00:00,1176.5,1209.82,1148.61,1175.02,61711
TPL,NYSE,2021/03/05 16:00:00,1190,1217.95,1172.48,1200,54581
TPL,NYSE,2021/03/08 16:00:00,1200,1272.3,1188.06,1258,80141
TPL,NYSE,2021/03/09 16:00:00,1247.84,1316.89,1238.83,1282.23,85706
TPL,NYSE,2021/03/10 16:00:00,1300,1382.03,1276.7,1359.37,85751
TPL,NYSE,2021/03/11 16:00:00,1369.9,1433.87,1369.13,1414.95,81503
TPL,NYSE,2021/03/12 16:00:00,1428.5,1498.19,1417.24,1437,87862
TPL,NYSE,2021/03/15 16:00:00,1440,1593.48,1440,1557.92,167717
TPL,NYSE,2021/03/16 16:00:00,1542,1652.18,1481.41,1553.72,133414
TPL,NYSE,2021/03/17 16:00:00,1580,1710.5,1564.05,1703.78,213825
TPL,NYSE,2021/03/18 16:00:00,1704.4,1704.4,1510.52,1541.34,191075
TPL,NYSE,2021/03/19 16:00:00,1531.93,1699.99,1472.77,1675.45,609842
TPL,NYSE,2021/03/22 16:00:00,1650.33,1684.22,1564.23,1583.52,171022
TPL,NYSE,2021/03/23 16:00:00,1525,1547.47,1380.26,1426.31,197463
TPL,NYSE,2021/03/24 16:00:00,1443.05,1522.53,1441.83,1486.4,56979
TPL,NYSE,2021/03/25 16:00:00,1452.89,1539.92,1426.62,1532.01,46359
TPL,NYSE,2021/03/26 16:00:00,1535,1584.99,1504.88,1578,49906
TPL,NYSE,2021/03/29 16:00:00,1565,1590,1476.16,1476.34,50732
TPL,NYSE,2021/03/30 16:00:00,1498.99,1570.35,1476.2,1544,49368
TPL,NYSE,2021/03/31 16:00:00,1553.2,1614.61,1553.2,1589.43,63857
TPL,NYSE,2021/04/01 16:00:00,1580.08,1633.52,1531.76,1600,59126
TPL,NYSE,2021/04/05 16:00:00,1608,1608,1559.24,1587.99,53921
TPL,NYSE,2021/04/06 16:00:00,1588.1,1653.42,1588.1,1595.49,49269
TPL,NYSE,2021/04/07 16:00:00,1602.69,1635.57,1597.85,1612.57,44651
TPL,NYSE,2021/04/08 16:00:00,1601.36,1637.43,1576.11,1610.29,39423
TPL,NYSE,2021/04/09 16:00:00,1590.73,1618.31,1575.07,1598.19,45042
TAP,NYSE,2019/04/01 16:00:00,59.96,60.66,59.84,60.37,1333335
TAP,NYSE,2019/04/02 16:00:00,60.42,60.48,59.84,60.15,1106989
TAP,NYSE,2019/04/03 16:00:00,60.1,60.4,59.37,59.84,1492979
TAP,NYSE,2019/04/04 16:00:00,60.05,60.91,59.83,60.76,1349326
TAP,NYSE,2019/04/05 16:00:00,60.76,61,60.14,60.63,1068964
TAP,NYSE,2019/04/08 16:00:00,60.35,61.01,60.35,60.79,1171648
TAP,NYSE,2019/04/09 16:00:00,60.28,60.51,59.23,59.55,1428933
TAP,NYSE,2019/04/10 16:00:00,59.5,59.67,58.76,59.4,1680719
TAP,NYSE,2019/04/11 16:00:00,59.82,60.72,59.73,60.07,1463954
TAP,NYSE,2019/04/12 16:00:00,60.25,60.94,59.88,59.98,729177
TAP,NYSE,2019/04/15 16:00:00,60.25,60.61,60,60.45,990633
TAP,NYSE,2019/04/16 16:00:00,60.45,60.77,59.43,59.53,1771292
TAP,NYSE,2019/04/17 16:00:00,59.59,60.14,59.22,59.42,1143363
TAP,NYSE,2019/04/18 16:00:00,59.7,61.53,59.68,61.4,1917905
TAP,NYSE,2019/04/22 16:00:00,61.49,62.33,61.04,61.16,1892105
TAP,NYSE,2019/04/23 16:00:00,61.15,61.28,60.32,61.28,1583837
TAP,NYSE,2019/04/24 16:00:00,61.39,62.53,61.24,62.51,1661039
TAP,NYSE,2019/04/25 16:00:00,61.96,63,61.71,62.8,1359319
TAP,NYSE,2019/04/26 16:00:00,63.01,64.12,63.01,63.83,1339686
TAP,NYSE,2019/04/29 16:00:00,63.72,64.09,63.57,63.88,2163272
TAP,NYSE,2019/04/30 16:00:00,63.72,64.32,63.27,64.19,2388668
TAP,NYSE,2019/05/01 16:00:00,62.99,62.99,59.19,59.35,4781226
TAP,NYSE,2019/05/02 16:00:00,59.2,59.99,58.51,59.92,1902041
TAP,NYSE,2019/05/03 16:00:00,60.46,61.44,60.3,61.37,1707977
TAP,NYSE,2019/05/06 16:00:00,60.75,61.49,60.62,60.98,1166628
TAP,NYSE,2019/05/07 16:00:00,60.59,60.74,59.58,60.08,1692815
TAP,NYSE,2019/05/08 16:00:00,59.84,59.85,58.52,59.18,1955434
TAP,NYSE,2019/05/09 16:00:00,58.79,58.97,57.53,58.35,1392246
TAP,NYSE,2019/05/10 16:00:00,58.22,58.66,57.36,58.64,1285601
TAP,NYSE,2019/05/13 16:00:00,58.02,58.09,57.38,57.87,1074482
TAP,NYSE,2019/05/14 16:00:00,58.1,58.88,57.89,58.42,1175021
TAP,NYSE,2019/05/15 16:00:00,58.34,58.9,58.07,58.3,1239909
TAP,NYSE,2019/05/16 16:00:00,58.37,59.24,58.26,58.54,1366965
TAP,NYSE,2019/05/17 16:00:00,58.31,58.99,58.2,58.66,836758
TAP,NYSE,2019/05/20 16:00:00,58.33,58.75,57.88,58.06,853968
TAP,NYSE,2019/05/21 16:00:00,58.16,58.82,58.06,58.77,772922
TAP,NYSE,2019/05/22 16:00:00,58.52,59.43,58.38,59.25,1021170
TAP,NYSE,2019/05/23 16:00:00,58.79,59.44,58.37,59.42,1235023
TAP,NYSE,2019/05/24 16:00:00,59.46,59.68,58.56,58.72,1081103
TAP,NYSE,2019/05/28 16:00:00,58.73,58.96,57.13,57.24,1727342
TAP,NYSE,2019/05/29 16:00:00,57.06,57.08,55.05,55.46,2175595
TAP,NYSE,2019/05/30 16:00:00,55.29,55.72,54.3,54.75,2062277
TAP,NYSE,2019/05/31 16:00:00,53.71,55.06,53.41,54.98,2538733
TAP,NYSE,2019/06/03 16:00:00,54.83,56.1,54.65,55.9,1771181
TAP,NYSE,2019/06/04 16:00:00,56.42,58.02,56.36,57.98,1785761
TAP,NYSE,2019/06/05 16:00:00,58.42,58.42,57.25,57.42,1569927
TAP,NYSE,2019/06/06 16:00:00,57.59,57.93,57.48,57.71,1322743
TAP,NYSE,2019/06/07 16:00:00,58.19,58.56,55.75,56.97,2768783
TAP,NYSE,2019/06/10 16:00:00,56.54,56.57,54.5,54.74,2508200
TAP,NYSE,2019/06/11 16:00:00,54.73,54.98,53.84,54.63,2552489
TAP,NYSE,2019/06/12 16:00:00,54.91,55.46,54.72,54.85,1405384
TAP,NYSE,2019/06/13 16:00:00,55,55.28,54.57,55.11,1375127
TAP,NYSE,2019/06/14 16:00:00,54.98,55.39,53.81,54,1954106
TAP,NYSE,2019/06/17 16:00:00,53.87,54,53.25,53.66,1814680
TAP,NYSE,2019/06/18 16:00:00,54.28,54.51,53.92,54.11,1328479
TAP,NYSE,2019/06/19 16:00:00,54.2,55.11,53.86,54.66,1351073
TAP,NYSE,2019/06/20 16:00:00,54.76,55.45,54.64,54.98,1420261
TAP,NYSE,2019/06/21 16:00:00,55,55.54,54.37,55.42,2205364
TAP,NYSE,2019/06/24 16:00:00,55.44,55.81,54.95,55.46,1073119
TAP,NYSE,2019/06/25 16:00:00,55.49,55.68,54.53,55.4,1385416
TAP,NYSE,2019/06/26 16:00:00,55.23,55.4,54.66,54.96,1580075
TAP,NYSE,2019/06/27 16:00:00,54.97,55.55,54.74,55.33,1254680
TAP,NYSE,2019/06/28 16:00:00,55.75,56.43,55.5,56,1959813
TAP,NYSE,2019/07/01 16:00:00,56.29,56.49,55.76,56.31,1241464
TAP,NYSE,2019/07/02 16:00:00,56.59,56.74,55.93,56.13,772081
TAP,NYSE,2019/07/03 13:00:00,56.52,57.06,56.42,56.86,789156
TAP,NYSE,2019/07/05 16:00:00,56.77,56.93,55.95,56.85,614730
TAP,NYSE,2019/07/08 16:00:00,56.91,56.96,56.28,56.45,758896
TAP,NYSE,2019/07/09 16:00:00,56.16,56.21,55.1,55.54,1017121
TAP,NYSE,2019/07/10 16:00:00,55.88,56.31,55.68,55.87,1120233
TAP,NYSE,2019/07/11 16:00:00,55.81,55.92,54.29,54.77,1116122
TAP,NYSE,2019/07/12 16:00:00,54.8,54.98,54.24,54.38,2308413
TAP,NYSE,2019/07/15 16:00:00,53.29,53.8,52.36,53.7,1956572
TAP,NYSE,2019/07/16 16:00:00,53.64,54.57,53.39,54.49,1603793
TAP,NYSE,2019/07/17 16:00:00,54.66,54.83,54.11,54.29,1266618
TAP,NYSE,2019/07/18 16:00:00,54,54.65,53.48,54.39,1092086
TAP,NYSE,2019/07/19 16:00:00,55.02,55.1,54.4,54.59,1546006
TAP,NYSE,2019/07/22 16:00:00,54.78,55.05,54.03,54.23,1316222
TAP,NYSE,2019/07/23 16:00:00,54.5,56.75,54.36,56.3,2525881
TAP,NYSE,2019/07/24 16:00:00,56.26,56.76,56.07,56.65,1239416
TAP,NYSE,2019/07/25 16:00:00,56.8,57.71,56.14,56.67,1696703
TAP,NYSE,2019/07/26 16:00:00,56.73,56.98,56.38,56.59,1586661
TAP,NYSE,2019/07/29 16:00:00,56.7,56.98,56.25,56.51,1236668
TAP,NYSE,2019/07/30 16:00:00,56.39,57,56.09,56.92,1510721
TAP,NYSE,2019/07/31 16:00:00,53.07,54.27,51.8,53.99,6778884
TAP,NYSE,2019/08/01 16:00:00,53.01,54.25,52.46,52.49,3219806
TAP,NYSE,2019/08/02 16:00:00,52.66,52.97,52.02,52.24,1980599
TAP,NYSE,2019/08/05 16:00:00,51.9,52.07,49.92,50.59,3156127
TAP,NYSE,2019/08/06 16:00:00,51.03,51.56,50.68,51.19,2697800
TAP,NYSE,2019/08/07 16:00:00,50.92,52.29,50.55,52.14,1804166
TAP,NYSE,2019/08/08 16:00:00,52.41,52.78,51.89,52.72,1368626
TAP,NYSE,2019/08/09 16:00:00,52.47,52.75,52.13,52.65,1536337
TAP,NYSE,2019/08/12 16:00:00,52.31,52.4,51.96,52.01,1790420
TAP,NYSE,2019/08/13 16:00:00,52.21,52.95,51.62,51.68,1912905
TAP,NYSE,2019/08/14 16:00:00,51.25,51.42,50.29,50.34,2103144
TAP,NYSE,2019/08/15 16:00:00,50.47,50.95,50.15,50.86,1443550
TAP,NYSE,2019/08/16 16:00:00,50.98,52.05,50.69,51.88,1504235
TAP,NYSE,2019/08/19 16:00:00,52.44,52.84,51.95,52.5,1479258
TAP,NYSE,2019/08/20 16:00:00,52.52,52.77,51.99,52.16,935254
TAP,NYSE,2019/08/21 16:00:00,52.11,52.42,51.52,51.78,1707268
TAP,NYSE,2019/08/22 16:00:00,51.87,52.3,51.48,51.69,1287921
TAP,NYSE,2019/08/23 16:00:00,51.56,51.66,49.95,50.07,1643238
TAP,NYSE,2019/08/26 16:00:00,50.33,50.6,50.09,50.57,1461657
TAP,NYSE,2019/08/27 16:00:00,50.63,50.79,50.04,50.17,1643669
TAP,NYSE,2019/08/28 16:00:00,50.21,51.26,49.92,51.15,923962
TAP,NYSE,2019/08/29 16:00:00,51.11,51.46,50.89,51.05,768599
TAP,NYSE,2019/08/30 16:00:00,51.2,51.6,51.07,51.36,1390347
TAP,NYSE,2019/09/03 16:00:00,51.09,52.61,50.78,52.39,2111346
TAP,NYSE,2019/09/04 16:00:00,52.81,53.31,52.67,53.13,927072
TAP,NYSE,2019/09/05 16:00:00,53.37,53.69,53.13,53.18,1659018
TAP,NYSE,2019/09/06 16:00:00,53.38,53.49,53.13,53.42,1464443
TAP,NYSE,2019/09/09 16:00:00,53.41,55.93,53.41,55.87,2019370
TAP,NYSE,2019/09/10 16:00:00,55.8,56.8,55.42,56.6,2341952
TAP,NYSE,2019/09/11 16:00:00,56.37,56.65,55.5,56.38,1694524
TAP,NYSE,2019/09/12 16:00:00,56.9,56.99,56,56.25,1183158
TAP,NYSE,2019/09/13 16:00:00,56.43,57.24,56.32,57.17,1395281
TAP,NYSE,2019/09/16 16:00:00,56.99,57.6,56.68,57.55,1476857
TAP,NYSE,2019/09/17 16:00:00,57.53,57.63,55.56,55.68,2209979
TAP,NYSE,2019/09/18 16:00:00,55.4,55.56,54.43,55.04,2020844
TAP,NYSE,2019/09/19 16:00:00,55.05,55.31,54.7,55.04,1252408
TAP,NYSE,2019/09/20 16:00:00,55.52,56.46,55.36,56.26,2113109
TAP,NYSE,2019/09/23 16:00:00,56.22,56.52,55.76,56.21,1423347
TAP,NYSE,2019/09/24 16:00:00,56.2,56.41,55.45,55.85,1342458
TAP,NYSE,2019/09/25 16:00:00,56.05,56.22,55.53,56.14,1199257
TAP,NYSE,2019/09/26 16:00:00,56.32,57.3,56.12,57.09,1406503
TAP,NYSE,2019/09/27 16:00:00,57.34,57.71,56.94,57.47,1687805
TAP,NYSE,2019/09/30 16:00:00,57.64,58.13,57.38,57.5,1591456
TAP,NYSE,2019/10/01 16:00:00,57.7,58.36,57.6,58.11,1127871
TAP,NYSE,2019/10/02 16:00:00,57.6,57.95,56.36,56.72,1369093
TAP,NYSE,2019/10/03 16:00:00,56.22,56.85,55.18,56.62,1441190
TAP,NYSE,2019/10/04 16:00:00,56.61,56.88,55.65,56.63,1258532
TAP,NYSE,2019/10/07 16:00:00,56.73,57.12,56.13,56.17,1194619
TAP,NYSE,2019/10/08 16:00:00,56,56,55.07,55.34,1328260
TAP,NYSE,2019/10/09 16:00:00,55.71,55.88,55.16,55.51,1352872
TAP,NYSE,2019/10/10 16:00:00,55.52,56.08,55.22,55.72,977799
TAP,NYSE,2019/10/11 16:00:00,55.52,56.54,55.52,56.06,1027547
TAP,NYSE,2019/10/14 16:00:00,55.82,56.33,55.57,56.24,805536
TAP,NYSE,2019/10/15 16:00:00,56.25,56.83,55.97,56.68,1878813
TAP,NYSE,2019/10/16 16:00:00,56.95,56.95,56.21,56.32,1260086
TAP,NYSE,2019/10/17 16:00:00,56.58,57.61,56.37,57,1483718
TAP,NYSE,2019/10/18 16:00:00,57.15,57.15,56.74,56.98,1572285
TAP,NYSE,2019/10/21 16:00:00,57.18,57.31,56.97,57.16,1353276
TAP,NYSE,2019/10/22 16:00:00,57.36,59.32,57.12,59.3,2666414
TAP,NYSE,2019/10/23 16:00:00,58.9,59.56,58.61,59.47,1521454
TAP,NYSE,2019/10/24 16:00:00,59.55,59.72,58.53,58.9,1584735
TAP,NYSE,2019/10/25 16:00:00,57.41,57.89,56.06,56.84,3497231
TAP,NYSE,2019/10/28 16:00:00,56.74,57.13,54.55,54.57,3442721
TAP,NYSE,2019/10/29 16:00:00,54.66,54.99,54.07,54.69,3482493
TAP,NYSE,2019/10/30 16:00:00,52.97,54.86,51.9,53,4119079
TAP,NYSE,2019/10/31 16:00:00,52.95,53.21,52.34,52.72,1963770
TAP,NYSE,2019/11/01 16:00:00,52.79,53.33,52.58,52.7,1455315
TAP,NYSE,2019/11/04 16:00:00,53.13,54.07,52.82,53.61,1284674
TAP,NYSE,2019/11/05 16:00:00,53.85,55.06,53.65,54.38,2067965
TAP,NYSE,2019/11/06 16:00:00,54.72,54.92,54.12,54.48,1394194
TAP,NYSE,2019/11/07 16:00:00,54.71,55.06,53.4,53.51,1308575
TAP,NYSE,2019/11/08 16:00:00,53.55,53.84,53.19,53.79,1061914
TAP,NYSE,2019/11/11 16:00:00,53.74,53.79,53.05,53.31,1035243
TAP,NYSE,2019/11/12 16:00:00,53.5,53.53,52.62,52.67,1481315
TAP,NYSE,2019/11/13 16:00:00,52.82,52.82,51.72,51.95,1735225
TAP,NYSE,2019/11/14 16:00:00,52.11,52.22,51.3,51.3,1502244
TAP,NYSE,2019/11/15 16:00:00,51.37,52.72,51.27,52.52,1827229
TAP,NYSE,2019/11/18 16:00:00,52.54,52.84,51.83,51.96,1169769
TAP,NYSE,2019/11/19 16:00:00,51.97,52.43,51.67,52.41,1071209
TAP,NYSE,2019/11/20 16:00:00,52.46,53.33,52.3,52.39,2192867
TAP,NYSE,2019/11/21 16:00:00,52.39,52.75,52.21,52.55,1364715
TAP,NYSE,2019/11/22 16:00:00,52.81,53.03,52.08,52.28,802021
TAP,NYSE,2019/11/25 16:00:00,51.73,52.6,51.65,52.42,1093832
TAP,NYSE,2019/11/26 16:00:00,51.51,52.1,50.62,51.06,2205470
TAP,NYSE,2019/11/27 16:00:00,51.21,51.45,50.62,50.73,2358369
TAP,NYSE,2019/11/29 13:00:00,50.7,50.7,50.22,50.48,696726
TAP,NYSE,2019/12/02 16:00:00,50.42,50.89,50.3,50.67,1759227
TAP,NYSE,2019/12/03 16:00:00,50.56,50.75,49.82,50.1,1649708
TAP,NYSE,2019/12/04 16:00:00,50.13,51.65,50.1,51.13,1881708
TAP,NYSE,2019/12/05 16:00:00,51.07,51.35,50.03,50.35,1508253
TAP,NYSE,2019/12/06 16:00:00,50.69,51.2,50.53,51.06,1062225
TAP,NYSE,2019/12/09 16:00:00,51.06,51.63,50.99,51.53,1621991
TAP,NYSE,2019/12/10 16:00:00,51.36,51.44,50.77,51.21,1694108
TAP,NYSE,2019/12/11 16:00:00,51.48,51.56,50.85,51.17,1124910
TAP,NYSE,2019/12/12 16:00:00,51.16,51.83,51.08,51.36,1326760
TAP,NYSE,2019/12/13 16:00:00,51.56,51.91,50.67,50.81,1593520
TAP,NYSE,2019/12/16 16:00:00,51.2,52.2,51,51.98,2896759
TAP,NYSE,2019/12/17 16:00:00,51.8,52.62,51.8,52.45,1280006
TAP,NYSE,2019/12/18 16:00:00,52.54,52.97,52.33,52.95,2549533
TAP,NYSE,2019/12/19 16:00:00,52.83,53.45,52.44,53.25,2803554
TAP,NYSE,2019/12/20 16:00:00,53.96,54.93,53.69,53.86,6347462
TAP,NYSE,2019/12/23 16:00:00,54.04,54.25,52.86,53.05,2770923
TAP,NYSE,2019/12/24 13:00:00,52.97,53.62,52.82,53.28,747651
TAP,NYSE,2019/12/26 16:00:00,53.28,53.61,53.21,53.61,794999
TAP,NYSE,2019/12/27 16:00:00,53.8,53.97,53.53,53.83,1084832
TAP,NYSE,2019/12/30 16:00:00,53.85,53.97,53.46,53.78,1395400
TAP,NYSE,2019/12/31 16:00:00,53.76,54.04,53.28,53.9,1644725
TAP,NYSE,2020/01/02 16:00:00,54.25,54.42,53.09,53.54,1771356
TAP,NYSE,2020/01/03 16:00:00,53.12,53.47,52.69,53.38,1955309
TAP,NYSE,2020/01/06 16:00:00,53.71,54.98,53.55,54.63,2429946
TAP,NYSE,2020/01/07 16:00:00,54.39,54.8,54.13,54.49,2388119
TAP,NYSE,2020/01/08 16:00:00,54.62,55.47,54.08,55.02,1979237
TAP,NYSE,2020/01/09 16:00:00,55.12,55.19,54.31,54.96,1341127
TAP,NYSE,2020/01/10 16:00:00,55.02,55.43,55,55.07,1044500
TAP,NYSE,2020/01/13 16:00:00,55.17,55.39,54.76,55.39,1778812
TAP,NYSE,2020/01/14 16:00:00,55.25,55.95,55.06,55.95,2209534
TAP,NYSE,2020/01/15 16:00:00,55.63,56.59,55.5,55.92,1251245
TAP,NYSE,2020/01/16 16:00:00,55.94,56.7,55.74,56.57,1139014
TAP,NYSE,2020/01/17 16:00:00,56.72,57.06,56.44,56.57,1020063
TAP,NYSE,2020/01/21 16:00:00,56.32,56.79,55.89,56.5,1495725
TAP,NYSE,2020/01/22 16:00:00,56.45,56.66,56.02,56.48,941124
TAP,NYSE,2020/01/23 16:00:00,56.21,57.05,55.96,56.74,1267600
TAP,NYSE,2020/01/24 16:00:00,56.89,56.92,55.56,56.12,1415162
TAP,NYSE,2020/01/27 16:00:00,55.3,56.4,55.27,55.94,1294011
TAP,NYSE,2020/01/28 16:00:00,56.03,56.57,55.89,56.09,1274321
TAP,NYSE,2020/01/29 16:00:00,56.32,56.85,56.12,56.3,1043382
TAP,NYSE,2020/01/30 16:00:00,56.1,56.37,55.73,56.26,1136413
TAP,NYSE,2020/01/31 16:00:00,56.08,56.17,55.39,55.58,3851536
TAP,NYSE,2020/02/03 16:00:00,55.75,56.72,55.74,56.31,1656827
TAP,NYSE,2020/02/04 16:00:00,56.87,57.31,56.82,56.91,1382756
TAP,NYSE,2020/02/05 16:00:00,57.03,58.08,57.03,58.02,1489143
TAP,NYSE,2020/02/06 16:00:00,58.27,58.38,57.5,57.5,1257171
TAP,NYSE,2020/02/07 16:00:00,57.1,57.91,57.02,57.78,979309
TAP,NYSE,2020/02/10 16:00:00,57.58,58.05,57.41,57.84,1316233
TAP,NYSE,2020/02/11 16:00:00,58.27,58.69,57.88,58.05,1890600
TAP,NYSE,2020/02/12 16:00:00,61.09,61.94,55.49,55.5,6471074
TAP,NYSE,2020/02/13 16:00:00,55.28,55.73,54.47,55.36,2232893
TAP,NYSE,2020/02/14 16:00:00,55.48,55.79,54.88,55.25,2123501
TAP,NYSE,2020/02/18 16:00:00,55.15,55.45,53.98,54.45,2385851
TAP,NYSE,2020/02/19 16:00:00,54.38,55.09,53.92,54.88,1688591
TAP,NYSE,2020/02/20 16:00:00,54.73,55.43,54.58,55.41,1113032
TAP,NYSE,2020/02/21 16:00:00,55.03,55.48,54.87,55.29,1636663
TAP,NYSE,2020/02/24 16:00:00,54.34,54.6,53.47,54.2,1706801
TAP,NYSE,2020/02/25 16:00:00,54.17,54.17,51.4,51.42,2277801
TAP,NYSE,2020/02/26 16:00:00,51.54,53.13,51.42,51.74,3070753
TAP,NYSE,2020/02/27 16:00:00,50.8,51.77,49,50.01,3142070
TAP,NYSE,2020/02/28 16:00:00,48.71,49.62,47.62,49.61,3090035
TAP,NYSE,2020/03/02 16:00:00,49.61,51.48,49.35,51.48,2477272
TAP,NYSE,2020/03/03 16:00:00,51.4,52.24,49.71,50.43,1652686
TAP,NYSE,2020/03/04 16:00:00,50.84,52.49,50.57,52.48,2162618
TAP,NYSE,2020/03/05 16:00:00,50.91,51.47,49.41,50.12,2352136
TAP,NYSE,2020/03/06 16:00:00,48.16,49.43,47.16,48.04,3069484
TAP,NYSE,2020/03/09 16:00:00,45.43,46,42.67,43.01,3171377
TAP,NYSE,2020/03/10 16:00:00,44.12,45.19,41.7,43.89,2905706
TAP,NYSE,2020/03/11 16:00:00,42.49,43.22,40.42,40.94,2655261
TAP,NYSE,2020/03/12 16:00:00,38.55,39.24,36.32,38.4,3959982
TAP,NYSE,2020/03/13 16:00:00,40.45,42.58,37.85,42.56,4338414
TAP,NYSE,2020/03/16 16:00:00,37.5,44.22,37.44,41.85,3976326
TAP,NYSE,2020/03/17 16:00:00,42.37,44.38,41.13,43.99,4529747
TAP,NYSE,2020/03/18 16:00:00,41.59,45.39,38.51,40.45,4106793
TAP,NYSE,2020/03/19 16:00:00,39.99,42.08,37.34,38.51,2754172
TAP,NYSE,2020/03/20 16:00:00,38.73,41.2,36.57,36.94,4171508
TAP,NYSE,2020/03/23 16:00:00,36.65,37.27,34.01,34.56,3005744
TAP,NYSE,2020/03/24 16:00:00,36.33,39.05,36,37.47,3067738
TAP,NYSE,2020/03/25 16:00:00,37.13,39.28,36.95,37.54,3072321
TAP,NYSE,2020/03/26 16:00:00,37.81,38.9,37.35,38.62,2907659
TAP,NYSE,2020/03/27 16:00:00,37.23,38.84,35.41,38.06,3070616
TAP,NYSE,2020/03/30 16:00:00,38.16,40.73,37.07,40.3,2211244
TAP,NYSE,2020/03/31 16:00:00,39.9,40.7,38.65,39.01,2228946
TAP,NYSE,2020/04/01 16:00:00,37.03,38.37,36.72,37.85,1565586
TAP,NYSE,2020/04/02 16:00:00,37.47,40.22,37.05,40,2559505
TAP,NYSE,2020/04/03 16:00:00,39.8,41.54,39.78,41.01,1847060
TAP,NYSE,2020/04/06 16:00:00,42.41,43.23,41.14,42.9,2000125
TAP,NYSE,2020/04/07 16:00:00,44.67,45.23,43.45,43.53,2121224
TAP,NYSE,2020/04/08 16:00:00,43.74,46.06,43.56,45.62,1709068
TAP,NYSE,2020/04/09 16:00:00,45.87,48.24,45.71,47.4,2077684
TAP,NYSE,2020/04/13 16:00:00,47.24,47.5,44.07,45.02,1689718
TAP,NYSE,2020/04/14 16:00:00,45.66,47.28,45.43,46.57,1816439
TAP,NYSE,2020/04/15 16:00:00,45.51,45.76,43.45,44.6,1579798
TAP,NYSE,2020/04/16 16:00:00,44.82,44.82,42.41,43.17,2696058
TAP,NYSE,2020/04/17 16:00:00,44.14,44.76,43.51,44.38,2335191
TAP,NYSE,2020/04/20 16:00:00,43.5,44.59,43.22,43.49,1630847
TAP,NYSE,2020/04/21 16:00:00,42.51,42.78,41.73,42.1,1830811
TAP,NYSE,2020/04/22 16:00:00,42.9,42.9,41.85,42.1,1453936
TAP,NYSE,2020/04/23 16:00:00,42.21,43.26,41.8,41.87,1500656
TAP,NYSE,2020/04/24 16:00:00,42.07,43.22,41.88,43.03,1354838
TAP,NYSE,2020/04/27 16:00:00,43.21,44.84,42.97,44.59,1647423
TAP,NYSE,2020/04/28 16:00:00,46.13,46.27,44.94,45.44,2673580
TAP,NYSE,2020/04/29 16:00:00,46.24,47.24,45.92,46.17,3032656
TAP,NYSE,2020/04/30 16:00:00,41.87,42.82,40.55,41.01,5459071
TAP,NYSE,2020/05/01 16:00:00,40.31,40.47,38.83,38.92,2659940
TAP,NYSE,2020/05/04 16:00:00,38.5,38.8,37.28,38.19,2930886
TAP,NYSE,2020/05/05 16:00:00,38.43,38.6,37.44,37.44,1993045
TAP,NYSE,2020/05/06 16:00:00,37.88,38.29,37.15,37.68,2020565
TAP,NYSE,2020/05/07 16:00:00,38.14,38.63,37.15,37.6,2050172
TAP,NYSE,2020/05/08 16:00:00,38.37,39.06,37.96,38.89,1594120
TAP,NYSE,2020/05/11 16:00:00,38.6,39.02,38.21,38.54,1883681
TAP,NYSE,2020/05/12 16:00:00,38.59,38.78,37.69,37.69,2103329
TAP,NYSE,2020/05/13 16:00:00,37.34,37.42,35.75,36.22,2382936
TAP,NYSE,2020/05/14 16:00:00,35.56,36.5,34.63,36.29,2442779
TAP,NYSE,2020/05/15 16:00:00,36.31,36.96,35.95,36.35,1955450
TAP,NYSE,2020/05/18 16:00:00,37.39,38.82,37.39,38.55,1873590
TAP,NYSE,2020/05/19 16:00:00,38.5,38.64,37.52,37.83,1478960
TAP,NYSE,2020/05/20 16:00:00,38.28,38.57,37.72,37.89,1692094
TAP,NYSE,2020/05/21 16:00:00,37.64,37.88,36.7,36.79,5581740
TAP,NYSE,2020/05/22 16:00:00,36.54,37.13,36.12,36.83,2851337
TAP,NYSE,2020/05/26 16:00:00,37.34,37.74,36.37,36.73,5742404
TAP,NYSE,2020/05/27 16:00:00,37.63,39.8,37.31,39.74,4859497
TAP,NYSE,2020/05/28 16:00:00,40.35,40.45,38.27,38.35,2894814
TAP,NYSE,2020/05/29 16:00:00,37.6,38.04,37.11,37.96,3545310
TAP,NYSE,2020/06/01 16:00:00,38.15,38.4,37.73,37.97,1909162
TAP,NYSE,2020/06/02 16:00:00,38.62,39.4,38.3,39.32,2102998
TAP,NYSE,2020/06/03 16:00:00,40,41.59,39.9,40.54,4122104
TAP,NYSE,2020/06/04 16:00:00,40.6,42.31,40.41,42.31,7418188
TAP,NYSE,2020/06/05 16:00:00,43.71,44.29,42.29,42.4,2951264
TAP,NYSE,2020/06/08 16:00:00,43.25,43.68,42.62,43.37,2808537
TAP,NYSE,2020/06/09 16:00:00,42.26,42.53,41.62,41.75,2709341
TAP,NYSE,2020/06/10 16:00:00,41.72,41.73,39.47,39.5,2091102
TAP,NYSE,2020/06/11 16:00:00,38,38.5,36.38,36.55,3151262
TAP,NYSE,2020/06/12 16:00:00,37.65,38.1,36.75,38.05,3262247
TAP,NYSE,2020/06/15 16:00:00,36.84,38.66,36.51,38.26,2470372
TAP,NYSE,2020/06/16 16:00:00,39.75,39.98,38.14,39.8,4257182
TAP,NYSE,2020/06/17 16:00:00,39.93,40.02,38.54,38.77,2004077
TAP,NYSE,2020/06/18 16:00:00,38.26,39.3,38.06,39.08,1357108
TAP,NYSE,2020/06/19 16:00:00,39.52,39.9,37.92,38.03,3809943
TAP,NYSE,2020/06/22 16:00:00,37.81,38.08,37.27,37.95,1757623
TAP,NYSE,2020/06/23 16:00:00,38.47,38.53,37.65,37.97,1891216
TAP,NYSE,2020/06/24 16:00:00,37.38,37.42,36.07,36.5,3022544
TAP,NYSE,2020/06/25 16:00:00,36.14,36.14,35.02,35.58,3318107
TAP,NYSE,2020/06/26 16:00:00,35.35,35.42,34.21,34.43,3603493
TAP,NYSE,2020/06/29 16:00:00,34.99,35.7,34.81,35.42,2800049
TAP,NYSE,2020/06/30 16:00:00,35.43,35.45,33.55,34.36,6523623
TAP,NYSE,2020/07/01 16:00:00,34.53,35.56,34.01,35.06,2926392
TAP,NYSE,2020/07/02 16:00:00,35.72,36.14,35.16,35.34,1441246
TAP,NYSE,2020/07/06 16:00:00,36,36.29,35.15,35.66,1564555
TAP,NYSE,2020/07/07 16:00:00,35.16,35.35,34.65,34.66,2008930
TAP,NYSE,2020/07/08 16:00:00,34.8,35.12,34.4,34.74,2131183
TAP,NYSE,2020/07/09 16:00:00,34.52,34.63,33.18,33.25,2151433
TAP,NYSE,2020/07/10 16:00:00,33.36,34.7,33.22,34.66,1506736
TAP,NYSE,2020/07/13 16:00:00,34.62,34.74,33.67,34.32,2087041
TAP,NYSE,2020/07/14 16:00:00,34.06,35.22,33.71,35.08,1805716
TAP,NYSE,2020/07/15 16:00:00,35.83,36.58,35.58,35.77,2148739
TAP,NYSE,2020/07/16 16:00:00,35.67,36.45,35.48,36.07,1213298
TAP,NYSE,2020/07/17 16:00:00,36.01,36.4,35.67,36.08,1492271
TAP,NYSE,2020/07/20 16:00:00,35.92,35.92,34.79,35,1857000
TAP,NYSE,2020/07/21 16:00:00,35.31,36.24,35.31,35.85,1815955
TAP,NYSE,2020/07/22 16:00:00,35.6,35.99,35.27,35.8,1422932
TAP,NYSE,2020/07/23 16:00:00,35.74,36.77,35.67,36.55,1922751
TAP,NYSE,2020/07/24 16:00:00,36.4,36.75,36.24,36.49,1574596
TAP,NYSE,2020/07/27 16:00:00,36.33,36.49,35.8,36.15,1613797
TAP,NYSE,2020/07/28 16:00:00,36,36.84,36,36.32,2113194
TAP,NYSE,2020/07/29 16:00:00,36.51,36.93,36.02,36.73,2572843
TAP,NYSE,2020/07/30 16:00:00,38.42,39.02,37.13,37.44,4292981
TAP,NYSE,2020/07/31 16:00:00,37.53,38.31,36.98,37.52,4412808
TAP,NYSE,2020/08/03 16:00:00,37.54,37.56,36.68,36.81,1759270
TAP,NYSE,2020/08/04 16:00:00,36.78,37.24,36.6,36.75,1562886
TAP,NYSE,2020/08/05 16:00:00,37.08,37.28,36.33,36.53,1630319
TAP,NYSE,2020/08/06 16:00:00,36.17,36.76,36.11,36.57,1580180
TAP,NYSE,2020/08/07 16:00:00,36.26,37.32,36.26,37.27,1428465
TAP,NYSE,2020/08/10 16:00:00,37.42,37.95,37.4,37.9,1744691
TAP,NYSE,2020/08/11 16:00:00,38.72,39.24,38.11,38.21,1841661
TAP,NYSE,2020/08/12 16:00:00,38.73,39.09,38.16,38.43,1703050
TAP,NYSE,2020/08/13 16:00:00,38.13,38.42,37.6,37.81,1071297
TAP,NYSE,2020/08/14 16:00:00,37.46,38.07,37.36,37.68,900650
TAP,NYSE,2020/08/17 16:00:00,37.64,38.08,37.26,37.74,1625644
TAP,NYSE,2020/08/18 16:00:00,37.81,38.01,37.39,37.76,1050981
TAP,NYSE,2020/08/19 16:00:00,37.88,38.3,37.65,37.85,1140269
TAP,NYSE,2020/08/20 16:00:00,37.5,37.73,37.13,37.16,987546
TAP,NYSE,2020/08/21 16:00:00,36.97,37.02,36.22,36.8,1812882
TAP,NYSE,2020/08/24 16:00:00,36.98,38.04,36.68,38.02,1050584
TAP,NYSE,2020/08/25 16:00:00,38.25,38.42,37.61,37.62,929079
TAP,NYSE,2020/08/26 16:00:00,37.62,37.99,37.22,37.5,856749
TAP,NYSE,2020/08/27 16:00:00,37.54,38.28,37.44,37.57,868170
TAP,NYSE,2020/08/28 16:00:00,37.77,37.99,37.43,37.89,1274069
TAP,NYSE,2020/08/31 16:00:00,37.69,37.93,37.48,37.64,1905412
TAP,NYSE,2020/09/01 16:00:00,37.45,37.47,36.69,37.01,1865933
TAP,NYSE,2020/09/02 16:00:00,37.17,38.03,37.04,37.92,1582947
TAP,NYSE,2020/09/03 16:00:00,38.3,38.71,37.62,38,2338984
TAP,NYSE,2020/09/04 16:00:00,38.21,38.59,37.59,38.32,1639615
TAP,NYSE,2020/09/08 16:00:00,38.23,38.45,37.53,37.76,1820668
TAP,NYSE,2020/09/09 16:00:00,38,38.4,37.49,37.52,2424908
TAP,NYSE,2020/09/10 16:00:00,37.77,37.77,35.46,35.6,3361443
TAP,NYSE,2020/09/11 16:00:00,35.6,35.63,34.59,35.09,2806982
TAP,NYSE,2020/09/14 16:00:00,35.33,35.51,34.9,35.01,1690578
TAP,NYSE,2020/09/15 16:00:00,34.75,34.94,33.92,34.29,3739048
TAP,NYSE,2020/09/16 16:00:00,34.69,35.25,34.5,34.56,2471808
TAP,NYSE,2020/09/17 16:00:00,34.47,35.1,33.96,35.06,2122305
TAP,NYSE,2020/09/18 16:00:00,34.99,35.24,34.09,34.31,4989343
TAP,NYSE,2020/09/21 16:00:00,33.87,33.98,33.08,33.59,3717042
TAP,NYSE,2020/09/22 16:00:00,33.53,33.97,33.51,33.73,2191583
TAP,NYSE,2020/09/23 16:00:00,33.87,34.17,33.08,33.08,2822421
TAP,NYSE,2020/09/24 16:00:00,32.97,33.28,32.11,33.05,3589191
TAP,NYSE,2020/09/25 16:00:00,32.87,33.2,32.19,32.65,2355119
TAP,NYSE,2020/09/28 16:00:00,33.25,33.66,32.85,33.58,1834807
TAP,NYSE,2020/09/29 16:00:00,34.75,35.25,33.53,33.53,3779333
TAP,NYSE,2020/09/30 16:00:00,33.65,33.87,33.16,33.56,2427273
TAP,NYSE,2020/10/01 16:00:00,33.5,33.61,32.63,32.78,3057522
TAP,NYSE,2020/10/02 16:00:00,32.49,34.25,32.35,34.04,2840373
TAP,NYSE,2020/10/05 16:00:00,34.25,34.98,33.82,34.95,2623912
TAP,NYSE,2020/10/06 16:00:00,35.33,35.97,34.88,34.92,2290640
TAP,NYSE,2020/10/07 16:00:00,35.63,36.54,35.51,35.68,2948816
TAP,NYSE,2020/10/08 16:00:00,35.81,36.91,35.58,36.8,2278769
TAP,NYSE,2020/10/09 16:00:00,36.8,37.06,36.01,36.11,1649353
TAP,NYSE,2020/10/12 16:00:00,36.01,36.24,35.15,35.65,5442736
TAP,NYSE,2020/10/13 16:00:00,35.5,35.67,35.25,35.34,1904351
TAP,NYSE,2020/10/14 16:00:00,35.2,35.6,35.16,35.4,1468914
TAP,NYSE,2020/10/15 16:00:00,35.01,35.62,34.64,35.57,1897154
TAP,NYSE,2020/10/16 16:00:00,35.5,35.84,35.23,35.4,1547550
TAP,NYSE,2020/10/19 16:00:00,35.46,35.67,34.55,34.72,1475803
TAP,NYSE,2020/10/20 16:00:00,35.06,35.26,34.39,34.7,1434641
TAP,NYSE,2020/10/21 16:00:00,34.41,34.97,34.11,34.59,1864080
TAP,NYSE,2020/10/22 16:00:00,34.58,35.38,34.24,35.3,1481910
TAP,NYSE,2020/10/23 16:00:00,35.96,36.2,35.35,35.68,1246367
TAP,NYSE,2020/10/26 16:00:00,35.46,35.46,34.42,34.88,1528160
TAP,NYSE,2020/10/27 16:00:00,34.53,34.74,33.76,33.81,1961746
TAP,NYSE,2020/10/28 16:00:00,33.23,33.5,32.62,32.91,3257510
TAP,NYSE,2020/10/29 16:00:00,33.15,34.47,32.54,33.38,5140036
TAP,NYSE,2020/10/30 16:00:00,33.41,35.3,33.41,35.26,5588613
TAP,NYSE,2020/11/02 16:00:00,35.5,37.56,35.01,37.55,4932329
TAP,NYSE,2020/11/03 16:00:00,37.98,38.99,37.81,38.68,4029976
TAP,NYSE,2020/11/04 16:00:00,38.06,38.11,36.52,37.29,5643411
TAP,NYSE,2020/11/05 16:00:00,38.17,38.64,37.57,38.25,2899284
TAP,NYSE,2020/11/06 16:00:00,38.3,38.66,38.08,38.32,2122688
TAP,NYSE,2020/11/09 16:00:00,41.2,42.49,40.41,41.16,4295091
TAP,NYSE,2020/11/10 16:00:00,41.54,43.13,40.84,42.8,3365936
TAP,NYSE,2020/11/11 16:00:00,42.86,42.9,42,42.37,2119520
TAP,NYSE,2020/11/12 16:00:00,41.87,42.57,41.45,42.2,1907324
TAP,NYSE,2020/11/13 16:00:00,42.4,44.51,42.29,44.14,2885473
TAP,NYSE,2020/11/16 16:00:00,45.26,45.41,43.62,44.92,3913426
TAP,NYSE,2020/11/17 16:00:00,44.11,45.35,43.76,45.13,2400717
TAP,NYSE,2020/11/18 16:00:00,45.3,45.48,43.53,43.56,3211656
TAP,NYSE,2020/11/19 16:00:00,43.41,44.37,43.25,44.04,1625709
TAP,NYSE,2020/11/20 16:00:00,43.8,44.3,43.27,43.56,1740500
TAP,NYSE,2020/11/23 16:00:00,43.9,44.23,43.39,44.13,1853755
TAP,NYSE,2020/11/24 16:00:00,44.79,47.3,44.79,47.04,3371387
TAP,NYSE,2020/11/25 16:00:00,46.82,46.98,45.76,46.5,3480437
TAP,NYSE,2020/11/27 13:00:00,46.37,47.19,46.17,46.8,2205252
TAP,NYSE,2020/11/30 16:00:00,46.33,46.63,45.71,46,5411707
TAP,NYSE,2020/12/01 16:00:00,46.5,47.18,46.01,46.25,3326521
TAP,NYSE,2020/12/02 16:00:00,46.07,46.22,44.8,45.29,3255501
TAP,NYSE,2020/12/03 16:00:00,45.52,46.74,45.42,46.67,1832291
TAP,NYSE,2020/12/04 16:00:00,46.98,47.56,46.52,47.54,1751500
TAP,NYSE,2020/12/07 16:00:00,47.36,47.97,46.9,47.66,2093617
TAP,NYSE,2020/12/08 16:00:00,47.18,48.62,47.18,47.93,2275679
TAP,NYSE,2020/12/09 16:00:00,48.3,48.3,47.59,48.08,1894761
TAP,NYSE,2020/12/10 16:00:00,48.03,48.54,47.83,48.21,1781358
TAP,NYSE,2020/12/11 16:00:00,47.61,48.32,47.08,47.3,1671606
TAP,NYSE,2020/12/14 16:00:00,47.89,48.27,45.9,45.92,2308452
TAP,NYSE,2020/12/15 16:00:00,46.33,46.39,45.7,46.03,1518054
TAP,NYSE,2020/12/16 16:00:00,45.69,46.81,45.69,46.27,3328492
TAP,NYSE,2020/12/17 16:00:00,46.81,46.93,45.54,45.97,1777824
TAP,NYSE,2020/12/18 16:00:00,45.78,45.82,44.81,45.51,2921981
TAP,NYSE,2020/12/21 16:00:00,44.47,44.82,43.96,44.58,1387276
TAP,NYSE,2020/12/22 16:00:00,44.55,45.03,43.91,44.42,2782434
TAP,NYSE,2020/12/23 16:00:00,44.69,45.56,44.59,45.39,1126652
TAP,NYSE,2020/12/24 13:00:00,45.6,45.6,44.89,45.47,502902
TAP,NYSE,2020/12/28 16:00:00,45.83,45.93,44.96,45.48,2206766
TAP,NYSE,2020/12/29 16:00:00,45.91,46.23,45.32,45.54,2109457
TAP,NYSE,2020/12/30 16:00:00,45.31,45.65,45,45.24,1202037
TAP,NYSE,2020/12/31 16:00:00,45.12,45.28,44.82,45.19,1030935
TAP,NYSE,2021/01/04 16:00:00,46.52,46.52,44.81,45.65,1857088
TAP,NYSE,2021/01/05 16:00:00,45.91,47.3,45.64,47,2619173
TAP,NYSE,2021/01/06 16:00:00,47.88,50.05,47.86,49.25,3361000
TAP,NYSE,2021/01/07 16:00:00,49.39,49.77,48.68,49.15,1918562
TAP,NYSE,2021/01/08 16:00:00,49.18,49.55,48.83,49.5,1134381
TAP,NYSE,2021/01/11 16:00:00,48.92,50.06,48.82,49.68,2197687
TAP,NYSE,2021/01/12 16:00:00,50,52.32,50,51.85,2902581
TAP,NYSE,2021/01/13 16:00:00,51.45,53.23,51.16,52.29,2611184
TAP,NYSE,2021/01/14 16:00:00,52.63,53.72,52.09,53.5,1902945
TAP,NYSE,2021/01/15 16:00:00,53.24,53.32,52.3,52.54,1855100
TAP,NYSE,2021/01/19 16:00:00,52.94,53.19,51.77,52.03,1783764
TAP,NYSE,2021/01/20 16:00:00,51.98,52.12,50.52,51.14,2002283
TAP,NYSE,2021/01/21 16:00:00,51.11,51.39,50,50.65,1560759
TAP,NYSE,2021/01/22 16:00:00,50.15,50.72,49.95,50.52,1283884
TAP,NYSE,2021/01/25 16:00:00,50,52.44,49.95,51.65,1825309
TAP,NYSE,2021/01/26 16:00:00,52.2,53.36,51.92,53.33,2545366
TAP,NYSE,2021/01/27 16:00:00,52.81,56.1,52.56,54.99,3783708
TAP,NYSE,2021/01/28 16:00:00,54.78,55.31,51.87,51.98,2110733
TAP,NYSE,2021/01/29 16:00:00,52.05,52.51,49.81,50.16,2513393
TAP,NYSE,2021/02/01 16:00:00,50.54,50.95,49.04,49.51,2495973
TAP,NYSE,2021/02/02 16:00:00,49.58,49.85,48.61,48.89,1889444
TAP,NYSE,2021/02/03 16:00:00,49.21,49.76,48.73,49.37,1856116
TAP,NYSE,2021/02/04 16:00:00,49.5,49.84,48.58,49.06,1767394
TAP,NYSE,2021/02/05 16:00:00,49.23,49.89,48.62,48.98,2088389
TAP,NYSE,2021/02/08 16:00:00,48.93,49.23,48.26,48.72,1823281
TAP,NYSE,2021/02/09 16:00:00,48.87,49.18,48.15,48.66,1901782
TAP,NYSE,2021/02/10 16:00:00,48.75,49.28,48.05,48.98,3010957
TAP,NYSE,2021/02/11 16:00:00,45.99,46.49,43.43,44.5,8179735
TAP,NYSE,2021/02/12 16:00:00,44.48,44.85,43.56,44.01,4751454
TAP,NYSE,2021/02/16 16:00:00,44.69,45.14,43.62,44.5,3576874
TAP,NYSE,2021/02/17 16:00:00,44.4,45.51,44.18,45.38,2979598
TAP,NYSE,2021/02/18 16:00:00,45.19,45.61,44.48,44.54,2184047
TAP,NYSE,2021/02/19 16:00:00,44.85,45.79,44.33,44.4,3055044
TAP,NYSE,2021/02/22 16:00:00,44.6,45.41,44.42,45.12,2215651
TAP,NYSE,2021/02/23 16:00:00,45.38,47.19,44.82,46.98,3445251
TAP,NYSE,2021/02/24 16:00:00,47.17,47.42,46.44,47.01,3039845
TAP,NYSE,2021/02/25 16:00:00,46.73,47.36,45.8,45.83,2921924
TAP,NYSE,2021/02/26 16:00:00,45.8,46.07,44.36,44.45,2636927
TAP,NYSE,2021/03/01 16:00:00,45.32,46.14,44.78,44.85,1385963
TAP,NYSE,2021/03/02 16:00:00,44.55,45.36,44.37,44.97,1795489
TAP,NYSE,2021/03/03 16:00:00,45.36,46.02,44.64,44.95,2711738
TAP,NYSE,2021/03/04 16:00:00,45.26,46.41,44.51,45.39,2684039
TAP,NYSE,2021/03/05 16:00:00,45.85,46.7,45.5,46.16,3987045
TAP,NYSE,2021/03/08 16:00:00,46.48,48.14,46.37,47.67,2894561
TAP,NYSE,2021/03/09 16:00:00,48.1,48.1,46.37,46.38,2479769
TAP,NYSE,2021/03/10 16:00:00,46.8,47.86,46.57,46.85,2327908
TAP,NYSE,2021/03/11 16:00:00,46.24,46.89,45.7,45.98,2876661
TAP,NYSE,2021/03/12 16:00:00,46.31,46.95,46.09,46.63,2350686
TAP,NYSE,2021/03/15 16:00:00,46.61,48.13,46.51,47.64,2912049
TAP,NYSE,2021/03/16 16:00:00,47.24,48.7,46.75,48.41,3362937
TAP,NYSE,2021/03/17 16:00:00,48.66,49.12,48.02,48.66,4040832
TAP,NYSE,2021/03/18 16:00:00,49.02,50.27,49.02,49.15,3318067
TAP,NYSE,2021/03/19 16:00:00,48.6,49.42,47.36,49.2,4444611
TAP,NYSE,2021/03/22 16:00:00,49.2,49.85,48.61,49.85,2466337
TAP,NYSE,2021/03/23 16:00:00,49.9,49.9,48.32,48.79,2912206
TAP,NYSE,2021/03/24 16:00:00,48.82,49.07,48.27,48.36,2271928
TAP,NYSE,2021/03/25 16:00:00,48.43,50.41,48.03,50.1,2086924
TAP,NYSE,2021/03/26 16:00:00,50.41,51.4,50.31,51.37,1791331
TAP,NYSE,2021/03/29 16:00:00,51,53.22,50.99,52.91,3217038
TAP,NYSE,2021/03/30 16:00:00,52.79,53.26,51.78,52.34,2152117
TAP,NYSE,2021/03/31 16:00:00,51.9,52.41,51.12,51.15,2228811
TAP,NYSE,2021/04/01 16:00:00,51.17,51.98,50.16,51.9,1908981
TAP,NYSE,2021/04/05 16:00:00,52.35,53.25,52.08,52.75,1803482
TAP,NYSE,2021/04/06 16:00:00,52.5,53.37,52.12,52.41,1977267
TAP,NYSE,2021/04/07 16:00:00,52.71,53,51.57,51.72,1886525
TAP,NYSE,2021/04/08 16:00:00,51.15,51.94,50.72,51.58,2915118
TAP,NYSE,2021/04/09 16:00:00,51.78,51.81,49.92,50,2166953
DAR,NYSE,2019/04/01 16:00:00,21.7,21.74,21.35,21.46,744463
DAR,NYSE,2019/04/02 16:00:00,21.47,21.47,21.08,21.1,651609
DAR,NYSE,2019/04/03 16:00:00,21.17,21.38,21.06,21.3,754203
DAR,NYSE,2019/04/04 16:00:00,21.36,21.8,21.3,21.78,592113
DAR,NYSE,2019/04/05 16:00:00,21.78,22,21.78,21.97,656051
DAR,NYSE,2019/04/08 16:00:00,21.87,21.98,21.71,21.86,633176
DAR,NYSE,2019/04/09 16:00:00,21.85,21.93,21.47,21.53,631061
DAR,NYSE,2019/04/10 16:00:00,21.47,21.89,21.42,21.83,774113
DAR,NYSE,2019/04/11 16:00:00,21.83,21.96,21.71,21.79,278497
DAR,NYSE,2019/04/12 16:00:00,21.8,22.11,21.76,22.05,1217217
DAR,NYSE,2019/04/15 16:00:00,22.1,22.16,21.76,22.15,580762
DAR,NYSE,2019/04/16 16:00:00,22.22,22.3,22.04,22.06,699620
DAR,NYSE,2019/04/17 16:00:00,22.03,22.08,21.66,21.78,1055087
DAR,NYSE,2019/04/18 16:00:00,21.78,21.9,21.6,21.73,510985
DAR,NYSE,2019/04/22 16:00:00,21.71,21.72,21.46,21.6,548152
DAR,NYSE,2019/04/23 16:00:00,21.63,21.88,21.62,21.74,709363
DAR,NYSE,2019/04/24 16:00:00,21.75,21.78,21.21,21.43,841818
DAR,NYSE,2019/04/25 16:00:00,21.34,21.34,20.85,20.92,1207259
DAR,NYSE,2019/04/26 16:00:00,20.99,21.04,20.82,21,789866
DAR,NYSE,2019/04/29 16:00:00,21.04,21.63,21,21.63,920387
DAR,NYSE,2019/04/30 16:00:00,21.63,22,21.63,21.81,1119851
DAR,NYSE,2019/05/01 16:00:00,21.73,21.84,21.4,21.46,1572261
DAR,NYSE,2019/05/02 16:00:00,21.46,21.54,21.1,21.17,677535
DAR,NYSE,2019/05/03 16:00:00,21.21,21.34,20.85,21.17,878604
DAR,NYSE,2019/05/06 16:00:00,20.9,21.22,20.9,21.15,799079
DAR,NYSE,2019/05/07 16:00:00,21.02,21.14,20.48,20.76,1025310
DAR,NYSE,2019/05/08 16:00:00,20.81,20.86,20.32,20.35,647806
DAR,NYSE,2019/05/09 16:00:00,19.79,20.69,19.75,20.6,1194405
DAR,NYSE,2019/05/10 16:00:00,20.42,20.58,19.96,20.54,1095298
DAR,NYSE,2019/05/13 16:00:00,20.21,20.37,20.04,20.18,1159777
DAR,NYSE,2019/05/14 16:00:00,20.16,20.4,20.06,20.19,1662397
DAR,NYSE,2019/05/15 16:00:00,20.05,20.25,19.93,20.22,578920
DAR,NYSE,2019/05/16 16:00:00,20.26,20.79,20.22,20.59,1432202
DAR,NYSE,2019/05/17 16:00:00,20.48,20.71,20.16,20.18,767085
DAR,NYSE,2019/05/20 16:00:00,20.05,20.1,19.87,19.96,623526
DAR,NYSE,2019/05/21 16:00:00,20.06,20.18,19.97,20.04,891221
DAR,NYSE,2019/05/22 16:00:00,19.94,20.15,19.91,20.13,1065816
DAR,NYSE,2019/05/23 16:00:00,19.96,19.96,19.24,19.35,1139206
DAR,NYSE,2019/05/24 16:00:00,19.44,19.56,19.25,19.26,614316
DAR,NYSE,2019/05/28 16:00:00,19.21,19.31,18.97,18.98,598970
DAR,NYSE,2019/05/29 16:00:00,18.84,19.33,18.77,19.31,1629041
DAR,NYSE,2019/05/30 16:00:00,19.39,19.54,19.12,19.18,1004036
DAR,NYSE,2019/05/31 16:00:00,18.96,18.99,18.63,18.9,1535945
DAR,NYSE,2019/06/03 16:00:00,18.95,19.4,18.79,19.23,1145641
DAR,NYSE,2019/06/04 16:00:00,19.43,19.61,19.38,19.51,928047
DAR,NYSE,2019/06/05 16:00:00,19.5,19.61,19.16,19.24,1083884
DAR,NYSE,2019/06/06 16:00:00,19.21,19.47,19.1,19.35,849309
DAR,NYSE,2019/06/07 16:00:00,19.44,19.56,19.23,19.24,770869
DAR,NYSE,2019/06/10 16:00:00,19.28,19.47,19.19,19.42,791065
DAR,NYSE,2019/06/11 16:00:00,19.49,19.62,19.29,19.44,555591
DAR,NYSE,2019/06/12 16:00:00,19.4,19.44,19.2,19.25,719244
DAR,NYSE,2019/06/13 16:00:00,19.33,19.77,19.33,19.74,1135557
DAR,NYSE,2019/06/14 16:00:00,19.65,19.72,19.31,19.49,565587
DAR,NYSE,2019/06/17 16:00:00,19.48,19.68,19.43,19.45,872817
DAR,NYSE,2019/06/18 16:00:00,19.52,20.06,19.52,19.82,630447
DAR,NYSE,2019/06/19 16:00:00,19.9,20.18,19.81,20.14,943173
DAR,NYSE,2019/06/20 16:00:00,20.34,20.5,20.18,20.38,1083265
DAR,NYSE,2019/06/21 16:00:00,20.27,20.32,20.06,20.19,993609
DAR,NYSE,2019/06/24 16:00:00,20.24,20.37,20.1,20.16,828187
DAR,NYSE,2019/06/25 16:00:00,20.13,20.27,19.94,19.94,754854
DAR,NYSE,2019/06/26 16:00:00,19.92,20.06,19.79,19.82,618520
DAR,NYSE,2019/06/27 16:00:00,19.78,20.04,19.71,20.02,808064
DAR,NYSE,2019/06/28 16:00:00,20.03,20.24,19.77,19.89,1750117
DAR,NYSE,2019/07/01 16:00:00,20.15,20.21,19.74,19.86,830747
DAR,NYSE,2019/07/02 16:00:00,19.86,19.93,19.7,19.86,539786
DAR,NYSE,2019/07/03 13:00:00,19.93,19.98,19.74,19.76,252792
DAR,NYSE,2019/07/05 16:00:00,19.72,20.01,19.62,19.94,388497
DAR,NYSE,2019/07/08 16:00:00,19.9,19.96,19.83,19.89,483663
DAR,NYSE,2019/07/09 16:00:00,19.86,20.04,19.71,19.94,627374
DAR,NYSE,2019/07/10 16:00:00,19.99,20.18,19.86,19.99,402725
DAR,NYSE,2019/07/11 16:00:00,19.99,20.02,19.87,19.96,654882
DAR,NYSE,2019/07/12 16:00:00,20.03,20.43,19.95,20.28,636724
DAR,NYSE,2019/07/15 16:00:00,20.3,20.3,19.85,19.94,463187
DAR,NYSE,2019/07/16 16:00:00,19.93,19.93,19.57,19.75,503351
DAR,NYSE,2019/07/17 16:00:00,19.72,19.84,19.62,19.72,584947
DAR,NYSE,2019/07/18 16:00:00,19.7,19.93,19.5,19.82,435875
DAR,NYSE,2019/07/19 16:00:00,19.77,20.02,19.75,19.76,558836
DAR,NYSE,2019/07/22 16:00:00,19.78,19.94,19.62,19.62,421618
DAR,NYSE,2019/07/23 16:00:00,19.68,19.9,19.68,19.86,422933
DAR,NYSE,2019/07/24 16:00:00,19.76,19.92,19.68,19.89,460264
DAR,NYSE,2019/07/25 16:00:00,19.93,20.24,19.85,20.08,953909
DAR,NYSE,2019/07/26 16:00:00,20.13,20.64,20.12,20.43,888378
DAR,NYSE,2019/07/29 16:00:00,20.42,20.57,20.34,20.4,791281
DAR,NYSE,2019/07/30 16:00:00,20.34,20.49,20.25,20.46,971344
DAR,NYSE,2019/07/31 16:00:00,20.49,20.7,20.12,20.33,1397067
DAR,NYSE,2019/08/01 16:00:00,20.41,20.86,20.12,20.23,666711
DAR,NYSE,2019/08/02 16:00:00,20.14,20.14,19.86,20,790975
DAR,NYSE,2019/08/05 16:00:00,19.7,20.02,19.41,19.56,1188436
DAR,NYSE,2019/08/06 16:00:00,19.61,19.91,19.5,19.63,542860
DAR,NYSE,2019/08/07 16:00:00,19.5,19.77,19.15,19.68,751613
DAR,NYSE,2019/08/08 16:00:00,20.5,20.91,19.43,20.35,849261
DAR,NYSE,2019/08/09 16:00:00,20.2,20.27,19.59,19.95,938305
DAR,NYSE,2019/08/12 16:00:00,19.77,19.88,19.41,19.46,450700
DAR,NYSE,2019/08/13 16:00:00,19.46,20.06,19.38,19.52,485439
DAR,NYSE,2019/08/14 16:00:00,19.24,19.43,18.86,18.9,754302
DAR,NYSE,2019/08/15 16:00:00,18.95,19.05,18.61,18.64,685466
DAR,NYSE,2019/08/16 16:00:00,18.74,19.11,18.74,18.97,665662
DAR,NYSE,2019/08/19 16:00:00,19.15,19.25,19.05,19.14,768607
DAR,NYSE,2019/08/20 16:00:00,19.08,19.08,18.89,18.91,795666
DAR,NYSE,2019/08/21 16:00:00,19.06,19.22,18.91,18.99,544718
DAR,NYSE,2019/08/22 16:00:00,19.03,19.26,18.93,18.93,480459
DAR,NYSE,2019/08/23 16:00:00,18.78,18.9,18.36,18.41,747099
DAR,NYSE,2019/08/26 16:00:00,18.6,18.65,18.43,18.56,523586
DAR,NYSE,2019/08/27 16:00:00,18.68,18.68,18.23,18.29,741899
DAR,NYSE,2019/08/28 16:00:00,18.21,18.58,18.2,18.41,647095
DAR,NYSE,2019/08/29 16:00:00,18.53,18.75,18.53,18.59,551778
DAR,NYSE,2019/08/30 16:00:00,18.65,18.9,18.51,18.6,573811
DAR,NYSE,2019/09/03 16:00:00,18.5,18.64,18.24,18.44,966695
DAR,NYSE,2019/09/04 16:00:00,18.51,18.66,18.46,18.55,893891
DAR,NYSE,2019/09/05 16:00:00,18.72,19.13,18.72,18.86,1015401
DAR,NYSE,2019/09/06 16:00:00,18.93,19.09,18.74,18.92,1029354
DAR,NYSE,2019/09/09 16:00:00,18.98,19.25,18.98,19.2,1375490
DAR,NYSE,2019/09/10 16:00:00,19.19,19.36,18.99,19.2,903685
DAR,NYSE,2019/09/11 16:00:00,19.31,19.83,19.16,19.8,1819840
DAR,NYSE,2019/09/12 16:00:00,19.93,20.32,19.65,20.14,1553915
DAR,NYSE,2019/09/13 16:00:00,20.22,20.56,20.2,20.3,1002932
DAR,NYSE,2019/09/16 16:00:00,20.19,20.45,20.16,20.21,843327
DAR,NYSE,2019/09/17 16:00:00,20.13,20.33,20,20.21,710004
DAR,NYSE,2019/09/18 16:00:00,20.19,20.2,19.93,20.14,492211
DAR,NYSE,2019/09/19 16:00:00,20.24,20.25,19.94,19.94,621422
DAR,NYSE,2019/09/20 16:00:00,19.98,20.06,19.74,19.8,1512510
DAR,NYSE,2019/09/23 16:00:00,19.74,19.97,19.67,19.74,657885
DAR,NYSE,2019/09/24 16:00:00,19.77,19.87,19.2,19.22,844420
DAR,NYSE,2019/09/25 16:00:00,19.25,19.57,19.22,19.48,620151
DAR,NYSE,2019/09/26 16:00:00,19.5,19.57,19.23,19.37,435518
DAR,NYSE,2019/09/27 16:00:00,19.42,19.42,18.81,18.89,573141
DAR,NYSE,2019/09/30 16:00:00,18.91,19.25,18.91,19.13,1433365
DAR,NYSE,2019/10/01 16:00:00,19.24,19.37,18.64,18.64,745979
DAR,NYSE,2019/10/02 16:00:00,18.52,18.64,18.38,18.62,1574114
DAR,NYSE,2019/10/03 16:00:00,18.6,18.73,18.32,18.53,823161
DAR,NYSE,2019/10/04 16:00:00,18.51,18.79,18.48,18.78,614843
DAR,NYSE,2019/10/07 16:00:00,18.68,18.89,18.56,18.68,771406
DAR,NYSE,2019/10/08 16:00:00,18.58,18.59,18.3,18.46,1084032
DAR,NYSE,2019/10/09 16:00:00,18.58,18.69,18.45,18.62,715520
DAR,NYSE,2019/10/10 16:00:00,18.69,18.73,18.45,18.48,1070500
DAR,NYSE,2019/10/11 16:00:00,18.66,19.12,18.58,18.94,1132481
DAR,NYSE,2019/10/14 16:00:00,18.9,19.04,18.79,19.01,887291
DAR,NYSE,2019/10/15 16:00:00,18.99,19.23,18.89,19.02,762124
DAR,NYSE,2019/10/16 16:00:00,19,19.06,18.89,18.91,663245
DAR,NYSE,2019/10/17 16:00:00,18.93,19.13,18.81,19.13,998976
DAR,NYSE,2019/10/18 16:00:00,19.11,19.26,18.9,18.92,716929
DAR,NYSE,2019/10/21 16:00:00,19.01,19.25,18.89,18.97,839818
DAR,NYSE,2019/10/22 16:00:00,18.88,19.02,18.71,18.88,1238985
DAR,NYSE,2019/10/23 16:00:00,18.9,19.02,18.82,18.84,787690
DAR,NYSE,2019/10/24 16:00:00,18.86,19.1,18.69,18.92,707736
DAR,NYSE,2019/10/25 16:00:00,18.88,19.02,18.77,18.99,423186
DAR,NYSE,2019/10/28 16:00:00,19.07,19.48,19.07,19.41,744179
DAR,NYSE,2019/10/29 16:00:00,19.31,19.44,19.19,19.3,868611
DAR,NYSE,2019/10/30 16:00:00,19.36,19.36,19.17,19.27,513976
DAR,NYSE,2019/10/31 16:00:00,19.27,19.37,19.08,19.3,672519
DAR,NYSE,2019/11/01 16:00:00,19.47,19.81,19.47,19.77,687667
DAR,NYSE,2019/11/04 16:00:00,19.91,20.17,19.75,20.15,678859
DAR,NYSE,2019/11/05 16:00:00,20.27,20.34,20.02,20.07,635420
DAR,NYSE,2019/11/06 16:00:00,20.12,20.37,20,20.25,1186224
DAR,NYSE,2019/11/07 16:00:00,20.29,22.51,20.29,22.03,1930810
DAR,NYSE,2019/11/08 16:00:00,22.06,22.68,21.91,22.6,1232057
DAR,NYSE,2019/11/11 16:00:00,22.59,22.97,22.47,22.97,866444
DAR,NYSE,2019/11/12 16:00:00,23,23.19,22.55,22.61,953225
DAR,NYSE,2019/11/13 16:00:00,22.44,22.73,22.34,22.7,837501
DAR,NYSE,2019/11/14 16:00:00,22.74,22.88,22.6,22.85,587175
DAR,NYSE,2019/11/15 16:00:00,23,23.15,22.86,23.08,1191490
DAR,NYSE,2019/11/18 16:00:00,23.16,23.21,22.85,22.9,761271
DAR,NYSE,2019/11/19 16:00:00,22.87,23.2,22.85,22.97,579761
DAR,NYSE,2019/11/20 16:00:00,22.87,23.01,22.67,22.72,735470
DAR,NYSE,2019/11/21 16:00:00,22.76,23.01,22.66,22.94,686639
DAR,NYSE,2019/11/22 16:00:00,23.06,23.15,22.93,23.05,484203
DAR,NYSE,2019/11/25 16:00:00,23.09,23.59,23.02,23.51,950668
DAR,NYSE,2019/11/26 16:00:00,23.46,23.75,23.41,23.51,987799
DAR,NYSE,2019/11/27 16:00:00,23.6,23.75,23.47,23.67,453408
DAR,NYSE,2019/11/29 13:00:00,23.57,23.83,23.56,23.8,581301
DAR,NYSE,2019/12/02 16:00:00,23.79,24,23.7,23.84,1132583
DAR,NYSE,2019/12/03 16:00:00,23.59,23.93,23.52,23.81,1129111
DAR,NYSE,2019/12/04 16:00:00,23.92,24.09,23.78,23.79,659481
DAR,NYSE,2019/12/05 16:00:00,23.78,23.87,23.64,23.66,741836
DAR,NYSE,2019/12/06 16:00:00,23.9,24.17,23.87,24.05,765500
DAR,NYSE,2019/12/09 16:00:00,24.06,24.29,24.05,24.08,732661
DAR,NYSE,2019/12/10 16:00:00,24.11,24.23,23.99,24.22,641280
DAR,NYSE,2019/12/11 16:00:00,24.27,24.89,24.26,24.64,1176638
DAR,NYSE,2019/12/12 16:00:00,24.62,25.37,24.57,25.27,4036158
DAR,NYSE,2019/12/13 16:00:00,25.27,25.32,24.97,25.12,1337851
DAR,NYSE,2019/12/16 16:00:00,25.12,25.66,25.12,25.19,1132442
DAR,NYSE,2019/12/17 16:00:00,25.89,27.15,25.89,27.08,3317004
DAR,NYSE,2019/12/18 16:00:00,27.1,27.25,26.72,27.17,1310548
DAR,NYSE,2019/12/19 16:00:00,27.18,27.26,26.95,27.15,1203445
DAR,NYSE,2019/12/20 16:00:00,27.25,27.86,27.25,27.68,3405547
DAR,NYSE,2019/12/23 16:00:00,27.79,27.86,27.53,27.81,859306
DAR,NYSE,2019/12/24 13:00:00,27.84,27.86,27.64,27.72,326112
DAR,NYSE,2019/12/26 16:00:00,27.82,28.04,27.76,27.99,543701
DAR,NYSE,2019/12/27 16:00:00,27.95,28.1,27.9,28,645123
DAR,NYSE,2019/12/30 16:00:00,28.05,28.11,27.93,27.96,957599
DAR,NYSE,2019/12/31 16:00:00,27.86,28.29,27.86,28.08,991358
DAR,NYSE,2020/01/02 16:00:00,28.24,28.28,27.68,28.27,943099
DAR,NYSE,2020/01/03 16:00:00,28.39,28.98,28.25,28.91,1580022
DAR,NYSE,2020/01/06 16:00:00,28.6,28.96,28.58,28.89,1311195
DAR,NYSE,2020/01/07 16:00:00,28.96,29.03,28.67,28.69,945888
DAR,NYSE,2020/01/08 16:00:00,28.72,28.82,28.56,28.58,629376
DAR,NYSE,2020/01/09 16:00:00,28.65,28.83,28.42,28.49,1036637
DAR,NYSE,2020/01/10 16:00:00,28.54,28.68,28.37,28.41,580017
DAR,NYSE,2020/01/13 16:00:00,28.38,28.75,28.3,28.73,731241
DAR,NYSE,2020/01/14 16:00:00,28.98,29.36,28.76,29.27,1084923
DAR,NYSE,2020/01/15 16:00:00,28.56,29.02,28.42,28.51,1179953
DAR,NYSE,2020/01/16 16:00:00,28.72,29.21,28.66,29.18,1308978
DAR,NYSE,2020/01/17 16:00:00,29.35,29.5,29.2,29.27,1512540
DAR,NYSE,2020/01/21 16:00:00,29.09,29.31,28.84,28.89,1220666
DAR,NYSE,2020/01/22 16:00:00,28.99,28.99,28.42,28.71,851829
DAR,NYSE,2020/01/23 16:00:00,28.61,29.25,28.54,29.12,1054418
DAR,NYSE,2020/01/24 16:00:00,29.15,29.15,28.69,28.79,861007
DAR,NYSE,2020/01/27 16:00:00,28.37,29.13,28.37,28.7,969640
DAR,NYSE,2020/01/28 16:00:00,28.79,29.16,28.79,28.97,673763
DAR,NYSE,2020/01/29 16:00:00,29.02,29.57,28.93,29.46,1064365
DAR,NYSE,2020/01/30 16:00:00,28.21,28.31,27.31,27.87,5243910
DAR,NYSE,2020/01/31 16:00:00,27.73,27.98,27.01,27.13,2340079
DAR,NYSE,2020/02/03 16:00:00,27.34,27.64,26.73,27.14,31166069
DAR,NYSE,2020/02/04 16:00:00,27.46,28.43,27.37,28.25,2053000
DAR,NYSE,2020/02/05 16:00:00,28.61,29.22,28.35,28.76,1606545
DAR,NYSE,2020/02/06 16:00:00,28.78,28.89,28.32,28.32,1244977
DAR,NYSE,2020/02/07 16:00:00,28.24,28.59,28.08,28.2,1230953
DAR,NYSE,2020/02/10 16:00:00,28.17,28.44,28.07,28.18,669593
DAR,NYSE,2020/02/11 16:00:00,28.41,28.63,28.31,28.54,843055
DAR,NYSE,2020/02/12 16:00:00,28.8,28.99,28.64,28.87,891067
DAR,NYSE,2020/02/13 16:00:00,28.7,28.95,28.47,28.88,692337
DAR,NYSE,2020/02/14 16:00:00,28.99,29,28.67,28.69,718470
DAR,NYSE,2020/02/18 16:00:00,28.52,28.8,28.27,28.33,874287
DAR,NYSE,2020/02/19 16:00:00,28.39,28.78,28.35,28.38,939379
DAR,NYSE,2020/02/20 16:00:00,28.18,28.71,28.15,28.64,585874
DAR,NYSE,2020/02/21 16:00:00,28.57,28.63,28.22,28.36,748380
DAR,NYSE,2020/02/24 16:00:00,27.69,27.81,27.24,27.63,1000910
DAR,NYSE,2020/02/25 16:00:00,27.64,27.69,26.31,26.45,1084462
DAR,NYSE,2020/02/26 16:00:00,27,27.93,25.01,25.01,3149337
DAR,NYSE,2020/02/27 16:00:00,24.55,26.11,24.19,25.01,3337068
DAR,NYSE,2020/02/28 16:00:00,24.22,25.72,24.21,25.7,3416463
DAR,NYSE,2020/03/02 16:00:00,25.89,26.37,25.17,26.36,1730985
DAR,NYSE,2020/03/03 16:00:00,26.34,26.95,25.91,25.99,1467430
DAR,NYSE,2020/03/04 16:00:00,26.45,26.64,25.68,26.6,1516705
DAR,NYSE,2020/03/05 16:00:00,26,26.22,25.41,25.83,1197420
DAR,NYSE,2020/03/06 16:00:00,24.89,25.29,24.41,24.98,1293601
DAR,NYSE,2020/03/09 16:00:00,23.85,23.96,20.45,23.48,1920887
DAR,NYSE,2020/03/10 16:00:00,24.22,24.28,23.12,24.17,1511361
DAR,NYSE,2020/03/11 16:00:00,23.45,23.58,21.75,22,1865831
DAR,NYSE,2020/03/12 16:00:00,20.52,20.52,17.74,17.79,1869765
DAR,NYSE,2020/03/13 16:00:00,18.78,19.25,17.01,19.23,2501321
DAR,NYSE,2020/03/16 16:00:00,17.25,18,16.86,16.91,1882412
DAR,NYSE,2020/03/17 16:00:00,17.14,17.9,15.19,17.56,2262576
DAR,NYSE,2020/03/18 16:00:00,16.53,16.53,10.25,14.03,2155888
DAR,NYSE,2020/03/19 16:00:00,13.93,14.95,12.88,14.49,2609655
DAR,NYSE,2020/03/20 16:00:00,14.57,15.58,14.05,15.17,4497872
DAR,NYSE,2020/03/23 16:00:00,16.23,16.52,14.86,16.25,1578042
DAR,NYSE,2020/03/24 16:00:00,17.46,18.21,16.31,17.73,1527534
DAR,NYSE,2020/03/25 16:00:00,17.89,18.54,16.81,17.72,1593621
DAR,NYSE,2020/03/26 16:00:00,17.72,19.51,17.72,19,1178480
DAR,NYSE,2020/03/27 16:00:00,18.27,19.28,17.85,18.5,1368019
DAR,NYSE,2020/03/30 16:00:00,18.5,19.1,17.08,19.03,1157639
DAR,NYSE,2020/03/31 16:00:00,19.08,19.35,18.54,19.17,1833656
DAR,NYSE,2020/04/01 16:00:00,18.46,18.61,17.1,17.24,919867
DAR,NYSE,2020/04/02 16:00:00,17.23,18.03,16.96,17.77,1331245
DAR,NYSE,2020/04/03 16:00:00,17.62,18.07,17.15,17.42,1127665
DAR,NYSE,2020/04/06 16:00:00,18.24,19.07,17.98,18.87,1306503
DAR,NYSE,2020/04/07 16:00:00,19.78,20.2,18.56,18.69,1062478
DAR,NYSE,2020/04/08 16:00:00,19.04,19.52,18.3,19.41,1726065
DAR,NYSE,2020/04/09 16:00:00,19.81,20.72,19.51,20.66,1423223
DAR,NYSE,2020/04/13 16:00:00,20.47,20.8,20.06,20.55,1068066
DAR,NYSE,2020/04/14 16:00:00,21.07,21.6,20.82,21.51,1254418
DAR,NYSE,2020/04/15 16:00:00,20.34,20.93,19.93,20.09,1081632
DAR,NYSE,2020/04/16 16:00:00,20.06,20.36,19.59,20.15,889459
DAR,NYSE,2020/04/17 16:00:00,20.82,21.12,20.12,20.35,832326
DAR,NYSE,2020/04/20 16:00:00,19.89,20.56,19.41,19.71,1184937
DAR,NYSE,2020/04/21 16:00:00,19.01,19.18,18.56,18.61,775229
DAR,NYSE,2020/04/22 16:00:00,19.1,19.22,18.36,18.57,884363
DAR,NYSE,2020/04/23 16:00:00,18.56,19.59,18.56,19.07,971881
DAR,NYSE,2020/04/24 16:00:00,19.22,19.87,19.2,19.77,897945
DAR,NYSE,2020/04/27 16:00:00,19.92,20.97,19.91,20.78,764616
DAR,NYSE,2020/04/28 16:00:00,21.41,21.41,20.76,21.06,1159275
DAR,NYSE,2020/04/29 16:00:00,21.79,22.85,21.64,22.4,1262097
DAR,NYSE,2020/04/30 16:00:00,21.81,22.13,20.52,20.59,1099704
DAR,NYSE,2020/05/01 16:00:00,20.18,20.4,19.17,19.82,1159873
DAR,NYSE,2020/05/04 16:00:00,19.53,20.04,19.38,19.93,1144285
DAR,NYSE,2020/05/05 16:00:00,20.33,20.72,20.19,20.51,818207
DAR,NYSE,2020/05/06 16:00:00,19.88,20.43,19.57,19.92,1004376
DAR,NYSE,2020/05/07 16:00:00,21.91,22,20.99,21.26,1069600
DAR,NYSE,2020/05/08 16:00:00,21.82,22.32,21.52,22.2,1135825
DAR,NYSE,2020/05/11 16:00:00,21.71,21.87,20.94,21.59,1605276
DAR,NYSE,2020/05/12 16:00:00,21.6,21.79,20.7,20.71,1349470
DAR,NYSE,2020/05/13 16:00:00,20.41,20.7,19.76,20.15,1154394
DAR,NYSE,2020/05/14 16:00:00,19.71,20.21,19.05,19.99,827802
DAR,NYSE,2020/05/15 16:00:00,20.06,20.71,19.86,20.39,892686
DAR,NYSE,2020/05/18 16:00:00,21.27,21.85,21.17,21.75,770127
DAR,NYSE,2020/05/19 16:00:00,21.63,22.18,21.33,21.36,901277
DAR,NYSE,2020/05/20 16:00:00,21.87,22.12,21.62,21.82,1003266
DAR,NYSE,2020/05/21 16:00:00,21.75,22.14,21.59,22.01,841553
DAR,NYSE,2020/05/22 16:00:00,22.17,22.17,21.76,22.01,540282
DAR,NYSE,2020/05/26 16:00:00,22.92,23.6,22.92,23.31,1128473
DAR,NYSE,2020/05/27 16:00:00,23.86,24.61,23.39,24.52,1271168
DAR,NYSE,2020/05/28 16:00:00,25,25,23.28,23.44,897921
DAR,NYSE,2020/05/29 16:00:00,23.1,23.47,22.69,23.31,1133338
DAR,NYSE,2020/06/01 16:00:00,23.43,23.81,23.15,23.29,813434
DAR,NYSE,2020/06/02 16:00:00,23.47,23.97,23.14,23.92,846832
DAR,NYSE,2020/06/03 16:00:00,24.28,25.1,24.28,24.52,739433
DAR,NYSE,2020/06/04 16:00:00,24.25,25.11,24.2,25.11,1050902
DAR,NYSE,2020/06/05 16:00:00,26.37,26.97,25.64,25.78,1250252
DAR,NYSE,2020/06/08 16:00:00,26.22,26.51,25.61,25.82,814110
DAR,NYSE,2020/06/09 16:00:00,25.32,26.04,25.05,25.62,871608
DAR,NYSE,2020/06/10 16:00:00,25.5,25.83,24.33,24.33,969951
DAR,NYSE,2020/06/11 16:00:00,23.11,23.39,22.31,22.35,1209775
DAR,NYSE,2020/06/12 16:00:00,23.43,23.43,22.35,23,1214460
DAR,NYSE,2020/06/15 16:00:00,21.99,23.83,21.93,23.82,962749
DAR,NYSE,2020/06/16 16:00:00,24.86,24.97,23.52,24.29,700757
DAR,NYSE,2020/06/17 16:00:00,24.36,24.49,23.11,23.29,1115052
DAR,NYSE,2020/06/18 16:00:00,22.91,23.99,22.91,23.85,846963
DAR,NYSE,2020/06/19 16:00:00,24.12,24.34,23.61,23.97,1937283
DAR,NYSE,2020/06/22 16:00:00,23.6,24.15,23.22,24.12,717107
DAR,NYSE,2020/06/23 16:00:00,24.56,24.56,23.7,23.93,903132
DAR,NYSE,2020/06/24 16:00:00,23.52,23.75,22.43,23.14,1322292
DAR,NYSE,2020/06/25 16:00:00,22.97,23.16,22.38,23.07,1102549
DAR,NYSE,2020/06/26 16:00:00,22.93,23.51,22.5,23.25,2186899
DAR,NYSE,2020/06/29 16:00:00,23.71,23.87,23.26,23.65,994044
DAR,NYSE,2020/06/30 16:00:00,23.53,24.82,23.44,24.62,1499986
DAR,NYSE,2020/07/01 16:00:00,24.55,24.85,23.72,23.76,1028876
DAR,NYSE,2020/07/02 16:00:00,24.27,24.6,23.72,23.82,670156
DAR,NYSE,2020/07/06 16:00:00,24.46,24.56,24.16,24.36,731668
DAR,NYSE,2020/07/07 16:00:00,24,24.11,23.54,23.76,769426
DAR,NYSE,2020/07/08 16:00:00,23.72,24.12,23.48,23.87,719729
DAR,NYSE,2020/07/09 16:00:00,23.72,23.75,22.55,23.25,973379
DAR,NYSE,2020/07/10 16:00:00,23.27,24.26,23.22,24.18,706434
DAR,NYSE,2020/07/13 16:00:00,24.47,24.71,23.75,23.86,1025476
DAR,NYSE,2020/07/14 16:00:00,23.79,24.65,23.55,24.62,624598
DAR,NYSE,2020/07/15 16:00:00,25.22,26.11,25.06,25.95,1225982
DAR,NYSE,2020/07/16 16:00:00,26.38,26.64,25.81,26.39,1220163
DAR,NYSE,2020/07/17 16:00:00,26.52,28.13,26.37,27.87,1808214
DAR,NYSE,2020/07/20 16:00:00,27.74,28.59,27.44,27.66,1331592
DAR,NYSE,2020/07/21 16:00:00,27.79,28.27,27.6,27.7,741090
DAR,NYSE,2020/07/22 16:00:00,27.53,28.44,27.51,28,1043348
DAR,NYSE,2020/07/23 16:00:00,27.85,28.73,27.85,28.48,1406578
DAR,NYSE,2020/07/24 16:00:00,28.45,28.56,27.95,28.04,808599
DAR,NYSE,2020/07/27 16:00:00,27.95,28.16,27.33,27.7,974422
DAR,NYSE,2020/07/28 16:00:00,27.6,28.05,27.5,27.6,612051
DAR,NYSE,2020/07/29 16:00:00,27.91,28.67,27.75,28.5,1114355
DAR,NYSE,2020/07/30 16:00:00,28.04,28.38,27.74,28.38,944097
DAR,NYSE,2020/07/31 16:00:00,28.13,28.3,27.23,27.93,1206781
DAR,NYSE,2020/08/03 16:00:00,28.12,28.15,27.36,27.81,1012794
DAR,NYSE,2020/08/04 16:00:00,27.63,28.08,27.34,28,1032209
DAR,NYSE,2020/08/05 16:00:00,28.3,29.07,28.02,29.02,1163857
DAR,NYSE,2020/08/06 16:00:00,30.74,31.53,29.29,29.41,2130914
DAR,NYSE,2020/08/07 16:00:00,29.43,31.63,29.36,31.63,1827184
DAR,NYSE,2020/08/10 16:00:00,31.7,33.33,31.68,32.47,2278494
DAR,NYSE,2020/08/11 16:00:00,32.85,33.26,32.46,32.91,1505680
DAR,NYSE,2020/08/12 16:00:00,32.82,33.73,32.82,33.08,1240734
DAR,NYSE,2020/08/13 16:00:00,32.92,33.59,32.51,32.61,1855229
DAR,NYSE,2020/08/14 16:00:00,32.39,33,32.16,32.95,1246655
DAR,NYSE,2020/08/17 16:00:00,32.93,33.59,32.91,33.31,841501
DAR,NYSE,2020/08/18 16:00:00,33.14,33.28,32.58,32.66,1091207
DAR,NYSE,2020/08/19 16:00:00,32.69,32.94,32.08,32.31,953124
DAR,NYSE,2020/08/20 16:00:00,31.85,32.62,31.56,32.54,875241
DAR,NYSE,2020/08/21 16:00:00,32.23,32.58,32.11,32.36,665298
DAR,NYSE,2020/08/24 16:00:00,32.66,32.74,32.25,32.56,871107
DAR,NYSE,2020/08/25 16:00:00,32.84,33.12,32.19,32.84,946567
DAR,NYSE,2020/08/26 16:00:00,32.7,33.27,32.63,32.85,1074162
DAR,NYSE,2020/08/27 16:00:00,32.96,33.04,32.37,32.61,1291756
DAR,NYSE,2020/08/28 16:00:00,32.84,32.93,32.38,32.92,577468
DAR,NYSE,2020/08/31 16:00:00,32.8,32.9,31.91,31.97,1031793
DAR,NYSE,2020/09/01 16:00:00,31.87,32.99,31.65,32.96,1265630
DAR,NYSE,2020/09/02 16:00:00,33.03,33.24,32.39,32.57,904009
DAR,NYSE,2020/09/03 16:00:00,32.73,32.73,31.72,32.38,2214874
DAR,NYSE,2020/09/04 16:00:00,32.92,34.34,32.68,34.19,1655596
DAR,NYSE,2020/09/08 16:00:00,33.98,33.98,32.57,32.57,1689229
DAR,NYSE,2020/09/09 16:00:00,32.8,34.43,32.63,33.94,1296088
DAR,NYSE,2020/09/10 16:00:00,34,34.68,33.75,33.95,1814757
DAR,NYSE,2020/09/11 16:00:00,34.04,34.6,33.76,34.5,1471907
DAR,NYSE,2020/09/14 16:00:00,34.86,35.81,34.86,35.55,2141832
DAR,NYSE,2020/09/15 16:00:00,35.86,36.09,34.87,35,1261597
DAR,NYSE,2020/09/16 16:00:00,35.15,35.99,34.72,35.2,1713978
DAR,NYSE,2020/09/17 16:00:00,34.81,35.26,34.43,35.14,1068415
DAR,NYSE,2020/09/18 16:00:00,35.45,35.87,34.81,35.09,2936012
DAR,NYSE,2020/09/21 16:00:00,34.24,34.56,32.63,33.23,1336149
DAR,NYSE,2020/09/22 16:00:00,33.44,34.15,33.35,34.11,1142032
DAR,NYSE,2020/09/23 16:00:00,34.09,34.32,31.96,31.98,1422501
DAR,NYSE,2020/09/24 16:00:00,32.1,32.91,31.45,32.44,1531920
DAR,NYSE,2020/09/25 16:00:00,32.1,33.46,32.1,33.35,847180
DAR,NYSE,2020/09/28 16:00:00,34.02,34.68,33.83,33.87,825830
DAR,NYSE,2020/09/29 16:00:00,34.5,35.57,34.12,35.43,2154865
DAR,NYSE,2020/09/30 16:00:00,35.39,36.58,35.22,36.03,1837962
DAR,NYSE,2020/10/01 16:00:00,36.41,37.47,36.09,37.33,1591050
DAR,NYSE,2020/10/02 16:00:00,36.55,37.31,36.19,36.82,1350489
DAR,NYSE,2020/10/05 16:00:00,37.03,37.95,36.92,37.94,824002
DAR,NYSE,2020/10/06 16:00:00,38.22,39.24,37.96,38.31,1177966
DAR,NYSE,2020/10/07 16:00:00,38.95,39.81,38.88,39.71,1796746
DAR,NYSE,2020/10/08 16:00:00,40.22,40.61,39.61,40.54,1691013
DAR,NYSE,2020/10/09 16:00:00,41.44,42.37,40.97,42.35,1883452
DAR,NYSE,2020/10/12 16:00:00,42.29,43.6,41.65,43.38,1339989
DAR,NYSE,2020/10/13 16:00:00,42.79,43.74,42.37,43.54,1314397
DAR,NYSE,2020/10/14 16:00:00,43.61,44.87,43.26,43.28,1355851
DAR,NYSE,2020/10/15 16:00:00,42.73,43.84,42,43.64,2216085
DAR,NYSE,2020/10/16 16:00:00,43.82,44.9,43.75,44.43,829981
DAR,NYSE,2020/10/19 16:00:00,44.89,45.56,44.65,44.89,1725802
DAR,NYSE,2020/10/20 16:00:00,45.08,45.93,44.55,44.6,1183264
DAR,NYSE,2020/10/21 16:00:00,44.89,45.14,44.2,44.39,1154822
DAR,NYSE,2020/10/22 16:00:00,45.46,48.35,45.37,45.99,2407404
DAR,NYSE,2020/10/23 16:00:00,46.25,46.46,44.97,45.03,1567245
DAR,NYSE,2020/10/26 16:00:00,44.37,44.53,43.55,44.11,1100014
DAR,NYSE,2020/10/27 16:00:00,44.15,44.66,42.35,44.27,1078302
DAR,NYSE,2020/10/28 16:00:00,43.21,43.73,42.37,42.68,1648172
DAR,NYSE,2020/10/29 16:00:00,42.32,44.19,41.9,44.07,1449137
DAR,NYSE,2020/10/30 16:00:00,43.56,43.86,41.73,43,1188407
DAR,NYSE,2020/11/02 16:00:00,43.42,43.99,42.84,43.84,1543453
DAR,NYSE,2020/11/03 16:00:00,44.63,45.69,44.42,45.42,1725979
DAR,NYSE,2020/11/04 16:00:00,44.48,45.05,42.11,43.72,2893116
DAR,NYSE,2020/11/05 16:00:00,44.55,46.34,44.22,45.73,1633090
DAR,NYSE,2020/11/06 16:00:00,46.03,46.09,44.25,44.36,929306
DAR,NYSE,2020/11/09 16:00:00,47.25,49.16,45.38,46.6,2306773
DAR,NYSE,2020/11/10 16:00:00,47.08,48.77,46.44,48.69,1666119
DAR,NYSE,2020/11/11 16:00:00,48.94,49.64,48.01,49,1360626
DAR,NYSE,2020/11/12 16:00:00,48.45,49.42,46.64,47.24,1558762
DAR,NYSE,2020/11/13 16:00:00,47.89,48.07,46.63,47.4,968194
DAR,NYSE,2020/11/16 16:00:00,48.44,49.84,47.8,49.09,1163446
DAR,NYSE,2020/11/17 16:00:00,48.66,49.13,48.04,48.55,1161455
DAR,NYSE,2020/11/18 16:00:00,48.85,49.36,47,47.01,921528
DAR,NYSE,2020/11/19 16:00:00,46.95,47.97,46.09,47.88,790903
DAR,NYSE,2020/11/20 16:00:00,47.34,47.97,47.07,47.52,872006
DAR,NYSE,2020/11/23 16:00:00,47.9,47.96,46.84,47.28,1304133
DAR,NYSE,2020/11/24 16:00:00,47.73,48.98,47.26,48.88,1608914
DAR,NYSE,2020/11/25 16:00:00,48.71,48.71,47.04,47.99,868786
DAR,NYSE,2020/11/27 13:00:00,47.96,49.04,47.87,48.99,467259
DAR,NYSE,2020/11/30 16:00:00,48.98,49.85,47.85,48.28,1474868
DAR,NYSE,2020/12/01 16:00:00,48.92,48.97,47.64,47.85,1043797
DAR,NYSE,2020/12/02 16:00:00,47.66,48.38,47.28,47.94,810448
DAR,NYSE,2020/12/03 16:00:00,47.97,48.62,47.55,48.39,1084437
DAR,NYSE,2020/12/04 16:00:00,48.73,50.09,48.54,49.87,1180496
DAR,NYSE,2020/12/07 16:00:00,50.38,50.63,48.94,49,1048975
DAR,NYSE,2020/12/08 16:00:00,49.21,50.89,48.34,50.7,1756495
DAR,NYSE,2020/12/09 16:00:00,51.5,52.42,50.68,51.14,1322273
DAR,NYSE,2020/12/10 16:00:00,50.68,53.1,50.59,53.05,1021045
DAR,NYSE,2020/12/11 16:00:00,52.57,54.42,52.34,54.41,1426917
DAR,NYSE,2020/12/14 16:00:00,55.23,56.43,53.38,53.39,1950531
DAR,NYSE,2020/12/15 16:00:00,53.76,55.55,53.29,55.51,1141533
DAR,NYSE,2020/12/16 16:00:00,56,56.39,54.1,54.72,986280
DAR,NYSE,2020/12/17 16:00:00,54.8,56.16,54.73,56.04,977186
DAR,NYSE,2020/12/18 16:00:00,56.24,57.55,55.48,56.33,4083678
DAR,NYSE,2020/12/21 16:00:00,55.01,56.15,53.78,55.52,1409507
DAR,NYSE,2020/12/22 16:00:00,55.53,56.17,55.11,55.44,690396
DAR,NYSE,2020/12/23 16:00:00,55.86,56.11,55.15,55.71,979099
DAR,NYSE,2020/12/24 13:00:00,56,56.2,55.28,56.09,184573
DAR,NYSE,2020/12/28 16:00:00,56.9,56.93,55.3,56.5,922704
DAR,NYSE,2020/12/29 16:00:00,56.5,56.59,54.86,56.3,1174494
DAR,NYSE,2020/12/30 16:00:00,56.3,59,56.29,58.88,1208469
DAR,NYSE,2020/12/31 16:00:00,58.83,59,57.6,57.68,1071012
DAR,NYSE,2021/01/04 16:00:00,58.87,61.3,56.16,56.93,1412984
DAR,NYSE,2021/01/05 16:00:00,56.81,59.66,56.74,59.3,1073290
DAR,NYSE,2021/01/06 16:00:00,60.47,64.8,60.19,63.65,2728045
DAR,NYSE,2021/01/07 16:00:00,64.31,66.74,64.09,66.4,1810445
DAR,NYSE,2021/01/08 16:00:00,66.6,67.81,63.56,65.03,1281278
DAR,NYSE,2021/01/11 16:00:00,63.87,67.2,63.11,66.22,1008118
DAR,NYSE,2021/01/12 16:00:00,66.94,67.58,65.86,66.82,832065
DAR,NYSE,2021/01/13 16:00:00,67.53,68,66.21,66.3,961889
DAR,NYSE,2021/01/14 16:00:00,67.26,68.5,66.41,66.66,1537246
DAR,NYSE,2021/01/15 16:00:00,65.61,65.83,63.38,64.34,1265462
DAR,NYSE,2021/01/19 16:00:00,65.18,67.14,64.97,66.47,1687239
DAR,NYSE,2021/01/20 16:00:00,67.65,68.97,67.04,68.92,2054348
DAR,NYSE,2021/01/21 16:00:00,69.07,69.2,66.85,67.62,1298987
DAR,NYSE,2021/01/22 16:00:00,66.69,67.08,65.17,66.78,1166702
DAR,NYSE,2021/01/25 16:00:00,66.81,68.29,65.06,66.54,1263490
DAR,NYSE,2021/01/26 16:00:00,67.02,68,65.65,65.9,1111364
DAR,NYSE,2021/01/27 16:00:00,62.78,62.96,59.77,60.69,2625935
DAR,NYSE,2021/01/28 16:00:00,61.8,65.41,61.2,64.15,1728990
DAR,NYSE,2021/01/29 16:00:00,64.03,64.03,61.13,62.01,1593582
DAR,NYSE,2021/02/01 16:00:00,62.84,65.51,61.51,65.13,1329422
DAR,NYSE,2021/02/02 16:00:00,66.21,68.29,65.56,68.22,1753798
DAR,NYSE,2021/02/03 16:00:00,68.26,69.56,67.25,69.26,1640904
DAR,NYSE,2021/02/04 16:00:00,69.3,70.16,68.7,69.24,834492
DAR,NYSE,2021/02/05 16:00:00,70.01,70.53,67.41,67.74,1049255
DAR,NYSE,2021/02/08 16:00:00,68.21,71.87,67.83,71.8,1134003
DAR,NYSE,2021/02/09 16:00:00,71.58,72.85,70.64,71.78,1260398
DAR,NYSE,2021/02/10 16:00:00,72.4,72.4,68.48,68.9,1135762
DAR,NYSE,2021/02/11 16:00:00,69.25,70.36,68.13,70.29,1136715
DAR,NYSE,2021/02/12 16:00:00,69.99,69.99,67.81,69.07,1448441
DAR,NYSE,2021/02/16 16:00:00,69.9,71.55,69.8,70.21,1213376
DAR,NYSE,2021/02/17 16:00:00,69.74,70.5,68.13,69.47,1092762
DAR,NYSE,2021/02/18 16:00:00,69.02,69.13,66.29,66.7,1180296
DAR,NYSE,2021/02/19 16:00:00,67.33,68,66.32,66.89,972232
DAR,NYSE,2021/02/22 16:00:00,66.2,69.08,66.01,67.11,986979
DAR,NYSE,2021/02/23 16:00:00,65.8,66.85,62.16,66.13,1660817
DAR,NYSE,2021/02/24 16:00:00,66.52,67.67,65.39,66.68,1027474
DAR,NYSE,2021/02/25 16:00:00,66.92,67.08,62.1,62.18,1779759
DAR,NYSE,2021/02/26 16:00:00,62.41,64.96,62.41,63.04,1662476
DAR,NYSE,2021/03/01 16:00:00,64.46,66.67,63.88,64.06,1804688
DAR,NYSE,2021/03/02 16:00:00,65.51,68.68,65,67.51,2095112
DAR,NYSE,2021/03/03 16:00:00,68,70.67,65.98,66.16,2138247
DAR,NYSE,2021/03/04 16:00:00,66.68,70.25,66.35,67.93,2542846
DAR,NYSE,2021/03/05 16:00:00,70,75.81,69.49,73.53,3770641
DAR,NYSE,2021/03/08 16:00:00,74.2,77.55,74.01,75.1,2614594
DAR,NYSE,2021/03/09 16:00:00,76.13,79.07,75.78,78.52,2906918
DAR,NYSE,2021/03/10 16:00:00,78.89,79.48,73.54,74.68,2727093
DAR,NYSE,2021/03/11 16:00:00,74.8,78.2,74.07,78.16,1827432
DAR,NYSE,2021/03/12 16:00:00,77.49,79.2,77.21,78.74,1052473
DAR,NYSE,2021/03/15 16:00:00,78.95,79.65,77.88,79.21,772741
DAR,NYSE,2021/03/16 16:00:00,79.17,79.26,76.42,76.43,1142394
DAR,NYSE,2021/03/17 16:00:00,76.25,76.27,73.71,75.75,1086006
DAR,NYSE,2021/03/18 16:00:00,75.2,76.75,72.49,72.69,1146002
DAR,NYSE,2021/03/19 16:00:00,72.7,73.01,71.11,71.87,2858563
DAR,NYSE,2021/03/22 16:00:00,71.84,72.06,69.82,71.17,957866
DAR,NYSE,2021/03/23 16:00:00,70.22,71.5,68.18,68.92,1359985
DAR,NYSE,2021/03/24 16:00:00,70.27,71.96,69.02,69.59,1782060
DAR,NYSE,2021/03/25 16:00:00,68.69,71.38,68.19,70.88,1747146
DAR,NYSE,2021/03/26 16:00:00,72.05,73.99,70.9,73.94,1087666
DAR,NYSE,2021/03/29 16:00:00,73.26,74.18,69.84,70.52,1316687
DAR,NYSE,2021/03/30 16:00:00,70.4,73.28,70.37,73,1043282
DAR,NYSE,2021/03/31 16:00:00,73.71,75.24,73.18,73.58,1300290
DAR,NYSE,2021/04/01 16:00:00,74.46,75.37,73.18,73.4,1078203
DAR,NYSE,2021/04/05 16:00:00,74.33,75.21,72.47,72.95,1171289
DAR,NYSE,2021/04/06 16:00:00,73.44,74.45,71.96,72.22,897781
DAR,NYSE,2021/04/07 16:00:00,71.55,72.26,70.58,70.74,844771
DAR,NYSE,2021/04/08 16:00:00,71.29,72.24,70.21,72.24,1428577
DAR,NYSE,2021/04/09 16:00:00,72.45,74.36,72.45,74.07,972822
GME,NYSE,2019/04/01 16:00:00,10.29,10.42,10.04,10.37,4415694
GME,NYSE,2019/04/02 16:00:00,10.37,10.41,10.09,10.1,8670204
GME,NYSE,2019/04/03 16:00:00,8.86,10.03,8.82,9.63,26597946
GME,NYSE,2019/04/04 16:00:00,9.74,10.06,9.65,10.03,7917756
GME,NYSE,2019/04/05 16:00:00,9.96,10.01,9.79,9.86,5744033
GME,NYSE,2019/04/08 16:00:00,9.79,10.08,9.73,9.94,4551005
GME,NYSE,2019/04/09 16:00:00,9.85,10,9.81,9.82,2978480
GME,NYSE,2019/04/10 16:00:00,9.88,10.01,9.88,9.97,2807432
GME,NYSE,2019/04/11 16:00:00,9.98,9.98,9.74,9.76,2545196
GME,NYSE,2019/04/12 16:00:00,9.79,9.83,9.29,9.32,4778571
GME,NYSE,2019/04/15 16:00:00,9.27,9.35,8.81,8.94,5527398
GME,NYSE,2019/04/16 16:00:00,9,9.15,8.95,9.08,4719989
GME,NYSE,2019/04/17 16:00:00,9.11,9.12,8.75,8.94,3921094
GME,NYSE,2019/04/18 16:00:00,8.86,9.03,8.74,8.77,3814181
GME,NYSE,2019/04/22 16:00:00,8.75,8.82,8.53,8.65,6278660
GME,NYSE,2019/04/23 16:00:00,8.64,8.97,8.64,8.89,4452334
GME,NYSE,2019/04/24 16:00:00,8.9,9.06,8.89,9.01,4106124
GME,NYSE,2019/04/25 16:00:00,8.99,9,8.72,8.95,2627012
GME,NYSE,2019/04/26 16:00:00,8.93,9.03,8.88,8.89,2306798
GME,NYSE,2019/04/29 16:00:00,8.89,8.9,8.71,8.76,2548243
GME,NYSE,2019/04/30 16:00:00,8.8,8.85,8.65,8.65,3207672
GME,NYSE,2019/05/01 16:00:00,8.66,8.79,8.47,8.51,3538954
GME,NYSE,2019/05/02 16:00:00,8.51,8.83,8.51,8.77,3117109
GME,NYSE,2019/05/03 16:00:00,8.81,8.99,8.77,8.97,2179604
GME,NYSE,2019/05/06 16:00:00,8.85,8.92,8.66,8.85,2406428
GME,NYSE,2019/05/07 16:00:00,8.77,8.92,8.69,8.77,2591581
GME,NYSE,2019/05/08 16:00:00,8.75,8.85,8.65,8.69,2062390
GME,NYSE,2019/05/09 16:00:00,8.6,8.65,8.48,8.52,2339534
GME,NYSE,2019/05/10 16:00:00,8.52,8.58,8.36,8.48,2301524
GME,NYSE,2019/05/13 16:00:00,8.33,8.37,8.17,8.26,3043219
GME,NYSE,2019/05/14 16:00:00,8.32,8.55,8.24,8.53,2612858
GME,NYSE,2019/05/15 16:00:00,8.44,8.71,8.44,8.69,2253513
GME,NYSE,2019/05/16 16:00:00,8.74,8.84,8.64,8.67,1750984
GME,NYSE,2019/05/17 16:00:00,8.54,8.78,8.54,8.61,1967285
GME,NYSE,2019/05/20 16:00:00,8.46,8.52,7.98,8.06,5043577
GME,NYSE,2019/05/21 16:00:00,8.07,8.14,7.89,8.13,5697108
GME,NYSE,2019/05/22 16:00:00,8.07,8.08,7.76,7.9,4516125
GME,NYSE,2019/05/23 16:00:00,7.84,7.86,7.67,7.7,3919476
GME,NYSE,2019/05/24 16:00:00,7.71,7.86,7.71,7.82,2542140
GME,NYSE,2019/05/28 16:00:00,7.85,7.99,7.74,7.74,2732843
GME,NYSE,2019/05/29 16:00:00,7.73,7.75,7.39,7.57,4127874
GME,NYSE,2019/05/30 16:00:00,7.57,7.7,7.53,7.6,2695195
GME,NYSE,2019/05/31 16:00:00,7.47,7.66,7.32,7.58,3983240
GME,NYSE,2019/06/03 16:00:00,7.58,7.65,7.42,7.47,5229101
GME,NYSE,2019/06/04 16:00:00,7.58,7.85,7.52,7.82,10430124
GME,NYSE,2019/06/05 16:00:00,5.49,5.59,4.71,5.04,39354238
GME,NYSE,2019/06/06 16:00:00,4.98,5.13,4.84,5.13,13558024
GME,NYSE,2019/06/07 16:00:00,5.13,5.23,4.99,5.02,10591333
GME,NYSE,2019/06/10 16:00:00,5.37,5.55,5.29,5.44,18926487
GME,NYSE,2019/06/11 16:00:00,5.53,5.85,5.49,5.72,13423840
GME,NYSE,2019/06/12 16:00:00,5.68,5.8,5.5,5.5,4914298
GME,NYSE,2019/06/13 16:00:00,5.55,5.73,5.49,5.7,5840816
GME,NYSE,2019/06/14 16:00:00,5.7,5.83,5.61,5.63,5304641
GME,NYSE,2019/06/17 16:00:00,5.63,5.81,5.6,5.7,3686620
GME,NYSE,2019/06/18 16:00:00,5.71,5.83,5.67,5.73,4070383
GME,NYSE,2019/06/19 16:00:00,5.75,5.75,5.61,5.63,2973321
GME,NYSE,2019/06/20 16:00:00,5.66,5.69,5.52,5.53,3933792
GME,NYSE,2019/06/21 16:00:00,5.52,5.52,5.31,5.42,8954331
GME,NYSE,2019/06/24 16:00:00,5.41,5.47,5.28,5.37,4823326
GME,NYSE,2019/06/25 16:00:00,5.34,5.53,5.32,5.45,3085403
GME,NYSE,2019/06/26 16:00:00,5.47,5.52,5.38,5.47,3551794
GME,NYSE,2019/06/27 16:00:00,5.46,5.59,5.43,5.54,3755957
GME,NYSE,2019/06/28 16:00:00,5.53,5.58,5.44,5.47,3896355
GME,NYSE,2019/07/01 16:00:00,5.53,5.57,5.34,5.36,4325679
GME,NYSE,2019/07/02 16:00:00,5.35,5.45,5.32,5.38,5643464
GME,NYSE,2019/07/03 13:00:00,5.41,5.43,5.27,5.31,2562102
GME,NYSE,2019/07/05 16:00:00,5.3,5.64,5.27,5.52,12894646
GME,NYSE,2019/07/08 16:00:00,5.5,5.53,5.42,5.45,6592669
GME,NYSE,2019/07/09 16:00:00,5.48,5.55,5.28,5.31,11721864
GME,NYSE,2019/07/10 16:00:00,5.35,5.37,5.17,5.18,10853333
GME,NYSE,2019/07/11 16:00:00,4.98,5.01,4.73,4.84,16778249
GME,NYSE,2019/07/12 16:00:00,4.86,4.93,4.81,4.91,4392345
GME,NYSE,2019/07/15 16:00:00,4.87,4.89,4.75,4.75,3068520
GME,NYSE,2019/07/16 16:00:00,4.76,4.81,4.63,4.63,5970224
GME,NYSE,2019/07/17 16:00:00,4.63,4.64,4.33,4.38,7643148
GME,NYSE,2019/07/18 16:00:00,4.39,4.42,4.12,4.2,8601213
GME,NYSE,2019/07/19 16:00:00,4.22,4.42,4.22,4.32,10946499
GME,NYSE,2019/07/22 16:00:00,4.33,4.4,4.12,4.14,5488704
GME,NYSE,2019/07/23 16:00:00,4.15,4.2,3.98,4.09,7703497
GME,NYSE,2019/07/24 16:00:00,4.08,4.2,4.05,4.08,6020613
GME,NYSE,2019/07/25 16:00:00,4.1,4.32,3.97,3.98,5789991
GME,NYSE,2019/07/26 16:00:00,4,4.08,3.96,4.01,3209020
GME,NYSE,2019/07/29 16:00:00,4.02,4.16,4.02,4.12,4327121
GME,NYSE,2019/07/30 16:00:00,4.1,4.13,3.9,4.03,5271396
GME,NYSE,2019/07/31 16:00:00,4.03,4.18,4,4.02,5208919
GME,NYSE,2019/08/01 16:00:00,4.02,4.06,3.78,3.84,5596508
GME,NYSE,2019/08/02 16:00:00,3.83,3.89,3.75,3.78,3594668
GME,NYSE,2019/08/05 16:00:00,3.72,3.75,3.58,3.71,5681751
GME,NYSE,2019/08/06 16:00:00,3.73,3.82,3.63,3.81,5157443
GME,NYSE,2019/08/07 16:00:00,3.74,3.85,3.66,3.81,5856078
GME,NYSE,2019/08/08 16:00:00,3.84,3.91,3.77,3.89,2306726
GME,NYSE,2019/08/09 16:00:00,3.83,3.86,3.59,3.59,3079375
GME,NYSE,2019/08/12 16:00:00,3.58,3.62,3.44,3.51,2651496
GME,NYSE,2019/08/13 16:00:00,3.48,3.76,3.47,3.47,4505170
GME,NYSE,2019/08/14 16:00:00,3.39,3.42,3.19,3.32,6081927
GME,NYSE,2019/08/15 16:00:00,3.32,3.41,3.15,3.21,5888392
GME,NYSE,2019/08/16 16:00:00,3.25,3.36,3.21,3.32,3130713
GME,NYSE,2019/08/19 16:00:00,3.37,3.47,3.34,3.38,2887605
GME,NYSE,2019/08/20 16:00:00,3.35,3.46,3.28,3.42,4260103
GME,NYSE,2019/08/21 16:00:00,3.5,3.62,3.44,3.54,6009223
GME,NYSE,2019/08/22 16:00:00,3.97,4.25,3.72,3.87,29191468
GME,NYSE,2019/08/23 16:00:00,3.84,3.9,3.56,3.65,8675636
GME,NYSE,2019/08/26 16:00:00,3.72,4.04,3.65,3.82,10329416
GME,NYSE,2019/08/27 16:00:00,3.87,3.93,3.68,3.7,5701244
GME,NYSE,2019/08/28 16:00:00,3.7,3.97,3.67,3.88,6449953
GME,NYSE,2019/08/29 16:00:00,3.93,4.29,3.75,4.23,13364412
GME,NYSE,2019/08/30 16:00:00,4.26,4.36,3.92,3.97,10635940
GME,NYSE,2019/09/03 16:00:00,3.97,4.07,3.66,3.81,9044430
GME,NYSE,2019/09/04 16:00:00,3.88,4,3.85,3.98,4231328
GME,NYSE,2019/09/05 16:00:00,4.08,4.24,4.07,4.23,6892086
GME,NYSE,2019/09/06 16:00:00,4.24,4.36,4.14,4.31,6701524
GME,NYSE,2019/09/09 16:00:00,4.35,4.92,4.35,4.76,14578774
GME,NYSE,2019/09/10 16:00:00,4.87,5.1,4.51,5.09,16659188
GME,NYSE,2019/09/11 16:00:00,4.19,4.95,3.97,4.59,34005013
GME,NYSE,2019/09/12 16:00:00,4.6,4.81,4.43,4.58,8908741
GME,NYSE,2019/09/13 16:00:00,4.62,4.77,4.37,4.41,7662184
GME,NYSE,2019/09/16 16:00:00,4.3,4.47,4.27,4.35,6761749
GME,NYSE,2019/09/17 16:00:00,4.3,4.34,4.13,4.33,6416083
GME,NYSE,2019/09/18 16:00:00,4.33,4.69,4.33,4.6,9810294
GME,NYSE,2019/09/19 16:00:00,4.64,4.67,4.42,4.44,7868144
GME,NYSE,2019/09/20 16:00:00,4.59,4.8,4.5,4.7,11629918
GME,NYSE,2019/09/23 16:00:00,4.68,5.2,4.61,5.02,12502863
GME,NYSE,2019/09/24 16:00:00,5.14,5.5,4.98,5.01,13147148
GME,NYSE,2019/09/25 16:00:00,5.09,5.55,5.08,5.2,12170028
GME,NYSE,2019/09/26 16:00:00,5.19,5.34,5.08,5.28,6108539
GME,NYSE,2019/09/27 16:00:00,5.25,5.45,5.22,5.34,5550212
GME,NYSE,2019/09/30 16:00:00,5.43,5.64,5.4,5.52,9364495
GME,NYSE,2019/10/01 16:00:00,5.64,5.82,5.49,5.58,6592949
GME,NYSE,2019/10/02 16:00:00,5.55,5.55,5.24,5.32,8464988
GME,NYSE,2019/10/03 16:00:00,5.3,5.48,5.23,5.42,4437568
GME,NYSE,2019/10/04 16:00:00,5.43,5.56,5.37,5.55,4234207
GME,NYSE,2019/10/07 16:00:00,5.48,5.58,5.41,5.49,4439476
GME,NYSE,2019/10/08 16:00:00,5.43,5.44,5.16,5.23,4823410
GME,NYSE,2019/10/09 16:00:00,5.25,5.3,4.96,4.99,5865592
GME,NYSE,2019/10/10 16:00:00,5.02,5.15,4.96,5.05,5259227
GME,NYSE,2019/10/11 16:00:00,5.14,5.49,5.14,5.37,5910838
GME,NYSE,2019/10/14 16:00:00,5.32,5.59,5.22,5.58,5406311
GME,NYSE,2019/10/15 16:00:00,5.6,5.91,5.59,5.61,6351119
GME,NYSE,2019/10/16 16:00:00,5.58,5.91,5.58,5.88,3884788
GME,NYSE,2019/10/17 16:00:00,5.89,6.05,5.8,6.03,3641113
GME,NYSE,2019/10/18 16:00:00,6.03,6.05,5.77,5.94,3197108
GME,NYSE,2019/10/21 16:00:00,5.98,6.16,5.82,5.93,3611903
GME,NYSE,2019/10/22 16:00:00,5.93,6.44,5.93,6.39,4176832
GME,NYSE,2019/10/23 16:00:00,6.33,6.62,6.23,6.43,4073142
GME,NYSE,2019/10/24 16:00:00,6.5,6.55,6.03,6.42,4277374
GME,NYSE,2019/10/25 16:00:00,6.32,6.43,6.25,6.35,2645415
GME,NYSE,2019/10/28 16:00:00,6.38,6.49,6.17,6.19,2854744
GME,NYSE,2019/10/29 16:00:00,6.21,6.25,5.79,5.81,3918778
GME,NYSE,2019/10/30 16:00:00,5.76,5.83,5.52,5.73,3739543
GME,NYSE,2019/10/31 16:00:00,5.63,5.69,5.31,5.44,4358572
GME,NYSE,2019/11/01 16:00:00,5.45,6,5.43,5.84,5210355
GME,NYSE,2019/11/04 16:00:00,5.9,6.02,5.77,5.85,3670049
GME,NYSE,2019/11/05 16:00:00,5.88,6.2,5.86,5.91,3374121
GME,NYSE,2019/11/06 16:00:00,5.9,6.19,5.82,6.09,4128292
GME,NYSE,2019/11/07 16:00:00,6.18,6.32,6.04,6.22,3129283
GME,NYSE,2019/11/08 16:00:00,6.17,6.28,6.05,6.09,1968720
GME,NYSE,2019/11/11 16:00:00,6.05,6.09,5.77,6.02,3109457
GME,NYSE,2019/11/12 16:00:00,6.03,6.07,5.87,5.92,1834485
GME,NYSE,2019/11/13 16:00:00,5.91,5.97,5.81,5.94,1533919
GME,NYSE,2019/11/14 16:00:00,5.95,6.11,5.9,5.98,1708735
GME,NYSE,2019/11/15 16:00:00,6,6.01,5.85,5.88,2166051
GME,NYSE,2019/11/18 16:00:00,5.85,5.85,5.61,5.62,2995894
GME,NYSE,2019/11/19 16:00:00,5.57,5.66,5.45,5.5,3360548
GME,NYSE,2019/11/20 16:00:00,5.54,5.54,5.36,5.46,2666697
GME,NYSE,2019/11/21 16:00:00,5.46,5.58,5.35,5.5,2784021
GME,NYSE,2019/11/22 16:00:00,5.59,5.85,5.5,5.66,3494050
GME,NYSE,2019/11/25 16:00:00,5.67,6.06,5.63,6.03,2744888
GME,NYSE,2019/11/26 16:00:00,6.03,6.26,6.01,6.1,2650689
GME,NYSE,2019/11/27 16:00:00,6.1,6.39,6.02,6.35,3031154
GME,NYSE,2019/11/29 13:00:00,6.33,6.39,6.24,6.34,1368983
GME,NYSE,2019/12/02 16:00:00,6.35,6.46,6.09,6.17,2060626
GME,NYSE,2019/12/03 16:00:00,6.04,6.18,5.93,6.12,2216198
GME,NYSE,2019/12/04 16:00:00,6.17,6.49,6.12,6.43,2872485
GME,NYSE,2019/12/05 16:00:00,6.32,6.52,6.24,6.4,4381413
GME,NYSE,2019/12/06 16:00:00,6.39,6.68,6.39,6.68,4757388
GME,NYSE,2019/12/09 16:00:00,6.65,6.92,6.19,6.33,6351558
GME,NYSE,2019/12/10 16:00:00,6.29,6.54,6.12,6.51,9718849
GME,NYSE,2019/12/11 16:00:00,5.25,5.81,5.18,5.53,19538910
GME,NYSE,2019/12/12 16:00:00,5.46,5.71,5.41,5.58,6387374
GME,NYSE,2019/12/13 16:00:00,5.47,5.62,5.24,5.45,5439083
GME,NYSE,2019/12/16 16:00:00,5.39,5.59,5.39,5.5,4407206
GME,NYSE,2019/12/17 16:00:00,5.5,6.08,5.49,6.06,4142334
GME,NYSE,2019/12/18 16:00:00,6.06,6.27,5.93,6.16,5265606
GME,NYSE,2019/12/19 16:00:00,6.21,6.24,6.03,6.06,4451979
GME,NYSE,2019/12/20 16:00:00,6.06,6.22,5.96,5.99,5484629
GME,NYSE,2019/12/23 16:00:00,6.05,6.07,5.54,5.61,6282908
GME,NYSE,2019/12/24 13:00:00,5.65,5.67,5.44,5.44,3395510
GME,NYSE,2019/12/26 16:00:00,5.47,5.51,5.25,5.4,4266153
GME,NYSE,2019/12/27 16:00:00,5.42,5.98,5.39,5.9,11041287
GME,NYSE,2019/12/30 16:00:00,5.88,6.25,5.76,6.13,4482348
GME,NYSE,2019/12/31 16:00:00,6.08,6.39,5.99,6.08,4322610
GME,NYSE,2020/01/02 16:00:00,6.14,6.47,6.07,6.31,4430750
GME,NYSE,2020/01/03 16:00:00,6.21,6.25,5.84,5.88,3550961
GME,NYSE,2020/01/06 16:00:00,5.8,5.91,5.6,5.85,3394777
GME,NYSE,2020/01/07 16:00:00,5.77,5.83,5.44,5.52,5235519
GME,NYSE,2020/01/08 16:00:00,5.49,5.85,5.41,5.72,5629445
GME,NYSE,2020/01/09 16:00:00,5.82,5.82,5.48,5.55,2643051
GME,NYSE,2020/01/10 16:00:00,5.56,5.6,5.38,5.43,2781412
GME,NYSE,2020/01/13 16:00:00,5.43,5.61,5.33,5.43,3634014
GME,NYSE,2020/01/14 16:00:00,4.78,5,4.53,4.71,12562568
GME,NYSE,2020/01/15 16:00:00,4.66,4.73,4.55,4.61,4981116
GME,NYSE,2020/01/16 16:00:00,4.61,4.71,4.52,4.62,4287065
GME,NYSE,2020/01/17 16:00:00,4.58,4.75,4.51,4.75,4019524
GME,NYSE,2020/01/21 16:00:00,4.75,4.75,4.55,4.59,3532137
GME,NYSE,2020/01/22 16:00:00,4.55,4.64,4.46,4.56,2627486
GME,NYSE,2020/01/23 16:00:00,4.55,4.64,4.46,4.62,1880214
GME,NYSE,2020/01/24 16:00:00,4.64,4.64,4.25,4.32,4163697
GME,NYSE,2020/01/27 16:00:00,4.2,4.35,4.16,4.28,2122804
GME,NYSE,2020/01/28 16:00:00,4.3,4.3,4.18,4.21,2144936
GME,NYSE,2020/01/29 16:00:00,4.22,4.32,4.13,4.13,1552557
GME,NYSE,2020/01/30 16:00:00,4.1,4.12,3.88,3.93,3006733
GME,NYSE,2020/01/31 16:00:00,3.91,3.94,3.83,3.84,2891764
GME,NYSE,2020/02/03 16:00:00,3.88,3.98,3.85,3.95,2026199
GME,NYSE,2020/02/04 16:00:00,4.03,4.25,3.97,4.07,3563061
GME,NYSE,2020/02/05 16:00:00,4.15,4.41,4.14,4.18,2641722
GME,NYSE,2020/02/06 16:00:00,4.2,4.3,4.14,4.14,1510303
GME,NYSE,2020/02/07 16:00:00,4.11,4.13,3.77,3.81,2742281
GME,NYSE,2020/02/10 16:00:00,3.85,4.1,3.74,3.94,2777042
GME,NYSE,2020/02/11 16:00:00,3.98,4.24,3.95,4.02,3415023
GME,NYSE,2020/02/12 16:00:00,4.13,4.51,4.07,4.19,4820604
GME,NYSE,2020/02/13 16:00:00,4.12,4.26,4.07,4.11,2081693
GME,NYSE,2020/02/14 16:00:00,4.11,4.19,4.02,4.02,1582660
GME,NYSE,2020/02/18 16:00:00,4.01,4.08,3.96,4.06,1467612
GME,NYSE,2020/02/19 16:00:00,4.06,4.27,3.92,4.15,2593092
GME,NYSE,2020/02/20 16:00:00,4.16,4.3,4.11,4.14,1562341
GME,NYSE,2020/02/21 16:00:00,4.12,4.18,3.99,4.04,1695693
GME,NYSE,2020/02/24 16:00:00,3.9,3.93,3.7,3.7,3566289
GME,NYSE,2020/02/25 16:00:00,3.77,3.79,3.55,3.56,4447956
GME,NYSE,2020/02/26 16:00:00,3.58,3.62,3.36,3.39,4725372
GME,NYSE,2020/02/27 16:00:00,3.23,3.63,3.18,3.47,3879480
GME,NYSE,2020/02/28 16:00:00,3.34,3.72,3.34,3.6,4692197
GME,NYSE,2020/03/02 16:00:00,3.6,3.85,3.39,3.83,3208428
GME,NYSE,2020/03/03 16:00:00,3.88,3.89,3.5,3.63,4282456
GME,NYSE,2020/03/04 16:00:00,3.71,3.83,3.46,3.77,4257629
GME,NYSE,2020/03/05 16:00:00,3.7,3.99,3.59,3.96,3599627
GME,NYSE,2020/03/06 16:00:00,3.84,4.07,3.76,3.92,2096803
GME,NYSE,2020/03/09 16:00:00,3.59,3.97,3.5,3.7,2732022
GME,NYSE,2020/03/10 16:00:00,3.94,4.26,3.8,4.23,4863169
GME,NYSE,2020/03/11 16:00:00,4.14,4.25,4,4.14,4414196
GME,NYSE,2020/03/12 16:00:00,3.7,4.04,3.48,3.98,5123363
GME,NYSE,2020/03/13 16:00:00,4.13,4.65,3.85,4.59,5787211
GME,NYSE,2020/03/16 16:00:00,3.93,4.57,3.9,4.37,4866696
GME,NYSE,2020/03/17 16:00:00,4.4,4.65,4.11,4.23,3562210
GME,NYSE,2020/03/18 16:00:00,4.1,4.25,3.5,3.77,3651709
GME,NYSE,2020/03/19 16:00:00,3.71,4.2,3.55,4.19,5039539
GME,NYSE,2020/03/20 16:00:00,4.08,4.08,3.65,3.76,7722194
GME,NYSE,2020/03/23 16:00:00,3.58,3.86,3.5,3.81,6009784
GME,NYSE,2020/03/24 16:00:00,3.95,4.21,3.89,4.16,6805659
GME,NYSE,2020/03/25 16:00:00,4.15,4.49,4.04,4.17,3592059
GME,NYSE,2020/03/26 16:00:00,4.24,4.71,4.24,4.41,6210979
GME,NYSE,2020/03/27 16:00:00,4.94,5.09,4.15,4.22,7024763
GME,NYSE,2020/03/30 16:00:00,4.22,4.27,3.65,3.65,3350571
GME,NYSE,2020/03/31 16:00:00,3.63,3.8,3.5,3.5,2304132
GME,NYSE,2020/04/01 16:00:00,3.45,3.49,3.12,3.25,4568695
GME,NYSE,2020/04/02 16:00:00,3.26,3.35,2.85,2.85,4064339
GME,NYSE,2020/04/03 16:00:00,2.85,2.94,2.57,2.8,3830761
GME,NYSE,2020/04/06 16:00:00,2.86,3.2,2.83,3.09,3340544
GME,NYSE,2020/04/07 16:00:00,3.39,3.44,3.1,3.27,2836859
GME,NYSE,2020/04/08 16:00:00,3.23,3.67,3.2,3.41,2884528
GME,NYSE,2020/04/09 16:00:00,3.6,4.25,3.49,3.89,5908916
GME,NYSE,2020/04/13 16:00:00,4.25,4.76,4.16,4.74,6844501
GME,NYSE,2020/04/14 16:00:00,5.21,6.47,5.14,5.95,13506632
GME,NYSE,2020/04/15 16:00:00,5.66,5.67,4.9,5.27,7499854
GME,NYSE,2020/04/16 16:00:00,5.12,5.44,4.88,5.03,3371921
GME,NYSE,2020/04/17 16:00:00,5.22,5.28,4.43,4.88,5653188
GME,NYSE,2020/04/20 16:00:00,4.85,5.9,4.78,5.61,6085011
GME,NYSE,2020/04/21 16:00:00,5.23,5.3,4.76,4.78,4142050
GME,NYSE,2020/04/22 16:00:00,5.14,5.17,4.83,4.89,2678133
GME,NYSE,2020/04/23 16:00:00,4.75,4.89,4.58,4.7,2265853
GME,NYSE,2020/04/24 16:00:00,4.78,4.85,4.66,4.77,2236544
GME,NYSE,2020/04/27 16:00:00,4.85,5.99,4.81,5.82,7275138
GME,NYSE,2020/04/28 16:00:00,5.92,6.04,5.06,5.64,5200189
GME,NYSE,2020/04/29 16:00:00,5.83,6.09,5.45,6.04,3370045
GME,NYSE,2020/04/30 16:00:00,5.87,5.98,5.64,5.73,2173530
GME,NYSE,2020/05/01 16:00:00,5.65,6.18,5.45,6.05,4005598
GME,NYSE,2020/05/04 16:00:00,5.84,5.93,5.4,5.48,4068105
GME,NYSE,2020/05/05 16:00:00,5.55,5.63,5.35,5.39,2105919
GME,NYSE,2020/05/06 16:00:00,5.4,5.4,4.9,4.93,3369640
GME,NYSE,2020/05/07 16:00:00,4.83,4.93,4.65,4.87,2501195
GME,NYSE,2020/05/08 16:00:00,4.88,5.19,4.82,4.98,2353661
GME,NYSE,2020/05/11 16:00:00,4.92,4.96,4.75,4.76,1699158
GME,NYSE,2020/05/12 16:00:00,4.78,4.92,4.46,4.54,2639157
GME,NYSE,2020/05/13 16:00:00,4.54,4.54,4.07,4.21,2882877
GME,NYSE,2020/05/14 16:00:00,4.15,4.19,3.96,4.13,2004868
GME,NYSE,2020/05/15 16:00:00,4.05,4.45,4.04,4.22,1940704
GME,NYSE,2020/05/18 16:00:00,4.4,4.63,4.36,4.58,2371694
GME,NYSE,2020/05/19 16:00:00,4.58,4.75,4.37,4.44,1840732
GME,NYSE,2020/05/20 16:00:00,4.5,4.69,4.34,4.43,2543609
GME,NYSE,2020/05/21 16:00:00,4.45,4.65,4.4,4.44,1971906
GME,NYSE,2020/05/22 16:00:00,4.46,4.49,4.13,4.18,2379851
GME,NYSE,2020/05/26 16:00:00,4.34,4.61,4.33,4.42,3545926
GME,NYSE,2020/05/27 16:00:00,4.57,4.71,4.36,4.69,3146603
GME,NYSE,2020/05/28 16:00:00,4.75,4.76,4.3,4.33,2184367
GME,NYSE,2020/05/29 16:00:00,4.33,4.42,4.05,4.06,3973540
GME,NYSE,2020/06/01 16:00:00,4.12,4.36,4.02,4.13,2618424
GME,NYSE,2020/06/02 16:00:00,4.27,4.31,4.06,4.18,2369780
GME,NYSE,2020/06/03 16:00:00,4.24,4.52,4.2,4.44,3037424
GME,NYSE,2020/06/04 16:00:00,4.44,4.72,4.37,4.47,3514299
GME,NYSE,2020/06/05 16:00:00,4.29,4.41,4.09,4.14,6274428
GME,NYSE,2020/06/08 16:00:00,4.28,5.14,4.27,5.01,10133663
GME,NYSE,2020/06/09 16:00:00,5,5,4.55,4.96,8073448
GME,NYSE,2020/06/10 16:00:00,4.78,5.53,4.68,5.07,10606372
GME,NYSE,2020/06/11 16:00:00,4.64,4.9,4.18,4.37,6235993
GME,NYSE,2020/06/12 16:00:00,4.6,4.78,4.39,4.72,4378192
GME,NYSE,2020/06/15 16:00:00,4.5,4.77,4.42,4.69,3910385
GME,NYSE,2020/06/16 16:00:00,4.95,4.95,4.51,4.64,3123535
GME,NYSE,2020/06/17 16:00:00,4.54,4.83,4.53,4.76,3593466
GME,NYSE,2020/06/18 16:00:00,4.67,4.95,4.65,4.95,3423827
GME,NYSE,2020/06/19 16:00:00,4.95,5.08,4.69,4.88,7365867
GME,NYSE,2020/06/22 16:00:00,4.79,4.95,4.72,4.87,3178966
GME,NYSE,2020/06/23 16:00:00,4.95,4.99,4.8,4.83,3205372
GME,NYSE,2020/06/24 16:00:00,4.83,4.84,4.38,4.41,2976209
GME,NYSE,2020/06/25 16:00:00,4.33,4.54,4.3,4.46,2450936
GME,NYSE,2020/06/26 16:00:00,4.48,4.5,4.27,4.35,3801155
GME,NYSE,2020/06/29 16:00:00,4.35,4.52,4.3,4.38,2131330
GME,NYSE,2020/06/30 16:00:00,4.33,4.51,4.2,4.34,3889029
GME,NYSE,2020/07/01 16:00:00,4.31,4.5,4.31,4.44,2304101
GME,NYSE,2020/07/02 16:00:00,4.49,4.51,4.29,4.29,1887751
GME,NYSE,2020/07/06 16:00:00,4.31,4.34,4.19,4.24,2140879
GME,NYSE,2020/07/07 16:00:00,4.2,4.25,4.06,4.09,2456970
GME,NYSE,2020/07/08 16:00:00,4.1,4.29,4.03,4.26,2052829
GME,NYSE,2020/07/09 16:00:00,4.27,4.32,4.13,4.21,1992621
GME,NYSE,2020/07/10 16:00:00,4.2,4.38,4.18,4.34,1410828
GME,NYSE,2020/07/13 16:00:00,4.35,4.55,4.26,4.26,4216265
GME,NYSE,2020/07/14 16:00:00,4.22,4.31,4.07,4.08,2261589
GME,NYSE,2020/07/15 16:00:00,4.13,4.29,4.13,4.19,1474126
GME,NYSE,2020/07/16 16:00:00,4.19,4.2,4.09,4.17,1330461
GME,NYSE,2020/07/17 16:00:00,4.16,4.23,3.94,3.96,3066549
GME,NYSE,2020/07/20 16:00:00,3.95,4.06,3.77,3.85,3401088
GME,NYSE,2020/07/21 16:00:00,3.9,4.09,3.88,4.01,3341012
GME,NYSE,2020/07/22 16:00:00,4.02,4.12,3.92,4.11,2523547
GME,NYSE,2020/07/23 16:00:00,4.09,4.31,4.06,4.11,3237550
GME,NYSE,2020/07/24 16:00:00,4.06,4.23,4.01,4.03,2216295
GME,NYSE,2020/07/27 16:00:00,4.02,4.12,3.95,4.01,2472696
GME,NYSE,2020/07/28 16:00:00,3.96,4.05,3.92,3.94,4555392
GME,NYSE,2020/07/29 16:00:00,3.94,4.18,3.92,4.06,2879626
GME,NYSE,2020/07/30 16:00:00,4,4.23,3.97,4.1,2398485
GME,NYSE,2020/07/31 16:00:00,4.06,4.16,3.99,4.01,1879553
GME,NYSE,2020/08/03 16:00:00,4.03,4.25,4,4.15,2518010
GME,NYSE,2020/08/04 16:00:00,4.13,4.74,4.13,4.43,10361363
GME,NYSE,2020/08/05 16:00:00,4.5,4.76,4.25,4.63,4925697
GME,NYSE,2020/08/06 16:00:00,4.6,4.66,4.38,4.43,1901224
GME,NYSE,2020/08/07 16:00:00,4.39,4.4,4.06,4.16,3341099
GME,NYSE,2020/08/10 16:00:00,4.2,4.57,4.18,4.33,4561772
GME,NYSE,2020/08/11 16:00:00,4.43,4.57,4.34,4.35,3139105
GME,NYSE,2020/08/12 16:00:00,4.4,4.63,4.36,4.52,3057594
GME,NYSE,2020/08/13 16:00:00,4.52,4.71,4.5,4.64,2128313
GME,NYSE,2020/08/14 16:00:00,4.6,4.83,4.55,4.75,3474692
GME,NYSE,2020/08/17 16:00:00,4.78,4.78,4.56,4.63,2370970
GME,NYSE,2020/08/18 16:00:00,4.61,4.87,4.43,4.81,3834840
GME,NYSE,2020/08/19 16:00:00,4.8,4.84,4.64,4.72,2612583
GME,NYSE,2020/08/20 16:00:00,4.62,4.68,4.51,4.61,2441184
GME,NYSE,2020/08/21 16:00:00,4.6,5.6,4.6,5.03,10642591
GME,NYSE,2020/08/24 16:00:00,5.1,5.13,4.56,4.87,4585366
GME,NYSE,2020/08/25 16:00:00,4.88,5.25,4.88,4.98,2998678
GME,NYSE,2020/08/26 16:00:00,4.97,5.22,4.92,5.11,2779664
GME,NYSE,2020/08/27 16:00:00,5.11,5.38,5.02,5.25,3384658
GME,NYSE,2020/08/28 16:00:00,5.3,5.57,5.22,5.39,4236926
GME,NYSE,2020/08/31 16:00:00,5.77,7.15,5.69,6.68,37975999
GME,NYSE,2020/09/01 16:00:00,7.3,7.82,6.77,7.65,23211046
GME,NYSE,2020/09/02 16:00:00,7.8,8.05,7.11,7.71,13011113
GME,NYSE,2020/09/03 16:00:00,7.88,8.45,7.24,7.82,14344502
GME,NYSE,2020/09/04 16:00:00,7.78,7.92,7.17,7.65,7661994
GME,NYSE,2020/09/08 16:00:00,7.55,8.28,7.48,7.7,9816620
GME,NYSE,2020/09/09 16:00:00,7.96,7.99,7.31,7.35,9068082
GME,NYSE,2020/09/10 16:00:00,6.65,6.95,6.19,6.23,15558278
GME,NYSE,2020/09/11 16:00:00,6.26,6.33,5.87,6.09,6061190
GME,NYSE,2020/09/14 16:00:00,6.8,7,6.43,6.91,10118972
GME,NYSE,2020/09/15 16:00:00,6.86,7.26,6.69,7.09,5743489
GME,NYSE,2020/09/16 16:00:00,7.03,9.04,7.03,8.68,19346508
GME,NYSE,2020/09/17 16:00:00,8.57,9.77,8.41,9.2,17026720
GME,NYSE,2020/09/18 16:00:00,9.2,9.77,8.91,9.47,17407513
GME,NYSE,2020/09/21 16:00:00,9.35,9.6,8.38,8.75,7639806
GME,NYSE,2020/09/22 16:00:00,10.45,11.17,9.9,10.56,34752484
GME,NYSE,2020/09/23 16:00:00,10.6,10.86,9.92,10.04,10651152
GME,NYSE,2020/09/24 16:00:00,9.71,9.81,9.01,9.14,7938838
GME,NYSE,2020/09/25 16:00:00,9.19,10.18,9.1,10.02,7515157
GME,NYSE,2020/09/28 16:00:00,10.16,10.26,9.55,10.09,6764323
GME,NYSE,2020/09/29 16:00:00,10,10.65,9.93,10.35,5244339
GME,NYSE,2020/09/30 16:00:00,10.25,10.76,10.06,10.2,6079033
GME,NYSE,2020/10/01 16:00:00,10.09,10.25,9.69,9.77,4554055
GME,NYSE,2020/10/02 16:00:00,9.38,9.78,9.3,9.39,4340484
GME,NYSE,2020/10/05 16:00:00,9.44,9.59,9.25,9.46,2804969
GME,NYSE,2020/10/06 16:00:00,9.56,9.84,9.1,9.13,4535421
GME,NYSE,2020/10/07 16:00:00,9.23,9.56,9.17,9.36,3308644
GME,NYSE,2020/10/08 16:00:00,9.54,13.64,9.19,13.49,76453557
GME,NYSE,2020/10/09 16:00:00,12.83,14.8,11.9,12.02,77152780
GME,NYSE,2020/10/12 16:00:00,11.66,12.77,11.4,11.8,23655701
GME,NYSE,2020/10/13 16:00:00,11.73,12.42,11.65,11.88,10179708
GME,NYSE,2020/10/14 16:00:00,12.67,12.68,12.05,12.25,10776762
GME,NYSE,2020/10/15 16:00:00,11.99,15.1,11.99,13.83,39894822
GME,NYSE,2020/10/16 16:00:00,13.77,13.9,13.08,13.31,11651578
GME,NYSE,2020/10/19 16:00:00,13.44,14.5,13.38,13.91,13169073
GME,NYSE,2020/10/20 16:00:00,14.03,14.14,13.67,13.86,6603951
GME,NYSE,2020/10/21 16:00:00,13.9,14.42,13.8,14.1,5361928
GME,NYSE,2020/10/22 16:00:00,14.2,15.87,14.19,14.91,16212232
GME,NYSE,2020/10/23 16:00:00,15.05,15.38,14.55,15,6507324
GME,NYSE,2020/10/26 16:00:00,14.93,15.45,13.26,13.45,13376269
GME,NYSE,2020/10/27 16:00:00,13.71,13.71,12.36,12.69,7231006
GME,NYSE,2020/10/28 16:00:00,12.27,13.05,11.78,11.82,6388580
GME,NYSE,2020/10/29 16:00:00,11.88,12.25,11.68,11.73,4165843
GME,NYSE,2020/10/30 16:00:00,11.64,11.64,10.36,10.47,11562367
GME,NYSE,2020/11/02 16:00:00,10.82,11.09,10.5,10.75,5227011
GME,NYSE,2020/11/03 16:00:00,10.75,11.86,10.63,11.57,7454472
GME,NYSE,2020/11/04 16:00:00,11.76,11.77,10.61,10.91,5807871
GME,NYSE,2020/11/05 16:00:00,11.27,11.84,11.06,11.45,4705245
GME,NYSE,2020/11/06 16:00:00,11.52,12.17,11.32,11.86,5518243
GME,NYSE,2020/11/09 16:00:00,12.76,12.93,11.25,11.49,6244865
GME,NYSE,2020/11/10 16:00:00,11.5,11.66,10.83,11.1,3825963
GME,NYSE,2020/11/11 16:00:00,11.5,11.95,11.21,11.75,4882569
GME,NYSE,2020/11/12 16:00:00,11.74,11.87,10.97,11.13,4355892
GME,NYSE,2020/11/13 16:00:00,11.36,11.55,11,11.01,3546171
GME,NYSE,2020/11/16 16:00:00,11.16,12.66,10.72,12.06,9774824
GME,NYSE,2020/11/17 16:00:00,11.65,11.92,11.23,11.63,6678176
GME,NYSE,2020/11/18 16:00:00,11.8,12.04,11.56,11.57,3169222
GME,NYSE,2020/11/19 16:00:00,11.6,12.79,11.45,12.46,11787613
GME,NYSE,2020/11/20 16:00:00,12.55,13.46,12.54,12.71,8402347
GME,NYSE,2020/11/23 16:00:00,12.9,14.12,12.67,13.9,9607973
GME,NYSE,2020/11/24 16:00:00,14.23,14.26,13.3,13.67,7186710
GME,NYSE,2020/11/25 16:00:00,13.6,15.25,13.42,14.75,8860092
GME,NYSE,2020/11/27 13:00:00,15.29,16.74,14.88,16.08,12504197
GME,NYSE,2020/11/30 16:00:00,18.17,19.42,16.56,16.56,31983498
GME,NYSE,2020/12/01 16:00:00,17.11,17.4,15.76,15.8,12666027
GME,NYSE,2020/12/02 16:00:00,15.7,16.68,15.38,16.58,7883380
GME,NYSE,2020/12/03 16:00:00,16.48,16.64,15.87,16.12,6294965
GME,NYSE,2020/12/04 16:00:00,16.3,17.29,16.26,16.9,8972672
GME,NYSE,2020/12/07 16:00:00,17,17.5,16.22,16.35,7386258
GME,NYSE,2020/12/08 16:00:00,16.37,17.21,15.93,16.94,16120163
GME,NYSE,2020/12/09 16:00:00,13.92,14.73,13.23,13.66,24357944
GME,NYSE,2020/12/10 16:00:00,13.12,14.41,13.05,14.12,7558922
GME,NYSE,2020/12/11 16:00:00,13.91,14,13.02,13.31,7496868
GME,NYSE,2020/12/14 16:00:00,13.34,13.43,12.14,12.72,10007092
GME,NYSE,2020/12/15 16:00:00,12.78,14.02,12.48,13.85,8192856
GME,NYSE,2020/12/16 16:00:00,13.96,14.31,13.58,13.85,5865123
GME,NYSE,2020/12/17 16:00:00,13.96,14.98,13.59,14.83,8194902
GME,NYSE,2020/12/18 16:00:00,15.78,16.3,15.18,15.63,16618776
GME,NYSE,2020/12/21 16:00:00,15.81,16.35,15.28,15.53,9876128
GME,NYSE,2020/12/22 16:00:00,16.22,20.04,16.15,19.46,30687718
GME,NYSE,2020/12/23 16:00:00,20.17,22.35,19.13,20.57,25830256
GME,NYSE,2020/12/24 13:00:00,21.01,21.48,19.95,20.15,6262174
GME,NYSE,2020/12/28 16:00:00,21.31,21.97,20.35,20.99,8965858
GME,NYSE,2020/12/29 16:00:00,20.82,21.07,18.56,19.38,9241441
GME,NYSE,2020/12/30 16:00:00,19.38,20,18.85,19.26,5934391
GME,NYSE,2020/12/31 16:00:00,19.25,19.8,18.8,18.84,6922652
GME,NYSE,2021/01/04 16:00:00,19,19.1,17.15,17.25,10022474
GME,NYSE,2021/01/05 16:00:00,17.35,18.08,17.23,17.37,4961457
GME,NYSE,2021/01/06 16:00:00,17.34,18.98,17.33,18.36,6056248
GME,NYSE,2021/01/07 16:00:00,18.47,19.45,18.02,18.08,6129276
GME,NYSE,2021/01/08 16:00:00,18.18,18.3,17.08,17.69,6481960
GME,NYSE,2021/01/11 16:00:00,19.41,20.65,19.01,19.94,14927612
GME,NYSE,2021/01/12 16:00:00,19.96,20.4,19.32,19.95,7060665
GME,NYSE,2021/01/13 16:00:00,20.42,38.65,20.03,31.4,144501736
GME,NYSE,2021/01/14 16:00:00,38.09,43.06,33.05,39.91,93717410
GME,NYSE,2021/01/15 16:00:00,38.49,40.75,34.01,35.5,46866358
GME,NYSE,2021/01/19 16:00:00,41.55,45.52,36.64,39.36,74721924
GME,NYSE,2021/01/20 16:00:00,37.37,41.19,36.06,39.12,33471789
GME,NYSE,2021/01/21 16:00:00,39.23,44.75,37,43.03,57079754
GME,NYSE,2021/01/22 16:00:00,42.59,76.76,42.32,65.01,197157946
GME,NYSE,2021/01/25 16:00:00,96.73,159.18,61.13,76.79,177874000
GME,NYSE,2021/01/26 16:00:00,88.56,150,80.2,147.98,178587974
GME,NYSE,2021/01/27 16:00:00,354.83,380,249,347.51,93396666
GME,NYSE,2021/01/28 16:00:00,265,483,112.25,193.6,58815805
GME,NYSE,2021/01/29 16:00:00,379.71,413.98,250,325,50566055
GME,NYSE,2021/02/01 16:00:00,316.56,322,212,225,37382152
GME,NYSE,2021/02/02 16:00:00,140.76,158,74.22,90,78183071
GME,NYSE,2021/02/03 16:00:00,112.01,113.4,85.25,92.41,42698511
GME,NYSE,2021/02/04 16:00:00,91.19,91.5,53.33,53.5,62427275
GME,NYSE,2021/02/05 16:00:00,54.04,95,51.09,63.77,81345013
GME,NYSE,2021/02/08 16:00:00,72.41,72.66,58.02,60,25687282
GME,NYSE,2021/02/09 16:00:00,56.61,57,46.52,50.31,26843082
GME,NYSE,2021/02/10 16:00:00,50.77,62.83,46.55,51.2,36455036
GME,NYSE,2021/02/11 16:00:00,50.01,55.32,48.22,51.1,13056725
GME,NYSE,2021/02/12 16:00:00,50.75,55.24,48.05,52.4,14573264
GME,NYSE,2021/02/16 16:00:00,52.66,53.5,49.04,49.51,8175030
GME,NYSE,2021/02/17 16:00:00,49.77,51.19,44.56,45.94,9260795
GME,NYSE,2021/02/18 16:00:00,48.49,48.87,40.65,40.69,23990555
GME,NYSE,2021/02/19 16:00:00,41.28,43.89,38.5,40.59,14828238
GME,NYSE,2021/02/22 16:00:00,46.69,48.51,42.4,46,19476021
GME,NYSE,2021/02/23 16:00:00,44.97,46.23,40,44.97,7565215
GME,NYSE,2021/02/24 16:00:00,44.7,91.71,44.7,91.71,83111740
GME,NYSE,2021/02/25 16:00:00,169.56,184.68,101,108.73,150308766
GME,NYSE,2021/02/26 16:00:00,117.46,142.9,86,101.74,92194154
GME,NYSE,2021/03/01 16:00:00,104.54,133.99,99.97,120.4,49793965
GME,NYSE,2021/03/02 16:00:00,116.93,133.2,112.2,118.18,33783044
GME,NYSE,2021/03/03 16:00:00,122.51,127.75,113.12,124.18,19273882
GME,NYSE,2021/03/04 16:00:00,125,147.87,115.3,132.35,32606893
GME,NYSE,2021/03/05 16:00:00,128.17,151.53,127.5,137.74,30733673
GME,NYSE,2021/03/08 16:00:00,154.89,210.87,146.1,194.5,63565620
GME,NYSE,2021/03/09 16:00:00,217.71,249.85,208.51,246.9,39099331
GME,NYSE,2021/03/10 16:00:00,269.43,348.5,172,265,71570566
GME,NYSE,2021/03/11 16:00:00,241.64,281.5,232.6,260,28312493
GME,NYSE,2021/03/12 16:00:00,275,295.5,262.27,264.5,25845899
GME,NYSE,2021/03/15 16:00:00,277.52,283,206,220.14,24226187
GME,NYSE,2021/03/16 16:00:00,203.16,220.7,172.35,208.17,35422867
GME,NYSE,2021/03/17 16:00:00,217.84,231.47,204,209.81,16481589
GME,NYSE,2021/03/18 16:00:00,214,218.88,195.65,201.75,11799914
GME,NYSE,2021/03/19 16:00:00,195.73,227,182.66,200.27,24677297
GME,NYSE,2021/03/22 16:00:00,205.26,210.36,186.2,194.49,10061505
GME,NYSE,2021/03/23 16:00:00,197.5,201.75,177.55,181.75,14429145
GME,NYSE,2021/03/24 16:00:00,157.98,166.97,118.62,120.34,24177877
GME,NYSE,2021/03/25 16:00:00,123.49,187.5,116.9,183.75,50962337
GME,NYSE,2021/03/26 16:00:00,197.68,218.93,163.26,181,37430672
GME,NYSE,2021/03/29 16:00:00,180.75,193.92,173.51,181.3,10042175
GME,NYSE,2021/03/30 16:00:00,187.5,204.3,182,194.46,17094924
GME,NYSE,2021/03/31 16:00:00,197.5,199.46,187.11,189.82,8393834
GME,NYSE,2021/04/01 16:00:00,193.36,196.97,183.6,191.45,9334345
GME,NYSE,2021/04/05 16:00:00,171,195,164.81,186.95,14070489
GME,NYSE,2021/04/06 16:00:00,185.21,192,183.56,184.5,6218318
GME,NYSE,2021/04/07 16:00:00,183.22,184.5,176.11,177.97,4768261
GME,NYSE,2021/04/08 16:00:00,185.88,185.88,164.3,170.26,10047390
GME,NYSE,2021/04/09 16:00:00,169.7,171.58,153,158.36,9462380
CABO,NYSE,2019/04/01 16:00:00,991,1001.04,983.18,997.62,70309
CABO,NYSE,2019/04/02 16:00:00,999.47,1004.64,986,999.06,72437
CABO,NYSE,2019/04/03 16:00:00,1001,1006,984.33,988.72,61886
CABO,NYSE,2019/04/04 16:00:00,991.46,1002.28,980.73,993.38,67268
CABO,NYSE,2019/04/05 16:00:00,996.36,1006.72,995.66,1003.36,37461
CABO,NYSE,2019/04/08 16:00:00,1003.35,1013,1000.31,1011.19,73642
CABO,NYSE,2019/04/09 16:00:00,1009.71,1016.93,999.91,1011.11,51981
CABO,NYSE,2019/04/10 16:00:00,1013.6,1026,1012.39,1019.19,48407
CABO,NYSE,2019/04/11 16:00:00,1021.62,1030.52,1010.82,1025.61,79572
CABO,NYSE,2019/04/12 16:00:00,1031,1031,1013.53,1016.85,66819
CABO,NYSE,2019/04/15 16:00:00,1018.24,1031.05,1014,1020.94,60818
CABO,NYSE,2019/04/16 16:00:00,1022.36,1031.11,1017.61,1023.83,46116
CABO,NYSE,2019/04/17 16:00:00,1025.6,1033.26,1017.62,1025.15,69701
CABO,NYSE,2019/04/18 16:00:00,1028.67,1032.1,1012,1025.19,59770
CABO,NYSE,2019/04/22 16:00:00,1022.03,1037.8,1021.42,1024.16,70847
CABO,NYSE,2019/04/23 16:00:00,1024.27,1030.41,1019.67,1020.85,57912
CABO,NYSE,2019/04/24 16:00:00,1021,1021.4,1013.81,1019.14,22319
CABO,NYSE,2019/04/25 16:00:00,1022.73,1030,1009.34,1021.16,43651
CABO,NYSE,2019/04/26 16:00:00,1021.55,1040.9,1021.55,1033.37,53239
CABO,NYSE,2019/04/29 16:00:00,1034.55,1051.69,1033.72,1043.81,54770
CABO,NYSE,2019/04/30 16:00:00,1045.07,1064.69,1045.06,1060.53,76099
CABO,NYSE,2019/05/01 16:00:00,1059.55,1075.5,1044.71,1045.69,85034
CABO,NYSE,2019/05/02 16:00:00,1044.54,1055.37,1039.07,1053.62,74439
CABO,NYSE,2019/05/03 16:00:00,1057.04,1081.29,1055.3,1081.23,90632
CABO,NYSE,2019/05/06 16:00:00,1074.1,1081.31,1070.11,1080.75,93333
CABO,NYSE,2019/05/07 16:00:00,1074.82,1084.47,1061.04,1080.29,58586
CABO,NYSE,2019/05/08 16:00:00,1080.43,1101.97,1080.43,1091.01,125631
CABO,NYSE,2019/05/09 16:00:00,1086.25,1108.18,1083.3,1099.77,121813
CABO,NYSE,2019/05/10 16:00:00,1093.98,1104.15,1056.68,1090.44,70531
CABO,NYSE,2019/05/13 16:00:00,1079.03,1084.35,1067.51,1076.26,63984
CABO,NYSE,2019/05/14 16:00:00,1079.63,1115.26,1079.63,1105.8,54394
CABO,NYSE,2019/05/15 16:00:00,1100.08,1120.34,1100.08,1111.43,94066
CABO,NYSE,2019/05/16 16:00:00,1112.19,1128.96,1112.19,1127.78,36778
CABO,NYSE,2019/05/17 16:00:00,1122.82,1146.32,1122.82,1139.38,80684
CABO,NYSE,2019/05/20 16:00:00,1135.12,1136.53,1124.9,1126.05,123635
CABO,NYSE,2019/05/21 16:00:00,1128.99,1144.91,1122.43,1140.46,34319
CABO,NYSE,2019/05/22 16:00:00,1137.58,1147.48,1131.84,1138.56,47416
CABO,NYSE,2019/05/23 16:00:00,1131.77,1142.42,1129.07,1139.29,70594
CABO,NYSE,2019/05/24 16:00:00,1141.39,1142.01,1127.3,1127.3,54626
CABO,NYSE,2019/05/28 16:00:00,1128.38,1147.99,1123.06,1139.4,82595
CABO,NYSE,2019/05/29 16:00:00,1135.25,1135.25,1110.4,1121.27,60283
CABO,NYSE,2019/05/30 16:00:00,1123.15,1138.61,1113.65,1128.55,44466
CABO,NYSE,2019/05/31 16:00:00,1119.85,1124.82,1112.31,1117.05,52399
CABO,NYSE,2019/06/03 16:00:00,1115,1133.69,1114.68,1127.79,61496
CABO,NYSE,2019/06/04 16:00:00,1138,1153.9,1134.75,1150.18,43298
CABO,NYSE,2019/06/05 16:00:00,1152.5,1170.81,1152.5,1166.22,54159
CABO,NYSE,2019/06/06 16:00:00,1166.22,1180.27,1166.11,1177.95,36356
CABO,NYSE,2019/06/07 16:00:00,1177.89,1192.79,1170.1,1182.88,28099
CABO,NYSE,2019/06/10 16:00:00,1184.05,1184.05,1150.68,1167.04,52221
CABO,NYSE,2019/06/11 16:00:00,1168.81,1172.75,1158.29,1164,56238
CABO,NYSE,2019/06/12 16:00:00,1162.37,1168.83,1154.9,1162.92,34366
CABO,NYSE,2019/06/13 16:00:00,1165.95,1165.95,1137.26,1143.79,63777
CABO,NYSE,2019/06/14 16:00:00,1140.81,1147.65,1128.26,1140.95,96859
CABO,NYSE,2019/06/17 16:00:00,1137.37,1166.03,1130.94,1160,60027
CABO,NYSE,2019/06/18 16:00:00,1164.75,1176.79,1148.99,1152.44,48472
CABO,NYSE,2019/06/19 16:00:00,1152.37,1165.8,1140.46,1162.69,81472
CABO,NYSE,2019/06/20 16:00:00,1163.86,1173.9,1160.15,1166.48,58553
CABO,NYSE,2019/06/21 16:00:00,1163,1166.73,1148.5,1154.99,91880
CABO,NYSE,2019/06/24 16:00:00,1157.04,1158.2,1136.91,1140.26,45618
CABO,NYSE,2019/06/25 16:00:00,1139.79,1147.34,1125.39,1129.56,88205
CABO,NYSE,2019/06/26 16:00:00,1132.21,1132.21,1106.58,1110.49,50232
CABO,NYSE,2019/06/27 16:00:00,1113,1146.2,1110.7,1143.49,93271
CABO,NYSE,2019/06/28 16:00:00,1150.35,1176,1146.64,1170.99,91468
CABO,NYSE,2019/07/01 16:00:00,1173,1190.43,1167.63,1180.94,66997
CABO,NYSE,2019/07/02 16:00:00,1182.88,1196.24,1182.88,1196.24,53849
CABO,NYSE,2019/07/03 13:00:00,1201.52,1216.78,1199.61,1203.85,28911
CABO,NYSE,2019/07/05 16:00:00,1200.73,1218.66,1190.67,1218.64,85940
CABO,NYSE,2019/07/08 16:00:00,1215.95,1221,1211,1214.29,48447
CABO,NYSE,2019/07/09 16:00:00,1209.93,1219,1202.89,1217.95,92156
CABO,NYSE,2019/07/10 16:00:00,1220.49,1225,1212.77,1218.7,34542
CABO,NYSE,2019/07/11 16:00:00,1222.46,1230.9,1215.47,1217.57,66095
CABO,NYSE,2019/07/12 16:00:00,1219.25,1236.5,1214.51,1231.52,40369
CABO,NYSE,2019/07/15 16:00:00,1229.4,1243.86,1224.01,1231.34,14097
CABO,NYSE,2019/07/16 16:00:00,1231.16,1232.35,1220.17,1224.05,26508
CABO,NYSE,2019/07/17 16:00:00,1223.08,1228.1,1211.11,1222.75,27811
CABO,NYSE,2019/07/18 16:00:00,1213.18,1221.31,1213.18,1216.25,29981
CABO,NYSE,2019/07/19 16:00:00,1218.3,1238.67,1205.2,1210.18,63496
CABO,NYSE,2019/07/22 16:00:00,1212.7,1218.45,1201.97,1202.51,81621
CABO,NYSE,2019/07/23 16:00:00,1205.5,1207.03,1185.49,1192.71,33025
CABO,NYSE,2019/07/24 16:00:00,1191.84,1209.16,1175.6,1209.16,36382
CABO,NYSE,2019/07/25 16:00:00,1209.07,1224.45,1202.45,1219.03,51698
CABO,NYSE,2019/07/26 16:00:00,1219.46,1222.01,1208.84,1218.22,38178
CABO,NYSE,2019/07/29 16:00:00,1218.86,1232.19,1212.57,1216.36,66061
CABO,NYSE,2019/07/30 16:00:00,1215.7,1241.78,1214.22,1232.14,44928
CABO,NYSE,2019/07/31 16:00:00,1235.05,1244.78,1210.77,1216.8,40246
CABO,NYSE,2019/08/01 16:00:00,1214.31,1231.04,1205.9,1205.96,52006
CABO,NYSE,2019/08/02 16:00:00,1202,1208.08,1180.52,1191.71,53246
CABO,NYSE,2019/08/05 16:00:00,1178.95,1181.9,1162.4,1168.58,58878
CABO,NYSE,2019/08/06 16:00:00,1172.55,1217.72,1169.68,1214.92,59479
CABO,NYSE,2019/08/07 16:00:00,1210.09,1216.5,1191.89,1201.03,58607
CABO,NYSE,2019/08/08 16:00:00,1156.25,1268.11,1156.25,1255.71,131782
CABO,NYSE,2019/08/09 16:00:00,1254.13,1271.15,1254.13,1260.01,50712
CABO,NYSE,2019/08/12 16:00:00,1256.44,1259.08,1237.32,1250.45,29891
CABO,NYSE,2019/08/13 16:00:00,1247.7,1262,1247.39,1261.41,61262
CABO,NYSE,2019/08/14 16:00:00,1255.11,1264,1242,1247.1,63820
CABO,NYSE,2019/08/15 16:00:00,1246.8,1257.39,1238.79,1242.42,44737
CABO,NYSE,2019/08/16 16:00:00,1246.6,1264.89,1246.6,1252.01,64081
CABO,NYSE,2019/08/19 16:00:00,1256.21,1266.98,1251.98,1257.86,72287
CABO,NYSE,2019/08/20 16:00:00,1254.16,1271.14,1248.62,1261.06,48677
CABO,NYSE,2019/08/21 16:00:00,1263.89,1273.91,1250.1,1270.52,50188
CABO,NYSE,2019/08/22 16:00:00,1273,1281.97,1264.73,1275.75,41412
CABO,NYSE,2019/08/23 16:00:00,1275.43,1289.25,1248.56,1249.13,37668
CABO,NYSE,2019/08/26 16:00:00,1255.01,1266.04,1255.01,1264.7,36587
CABO,NYSE,2019/08/27 16:00:00,1272.47,1290.73,1271.8,1277.74,42793
CABO,NYSE,2019/08/28 16:00:00,1273.7,1279.19,1269.55,1272.52,39691
CABO,NYSE,2019/08/29 16:00:00,1284.5,1291.07,1273.98,1288.66,26810
CABO,NYSE,2019/08/30 16:00:00,1293.58,1308.81,1288.71,1297.62,22291
CABO,NYSE,2019/09/03 16:00:00,1288.96,1309.11,1285.05,1299.27,61494
CABO,NYSE,2019/09/04 16:00:00,1310.14,1314,1296.6,1307.83,55960
CABO,NYSE,2019/09/05 16:00:00,1318.58,1321.49,1297.5,1308.65,59803
CABO,NYSE,2019/09/06 16:00:00,1312.72,1317.95,1304.21,1308.58,42290
CABO,NYSE,2019/09/09 16:00:00,1312.75,1319.28,1289,1292.15,47808
CABO,NYSE,2019/09/10 16:00:00,1285.34,1285.34,1250.57,1268.73,49669
CABO,NYSE,2019/09/11 16:00:00,1272.9,1275.39,1255,1267.01,31481
CABO,NYSE,2019/09/12 16:00:00,1268.5,1270.8,1250.48,1252.54,29897
CABO,NYSE,2019/09/13 16:00:00,1254.2,1262.08,1250,1254.57,20985
CABO,NYSE,2019/09/16 16:00:00,1251.97,1253,1232.51,1238.81,37123
CABO,NYSE,2019/09/17 16:00:00,1240.37,1266.08,1240.37,1254.3,33102
CABO,NYSE,2019/09/18 16:00:00,1250,1259.48,1238.14,1248.29,28470
CABO,NYSE,2019/09/19 16:00:00,1251.46,1253.27,1227.2,1230.64,33727
CABO,NYSE,2019/09/20 16:00:00,1230.63,1244.53,1215.75,1242.63,77626
CABO,NYSE,2019/09/23 16:00:00,1239.99,1260.15,1234.6,1253.06,36368
CABO,NYSE,2019/09/24 16:00:00,1261,1263,1249,1253.17,33151
CABO,NYSE,2019/09/25 16:00:00,1252.88,1260.7,1245,1254.76,37094
CABO,NYSE,2019/09/26 16:00:00,1251.65,1256.01,1241.46,1249.52,25980
CABO,NYSE,2019/09/27 16:00:00,1251.11,1252.9,1237.12,1249.7,41438
CABO,NYSE,2019/09/30 16:00:00,1251.8,1264,1246,1254.7,16344
CABO,NYSE,2019/10/01 16:00:00,1258.82,1281,1252.05,1274.05,46745
CABO,NYSE,2019/10/02 16:00:00,1270.73,1280.35,1259.07,1259.07,47559
CABO,NYSE,2019/10/03 16:00:00,1261.88,1275.99,1257.8,1264.45,43351
CABO,NYSE,2019/10/04 16:00:00,1267.46,1276.24,1267.46,1274.46,19307
CABO,NYSE,2019/10/07 16:00:00,1271.48,1272.68,1262.28,1262.28,18952
CABO,NYSE,2019/10/08 16:00:00,1256.83,1264.07,1247,1257.2,18323
CABO,NYSE,2019/10/09 16:00:00,1264.94,1281.81,1260,1280.17,24461
CABO,NYSE,2019/10/10 16:00:00,1280.6,1291.1,1275.65,1284.08,13859
CABO,NYSE,2019/10/11 16:00:00,1288.69,1294.8,1281,1285.31,38281
CABO,NYSE,2019/10/14 16:00:00,1285.93,1285.93,1274.6,1280.99,20119
CABO,NYSE,2019/10/15 16:00:00,1279.44,1285.9,1272.58,1282.54,16914
CABO,NYSE,2019/10/16 16:00:00,1280.7,1292.93,1262.93,1290.96,23053
CABO,NYSE,2019/10/17 16:00:00,1296.1,1306.05,1296.05,1303.99,15901
CABO,NYSE,2019/10/18 16:00:00,1301.99,1303.55,1292.23,1296.94,15072
CABO,NYSE,2019/10/21 16:00:00,1301.6,1308.77,1284.24,1288.19,17118
CABO,NYSE,2019/10/22 16:00:00,1291.35,1297.89,1283.69,1291.24,17594
CABO,NYSE,2019/10/23 16:00:00,1291.94,1298.63,1284,1292.15,16940
CABO,NYSE,2019/10/24 16:00:00,1295.45,1297.1,1285,1292.77,13952
CABO,NYSE,2019/10/25 16:00:00,1294.61,1320.5,1294,1309.21,16311
CABO,NYSE,2019/10/28 16:00:00,1311.53,1332.24,1311.12,1313.75,14908
CABO,NYSE,2019/10/29 16:00:00,1311.44,1327,1309,1316.74,18447
CABO,NYSE,2019/10/30 16:00:00,1315.66,1331.79,1308.26,1331.79,16300
CABO,NYSE,2019/10/31 16:00:00,1329.77,1339.9,1324.02,1325.37,23131
CABO,NYSE,2019/11/01 16:00:00,1330.42,1353.6,1330.42,1344.29,27095
CABO,NYSE,2019/11/04 16:00:00,1340.63,1350.01,1324.9,1328.01,33171
CABO,NYSE,2019/11/05 16:00:00,1330,1337.91,1318.12,1330.39,24185
CABO,NYSE,2019/11/06 16:00:00,1331.99,1347.62,1330,1342.66,24908
CABO,NYSE,2019/11/07 16:00:00,1344.88,1358.97,1333.8,1356.19,36738
CABO,NYSE,2019/11/08 16:00:00,1369.45,1436.97,1369.45,1425,22650
CABO,NYSE,2019/11/11 16:00:00,1418.38,1476.25,1418.38,1476.25,36444
CABO,NYSE,2019/11/12 16:00:00,1478.25,1494.7,1460.51,1491.57,41236
CABO,NYSE,2019/11/13 16:00:00,1488.8,1509.98,1488.8,1499.76,25892
CABO,NYSE,2019/11/14 16:00:00,1500.12,1506.81,1491,1506.81,19435
CABO,NYSE,2019/11/15 16:00:00,1506.8,1506.8,1445.56,1475.46,47278
CABO,NYSE,2019/11/18 16:00:00,1471.48,1520.65,1471.48,1517.67,26531
CABO,NYSE,2019/11/19 16:00:00,1518.56,1554.98,1518.56,1543.56,24995
CABO,NYSE,2019/11/20 16:00:00,1545.51,1561.12,1541.22,1547.51,36178
CABO,NYSE,2019/11/21 16:00:00,1542.83,1551,1520.15,1533.31,24931
CABO,NYSE,2019/11/22 16:00:00,1535.12,1549.33,1520.15,1535.72,23531
CABO,NYSE,2019/11/25 16:00:00,1536.23,1569.74,1521.2,1536.68,39355
CABO,NYSE,2019/11/26 16:00:00,1533.64,1544.6,1525.15,1534.84,49884
CABO,NYSE,2019/11/27 16:00:00,1549.99,1549.99,1518.01,1532.56,27794
CABO,NYSE,2019/11/29 13:00:00,1530.96,1541.49,1518.58,1535,16183
CABO,NYSE,2019/12/02 16:00:00,1529.9,1531.63,1505.47,1527.16,27785
CABO,NYSE,2019/12/03 16:00:00,1518.66,1531.42,1500.51,1520.24,30777
CABO,NYSE,2019/12/04 16:00:00,1515.5,1526.57,1512.01,1512.9,33221
CABO,NYSE,2019/12/05 16:00:00,1519.13,1541.7,1514.7,1541.7,17346
CABO,NYSE,2019/12/06 16:00:00,1546.96,1553.1,1530.73,1530.73,20178
CABO,NYSE,2019/12/09 16:00:00,1532.3,1538.68,1528.05,1532.3,15528
CABO,NYSE,2019/12/10 16:00:00,1533.74,1534.7,1517.5,1526.06,19090
CABO,NYSE,2019/12/11 16:00:00,1529.28,1532,1518.2,1529,12507
CABO,NYSE,2019/12/12 16:00:00,1527.61,1527.61,1506,1514.87,19302
CABO,NYSE,2019/12/13 16:00:00,1513.04,1515.31,1506.88,1514.49,15019
CABO,NYSE,2019/12/16 16:00:00,1510.15,1516.28,1505,1516.28,40332
CABO,NYSE,2019/12/17 16:00:00,1516.47,1518.11,1468.94,1480,36438
CABO,NYSE,2019/12/18 16:00:00,1481.52,1481.52,1461.78,1469.16,34617
CABO,NYSE,2019/12/19 16:00:00,1468.9,1485.76,1465.39,1479.2,38270
CABO,NYSE,2019/12/20 16:00:00,1483.61,1528.37,1483.61,1522.61,88271
CABO,NYSE,2019/12/23 16:00:00,1521.05,1521.05,1499.61,1501.53,29181
CABO,NYSE,2019/12/24 13:00:00,1503.9,1509,1501.6,1501.6,6497
CABO,NYSE,2019/12/26 16:00:00,1504.51,1527.66,1491.35,1517.01,11955
CABO,NYSE,2019/12/27 16:00:00,1518.38,1521.86,1497.51,1497.51,14998
CABO,NYSE,2019/12/30 16:00:00,1500.07,1501.45,1491.62,1493.91,12236
CABO,NYSE,2019/12/31 16:00:00,1496.04,1500,1488.47,1488.47,23730
CABO,NYSE,2020/01/02 16:00:00,1494.33,1517.04,1476.37,1517.04,29721
CABO,NYSE,2020/01/03 16:00:00,1509.23,1548.35,1502,1533.78,25622
CABO,NYSE,2020/01/06 16:00:00,1533.74,1562.96,1532.29,1550.5,28910
CABO,NYSE,2020/01/07 16:00:00,1552.27,1570,1542.7,1554.97,23996
CABO,NYSE,2020/01/08 16:00:00,1557.39,1565,1537.57,1550,23102
CABO,NYSE,2020/01/09 16:00:00,1553.62,1585.05,1553.62,1581.9,26289
CABO,NYSE,2020/01/10 16:00:00,1587,1633,1573.57,1615.48,45385
CABO,NYSE,2020/01/13 16:00:00,1612.61,1696.83,1611.15,1689.74,50943
CABO,NYSE,2020/01/14 16:00:00,1689.74,1713.15,1653,1668.37,26650
CABO,NYSE,2020/01/15 16:00:00,1665.99,1709,1664.1,1669.61,25038
CABO,NYSE,2020/01/16 16:00:00,1668,1668.69,1648.13,1655.88,27345
CABO,NYSE,2020/01/17 16:00:00,1656.88,1656.88,1630,1630.63,28668
CABO,NYSE,2020/01/21 16:00:00,1626.14,1640.61,1614.98,1619.79,37195
CABO,NYSE,2020/01/22 16:00:00,1625.21,1656.53,1625.21,1650.44,39617
CABO,NYSE,2020/01/23 16:00:00,1657.98,1707.8,1657.98,1703.47,29371
CABO,NYSE,2020/01/24 16:00:00,1708.06,1764.22,1704,1737.2,47780
CABO,NYSE,2020/01/27 16:00:00,1717.9,1734.87,1680,1706.84,35033
CABO,NYSE,2020/01/28 16:00:00,1711.1,1733.06,1700.16,1719.31,16211
CABO,NYSE,2020/01/29 16:00:00,1718.68,1718.68,1690,1701.36,16921
CABO,NYSE,2020/01/30 16:00:00,1698.05,1719.17,1698.05,1716.3,7972
CABO,NYSE,2020/01/31 16:00:00,1717.27,1731.71,1700,1704.03,20522
CABO,NYSE,2020/02/03 16:00:00,1706.72,1762.93,1700.44,1738.57,26916
CABO,NYSE,2020/02/04 16:00:00,1750.16,1768.92,1723.14,1723.14,19766
CABO,NYSE,2020/02/05 16:00:00,1735.36,1735.36,1705.6,1713.21,28516
CABO,NYSE,2020/02/06 16:00:00,1736.73,1737,1710.26,1711.51,12860
CABO,NYSE,2020/02/07 16:00:00,1703.7,1725.1,1692.85,1700.41,29326
CABO,NYSE,2020/02/10 16:00:00,1701,1762.81,1698.31,1762.81,19195
CABO,NYSE,2020/02/11 16:00:00,1769.2,1778.91,1750.43,1754.48,16159
CABO,NYSE,2020/02/12 16:00:00,1759.62,1787.53,1751.92,1782.73,18933
CABO,NYSE,2020/02/13 16:00:00,1783,1830.5,1783,1800,31032
CABO,NYSE,2020/02/14 16:00:00,1798,1809.98,1774,1774,19656
CABO,NYSE,2020/02/18 16:00:00,1773.81,1809,1748.95,1798.59,26763
CABO,NYSE,2020/02/19 16:00:00,1802.2,1826.01,1793.25,1807.25,20899
CABO,NYSE,2020/02/20 16:00:00,1805.1,1824.03,1762.11,1770,30867
CABO,NYSE,2020/02/21 16:00:00,1768.94,1777.39,1750,1757.25,36196
CABO,NYSE,2020/02/24 16:00:00,1730.9,1761.8,1713.06,1754.87,27463
CABO,NYSE,2020/02/25 16:00:00,1761.51,1761.51,1657.64,1665,61014
CABO,NYSE,2020/02/26 16:00:00,1668.65,1678.87,1589.37,1600,81361
CABO,NYSE,2020/02/27 16:00:00,1572,1574.76,1506.5,1568.17,94327
CABO,NYSE,2020/02/28 16:00:00,1401.01,1598.72,1325,1573.02,72754
CABO,NYSE,2020/03/02 16:00:00,1578.73,1635.72,1554,1625.28,43957
CABO,NYSE,2020/03/03 16:00:00,1583,1644.23,1574.59,1611.72,39930
CABO,NYSE,2020/03/04 16:00:00,1635.89,1700,1629.32,1665.41,37254
CABO,NYSE,2020/03/05 16:00:00,1652.42,1718.25,1634.69,1638.74,35285
CABO,NYSE,2020/03/06 16:00:00,1607.84,1636.44,1564.68,1598.93,37724
CABO,NYSE,2020/03/09 16:00:00,1489,1556.17,1475.72,1475.72,29362
CABO,NYSE,2020/03/10 16:00:00,1496.8,1586.18,1449.38,1586.18,52827
CABO,NYSE,2020/03/11 16:00:00,1544.96,1570,1474.01,1491.61,28026
CABO,NYSE,2020/03/12 16:00:00,1409.75,1459.55,1299.98,1299.98,54481
CABO,NYSE,2020/03/13 16:00:00,1353.95,1385.51,1222.94,1377.88,62568
CABO,NYSE,2020/03/16 16:00:00,1210,1276.97,1173.5,1185.51,47861
CABO,NYSE,2020/03/17 16:00:00,1213.77,1247.8,1146,1229.21,59034
CABO,NYSE,2020/03/18 16:00:00,1151.4,1223.4,1031.39,1161.98,58010
CABO,NYSE,2020/03/19 16:00:00,1160.64,1302.39,1137,1246.47,52129
CABO,NYSE,2020/03/20 16:00:00,1242.05,1301.59,1242.05,1270.96,82997
CABO,NYSE,2020/03/23 16:00:00,1275.23,1306,1206.89,1268.57,68721
CABO,NYSE,2020/03/24 16:00:00,1311.84,1398.1,1309.8,1378.74,41129
CABO,NYSE,2020/03/25 16:00:00,1399.42,1443.29,1335.2,1388.15,43444
CABO,NYSE,2020/03/26 16:00:00,1441.6,1505.98,1441.6,1493.81,22510
CABO,NYSE,2020/03/27 16:00:00,1454,1483.91,1430.5,1467.37,34209
CABO,NYSE,2020/03/30 16:00:00,1482.05,1662.29,1482.05,1653.5,30401
CABO,NYSE,2020/03/31 16:00:00,1646.3,1691.84,1621.5,1644.01,54376
CABO,NYSE,2020/04/01 16:00:00,1579.18,1629,1495.26,1540.92,28180
CABO,NYSE,2020/04/02 16:00:00,1511.22,1614.86,1489.27,1605.04,37920
CABO,NYSE,2020/04/03 16:00:00,1595.37,1595.37,1508.02,1536.38,32501
CABO,NYSE,2020/04/06 16:00:00,1590.32,1659.31,1562.7,1646.16,38454
CABO,NYSE,2020/04/07 16:00:00,1675,1724.59,1660.15,1688.3,64709
CABO,NYSE,2020/04/08 16:00:00,1699.01,1725,1681.8,1684.51,25413
CABO,NYSE,2020/04/09 16:00:00,1724.98,1772.82,1686.04,1704.24,59446
CABO,NYSE,2020/04/13 16:00:00,1705,1715.81,1622.52,1653.95,19368
CABO,NYSE,2020/04/14 16:00:00,1686.19,1730,1668.62,1728.99,23396
CABO,NYSE,2020/04/15 16:00:00,1711.75,1740.54,1700.01,1700.14,23720
CABO,NYSE,2020/04/16 16:00:00,1725.97,1766.99,1707,1731.71,40513
CABO,NYSE,2020/04/17 16:00:00,1682.32,1779.8,1682.32,1774.8,67908
CABO,NYSE,2020/04/20 16:00:00,1700,1790.85,1700,1783.24,107238
CABO,NYSE,2020/04/21 16:00:00,1770.04,1770.04,1631,1635.18,101831
CABO,NYSE,2020/04/22 16:00:00,1680,1734.87,1680,1716.99,59188
CABO,NYSE,2020/04/23 16:00:00,1725.57,1760.67,1696.72,1745.77,60345
CABO,NYSE,2020/04/24 16:00:00,1733,1839.18,1709.22,1814,88241
CABO,NYSE,2020/04/27 16:00:00,1844.06,1904.86,1844.06,1858.15,50922
CABO,NYSE,2020/04/28 16:00:00,1879.08,1903.96,1825.74,1855.12,42271
CABO,NYSE,2020/04/29 16:00:00,1868.93,1967,1867,1960,55174
CABO,NYSE,2020/04/30 16:00:00,1963.03,1970,1909.36,1912.86,77925
CABO,NYSE,2020/05/01 16:00:00,1871.23,1881.24,1823,1861.52,24429
CABO,NYSE,2020/05/04 16:00:00,1865,1876.94,1837,1873.25,27147
CABO,NYSE,2020/05/05 16:00:00,1845.53,1919.53,1845.53,1919.53,27070
CABO,NYSE,2020/05/06 16:00:00,1937.8,1973.51,1914.49,1925.33,33116
CABO,NYSE,2020/05/07 16:00:00,1956,1976.23,1911.2,1911.2,28128
CABO,NYSE,2020/05/08 16:00:00,1947.23,1951.75,1841.2,1844.49,86160
CABO,NYSE,2020/05/11 16:00:00,1845,1961.37,1845,1910.1,65598
CABO,NYSE,2020/05/12 16:00:00,2044.41,2044.41,1892.82,1892.82,38408
CABO,NYSE,2020/05/13 16:00:00,1908.14,1933.48,1812.73,1869.17,39461
CABO,NYSE,2020/05/14 16:00:00,1865,1891.83,1821.96,1843.75,25887
CABO,NYSE,2020/05/15 16:00:00,1805,1854.92,1772.24,1835.24,50986
CABO,NYSE,2020/05/18 16:00:00,1857.83,1962.14,1857.83,1930.14,31677
CABO,NYSE,2020/05/19 16:00:00,1886.99,1928.3,1800,1866.23,65161
CABO,NYSE,2020/05/20 16:00:00,1815.01,1893.75,1778,1815,110780
CABO,NYSE,2020/05/21 16:00:00,1826.71,1845.29,1792.16,1838.02,45340
CABO,NYSE,2020/05/22 16:00:00,1822.4,1824.9,1770.77,1776,40116
CABO,NYSE,2020/05/26 16:00:00,1812.01,1812.01,1772.15,1788.38,37456
CABO,NYSE,2020/05/27 16:00:00,1783.03,1847.67,1700.2,1840.99,95111
CABO,NYSE,2020/05/28 16:00:00,1863.73,1875,1830.31,1851.12,73643
CABO,NYSE,2020/05/29 16:00:00,1864.9,1899,1802.93,1886.89,337137
CABO,NYSE,2020/06/01 16:00:00,1899.56,1912.18,1853.68,1883.4,67243
CABO,NYSE,2020/06/02 16:00:00,1889.31,1889.97,1850.28,1873.57,42208
CABO,NYSE,2020/06/03 16:00:00,1863.02,1866.41,1829.96,1834.15,38378
CABO,NYSE,2020/06/04 16:00:00,1811.71,1824.8,1748.83,1763.89,52192
CABO,NYSE,2020/06/05 16:00:00,1770.3,1789.51,1735.92,1741.83,92330
CABO,NYSE,2020/06/08 16:00:00,1757.97,1813.35,1740.7,1810.01,43891
CABO,NYSE,2020/06/09 16:00:00,1797.9,1808.08,1792.35,1799.52,35506
CABO,NYSE,2020/06/10 16:00:00,1810.49,1810.49,1762.25,1802.43,46505
CABO,NYSE,2020/06/11 16:00:00,1755.82,1804.5,1714.29,1714.29,43777
CABO,NYSE,2020/06/12 16:00:00,1753.61,1755.84,1692,1725.68,57388
CABO,NYSE,2020/06/15 16:00:00,1700,1801.25,1700,1737.97,54589
CABO,NYSE,2020/06/16 16:00:00,1784.7,1823.38,1763.85,1806.17,33444
CABO,NYSE,2020/06/17 16:00:00,1817,1855.28,1803,1813.72,41896
CABO,NYSE,2020/06/18 16:00:00,1792,1832.78,1792,1825.8,32670
CABO,NYSE,2020/06/19 16:00:00,1830.24,1830.24,1781.61,1800,91295
CABO,NYSE,2020/06/22 16:00:00,1780.68,1808.1,1770.93,1798.66,33820
CABO,NYSE,2020/06/23 16:00:00,1803.82,1807.1,1771,1779.94,28914
CABO,NYSE,2020/06/24 16:00:00,1771,1771,1708.9,1753.15,46718
CABO,NYSE,2020/06/25 16:00:00,1753.2,1761,1718,1747.2,33393
CABO,NYSE,2020/06/26 16:00:00,1748.09,1752.35,1710.32,1714.18,94256
CABO,NYSE,2020/06/29 16:00:00,1720,1759.77,1709.98,1757,31133
CABO,NYSE,2020/06/30 16:00:00,1768.6,1792,1752.3,1774.85,39043
CABO,NYSE,2020/07/01 16:00:00,1772.43,1786.01,1760.99,1778,31779
CABO,NYSE,2020/07/02 16:00:00,1794.9,1800,1759.13,1773.26,34524
CABO,NYSE,2020/07/06 16:00:00,1790,1801.98,1770.51,1785.61,29949
CABO,NYSE,2020/07/07 16:00:00,1773,1815,1769.93,1779.42,31630
CABO,NYSE,2020/07/08 16:00:00,1785,1814.34,1772.2,1787.99,41449
CABO,NYSE,2020/07/09 16:00:00,1799.77,1799.77,1770,1773.01,22257
CABO,NYSE,2020/07/10 16:00:00,1756,1784.1,1741.78,1770.18,24645
CABO,NYSE,2020/07/13 16:00:00,1784,1791,1707.5,1721.03,32837
CABO,NYSE,2020/07/14 16:00:00,1726.22,1754.17,1687.5,1749.77,42686
CABO,NYSE,2020/07/15 16:00:00,1765.2,1784.75,1753.4,1776.13,27255
CABO,NYSE,2020/07/16 16:00:00,1777,1789.97,1744.74,1783.04,31964
CABO,NYSE,2020/07/17 16:00:00,1790.2,1829,1777.51,1796.01,36916
CABO,NYSE,2020/07/20 16:00:00,1802,1821.26,1770,1782.72,32876
CABO,NYSE,2020/07/21 16:00:00,1786.44,1806.1,1780.03,1802.05,23737
CABO,NYSE,2020/07/22 16:00:00,1798.21,1808.78,1794,1808.78,23074
CABO,NYSE,2020/07/23 16:00:00,1803.74,1819,1761,1773.97,21523
CABO,NYSE,2020/07/24 16:00:00,1768.5,1811.51,1768.5,1797.54,17025
CABO,NYSE,2020/07/27 16:00:00,1798.2,1804.25,1794.7,1804.25,17867
CABO,NYSE,2020/07/28 16:00:00,1803.75,1804.91,1766.27,1766.27,17823
CABO,NYSE,2020/07/29 16:00:00,1771,1780.8,1736.4,1768,17763
CABO,NYSE,2020/07/30 16:00:00,1765.21,1789,1757.83,1775.21,21335
CABO,NYSE,2020/07/31 16:00:00,1781.23,1824.79,1768.7,1822.56,51461
CABO,NYSE,2020/08/03 16:00:00,1814.83,1894.71,1814.83,1862.41,36571
CABO,NYSE,2020/08/04 16:00:00,1852.29,1879.74,1828.06,1849.68,36612
CABO,NYSE,2020/08/05 16:00:00,1848.11,1848.11,1795,1837.43,43051
CABO,NYSE,2020/08/06 16:00:00,1818.2,1851.47,1807.51,1837.02,39700
CABO,NYSE,2020/08/07 16:00:00,1863.98,1920,1863.98,1911.94,58704
CABO,NYSE,2020/08/10 16:00:00,1915.2,1919.55,1886.2,1909.84,31647
CABO,NYSE,2020/08/11 16:00:00,1920.2,1933.27,1863.74,1866,30732
CABO,NYSE,2020/08/12 16:00:00,1889.26,1905,1862,1865.09,25900
CABO,NYSE,2020/08/13 16:00:00,1861.99,1897.2,1845.95,1885.81,34589
CABO,NYSE,2020/08/14 16:00:00,1888.6,1912,1867,1870.17,24672
CABO,NYSE,2020/08/17 16:00:00,1883.69,1955,1883.69,1928,47593
CABO,NYSE,2020/08/18 16:00:00,1939.14,1955,1901.59,1909.88,23016
CABO,NYSE,2020/08/19 16:00:00,1919.99,1919.99,1866.2,1873.65,32475
CABO,NYSE,2020/08/20 16:00:00,1853.2,1874.25,1850,1856.69,34367
CABO,NYSE,2020/08/21 16:00:00,1842.01,1854.55,1811.01,1826.3,44903
CABO,NYSE,2020/08/24 16:00:00,1838.81,1847.1,1821,1841.74,27072
CABO,NYSE,2020/08/25 16:00:00,1850,1862.11,1825.5,1829.49,33370
CABO,NYSE,2020/08/26 16:00:00,1823.01,1839,1790.94,1802.49,33633
CABO,NYSE,2020/08/27 16:00:00,1815,1880.1,1815,1868.27,49047
CABO,NYSE,2020/08/28 16:00:00,1879.8,1902,1852.2,1856.09,27833
CABO,NYSE,2020/08/31 16:00:00,1852.8,1862.28,1818.5,1840.33,45403
CABO,NYSE,2020/09/01 16:00:00,1840,1843.91,1817.75,1834.04,34048
CABO,NYSE,2020/09/02 16:00:00,1840.47,1869.6,1838.48,1850.51,38735
CABO,NYSE,2020/09/03 16:00:00,1836.7,1904,1836.7,1886.1,52953
CABO,NYSE,2020/09/04 16:00:00,1900,1900,1818.5,1845.01,42416
CABO,NYSE,2020/09/08 16:00:00,1817.54,1843.79,1792.25,1792.27,36870
CABO,NYSE,2020/09/09 16:00:00,1806.61,1851.5,1806.61,1822.12,30865
CABO,NYSE,2020/09/10 16:00:00,1823.51,1845.2,1787.2,1788.1,29564
CABO,NYSE,2020/09/11 16:00:00,1790,1809.15,1752.89,1774.4,32530
CABO,NYSE,2020/09/14 16:00:00,1789.2,1812.68,1787.14,1799.66,21591
CABO,NYSE,2020/09/15 16:00:00,1810.6,1837.74,1803.99,1833,36056
CABO,NYSE,2020/09/16 16:00:00,1847.9,1855.5,1816.42,1826.12,16447
CABO,NYSE,2020/09/17 16:00:00,1800,1824.64,1764,1771.24,35407
CABO,NYSE,2020/09/18 16:00:00,1771.99,1785.95,1710,1732.24,92852
CABO,NYSE,2020/09/21 16:00:00,1701.22,1739.05,1701.22,1726.45,24143
CABO,NYSE,2020/09/22 16:00:00,1742.01,1770.1,1742.01,1759.35,27981
CABO,NYSE,2020/09/23 16:00:00,1757.2,1762,1728,1732.93,27582
CABO,NYSE,2020/09/24 16:00:00,1723,1723,1694.19,1699.07,21649
CABO,NYSE,2020/09/25 16:00:00,1687.5,1782.33,1687,1756.94,36260
CABO,NYSE,2020/09/28 16:00:00,1770.3,1780.99,1748.32,1762.68,34599
CABO,NYSE,2020/09/29 16:00:00,1800,1850.22,1800,1805,52872
CABO,NYSE,2020/09/30 16:00:00,1798.32,1889.03,1798.32,1885.43,79423
CABO,NYSE,2020/10/01 16:00:00,1891,1892.05,1840.01,1851.23,52290
CABO,NYSE,2020/10/02 16:00:00,1843,1852,1818.9,1841.29,37780
CABO,NYSE,2020/10/05 16:00:00,1865.49,1880,1832.52,1837.66,48124
CABO,NYSE,2020/10/06 16:00:00,1849.5,1856.48,1826.1,1845.04,34063
CABO,NYSE,2020/10/07 16:00:00,1857.07,1878.75,1836,1849.83,27164
CABO,NYSE,2020/10/08 16:00:00,1862.7,1865.16,1817.92,1830.13,36351
CABO,NYSE,2020/10/09 16:00:00,1841.98,1841.98,1820,1835.86,21686
CABO,NYSE,2020/10/12 16:00:00,1848,1848,1812.01,1838.68,28285
CABO,NYSE,2020/10/13 16:00:00,1834.1,1888,1803.41,1870,39816
CABO,NYSE,2020/10/14 16:00:00,1877.95,1901.8,1850.55,1855.02,24540
CABO,NYSE,2020/10/15 16:00:00,1821.2,1844.33,1821.2,1838.31,31652
CABO,NYSE,2020/10/16 16:00:00,1841.4,1857.54,1814.99,1814.99,39322
CABO,NYSE,2020/10/19 16:00:00,1826.8,1831,1786.12,1786.12,44308
CABO,NYSE,2020/10/20 16:00:00,1793.4,1830.11,1789,1800.54,40331
CABO,NYSE,2020/10/21 16:00:00,1805.9,1921.47,1805.9,1897.34,69077
CABO,NYSE,2020/10/22 16:00:00,1910.64,2011.49,1910.64,1982.34,71464
CABO,NYSE,2020/10/23 16:00:00,1985.43,1985.43,1887.58,1907.25,34074
CABO,NYSE,2020/10/26 16:00:00,1893.9,1893.9,1773.96,1782.89,40044
CABO,NYSE,2020/10/27 16:00:00,1770.86,1772.2,1736.1,1753.49,44967
CABO,NYSE,2020/10/28 16:00:00,1732.7,1756.02,1708.03,1721.57,42997
CABO,NYSE,2020/10/29 16:00:00,1722.89,1745.89,1718.5,1721.72,35202
CABO,NYSE,2020/10/30 16:00:00,1718,1737.19,1689.38,1731.86,35924
CABO,NYSE,2020/11/02 16:00:00,1750.76,1765,1721,1760.65,41344
CABO,NYSE,2020/11/03 16:00:00,1781.91,1830.04,1776.84,1794.95,34544
CABO,NYSE,2020/11/04 16:00:00,1797.61,1926.8,1797.61,1900.39,28452
CABO,NYSE,2020/11/05 16:00:00,1928.05,1961.69,1908,1953.32,47289
CABO,NYSE,2020/11/06 16:00:00,2000,2010,1933.15,1936.18,41726
CABO,NYSE,2020/11/09 16:00:00,1996.67,1997.27,1880.38,1891.99,28401
CABO,NYSE,2020/11/10 16:00:00,1897,1927.1,1860,1885.22,41916
CABO,NYSE,2020/11/11 16:00:00,1891.2,1911.4,1880.1,1893.39,20340
CABO,NYSE,2020/11/12 16:00:00,1890.55,1910.1,1870.64,1889.41,37474
CABO,NYSE,2020/11/13 16:00:00,1909,1984.11,1909,1983.47,34320
CABO,NYSE,2020/11/16 16:00:00,2001,2026.99,2001,2021.25,26229
CABO,NYSE,2020/11/17 16:00:00,2019.45,2034.28,2000.34,2011,39569
CABO,NYSE,2020/11/18 16:00:00,2030,2030,1964.01,1981.11,32860
CABO,NYSE,2020/11/19 16:00:00,1967,2006.38,1966.47,1984.5,29707
CABO,NYSE,2020/11/20 16:00:00,1978.43,2032.23,1978.43,2009.58,22610
CABO,NYSE,2020/11/23 16:00:00,2012.86,2012.86,1952.07,1958.01,28660
CABO,NYSE,2020/11/24 16:00:00,1963.49,1986,1953.5,1975,39480
CABO,NYSE,2020/11/25 16:00:00,1963.3,1987.23,1944.01,1979.99,41121
CABO,NYSE,2020/11/27 13:00:00,1991.11,1991.11,1958.75,1962.06,11131
CABO,NYSE,2020/11/30 16:00:00,1966.37,1993.95,1966.37,1980.67,47533
CABO,NYSE,2020/12/01 16:00:00,1999,2032.16,1946.51,2022.75,40684
CABO,NYSE,2020/12/02 16:00:00,2015.14,2043,2003.34,2039.02,50537
CABO,NYSE,2020/12/03 16:00:00,2048.98,2099,2046.99,2063.41,49008
CABO,NYSE,2020/12/04 16:00:00,2079.8,2119,2079.8,2110.18,45558
CABO,NYSE,2020/12/07 16:00:00,2110.55,2137.8,2084.06,2103.21,22187
CABO,NYSE,2020/12/08 16:00:00,2084.45,2093,2053.37,2089.01,36083
CABO,NYSE,2020/12/09 16:00:00,2088.6,2124.82,2054.97,2079.48,24775
CABO,NYSE,2020/12/10 16:00:00,2074.18,2172.06,2063,2116.87,39246
CABO,NYSE,2020/12/11 16:00:00,2115.39,2133.85,2102.58,2117.88,27430
CABO,NYSE,2020/12/14 16:00:00,2133.6,2197.84,2133.6,2144.01,32492
CABO,NYSE,2020/12/15 16:00:00,2150.7,2188,2121.6,2170.82,37436
CABO,NYSE,2020/12/16 16:00:00,2181.12,2210.68,2152.41,2177.48,39056
CABO,NYSE,2020/12/17 16:00:00,2179.69,2204.57,2174.17,2204.57,31704
CABO,NYSE,2020/12/18 16:00:00,2219.88,2246.67,2200,2237.83,62731
CABO,NYSE,2020/12/21 16:00:00,2201.98,2233.86,2148.11,2213.41,50225
CABO,NYSE,2020/12/22 16:00:00,2208.81,2252,2208.81,2245.43,26805
CABO,NYSE,2020/12/23 16:00:00,2236.48,2251.8,2218.75,2234.46,28763
CABO,NYSE,2020/12/24 13:00:00,2231.1,2281.54,2231.1,2260.86,15614
CABO,NYSE,2020/12/28 16:00:00,2278.79,2290,2265.14,2265.14,31451
CABO,NYSE,2020/12/29 16:00:00,2275.68,2296.96,2262.25,2293.76,25660
CABO,NYSE,2020/12/30 16:00:00,2307.23,2326.8,2243.21,2250.24,38489
CABO,NYSE,2020/12/31 16:00:00,2247,2269.9,2224.2,2227.72,44432
CABO,NYSE,2021/01/04 16:00:00,2232.85,2232.85,2140.67,2152.22,41401
CABO,NYSE,2021/01/05 16:00:00,2149,2167.69,2092,2110,48171
CABO,NYSE,2021/01/06 16:00:00,2090.1,2114.21,2085,2095,55647
CABO,NYSE,2021/01/07 16:00:00,2093.2,2118,2093.2,2100,58028
CABO,NYSE,2021/01/08 16:00:00,2103.48,2104.22,2050,2064.36,55451
CABO,NYSE,2021/01/11 16:00:00,2043.21,2067.15,2043.21,2060.35,27493
CABO,NYSE,2021/01/12 16:00:00,2063.11,2065.95,1985.16,2002.5,56447
CABO,NYSE,2021/01/13 16:00:00,1995.62,2006,1967.77,1977.39,66589
CABO,NYSE,2021/01/14 16:00:00,1981.2,1996,1968,1982.69,44263
CABO,NYSE,2021/01/15 16:00:00,1971,1997.3,1971,1985.75,50130
CABO,NYSE,2021/01/19 16:00:00,2009.5,2009.5,1992.23,2000.1,28425
CABO,NYSE,2021/01/20 16:00:00,2018.96,2058,2018.96,2044.2,48235
CABO,NYSE,2021/01/21 16:00:00,2048.74,2075.32,2048.74,2051.58,38270
CABO,NYSE,2021/01/22 16:00:00,2030.7,2052,2030.7,2045.01,29886
CABO,NYSE,2021/01/25 16:00:00,2050.06,2075.26,2045,2068.06,36166
CABO,NYSE,2021/01/26 16:00:00,2062,2072.7,2008.47,2025.99,20832
CABO,NYSE,2021/01/27 16:00:00,1991.02,1991.9,1914.07,1914.07,41778
CABO,NYSE,2021/01/28 16:00:00,1929,2069.14,1929,2049.37,41557
CABO,NYSE,2021/01/29 16:00:00,2017.2,2050,1969.61,2000,67605
CABO,NYSE,2021/02/01 16:00:00,2012,2030.49,1994.01,2015.24,27519
CABO,NYSE,2021/02/02 16:00:00,2024.7,2090,2024.7,2079.99,36877
CABO,NYSE,2021/02/03 16:00:00,2061.36,2075.1,2033,2053.07,37868
CABO,NYSE,2021/02/04 16:00:00,2048.1,2064,2036,2062.16,17749
CABO,NYSE,2021/02/05 16:00:00,2062.18,2096.01,2058.37,2063.38,14899
CABO,NYSE,2021/02/08 16:00:00,2077.99,2077.99,2044.99,2064.24,18825
CABO,NYSE,2021/02/09 16:00:00,2039,2086.06,2025,2086.06,26667
CABO,NYSE,2021/02/10 16:00:00,2081.49,2104,2069.25,2086.08,25633
CABO,NYSE,2021/02/11 16:00:00,2097.81,2097.81,2041.44,2057.05,36816
CABO,NYSE,2021/02/12 16:00:00,2043.21,2056.79,2034.59,2056.79,16973
CABO,NYSE,2021/02/16 16:00:00,2056,2056.39,2038.6,2054.05,20949
CABO,NYSE,2021/02/17 16:00:00,2049,2120,2049,2104.09,32200
CABO,NYSE,2021/02/18 16:00:00,2100.64,2107.1,2063.51,2065.04,17533
CABO,NYSE,2021/02/19 16:00:00,2075.12,2081.74,2035.28,2037.05,22247
CABO,NYSE,2021/02/22 16:00:00,2026.1,2030,1994.35,1995.98,32757
CABO,NYSE,2021/02/23 16:00:00,1982.16,2016.49,1960,1996.84,37204
CABO,NYSE,2021/02/24 16:00:00,1998.1,2024.88,1979.32,2010.9,27942
CABO,NYSE,2021/02/25 16:00:00,1988.83,2006.28,1946.3,1957.73,88311
CABO,NYSE,2021/02/26 16:00:00,1980,1980,1901.18,1914.85,38821
CABO,NYSE,2021/03/01 16:00:00,1927.34,1947.06,1907.53,1924.44,21055
CABO,NYSE,2021/03/02 16:00:00,1893.06,1893.06,1815.83,1820.83,147955
CABO,NYSE,2021/03/03 16:00:00,1800,1801.2,1700.05,1746.06,117916
CABO,NYSE,2021/03/04 16:00:00,1752.37,1787.56,1730.11,1770.08,81228
CABO,NYSE,2021/03/05 16:00:00,1779.08,1819.55,1748.35,1800,62546
CABO,NYSE,2021/03/08 16:00:00,1823,1873.15,1813.03,1828.97,76888
CABO,NYSE,2021/03/09 16:00:00,1845,1845,1810.19,1819.52,49013
CABO,NYSE,2021/03/10 16:00:00,1837.75,1845.38,1827.53,1829.22,24104
CABO,NYSE,2021/03/11 16:00:00,1846.07,1854.28,1805.86,1816.08,37642
CABO,NYSE,2021/03/12 16:00:00,1802.98,1865.68,1800.6,1865.68,43853
CABO,NYSE,2021/03/15 16:00:00,1872.48,1876.07,1840,1858.68,46497
CABO,NYSE,2021/03/16 16:00:00,1858.23,1863.3,1839.55,1846.03,18256
CABO,NYSE,2021/03/17 16:00:00,1859,1862.61,1801.2,1822.87,40437
CABO,NYSE,2021/03/18 16:00:00,1804,1839.88,1782.65,1801.63,50383
CABO,NYSE,2021/03/19 16:00:00,1795.29,1814.94,1756.25,1757.16,84203
CABO,NYSE,2021/03/22 16:00:00,1758.98,1852,1758.98,1827.7,74274
CABO,NYSE,2021/03/23 16:00:00,1815.71,1860.86,1805.51,1810.26,61015
CABO,NYSE,2021/03/24 16:00:00,1795.6,1812.89,1750,1765.2,68224
CABO,NYSE,2021/03/25 16:00:00,1749.42,1803.08,1746.98,1793.72,90782
CABO,NYSE,2021/03/26 16:00:00,1803.67,1813.59,1758.2,1802.08,59180
CABO,NYSE,2021/03/29 16:00:00,1810.05,1823.18,1789.62,1803.77,49370
CABO,NYSE,2021/03/30 16:00:00,1802.11,1808.01,1757.53,1770.47,31797
CABO,NYSE,2021/03/31 16:00:00,1765,1839.91,1754.07,1828.36,67979
CABO,NYSE,2021/04/01 16:00:00,1843.45,1843.45,1791.77,1829.28,75499
CABO,NYSE,2021/04/05 16:00:00,1825.4,1872.74,1818.74,1867.4,42012
CABO,NYSE,2021/04/06 16:00:00,1859.99,1867.95,1811.91,1820,45585
CABO,NYSE,2021/04/07 16:00:00,1826.95,1826.95,1766.6,1779.03,28168
CABO,NYSE,2021/04/08 16:00:00,1773.33,1789.72,1767.96,1783.78,37296
CABO,NYSE,2021/04/09 16:00:00,1796.41,1796.41,1761.94,1786.75,52503
AGCO,NYSE,2019/04/01 16:00:00,70.31,70.58,69.85,70.44,549373
AGCO,NYSE,2019/04/02 16:00:00,70.44,70.61,69.78,70.55,374789
AGCO,NYSE,2019/04/03 16:00:00,71.2,71.32,70.43,70.66,568647
AGCO,NYSE,2019/04/04 16:00:00,70.56,71.44,70.43,70.97,441878
AGCO,NYSE,2019/04/05 16:00:00,71.33,71.46,70.88,71.18,417000
AGCO,NYSE,2019/04/08 16:00:00,71.01,71.61,70.72,71.45,439396
AGCO,NYSE,2019/04/09 16:00:00,70.99,71.15,69.6,69.82,661416
AGCO,NYSE,2019/04/10 16:00:00,70.03,70.37,69.2,70.19,578164
AGCO,NYSE,2019/04/11 16:00:00,70.45,71.31,70.1,71.17,461831
AGCO,NYSE,2019/04/12 16:00:00,71.96,72,71,71.96,514993
AGCO,NYSE,2019/04/15 16:00:00,71.92,72,71.16,71.4,533999
AGCO,NYSE,2019/04/16 16:00:00,71.94,72.52,70.78,72.3,492097
AGCO,NYSE,2019/04/17 16:00:00,72.5,72.95,72.4,72.57,459038
AGCO,NYSE,2019/04/18 16:00:00,72.86,73.22,72.44,72.55,489626
AGCO,NYSE,2019/04/22 16:00:00,72.17,72.83,72.17,72.58,400215
AGCO,NYSE,2019/04/23 16:00:00,72.68,72.92,71.7,71.83,608709
AGCO,NYSE,2019/04/24 16:00:00,71.5,72.05,71.19,71.57,357666
AGCO,NYSE,2019/04/25 16:00:00,71.1,71.1,69.57,69.62,420123
AGCO,NYSE,2019/04/26 16:00:00,69.67,70.88,69.67,70.87,892398
AGCO,NYSE,2019/04/29 16:00:00,71.15,71.44,70.56,70.81,441154
AGCO,NYSE,2019/04/30 16:00:00,70.92,71.14,70.3,70.78,573461
AGCO,NYSE,2019/05/01 16:00:00,71.55,71.67,70.06,70.06,745497
AGCO,NYSE,2019/05/02 16:00:00,74.12,75.56,72.35,74.93,1477549
AGCO,NYSE,2019/05/03 16:00:00,75.43,75.5,73.39,74.82,788400
AGCO,NYSE,2019/05/06 16:00:00,73.67,74.7,72.44,74.15,801223
AGCO,NYSE,2019/05/07 16:00:00,73.43,73.8,72.05,73.11,701490
AGCO,NYSE,2019/05/08 16:00:00,72.98,73.65,71.95,73,647513
AGCO,NYSE,2019/05/09 16:00:00,71.91,73.12,71.11,72.88,610035
AGCO,NYSE,2019/05/10 16:00:00,72.34,73.48,71.44,73.32,446798
AGCO,NYSE,2019/05/13 16:00:00,71.77,71.77,69.48,70.63,783214
AGCO,NYSE,2019/05/14 16:00:00,71.4,71.9,70.57,71.4,563404
AGCO,NYSE,2019/05/15 16:00:00,71.34,71.75,70.25,70.3,726328
AGCO,NYSE,2019/05/16 16:00:00,70.52,71.02,70.04,70.41,592179
AGCO,NYSE,2019/05/17 16:00:00,69.35,69.61,67.06,67.41,1030539
AGCO,NYSE,2019/05/20 16:00:00,65.71,66.71,65.44,66.1,672329
AGCO,NYSE,2019/05/21 16:00:00,66.93,67.79,66.3,67.61,638872
AGCO,NYSE,2019/05/22 16:00:00,67.32,68.09,67.03,67.38,453910
AGCO,NYSE,2019/05/23 16:00:00,66.42,67.03,64.82,65.36,543286
AGCO,NYSE,2019/05/24 16:00:00,66,66.77,65.78,66.18,597955
AGCO,NYSE,2019/05/28 16:00:00,66.03,66.7,65.86,66.51,532001
AGCO,NYSE,2019/05/29 16:00:00,66.09,68.04,66.09,67.54,642484
AGCO,NYSE,2019/05/30 16:00:00,67.53,68.3,67.01,67.46,764386
AGCO,NYSE,2019/05/31 16:00:00,66.5,67.6,66,66.56,705577
AGCO,NYSE,2019/06/03 16:00:00,66.38,67.33,66.2,67.14,697175
AGCO,NYSE,2019/06/04 16:00:00,68.1,69.56,67.61,69.42,605440
AGCO,NYSE,2019/06/05 16:00:00,69.94,70.68,69.11,69.96,474839
AGCO,NYSE,2019/06/06 16:00:00,69.71,70.17,68.52,69.16,540722
AGCO,NYSE,2019/06/07 16:00:00,69.5,70.11,69.3,69.75,379387
AGCO,NYSE,2019/06/10 16:00:00,69.99,70.66,69.89,70.11,326822
AGCO,NYSE,2019/06/11 16:00:00,70.77,71.62,69.93,70.39,403906
AGCO,NYSE,2019/06/12 16:00:00,70.58,71.46,70.3,71.39,578439
AGCO,NYSE,2019/06/13 16:00:00,71.54,72.69,71.18,72.33,690127
AGCO,NYSE,2019/06/14 16:00:00,72.3,72.9,71.31,72.38,545922
AGCO,NYSE,2019/06/17 16:00:00,72.67,73.07,72.05,72.76,588023
AGCO,NYSE,2019/06/18 16:00:00,73.4,75.06,73.14,74.64,496817
AGCO,NYSE,2019/06/19 16:00:00,74.78,75.14,74.41,74.9,507214
AGCO,NYSE,2019/06/20 16:00:00,75.68,75.82,74.9,75.27,891493
AGCO,NYSE,2019/06/21 16:00:00,74.9,75.3,74.53,74.74,553920
AGCO,NYSE,2019/06/24 16:00:00,76.3,76.95,75.75,76.51,770418
AGCO,NYSE,2019/06/25 16:00:00,77.4,77.4,76.38,76.82,722004
AGCO,NYSE,2019/06/26 16:00:00,77.26,78.32,76.88,77.51,706424
AGCO,NYSE,2019/06/27 16:00:00,77.75,78.08,77.04,77.85,498360
AGCO,NYSE,2019/06/28 16:00:00,77.75,78.45,77.49,77.57,722014
AGCO,NYSE,2019/07/01 16:00:00,78.75,79,76.67,77.64,444295
AGCO,NYSE,2019/07/02 16:00:00,77.32,77.81,77.11,77.64,373466
AGCO,NYSE,2019/07/03 13:00:00,78.06,78.49,77.37,78.43,203385
AGCO,NYSE,2019/07/05 16:00:00,77.7,77.8,76.98,77.66,417255
AGCO,NYSE,2019/07/08 16:00:00,77.45,77.79,76.87,77.03,429161
AGCO,NYSE,2019/07/09 16:00:00,76.33,76.61,75.64,76.45,535075
AGCO,NYSE,2019/07/10 16:00:00,75.52,76.9,75.15,75.18,546182
AGCO,NYSE,2019/07/11 16:00:00,75.15,75.83,74.8,75.36,718581
AGCO,NYSE,2019/07/12 16:00:00,76.15,77.68,75.58,77.62,547894
AGCO,NYSE,2019/07/15 16:00:00,77.14,77.46,76.57,77.15,596177
AGCO,NYSE,2019/07/16 16:00:00,76.9,77.67,76.62,77.63,656824
AGCO,NYSE,2019/07/17 16:00:00,76.86,77.24,75.46,75.79,739044
AGCO,NYSE,2019/07/18 16:00:00,75.26,75.76,74.44,75.45,520943
AGCO,NYSE,2019/07/19 16:00:00,75.95,76.38,75.47,75.75,454105
AGCO,NYSE,2019/07/22 16:00:00,75.9,76.4,74.79,75.23,648762
AGCO,NYSE,2019/07/23 16:00:00,75.68,76.57,75.16,76.4,656406
AGCO,NYSE,2019/07/24 16:00:00,75.43,76.68,75.43,76.11,440736
AGCO,NYSE,2019/07/25 16:00:00,75.99,76.27,75.02,75.33,416891
AGCO,NYSE,2019/07/26 16:00:00,75.32,75.91,75.13,75.79,393294
AGCO,NYSE,2019/07/29 16:00:00,76.43,77.5,75.8,76.37,1016340
AGCO,NYSE,2019/07/30 16:00:00,77.1,80.64,76.51,80.21,1456910
AGCO,NYSE,2019/07/31 16:00:00,79.81,79.9,76.45,77,1067587
AGCO,NYSE,2019/08/01 16:00:00,77.18,77.55,73.85,74.17,647832
AGCO,NYSE,2019/08/02 16:00:00,73.86,73.86,72.19,73.18,620624
AGCO,NYSE,2019/08/05 16:00:00,71.67,71.79,69.16,69.87,743853
AGCO,NYSE,2019/08/06 16:00:00,70.34,71.53,69.61,71.5,694937
AGCO,NYSE,2019/08/07 16:00:00,70.8,72.05,70.37,71.79,701053
AGCO,NYSE,2019/08/08 16:00:00,72.16,73.32,71.81,73.16,633362
AGCO,NYSE,2019/08/09 16:00:00,72.69,74.15,72.48,73.67,573310
AGCO,NYSE,2019/08/12 16:00:00,73.1,73.36,67.66,67.87,1268800
AGCO,NYSE,2019/08/13 16:00:00,67.49,69.27,67.32,67.87,775346
AGCO,NYSE,2019/08/14 16:00:00,66.27,66.39,63.73,64.14,804458
AGCO,NYSE,2019/08/15 16:00:00,64.92,65.86,64.11,65.65,848105
AGCO,NYSE,2019/08/16 16:00:00,65.93,67.84,65.93,67.55,821632
AGCO,NYSE,2019/08/19 16:00:00,68.59,69.55,68.19,69.08,873296
AGCO,NYSE,2019/08/20 16:00:00,69.23,69.44,68.4,68.98,687145
AGCO,NYSE,2019/08/21 16:00:00,70.02,70.08,69.16,69.24,448241
AGCO,NYSE,2019/08/22 16:00:00,69.61,69.75,68.59,68.6,318166
AGCO,NYSE,2019/08/23 16:00:00,67.36,67.92,65.65,65.87,562491
AGCO,NYSE,2019/08/26 16:00:00,66.85,67.15,65.59,66.28,392671
AGCO,NYSE,2019/08/27 16:00:00,66.57,66.6,65.77,65.81,392332
AGCO,NYSE,2019/08/28 16:00:00,65.46,67.27,65.3,67.22,418338
AGCO,NYSE,2019/08/29 16:00:00,67.98,68.68,67.75,68.55,292714
AGCO,NYSE,2019/08/30 16:00:00,69.13,69.44,68.6,69.12,393582
AGCO,NYSE,2019/09/03 16:00:00,68.23,68.66,66.84,67.6,482297
AGCO,NYSE,2019/09/04 16:00:00,68.61,68.95,68.13,68.73,307013
AGCO,NYSE,2019/09/05 16:00:00,69.67,70.83,69.33,70.34,502870
AGCO,NYSE,2019/09/06 16:00:00,72.08,73.11,71.67,71.97,744527
AGCO,NYSE,2019/09/09 16:00:00,72.21,73.8,72.14,73.76,615364
AGCO,NYSE,2019/09/10 16:00:00,73.82,75.67,73.32,75.6,506767
AGCO,NYSE,2019/09/11 16:00:00,76.36,77.17,75.88,77.14,576429
AGCO,NYSE,2019/09/12 16:00:00,76.91,76.91,75.54,75.82,385697
AGCO,NYSE,2019/09/13 16:00:00,76.59,77.01,75.82,76.79,362986
AGCO,NYSE,2019/09/16 16:00:00,76.28,77.01,76.26,76.9,414248
AGCO,NYSE,2019/09/17 16:00:00,76.14,76.4,75.57,76.19,381429
AGCO,NYSE,2019/09/18 16:00:00,75.77,76.28,75.14,76.1,360465
AGCO,NYSE,2019/09/19 16:00:00,76.2,77.24,75.84,77.06,453845
AGCO,NYSE,2019/09/20 16:00:00,77.17,77.77,76.46,76.46,1124349
AGCO,NYSE,2019/09/23 16:00:00,76.16,76.94,75.69,75.79,610265
AGCO,NYSE,2019/09/24 16:00:00,75.84,76.33,74.82,75.57,407442
AGCO,NYSE,2019/09/25 16:00:00,75.49,76.09,75.33,75.88,407732
AGCO,NYSE,2019/09/26 16:00:00,75.67,76.05,74.67,75.59,700858
AGCO,NYSE,2019/09/27 16:00:00,76.08,76.86,75.44,76.18,496272
AGCO,NYSE,2019/09/30 16:00:00,76.49,76.7,75.64,75.7,371639
AGCO,NYSE,2019/10/01 16:00:00,76.31,76.71,73.33,73.5,471039
AGCO,NYSE,2019/10/02 16:00:00,72.65,72.72,70.81,71.89,513693
AGCO,NYSE,2019/10/03 16:00:00,71.6,72.43,70.21,72.36,414683
AGCO,NYSE,2019/10/04 16:00:00,72.26,73.72,71.89,73.69,308043
AGCO,NYSE,2019/10/07 16:00:00,72.84,72.84,71.25,72,573955
AGCO,NYSE,2019/10/08 16:00:00,71,71.21,69.82,70.12,604602
AGCO,NYSE,2019/10/09 16:00:00,71.06,71.2,70.18,70.83,451552
AGCO,NYSE,2019/10/10 16:00:00,70.9,72.58,70.76,72.13,523625
AGCO,NYSE,2019/10/11 16:00:00,73.66,75.12,73.63,73.85,359004
AGCO,NYSE,2019/10/14 16:00:00,73.43,73.88,73.01,73.13,285310
AGCO,NYSE,2019/10/15 16:00:00,73.25,74.18,72.62,73.55,459653
AGCO,NYSE,2019/10/16 16:00:00,73.11,73.78,72.51,72.72,453896
AGCO,NYSE,2019/10/17 16:00:00,73.11,73.76,72.83,73.49,517520
AGCO,NYSE,2019/10/18 16:00:00,73.44,74.29,73.01,73.96,322241
AGCO,NYSE,2019/10/21 16:00:00,74.66,75.54,74.08,75.25,359000
AGCO,NYSE,2019/10/22 16:00:00,75.45,76.96,75.2,76.54,500887
AGCO,NYSE,2019/10/23 16:00:00,76.26,76.88,75.85,76.62,343884
AGCO,NYSE,2019/10/24 16:00:00,76.47,76.53,75.23,75.56,304362
AGCO,NYSE,2019/10/25 16:00:00,75.45,76.89,75.25,76.84,540067
AGCO,NYSE,2019/10/28 16:00:00,77.24,78.61,76.93,77,927327
AGCO,NYSE,2019/10/29 16:00:00,75.52,76.53,72.64,76.11,805016
AGCO,NYSE,2019/10/30 16:00:00,76.18,76.32,74.63,76.19,486203
AGCO,NYSE,2019/10/31 16:00:00,75.86,76.95,75.05,76.69,661962
AGCO,NYSE,2019/11/01 16:00:00,77,78.11,76.69,77.7,437352
AGCO,NYSE,2019/11/04 16:00:00,78.6,80.04,78.51,79.46,572763
AGCO,NYSE,2019/11/05 16:00:00,79.92,80,78.9,79.36,493476
AGCO,NYSE,2019/11/06 16:00:00,79.2,79.57,77.9,78.21,448462
AGCO,NYSE,2019/11/07 16:00:00,79.04,79.76,78.8,78.96,510886
AGCO,NYSE,2019/11/08 16:00:00,78.79,79.99,78.45,79.82,391411
AGCO,NYSE,2019/11/11 16:00:00,79.19,80.3,78.99,80.27,343288
AGCO,NYSE,2019/11/12 16:00:00,80.27,80.27,78.85,78.94,445437
AGCO,NYSE,2019/11/13 16:00:00,78.5,79.55,77.75,79.11,462239
AGCO,NYSE,2019/11/14 16:00:00,79.8,81.39,79.79,80.14,569072
AGCO,NYSE,2019/11/15 16:00:00,79.68,80.4,79.63,80.13,475484
AGCO,NYSE,2019/11/18 16:00:00,79.56,79.68,78.85,79.41,404617
AGCO,NYSE,2019/11/19 16:00:00,79.66,80.52,79.26,79.97,461196
AGCO,NYSE,2019/11/20 16:00:00,79.29,79.81,78.15,78.52,482511
AGCO,NYSE,2019/11/21 16:00:00,78.36,79.54,78.1,79.24,301250
AGCO,NYSE,2019/11/22 16:00:00,79.47,79.98,79.16,79.71,361647
AGCO,NYSE,2019/11/25 16:00:00,80.06,81.26,79.84,80.68,366465
AGCO,NYSE,2019/11/26 16:00:00,80.73,80.99,80.05,80.55,366121
AGCO,NYSE,2019/11/27 16:00:00,79.01,79.68,78.23,78.98,518582
AGCO,NYSE,2019/11/29 13:00:00,78.74,78.74,78.06,78.13,222716
AGCO,NYSE,2019/12/02 16:00:00,78.21,78.62,77.32,77.5,466658
AGCO,NYSE,2019/12/03 16:00:00,76.18,76.76,75.27,76.54,544824
AGCO,NYSE,2019/12/04 16:00:00,76.88,77.55,76.15,76.26,426785
AGCO,NYSE,2019/12/05 16:00:00,76.41,76.63,75.58,76.11,636849
AGCO,NYSE,2019/12/06 16:00:00,77.18,77.42,76.15,76.59,477616
AGCO,NYSE,2019/12/09 16:00:00,76.5,76.75,75.67,75.97,568674
AGCO,NYSE,2019/12/10 16:00:00,75.7,76.66,75.16,76.54,512605
AGCO,NYSE,2019/12/11 16:00:00,76.86,77.32,75.86,76.59,442321
AGCO,NYSE,2019/12/12 16:00:00,76.18,78.21,75.91,78.09,744634
AGCO,NYSE,2019/12/13 16:00:00,78.3,78.96,76.68,77.03,745902
AGCO,NYSE,2019/12/16 16:00:00,78.48,78.63,77,77.35,582572
AGCO,NYSE,2019/12/17 16:00:00,77.19,77.94,77.16,77.3,447502
AGCO,NYSE,2019/12/18 16:00:00,77.55,78.59,77.15,78.32,508302
AGCO,NYSE,2019/12/19 16:00:00,78.4,78.44,77.67,77.74,364875
AGCO,NYSE,2019/12/20 16:00:00,78.37,78.71,77.5,77.69,1024004
AGCO,NYSE,2019/12/23 16:00:00,77.91,77.92,77.31,77.77,155922
AGCO,NYSE,2019/12/24 13:00:00,77.84,77.95,77.41,77.42,90133
AGCO,NYSE,2019/12/26 16:00:00,77.59,78.23,77.22,77.84,284415
AGCO,NYSE,2019/12/27 16:00:00,78.07,78.1,77.52,77.75,227467
AGCO,NYSE,2019/12/30 16:00:00,77.78,78.01,77.39,77.6,281594
AGCO,NYSE,2019/12/31 16:00:00,77.47,78.1,77.15,77.25,299737
AGCO,NYSE,2020/01/02 16:00:00,77.92,78.23,77.13,78.22,264228
AGCO,NYSE,2020/01/03 16:00:00,76.83,77.19,76.27,77.14,334798
AGCO,NYSE,2020/01/06 16:00:00,76.47,76.51,75.76,76.38,372364
AGCO,NYSE,2020/01/07 16:00:00,75.82,76.48,75.62,75.67,376135
AGCO,NYSE,2020/01/08 16:00:00,75.75,76.04,75.17,75.81,346407
AGCO,NYSE,2020/01/09 16:00:00,76.19,76.36,75.51,75.81,295571
AGCO,NYSE,2020/01/10 16:00:00,75.96,75.96,73.66,73.79,318838
AGCO,NYSE,2020/01/13 16:00:00,73.69,74.56,73.13,74.51,494630
AGCO,NYSE,2020/01/14 16:00:00,74.39,74.74,73.83,74.54,299804
AGCO,NYSE,2020/01/15 16:00:00,74.05,74.71,73.74,74.05,435285
AGCO,NYSE,2020/01/16 16:00:00,74.54,74.9,74.04,74.9,377695
AGCO,NYSE,2020/01/17 16:00:00,75.2,75.31,74.47,74.76,281403
AGCO,NYSE,2020/01/21 16:00:00,74.39,74.41,73.05,73.1,360494
AGCO,NYSE,2020/01/22 16:00:00,73.26,73.5,72.26,72.74,279997
AGCO,NYSE,2020/01/23 16:00:00,72.36,72.86,71.4,72.55,383588
AGCO,NYSE,2020/01/24 16:00:00,72.56,72.86,71.38,71.81,293599
AGCO,NYSE,2020/01/27 16:00:00,71.01,71.01,68.88,69.11,351091
AGCO,NYSE,2020/01/28 16:00:00,69.5,70.44,68.99,70.2,291843
AGCO,NYSE,2020/01/29 16:00:00,70.67,71.15,70.17,70.39,444800
AGCO,NYSE,2020/01/30 16:00:00,69.64,71.22,69.64,71.09,377154
AGCO,NYSE,2020/01/31 16:00:00,70.53,71.07,69.73,70.14,617102
AGCO,NYSE,2020/02/03 16:00:00,70.56,71.8,70.52,71.22,575472
AGCO,NYSE,2020/02/04 16:00:00,72.13,73.09,72,72.67,533426
AGCO,NYSE,2020/02/05 16:00:00,73.55,73.79,72.5,73.22,607067
AGCO,NYSE,2020/02/06 16:00:00,69.56,71.18,66.91,69.09,1668222
AGCO,NYSE,2020/02/07 16:00:00,68.5,69.26,66.46,66.85,730695
AGCO,NYSE,2020/02/10 16:00:00,66.35,66.94,65.68,66.78,584152
AGCO,NYSE,2020/02/11 16:00:00,67.24,67.98,66.91,67.34,505100
AGCO,NYSE,2020/02/12 16:00:00,68.06,68.94,68,68.89,468599
AGCO,NYSE,2020/02/13 16:00:00,67.91,67.91,66.51,66.75,538726
AGCO,NYSE,2020/02/14 16:00:00,66.8,67.42,66.66,66.76,370316
AGCO,NYSE,2020/02/18 16:00:00,66.47,67.11,66.05,66.61,363672
AGCO,NYSE,2020/02/19 16:00:00,66.65,66.77,66,66.37,492487
AGCO,NYSE,2020/02/20 16:00:00,66.19,67.96,66.19,67.47,474301
AGCO,NYSE,2020/02/21 16:00:00,68.26,68.79,67.43,68.58,688194
AGCO,NYSE,2020/02/24 16:00:00,66.58,67.82,66.05,67.51,713143
AGCO,NYSE,2020/02/25 16:00:00,67.57,67.75,64.17,64.2,784487
AGCO,NYSE,2020/02/26 16:00:00,64.8,65.15,62.28,62.28,578996
AGCO,NYSE,2020/02/27 16:00:00,61.09,63.52,60.05,61.38,905564
AGCO,NYSE,2020/02/28 16:00:00,59.49,60.72,59.07,60.43,961168
AGCO,NYSE,2020/03/02 16:00:00,60.82,63.62,60.02,63.6,686632
AGCO,NYSE,2020/03/03 16:00:00,63.61,64.31,60.64,61.03,445691
AGCO,NYSE,2020/03/04 16:00:00,61.98,62.92,60.89,62.8,553863
AGCO,NYSE,2020/03/05 16:00:00,60.89,62.09,60.45,60.97,815343
AGCO,NYSE,2020/03/06 16:00:00,58.97,61.69,58.8,61.41,638793
AGCO,NYSE,2020/03/09 16:00:00,56.86,58.25,55.67,56.98,775695
AGCO,NYSE,2020/03/10 16:00:00,58.88,59.68,56.73,59.56,981181
AGCO,NYSE,2020/03/11 16:00:00,57.79,58.49,55.3,56.22,819125
AGCO,NYSE,2020/03/12 16:00:00,52.35,52.93,48.96,50.3,1087736
AGCO,NYSE,2020/03/13 16:00:00,53.14,55.34,50.73,55.33,905681
AGCO,NYSE,2020/03/16 16:00:00,49.71,54.4,47.64,47.97,1245273
AGCO,NYSE,2020/03/17 16:00:00,48.64,49.41,45.13,45.52,1278429
AGCO,NYSE,2020/03/18 16:00:00,42.35,44.84,35.33,36.97,1491608
AGCO,NYSE,2020/03/19 16:00:00,36.13,45.18,35.4,44.37,1191316
AGCO,NYSE,2020/03/20 16:00:00,44.76,45.55,39.93,40.3,953170
AGCO,NYSE,2020/03/23 16:00:00,40.3,41.13,37.07,39.48,702093
AGCO,NYSE,2020/03/24 16:00:00,41.47,43.19,40.38,42.89,819189
AGCO,NYSE,2020/03/25 16:00:00,43.39,46.97,43.1,44.48,938747
AGCO,NYSE,2020/03/26 16:00:00,44.52,48.77,44.06,47.42,652895
AGCO,NYSE,2020/03/27 16:00:00,45.63,47.19,44.39,46.2,620837
AGCO,NYSE,2020/03/30 16:00:00,46.07,47.75,45.06,47.29,463256
AGCO,NYSE,2020/03/31 16:00:00,46.65,48.32,46.46,47.25,826759
AGCO,NYSE,2020/04/01 16:00:00,44.81,46.45,43.85,44.68,602648
AGCO,NYSE,2020/04/02 16:00:00,44.29,45.84,43.26,44.65,496437
AGCO,NYSE,2020/04/03 16:00:00,44.47,44.82,42.89,43.5,476133
AGCO,NYSE,2020/04/06 16:00:00,45.57,47.75,45.06,47.69,802128
AGCO,NYSE,2020/04/07 16:00:00,49.77,50.93,48.89,49.14,567524
AGCO,NYSE,2020/04/08 16:00:00,49.79,51.34,48.89,51.05,330883
AGCO,NYSE,2020/04/09 16:00:00,51.82,52.98,51.09,52.1,405242
AGCO,NYSE,2020/04/13 16:00:00,51.9,52.63,50.1,50.92,551613
AGCO,NYSE,2020/04/14 16:00:00,51.81,52.62,49.38,49.86,585269
AGCO,NYSE,2020/04/15 16:00:00,47.94,48.01,46.21,47.77,487003
AGCO,NYSE,2020/04/16 16:00:00,47.16,47.64,44.42,44.92,1008134
AGCO,NYSE,2020/04/17 16:00:00,46.69,49.6,46.51,49.49,869531
AGCO,NYSE,2020/04/20 16:00:00,47.92,49.3,46.41,49.16,1223198
AGCO,NYSE,2020/04/21 16:00:00,47.63,48.75,46.76,47.69,600744
AGCO,NYSE,2020/04/22 16:00:00,49.08,49.28,47.77,48.33,303941
AGCO,NYSE,2020/04/23 16:00:00,48.87,49.59,48.13,48.92,883020
AGCO,NYSE,2020/04/24 16:00:00,49.69,50.19,48.55,49.75,500260
AGCO,NYSE,2020/04/27 16:00:00,49.93,51.38,49.33,50.74,495847
AGCO,NYSE,2020/04/28 16:00:00,52,52.77,51.23,51.67,592451
AGCO,NYSE,2020/04/29 16:00:00,52.92,54.33,52.8,53.94,469913
AGCO,NYSE,2020/04/30 16:00:00,53.19,53.51,52.19,52.84,731183
AGCO,NYSE,2020/05/01 16:00:00,51.63,51.78,49.72,50.29,429317
AGCO,NYSE,2020/05/04 16:00:00,49.91,49.91,48.43,49.64,662824
AGCO,NYSE,2020/05/05 16:00:00,51.01,53.96,48.74,49.04,1006720
AGCO,NYSE,2020/05/06 16:00:00,49.79,49.79,47.97,48.5,464617
AGCO,NYSE,2020/05/07 16:00:00,49.34,50.19,49.08,49.45,311749
AGCO,NYSE,2020/05/08 16:00:00,50.27,51.59,50.27,51.13,374604
AGCO,NYSE,2020/05/11 16:00:00,50.15,50.8,49.02,50.38,504046
AGCO,NYSE,2020/05/12 16:00:00,50.42,50.85,47.62,47.65,574647
AGCO,NYSE,2020/05/13 16:00:00,47.17,47.54,45.17,45.57,563205
AGCO,NYSE,2020/05/14 16:00:00,44.65,46.26,42.84,45.68,421695
AGCO,NYSE,2020/05/15 16:00:00,45.38,46.37,44.78,45.73,461789
AGCO,NYSE,2020/05/18 16:00:00,47.49,49.89,47.49,49.29,641071
AGCO,NYSE,2020/05/19 16:00:00,49.5,49.54,48.06,48.44,440091
AGCO,NYSE,2020/05/20 16:00:00,49.11,51.42,49.11,51.09,399265
AGCO,NYSE,2020/05/21 16:00:00,50.92,51.85,50.62,51.1,518062
AGCO,NYSE,2020/05/22 16:00:00,51.72,52.07,51.02,51.84,552728
AGCO,NYSE,2020/05/26 16:00:00,54.23,57.98,54.04,57.04,898252
AGCO,NYSE,2020/05/27 16:00:00,58.54,59.96,56.71,58.13,657314
AGCO,NYSE,2020/05/28 16:00:00,58.94,58.94,56.7,57.71,964040
AGCO,NYSE,2020/05/29 16:00:00,56.89,56.89,54,55.23,656621
AGCO,NYSE,2020/06/01 16:00:00,55.34,57.28,54.73,56.58,560162
AGCO,NYSE,2020/06/02 16:00:00,57.23,57.62,56.58,57.06,591615
AGCO,NYSE,2020/06/03 16:00:00,58.26,59.62,58.01,59.47,392429
AGCO,NYSE,2020/06/04 16:00:00,58.95,61.04,58.4,61.04,623481
AGCO,NYSE,2020/06/05 16:00:00,63.13,64.96,62.36,63.01,485511
AGCO,NYSE,2020/06/08 16:00:00,64.1,64.62,62.91,63.62,475821
AGCO,NYSE,2020/06/09 16:00:00,62.03,62.61,60.72,61.59,380681
AGCO,NYSE,2020/06/10 16:00:00,61.43,61.61,58.49,58.57,571000
AGCO,NYSE,2020/06/11 16:00:00,55.79,56.02,54.37,54.42,501730
AGCO,NYSE,2020/06/12 16:00:00,57.04,57.04,53.73,55.23,469517
AGCO,NYSE,2020/06/15 16:00:00,53.02,56.27,52.85,55.65,466691
AGCO,NYSE,2020/06/16 16:00:00,58.37,59.1,55.7,56.29,453152
AGCO,NYSE,2020/06/17 16:00:00,56.33,56.33,54.54,54.66,346288
AGCO,NYSE,2020/06/18 16:00:00,54.02,55.35,53.8,54.17,368017
AGCO,NYSE,2020/06/19 16:00:00,54.76,55.35,53.31,54.24,703869
AGCO,NYSE,2020/06/22 16:00:00,53.89,54.75,52.99,54.22,430336
AGCO,NYSE,2020/06/23 16:00:00,54.84,55.21,54.39,54.62,373686
AGCO,NYSE,2020/06/24 16:00:00,53.78,54.09,52.88,53.13,703798
AGCO,NYSE,2020/06/25 16:00:00,52.69,54.23,52.05,54.04,606035
AGCO,NYSE,2020/06/26 16:00:00,53.68,54.03,52.54,52.7,731190
AGCO,NYSE,2020/06/29 16:00:00,53.56,55.15,53.49,54.5,469466
AGCO,NYSE,2020/06/30 16:00:00,54.04,55.77,53.65,55.46,744099
AGCO,NYSE,2020/07/01 16:00:00,54.11,55.68,53.51,53.96,486917
AGCO,NYSE,2020/07/02 16:00:00,55.16,56.77,54.49,54.65,594949
AGCO,NYSE,2020/07/06 16:00:00,56.25,57.25,55.58,56.49,581467
AGCO,NYSE,2020/07/07 16:00:00,55.74,56.27,55.12,55.19,458467
AGCO,NYSE,2020/07/08 16:00:00,55.34,55.34,53.8,54.37,270020
AGCO,NYSE,2020/07/09 16:00:00,54.11,54.5,52.36,53.42,381279
AGCO,NYSE,2020/07/10 16:00:00,53.48,54.42,53.12,54.36,472993
AGCO,NYSE,2020/07/13 16:00:00,55.22,58.21,54.88,57.5,936612
AGCO,NYSE,2020/07/14 16:00:00,57.5,60.9,56.7,60.56,967126
AGCO,NYSE,2020/07/15 16:00:00,61.86,62.4,60.82,61.88,567275
AGCO,NYSE,2020/07/16 16:00:00,61.84,63.73,61.09,61.62,464139
AGCO,NYSE,2020/07/17 16:00:00,61.95,63.17,61.6,62.6,600500
AGCO,NYSE,2020/07/20 16:00:00,62.11,62.74,60.91,61.34,408225
AGCO,NYSE,2020/07/21 16:00:00,61.82,62.96,61.6,61.97,394488
AGCO,NYSE,2020/07/22 16:00:00,62.8,63.74,62.57,63.24,307607
AGCO,NYSE,2020/07/23 16:00:00,63.06,64,63.06,63.66,418890
AGCO,NYSE,2020/07/24 16:00:00,63.91,63.91,62.69,63.4,342145
AGCO,NYSE,2020/07/27 16:00:00,63.09,64.02,62.33,63.4,619287
AGCO,NYSE,2020/07/28 16:00:00,62.86,63.3,61.78,62.06,628363
AGCO,NYSE,2020/07/29 16:00:00,62.22,63.89,61.99,63.43,470432
AGCO,NYSE,2020/07/30 16:00:00,67.5,68.47,65.85,67.92,1076523
AGCO,NYSE,2020/07/31 16:00:00,67.44,67.94,63.87,65.63,778945
AGCO,NYSE,2020/08/03 16:00:00,66.67,68.08,66.12,67.62,584870
AGCO,NYSE,2020/08/04 16:00:00,67.24,68.79,67.24,67.92,446884
AGCO,NYSE,2020/08/05 16:00:00,68.71,69.33,68.06,68.65,374919
AGCO,NYSE,2020/08/06 16:00:00,68.14,68.72,67.91,68.3,238213
AGCO,NYSE,2020/08/07 16:00:00,68.29,68.79,67.67,68.71,383503
AGCO,NYSE,2020/08/10 16:00:00,68.88,71.11,68.84,70.45,541653
AGCO,NYSE,2020/08/11 16:00:00,71.7,74.22,71.52,73.15,888265
AGCO,NYSE,2020/08/12 16:00:00,73.71,74.06,72.26,73.44,398901
AGCO,NYSE,2020/08/13 16:00:00,72.65,73.13,72.17,72.93,271760
AGCO,NYSE,2020/08/14 16:00:00,72.42,74.25,72.05,73.56,404669
AGCO,NYSE,2020/08/17 16:00:00,74.25,74.25,72.61,73.09,384479
AGCO,NYSE,2020/08/18 16:00:00,73.04,73.43,71.67,71.85,558513
AGCO,NYSE,2020/08/19 16:00:00,72.38,72.94,71.73,71.98,461435
AGCO,NYSE,2020/08/20 16:00:00,71.15,71.7,70.43,71.05,521569
AGCO,NYSE,2020/08/21 16:00:00,71.44,72.75,71.22,72.05,418875
AGCO,NYSE,2020/08/24 16:00:00,72.86,73.28,71.69,72.05,558396
AGCO,NYSE,2020/08/25 16:00:00,72.28,72.61,71.05,71.16,308266
AGCO,NYSE,2020/08/26 16:00:00,71.36,71.72,70.78,71.41,311966
AGCO,NYSE,2020/08/27 16:00:00,71.99,73.21,71.35,72.55,365568
AGCO,NYSE,2020/08/28 16:00:00,72.83,73.26,71.64,72.52,322999
AGCO,NYSE,2020/08/31 16:00:00,72.53,72.53,71.01,71.1,486741
AGCO,NYSE,2020/09/01 16:00:00,70.66,73.53,70.2,73.39,427090
AGCO,NYSE,2020/09/02 16:00:00,73.55,74.68,73.12,73.81,381668
AGCO,NYSE,2020/09/03 16:00:00,75.87,76.3,72.86,73.51,566877
AGCO,NYSE,2020/09/04 16:00:00,74.79,75.22,72.92,73.77,532233
AGCO,NYSE,2020/09/08 16:00:00,73.32,73.72,72.3,73,473525
AGCO,NYSE,2020/09/09 16:00:00,73.51,75.54,73.51,74.94,570659
AGCO,NYSE,2020/09/10 16:00:00,75.17,76.02,74.17,75.03,601561
AGCO,NYSE,2020/09/11 16:00:00,75.09,77.04,74.75,75.45,648182
AGCO,NYSE,2020/09/14 16:00:00,75.65,77.56,75.27,75.66,476799
AGCO,NYSE,2020/09/15 16:00:00,76.28,76.64,75.16,75.68,469785
AGCO,NYSE,2020/09/16 16:00:00,75.99,77.26,75.29,76.26,554173
AGCO,NYSE,2020/09/17 16:00:00,75.64,77.18,74.91,76.26,558066
AGCO,NYSE,2020/09/18 16:00:00,76.42,76.87,74.87,75.11,918750
AGCO,NYSE,2020/09/21 16:00:00,73.31,73.39,69.73,70.78,586775
AGCO,NYSE,2020/09/22 16:00:00,70.78,72.27,70.63,71.8,409656
AGCO,NYSE,2020/09/23 16:00:00,72.79,73.21,70.46,70.59,410736
AGCO,NYSE,2020/09/24 16:00:00,70.39,71.98,69.68,70.74,365861
AGCO,NYSE,2020/09/25 16:00:00,70.08,72.02,69.91,71.51,523565
AGCO,NYSE,2020/09/28 16:00:00,72.69,73.56,72.22,72.9,346309
AGCO,NYSE,2020/09/29 16:00:00,72.75,73.29,71.79,72.66,286384
AGCO,NYSE,2020/09/30 16:00:00,72.8,75.5,72.8,74.27,728129
AGCO,NYSE,2020/10/01 16:00:00,74.91,75.2,72.65,73.31,651560
AGCO,NYSE,2020/10/02 16:00:00,72.18,75.58,71.91,75.19,363572
AGCO,NYSE,2020/10/05 16:00:00,76.11,77.48,75.97,76.67,381884
AGCO,NYSE,2020/10/06 16:00:00,77.32,79.12,76.67,77.01,488180
AGCO,NYSE,2020/10/07 16:00:00,77.98,79.36,77.58,78.95,391091
AGCO,NYSE,2020/10/08 16:00:00,79.29,79.79,78.33,79.66,288383
AGCO,NYSE,2020/10/09 16:00:00,80.54,81.11,79.74,80.57,417174
AGCO,NYSE,2020/10/12 16:00:00,81.18,81.18,79.81,80.61,195763
AGCO,NYSE,2020/10/13 16:00:00,81.41,82.44,79.69,80.69,433815
AGCO,NYSE,2020/10/14 16:00:00,80.38,82.07,80.29,80.36,350027
AGCO,NYSE,2020/10/15 16:00:00,79,80.84,78.73,80.59,350788
AGCO,NYSE,2020/10/16 16:00:00,83.37,83.57,81.33,81.44,610751
AGCO,NYSE,2020/10/19 16:00:00,82.11,82.76,80.99,81.35,398001
AGCO,NYSE,2020/10/20 16:00:00,82.23,82.84,80.67,81.09,484200
AGCO,NYSE,2020/10/21 16:00:00,81.21,82.93,81.13,81.42,786754
AGCO,NYSE,2020/10/22 16:00:00,81.46,82.05,80.84,81.89,609514
AGCO,NYSE,2020/10/23 16:00:00,82.3,83.58,82.04,82.82,522054
AGCO,NYSE,2020/10/26 16:00:00,81.59,81.72,80.44,81.46,769695
AGCO,NYSE,2020/10/27 16:00:00,81.1,81.67,77.87,78.02,907792
AGCO,NYSE,2020/10/28 16:00:00,76,77.68,75.52,76.44,741743
AGCO,NYSE,2020/10/29 16:00:00,75.79,77.6,74.77,77.22,871023
AGCO,NYSE,2020/10/30 16:00:00,77.18,78.06,76.04,77.03,659529
AGCO,NYSE,2020/11/02 16:00:00,77.99,80.12,77.48,80.12,834461
AGCO,NYSE,2020/11/03 16:00:00,84.24,87.49,82.83,86.94,1306205
AGCO,NYSE,2020/11/04 16:00:00,86.24,89.06,84.51,86.44,1019900
AGCO,NYSE,2020/11/05 16:00:00,87.8,90.85,87.36,90.6,468311
AGCO,NYSE,2020/11/06 16:00:00,90.4,91.49,90.12,90.69,528709
AGCO,NYSE,2020/11/09 16:00:00,97.38,99.74,89.32,89.52,1242192
AGCO,NYSE,2020/11/10 16:00:00,90.25,90.7,87.5,89.08,1419331
AGCO,NYSE,2020/11/11 16:00:00,89.47,89.75,87.44,88.22,1068051
AGCO,NYSE,2020/11/12 16:00:00,88.32,90.24,87.8,89.74,492653
AGCO,NYSE,2020/11/13 16:00:00,89.85,92.95,89.85,92.33,769077
AGCO,NYSE,2020/11/16 16:00:00,94,96.96,93.35,96.53,846726
AGCO,NYSE,2020/11/17 16:00:00,95.3,95.3,92.94,93.2,931486
AGCO,NYSE,2020/11/18 16:00:00,93.71,94.22,92.51,92.71,988956
AGCO,NYSE,2020/11/19 16:00:00,92.24,93.23,91.87,92.12,514968
AGCO,NYSE,2020/11/20 16:00:00,91.81,92.52,91.51,91.91,621183
AGCO,NYSE,2020/11/23 16:00:00,92.89,94.7,92.89,93.96,1118192
AGCO,NYSE,2020/11/24 16:00:00,95.56,96.94,94.72,96.21,437420
AGCO,NYSE,2020/11/25 16:00:00,96.25,96.25,92.69,93.2,419317
AGCO,NYSE,2020/11/27 13:00:00,93.33,94.22,93.03,93.46,178880
AGCO,NYSE,2020/11/30 16:00:00,93.36,93.59,92.28,92.51,572064
AGCO,NYSE,2020/12/01 16:00:00,93.52,94.69,91.48,92.09,571251
AGCO,NYSE,2020/12/02 16:00:00,91.77,92.78,91.06,91.87,480843
AGCO,NYSE,2020/12/03 16:00:00,91.69,93.67,91.69,93.01,558571
AGCO,NYSE,2020/12/04 16:00:00,93.73,94.69,90.34,90.72,1134417
AGCO,NYSE,2020/12/07 16:00:00,90.39,91.49,88.03,89.02,1045782
AGCO,NYSE,2020/12/08 16:00:00,88.98,90.82,88.89,89.13,644383
AGCO,NYSE,2020/12/09 16:00:00,89.68,90.59,89.01,89.97,690043
AGCO,NYSE,2020/12/10 16:00:00,89.11,89.74,88.38,89.19,652612
AGCO,NYSE,2020/12/11 16:00:00,88.48,89.93,88.34,89.67,1343081
AGCO,NYSE,2020/12/14 16:00:00,91.01,91.32,89.01,89.04,516444
AGCO,NYSE,2020/12/15 16:00:00,94.67,96.6,93.49,96.48,1233837
AGCO,NYSE,2020/12/16 16:00:00,96.33,98.45,96.14,97.81,920517
AGCO,NYSE,2020/12/17 16:00:00,98.3,100.06,97.86,99.8,818093
AGCO,NYSE,2020/12/18 16:00:00,99.79,102.95,99.79,102.88,1431516
AGCO,NYSE,2020/12/21 16:00:00,101.31,104.45,101.17,103.27,786494
AGCO,NYSE,2020/12/22 16:00:00,102.96,103.61,102.88,103.1,705371
AGCO,NYSE,2020/12/23 16:00:00,103.6,104.6,102.5,103.65,559962
AGCO,NYSE,2020/12/24 13:00:00,104.13,104.36,102.87,103.21,178971
AGCO,NYSE,2020/12/28 16:00:00,104.08,104.2,102.07,102.18,636758
AGCO,NYSE,2020/12/29 16:00:00,102.08,102.57,100.24,101.26,269682
AGCO,NYSE,2020/12/30 16:00:00,101.91,102.83,101.57,102.18,337219
AGCO,NYSE,2020/12/31 16:00:00,102.47,103.69,101.51,103.09,617302
AGCO,NYSE,2021/01/04 16:00:00,103.57,104.24,100.98,102.51,787070
AGCO,NYSE,2021/01/05 16:00:00,102.02,106.11,102.02,105.46,1277220
AGCO,NYSE,2021/01/06 16:00:00,106.83,111.45,106.83,109.92,968634
AGCO,NYSE,2021/01/07 16:00:00,110.93,114.91,110.01,114.8,702727
AGCO,NYSE,2021/01/08 16:00:00,114.7,115.63,110.32,112.09,479162
AGCO,NYSE,2021/01/11 16:00:00,110.43,114.61,110,114.43,1000572
AGCO,NYSE,2021/01/12 16:00:00,114.04,115.42,112.55,114.64,1163521
AGCO,NYSE,2021/01/13 16:00:00,114.94,116.19,114.35,114.67,815325
AGCO,NYSE,2021/01/14 16:00:00,115.79,118.11,114.69,116.27,733361
AGCO,NYSE,2021/01/15 16:00:00,115.72,115.72,112.32,114.13,405187
AGCO,NYSE,2021/01/19 16:00:00,114.88,117.3,114.88,115.91,606901
AGCO,NYSE,2021/01/20 16:00:00,116.42,116.8,114.39,115.54,599694
AGCO,NYSE,2021/01/21 16:00:00,116.48,116.48,114.46,115.07,538486
AGCO,NYSE,2021/01/22 16:00:00,113.75,115.2,113.27,114.09,706391
AGCO,NYSE,2021/01/25 16:00:00,113.8,114.99,111.19,112.14,848100
AGCO,NYSE,2021/01/26 16:00:00,113.35,113.35,110.85,111.07,364188
AGCO,NYSE,2021/01/27 16:00:00,108.92,109.02,101.69,102.8,889368
AGCO,NYSE,2021/01/28 16:00:00,105.77,112.96,105.22,112.43,1157439
AGCO,NYSE,2021/01/29 16:00:00,111.6,112.37,109.06,110.9,806570
AGCO,NYSE,2021/02/01 16:00:00,112.13,115.17,110.99,114.62,918301
AGCO,NYSE,2021/02/02 16:00:00,116.12,118.64,116.01,117.32,545401
AGCO,NYSE,2021/02/03 16:00:00,117.09,118.42,116.28,117.76,588440
AGCO,NYSE,2021/02/04 16:00:00,123,124.85,120,121.1,762722
AGCO,NYSE,2021/02/05 16:00:00,122.04,122.04,118.53,119.69,580048
AGCO,NYSE,2021/02/08 16:00:00,121.55,123,120.94,121.84,392712
AGCO,NYSE,2021/02/09 16:00:00,121.4,122.98,120.94,121.63,482743
AGCO,NYSE,2021/02/10 16:00:00,122.47,122.58,119.03,119.68,657205
AGCO,NYSE,2021/02/11 16:00:00,120.34,121.4,118.03,120.91,569453
AGCO,NYSE,2021/02/12 16:00:00,119.94,120.16,116.67,118.6,1040258
AGCO,NYSE,2021/02/16 16:00:00,119.2,119.88,116.71,117.65,699786
AGCO,NYSE,2021/02/17 16:00:00,117.19,119.12,116.43,118.71,529863
AGCO,NYSE,2021/02/18 16:00:00,118.2,118.72,114.92,115.07,523621
AGCO,NYSE,2021/02/19 16:00:00,117.82,125.36,117.82,123.92,847633
AGCO,NYSE,2021/02/22 16:00:00,122.54,128.55,122.51,126.5,929036
AGCO,NYSE,2021/02/23 16:00:00,125.06,126.47,122.12,126.11,592205
AGCO,NYSE,2021/02/24 16:00:00,126.94,129.99,125.65,129.83,718651
AGCO,NYSE,2021/02/25 16:00:00,129.89,130.56,128.18,129.16,811200
AGCO,NYSE,2021/02/26 16:00:00,129.27,131.2,128,129.48,570491
AGCO,NYSE,2021/03/01 16:00:00,131.31,133.45,130.24,131.71,537977
AGCO,NYSE,2021/03/02 16:00:00,131.33,131.54,127.08,129.11,588472
AGCO,NYSE,2021/03/03 16:00:00,129.19,129.96,126.02,126.04,590696
AGCO,NYSE,2021/03/04 16:00:00,126.94,128.97,123.61,125.76,896347
AGCO,NYSE,2021/03/05 16:00:00,128.65,134.19,126.13,133.4,816359
AGCO,NYSE,2021/03/08 16:00:00,134.94,137.87,133.04,133.27,813481
AGCO,NYSE,2021/03/09 16:00:00,133.95,134.83,130.69,130.92,465784
AGCO,NYSE,2021/03/10 16:00:00,130.93,135.5,130.14,134.99,383064
AGCO,NYSE,2021/03/11 16:00:00,136.01,139.62,135.42,136.42,475074
AGCO,NYSE,2021/03/12 16:00:00,136.21,138.58,136,138.46,407177
AGCO,NYSE,2021/03/15 16:00:00,140,143.02,138.45,142.82,739953
AGCO,NYSE,2021/03/16 16:00:00,143.31,144.55,141.57,142.11,693143
AGCO,NYSE,2021/03/17 16:00:00,142.54,144.26,141.5,144.09,428929
AGCO,NYSE,2021/03/18 16:00:00,143.93,148.46,143.93,147.43,1732642
AGCO,NYSE,2021/03/19 16:00:00,146.42,147.95,143.35,143.91,993813
AGCO,NYSE,2021/03/22 16:00:00,144.75,144.75,141.2,143.01,428886
AGCO,NYSE,2021/03/23 16:00:00,140.64,142.21,133.87,135.19,904716
AGCO,NYSE,2021/03/24 16:00:00,137.4,140.6,136.27,136.35,517808
AGCO,NYSE,2021/03/25 16:00:00,135.39,141.54,134.02,140.86,488241
AGCO,NYSE,2021/03/26 16:00:00,141.95,144.36,140.57,142.54,509027
AGCO,NYSE,2021/03/29 16:00:00,142.47,143.43,140.35,140.73,500215
AGCO,NYSE,2021/03/30 16:00:00,141.79,144.67,141.6,143.54,379205
AGCO,NYSE,2021/03/31 16:00:00,143.87,146.08,140.07,143.65,709503
AGCO,NYSE,2021/04/01 16:00:00,143.82,145.23,142.88,144.42,449331
AGCO,NYSE,2021/04/05 16:00:00,146.39,147.04,144.34,145.82,300176
AGCO,NYSE,2021/04/06 16:00:00,145.17,147.99,144.88,145.28,542200
AGCO,NYSE,2021/04/07 16:00:00,145.23,145.86,143.11,144,319051
AGCO,NYSE,2021/04/08 16:00:00,143.63,145.48,142.01,145.4,475560
AGCO,NYSE,2021/04/09 16:00:00,146.16,147.54,144.83,147.15,425593
WSO.B,NYSE,2019/04/03 16:00:00,146.59,146.59,146.59,146.59,102
WSO.B,NYSE,2019/04/05 16:00:00,150,150,150,150,200
WSO.B,NYSE,2019/04/09 16:00:00,145,145,145,145,101
WSO.B,NYSE,2019/04/10 16:00:00,143,143,143,143,102
WSO.B,NYSE,2019/04/15 16:00:00,145,145,145,145,204
WSO.B,NYSE,2019/04/18 16:00:00,151,151,151,151,102
WSO.B,NYSE,2019/04/22 16:00:00,152,152,152,152,100
WSO.B,NYSE,2019/04/24 16:00:00,161.75,161.75,161,161,200
WSO.B,NYSE,2019/04/30 16:00:00,170.15,170.15,163.15,163.15,220
WSO.B,NYSE,2019/06/04 16:00:00,165.19,165.19,165.19,165.19,106
WSO.B,NYSE,2019/07/12 16:00:00,165.1,165.1,165.1,165.1,204
WSO.B,NYSE,2019/07/19 16:00:00,155,155,154.65,154.65,205
WSO.B,NYSE,2019/07/24 16:00:00,162,162,162,162,160
WSO.B,NYSE,2019/08/01 16:00:00,160.48,160.48,158.56,158.56,217
WSO.B,NYSE,2019/08/05 16:00:00,154,154,154,154,118
WSO.B,NYSE,2019/08/06 16:00:00,155.25,155.25,155.25,155.25,115
WSO.B,NYSE,2019/08/16 16:00:00,153.77,153.77,153.77,153.77,111
WSO.B,NYSE,2019/08/30 16:00:00,164.02,164.02,164.02,164.02,140
WSO.B,NYSE,2019/09/09 16:00:00,167.5,167.5,167.5,167.5,198
WSO.B,NYSE,2019/09/13 16:00:00,170,170,170,170,192
WSO.B,NYSE,2019/09/23 16:00:00,165.18,165.18,165.18,165.18,102
WSO.B,NYSE,2019/10/07 16:00:00,165,165,165,165,435
WSO.B,NYSE,2019/10/16 16:00:00,165.77,165.77,165.76,165.76,430
WSO.B,NYSE,2019/10/17 16:00:00,172.76,172.76,171.66,171.66,203
WSO.B,NYSE,2019/10/25 16:00:00,176,176,176,176,256
WSO.B,NYSE,2019/10/29 16:00:00,178.9,178.9,178.9,178.9,142
WSO.B,NYSE,2019/11/12 16:00:00,177.56,177.56,177.56,177.56,100
WSO.B,NYSE,2019/11/15 16:00:00,179.31,179.31,179.31,179.31,112
WSO.B,NYSE,2019/11/26 16:00:00,178.48,178.48,178.48,178.48,122
WSO.B,NYSE,2019/12/30 16:00:00,181,181.5,180.67,181.5,7801
WSO.B,NYSE,2020/01/28 16:00:00,179.08,179.08,178.18,178.53,500
WSO.B,NYSE,2020/01/29 16:00:00,180.41,180.59,180.02,180.08,1398
WSO.B,NYSE,2020/02/04 16:00:00,177.59,177.59,177.59,177.59,112
WSO.B,NYSE,2020/02/06 16:00:00,177.79,177.79,176.44,176.44,440
WSO.B,NYSE,2020/02/13 16:00:00,172.46,174.26,172.46,174.26,218
WSO.B,NYSE,2020/02/25 16:00:00,161.31,161.31,161.31,161.31,186
WSO.B,NYSE,2020/02/28 16:00:00,152.51,152.51,152.51,152.51,645
WSO.B,NYSE,2020/03/02 16:00:00,162.76,162.76,162.76,162.76,219
WSO.B,NYSE,2020/03/04 16:00:00,169.65,178.25,169.65,178.25,517
WSO.B,NYSE,2020/03/05 16:00:00,171.99,179.99,171.99,179.99,202
WSO.B,NYSE,2020/03/10 16:00:00,169.76,169.76,169.76,169.76,100
WSO.B,NYSE,2020/03/12 16:00:00,159.51,159.51,159.51,159.51,264
WSO.B,NYSE,2020/03/13 16:00:00,159.07,159.07,159.07,159.07,102
WSO.B,NYSE,2020/03/19 16:00:00,169.32,169.32,160.65,160.65,409
WSO.B,NYSE,2020/03/20 16:00:00,150.4,150.4,150.4,150.4,121
WSO.B,NYSE,2020/03/23 16:00:00,140,142.88,139,142.88,1126
WSO.B,NYSE,2020/03/30 16:00:00,155.37,155.47,154.99,154.99,799
WSO.B,NYSE,2020/03/31 16:00:00,156.29,156.29,156.29,156.29,176
WSO.B,NYSE,2020/04/06 16:00:00,154.66,154.66,154.66,154.66,187
WSO.B,NYSE,2020/04/20 16:00:00,148.41,148.41,148.41,148.41,108
WSO.B,NYSE,2020/04/21 16:00:00,146.16,146.16,146.16,146.16,101
WSO.B,NYSE,2020/04/24 16:00:00,158.66,158.66,158.66,158.66,238
WSO.B,NYSE,2020/04/27 16:00:00,159.82,159.82,159.82,159.82,300
WSO.B,NYSE,2020/04/28 16:00:00,166.22,166.22,166.22,166.22,122
WSO.B,NYSE,2020/04/30 16:00:00,162.25,162.25,162.25,162.25,329
WSO.B,NYSE,2020/05/13 16:00:00,154,154,154,154,104
WSO.B,NYSE,2020/05/14 16:00:00,154.35,154.35,154.35,154.35,151
WSO.B,NYSE,2020/05/26 16:00:00,169.34,169.34,169.34,169.34,102
WSO.B,NYSE,2020/05/27 16:00:00,172.99,173.5,172.99,173.22,1192
WSO.B,NYSE,2020/05/28 16:00:00,176.53,177.28,176.53,177.22,306
WSO.B,NYSE,2020/05/29 16:00:00,175.29,175.29,175.29,175.29,101
WSO.B,NYSE,2020/06/02 16:00:00,176.48,177.19,176.35,177.19,507
WSO.B,NYSE,2020/06/03 16:00:00,178.71,180,178.22,180,1099
WSO.B,NYSE,2020/06/04 16:00:00,177.68,177.68,177.19,177.64,814
WSO.B,NYSE,2020/06/05 16:00:00,179.27,179.27,179.27,179.27,196
WSO.B,NYSE,2020/06/08 16:00:00,177.9,177.9,177.9,177.9,292
WSO.B,NYSE,2020/06/09 16:00:00,181.11,181.11,181.11,181.11,125
WSO.B,NYSE,2020/06/10 16:00:00,180.01,180.01,178.09,179.75,3279
WSO.B,NYSE,2020/06/15 16:00:00,178.4,178.4,178.4,178.4,104
WSO.B,NYSE,2020/06/19 16:00:00,178.4,178.4,178.4,178.4,104
WSO.B,NYSE,2020/07/17 16:00:00,192.63,193.4,192.63,193.4,412
WSO.B,NYSE,2020/07/20 16:00:00,199.37,199.37,199.37,199.37,180
WSO.B,NYSE,2020/07/21 16:00:00,194.65,194.65,194.65,194.65,155
WSO.B,NYSE,2020/07/23 16:00:00,210.65,230.21,210.65,230.21,1742
WSO.B,NYSE,2020/07/24 16:00:00,230.27,230.27,230.27,230.27,427
WSO.B,NYSE,2020/07/28 16:00:00,236.99,236.99,236.99,236.99,18
WSO.B,NYSE,2020/07/31 16:00:00,236.99,236.99,236.99,236.99,221
WSO.B,NYSE,2020/08/03 16:00:00,236.25,236.25,236.25,236.25,124
WSO.B,NYSE,2020/08/12 16:00:00,238.93,238.93,238.93,238.93,203
WSO.B,NYSE,2020/08/21 16:00:00,240.82,240.82,240.82,240.82,166
WSO.B,NYSE,2020/08/28 16:00:00,242.8,242.8,242.8,242.8,108
WSO.B,NYSE,2020/09/03 16:00:00,241,241,241,241,112
WSO.B,NYSE,2020/09/09 16:00:00,238.92,238.92,237.5,237.5,203
WSO.B,NYSE,2020/09/11 16:00:00,232.92,232.92,232.92,232.92,113
WSO.B,NYSE,2020/10/09 16:00:00,238.1,238.1,237.99,237.99,298
WSO.B,NYSE,2020/10/21 16:00:00,236.22,236.22,236.22,236.22,20
WSO.B,NYSE,2020/10/23 16:00:00,235.28,235.28,235.28,235.28,105
WSO.B,NYSE,2020/10/28 16:00:00,229.95,229.95,223.99,224.5,629
WSO.B,NYSE,2020/11/02 16:00:00,231.41,231.41,228,228.4,319
WSO.B,NYSE,2020/11/09 16:00:00,244.41,244.41,227,227,520
WSO.B,NYSE,2020/11/13 16:00:00,232.05,232.05,232,232,412
WSO.B,NYSE,2020/11/24 16:00:00,230.39,230.39,230.39,230.39,252
WSO.B,NYSE,2020/11/30 16:00:00,228.39,228.39,226.1,227.16,713
WSO.B,NYSE,2020/12/11 16:00:00,219.8,219.8,219.8,219.8,255
WSO.B,NYSE,2020/12/17 16:00:00,230.22,230.22,230.12,230.12,250
WSO.B,NYSE,2020/12/22 16:00:00,230.62,230.62,230.62,230.62,276
WSO.B,NYSE,2020/12/28 16:00:00,233.05,233.05,233.05,233.05,233
WSO.B,NYSE,2021/01/14 16:00:00,226.51,226.51,226.51,226.51,121
WSO.B,NYSE,2021/01/19 16:00:00,240.79,241.44,240.79,240.79,756
WSO.B,NYSE,2021/01/20 16:00:00,248.79,248.79,248.79,248.79,142
WSO.B,NYSE,2021/01/21 16:00:00,246.81,246.81,246.16,246.35,483
WSO.B,NYSE,2021/01/22 16:00:00,244.73,244.73,244.73,244.73,146
WSO.B,NYSE,2021/01/27 16:00:00,242.46,262.89,242.46,262.89,417
WSO.B,NYSE,2021/02/09 16:00:00,251.85,251.85,251.85,251.85,106
WSO.B,NYSE,2021/03/04 16:00:00,235.94,235.94,235.94,235.94,194
WSO.B,NYSE,2021/03/19 16:00:00,255.39,255.39,255.38,255.38,524
WSO.B,NYSE,2021/03/24 16:00:00,255.5,255.5,255.5,255.5,200
WSO,NYSE,2019/04/01 16:00:00,144.3,146.01,143.41,145.23,278529
WSO,NYSE,2019/04/02 16:00:00,145.17,146.3,144.86,146.22,239797
WSO,NYSE,2019/04/03 16:00:00,146.97,147.35,145.44,146.15,300020
WSO,NYSE,2019/04/04 16:00:00,146.44,148.92,146.25,148.58,437006
WSO,NYSE,2019/04/05 16:00:00,148.79,150.7,148.69,150.11,198218
WSO,NYSE,2019/04/08 16:00:00,149.19,150.21,148.25,148.51,278441
WSO,NYSE,2019/04/09 16:00:00,147.81,147.81,144.41,144.72,272851
WSO,NYSE,2019/04/10 16:00:00,144.5,144.92,141.46,142.5,473705
WSO,NYSE,2019/04/11 16:00:00,143.3,145.96,142.91,144.3,538194
WSO,NYSE,2019/04/12 16:00:00,143.45,144.75,143.11,144.75,272693
WSO,NYSE,2019/04/15 16:00:00,145.17,146.29,144.62,145.92,248231
WSO,NYSE,2019/04/16 16:00:00,146.57,148.15,145.48,147.73,283093
WSO,NYSE,2019/04/17 16:00:00,148.41,150.69,148.41,150.4,334937
WSO,NYSE,2019/04/18 16:00:00,151.1,151.83,150.28,151.33,433238
WSO,NYSE,2019/04/22 16:00:00,150.88,151.72,150.27,150.99,387863
WSO,NYSE,2019/04/23 16:00:00,147.99,160.49,147.99,156.97,969257
WSO,NYSE,2019/04/24 16:00:00,157.5,162.23,157,160,594346
WSO,NYSE,2019/04/25 16:00:00,159.95,160.76,158.13,159.84,511930
WSO,NYSE,2019/04/26 16:00:00,160.21,160.76,158.66,159.28,301441
WSO,NYSE,2019/04/29 16:00:00,159.58,160.12,158.1,158.26,213819
WSO,NYSE,2019/04/30 16:00:00,158.25,159.67,156.15,158.47,212298
WSO,NYSE,2019/05/01 16:00:00,159.31,159.31,156.18,156.27,283372
WSO,NYSE,2019/05/02 16:00:00,156.36,159,156.04,157.89,303644
WSO,NYSE,2019/05/03 16:00:00,159.12,160.74,157.83,160.39,210125
WSO,NYSE,2019/05/06 16:00:00,158.09,160.89,157.96,160.44,289155
WSO,NYSE,2019/05/07 16:00:00,158.79,159.18,155.94,157.44,303846
WSO,NYSE,2019/05/08 16:00:00,157.62,159.71,156.85,158.67,198821
WSO,NYSE,2019/05/09 16:00:00,157.72,159.06,156.68,157.74,201811
WSO,NYSE,2019/05/10 16:00:00,157.34,160.23,155.95,159.68,319589
WSO,NYSE,2019/05/13 16:00:00,156.59,157.16,153.1,154.39,235334
WSO,NYSE,2019/05/14 16:00:00,154.8,156.84,153.51,155.38,206536
WSO,NYSE,2019/05/15 16:00:00,154.26,157.02,153.4,156.46,145887
WSO,NYSE,2019/05/16 16:00:00,157.55,159.39,156.93,157.28,191191
WSO,NYSE,2019/05/17 16:00:00,156.18,158.97,154.99,156.46,188911
WSO,NYSE,2019/05/20 16:00:00,155.59,157.55,155.06,156.75,125509
WSO,NYSE,2019/05/21 16:00:00,157.67,159.32,157.37,158.61,140465
WSO,NYSE,2019/05/22 16:00:00,158.29,160.06,156.89,157.76,157391
WSO,NYSE,2019/05/23 16:00:00,156.62,157.7,154.67,156.92,169524
WSO,NYSE,2019/05/24 16:00:00,158.03,158.32,155.68,156.7,176259
WSO,NYSE,2019/05/28 16:00:00,156.82,157.1,155.28,155.66,185849
WSO,NYSE,2019/05/29 16:00:00,155.14,156,154.33,155.48,168660
WSO,NYSE,2019/05/30 16:00:00,156.19,159.21,155.23,158.68,292523
WSO,NYSE,2019/05/31 16:00:00,156.94,159.04,155.32,157.39,308739
WSO,NYSE,2019/06/03 16:00:00,157.63,161.57,156.96,160.69,297360
WSO,NYSE,2019/06/04 16:00:00,162.04,166.02,161.04,165.76,255574
WSO,NYSE,2019/06/05 16:00:00,166.48,167.98,164.86,166.6,412682
WSO,NYSE,2019/06/06 16:00:00,166.78,167.22,165.03,166.36,212905
WSO,NYSE,2019/06/07 16:00:00,167.04,169.26,166.97,167.72,175649
WSO,NYSE,2019/06/10 16:00:00,168.57,169.39,166.81,167.62,203743
WSO,NYSE,2019/06/11 16:00:00,167.65,168.68,164.24,164.38,209236
WSO,NYSE,2019/06/12 16:00:00,164.87,166.24,164.14,164.92,217946
WSO,NYSE,2019/06/13 16:00:00,165.76,166.18,164.01,164.5,141181
WSO,NYSE,2019/06/14 16:00:00,164.29,164.29,161.79,163.44,152290
WSO,NYSE,2019/06/17 16:00:00,163.34,164.41,161.61,161.77,180900
WSO,NYSE,2019/06/18 16:00:00,162.64,164.78,161.2,161.48,236458
WSO,NYSE,2019/06/19 16:00:00,161.27,161.31,158.59,161.13,347888
WSO,NYSE,2019/06/20 16:00:00,162.9,163.26,159.74,161.93,204808
WSO,NYSE,2019/06/21 16:00:00,161.72,165.97,160.28,164.08,515664
WSO,NYSE,2019/06/24 16:00:00,164.37,164.38,161.17,161.55,185454
WSO,NYSE,2019/06/25 16:00:00,161.79,162.87,159.72,160.84,217123
WSO,NYSE,2019/06/26 16:00:00,161.47,161.57,158.42,161.04,246388
WSO,NYSE,2019/06/27 16:00:00,161.76,163.79,161.25,163.47,225482
WSO,NYSE,2019/06/28 16:00:00,163.5,165.73,163.5,163.53,633920
WSO,NYSE,2019/07/01 16:00:00,165.33,165.93,162.78,164.36,220543
WSO,NYSE,2019/07/02 16:00:00,164.57,165.05,162.84,163.85,130019
WSO,NYSE,2019/07/03 13:00:00,164.87,164.87,162.41,163.87,67796
WSO,NYSE,2019/07/05 16:00:00,163.43,163.85,161.78,163.73,77265
WSO,NYSE,2019/07/08 16:00:00,163.69,164.86,162.52,163.23,117956
WSO,NYSE,2019/07/09 16:00:00,162.52,162.8,160.72,162.74,133215
WSO,NYSE,2019/07/10 16:00:00,162.52,163.62,161.21,161.92,157216
WSO,NYSE,2019/07/11 16:00:00,161.28,162.87,160.3,162.58,135440
WSO,NYSE,2019/07/12 16:00:00,163.32,165.17,162.5,164.84,180572
WSO,NYSE,2019/07/15 16:00:00,163.36,164.17,161.43,161.55,212817
WSO,NYSE,2019/07/16 16:00:00,161.5,163.16,160.42,161.96,213225
WSO,NYSE,2019/07/17 16:00:00,161.76,161.76,159.16,159.57,315248
WSO,NYSE,2019/07/18 16:00:00,157.47,162.08,155.42,157.32,501878
WSO,NYSE,2019/07/19 16:00:00,157.49,158.82,154.07,155.25,438361
WSO,NYSE,2019/07/22 16:00:00,154.93,157.59,154.93,157.41,305763
WSO,NYSE,2019/07/23 16:00:00,157.91,160.6,156.99,160.52,263646
WSO,NYSE,2019/07/24 16:00:00,159.91,163.32,159.91,163.25,287832
WSO,NYSE,2019/07/25 16:00:00,163.25,164.69,163.06,164.28,245136
WSO,NYSE,2019/07/26 16:00:00,164.6,164.8,161.08,161.72,223736
WSO,NYSE,2019/07/29 16:00:00,161.76,162.72,160.71,161.71,168451
WSO,NYSE,2019/07/30 16:00:00,161.36,165.14,161.36,165.05,188134
WSO,NYSE,2019/07/31 16:00:00,164.43,166.14,161.8,162.62,266468
WSO,NYSE,2019/08/01 16:00:00,162.69,163.52,157.02,157.4,196851
WSO,NYSE,2019/08/02 16:00:00,156.72,160.2,156.09,158.81,219094
WSO,NYSE,2019/08/05 16:00:00,156.18,157.76,153.12,154.03,247477
WSO,NYSE,2019/08/06 16:00:00,155.05,157.27,154.07,156.63,156052
WSO,NYSE,2019/08/07 16:00:00,154.93,159.5,154,159,212515
WSO,NYSE,2019/08/08 16:00:00,160.1,162.29,160,160.33,413765
WSO,NYSE,2019/08/09 16:00:00,159.63,161,158.93,159.68,159813
WSO,NYSE,2019/08/12 16:00:00,159.05,159.91,157.4,157.66,127459
WSO,NYSE,2019/08/13 16:00:00,157.04,161.78,157.04,159.48,163430
WSO,NYSE,2019/08/14 16:00:00,156.67,157.71,155.56,156.31,167082
WSO,NYSE,2019/08/15 16:00:00,157.13,157.92,156,157.45,162571
WSO,NYSE,2019/08/16 16:00:00,158.45,160.8,158.45,159.48,485942
WSO,NYSE,2019/08/19 16:00:00,160.82,161.49,159.02,160,272738
WSO,NYSE,2019/08/20 16:00:00,159.79,160.23,158.5,160.18,208693
WSO,NYSE,2019/08/21 16:00:00,159.93,160.81,157.38,157.51,258147
WSO,NYSE,2019/08/22 16:00:00,158.35,159.13,157.35,158.96,177557
WSO,NYSE,2019/08/23 16:00:00,158.26,159.35,155.07,155.62,182106
WSO,NYSE,2019/08/26 16:00:00,157.22,158.94,155.05,158.32,195110
WSO,NYSE,2019/08/27 16:00:00,159,159.39,157.32,157.87,121087
WSO,NYSE,2019/08/28 16:00:00,157.39,160.36,156.99,159,163657
WSO,NYSE,2019/08/29 16:00:00,160.06,161.99,157.96,161.93,475686
WSO,NYSE,2019/08/30 16:00:00,162.62,165.17,161.83,163.55,238304
WSO,NYSE,2019/09/03 16:00:00,162.34,163.16,160.85,162.07,249142
WSO,NYSE,2019/09/04 16:00:00,163.48,164.22,162.47,163.51,210495
WSO,NYSE,2019/09/05 16:00:00,165,168.38,164.45,167.06,256464
WSO,NYSE,2019/09/06 16:00:00,166.96,167.94,165.97,166.57,183840
WSO,NYSE,2019/09/09 16:00:00,167.1,167.66,163.4,165.61,226571
WSO,NYSE,2019/09/10 16:00:00,164.62,165.25,161.65,164.94,212039
WSO,NYSE,2019/09/11 16:00:00,165.43,167.48,163.84,167.43,296103
WSO,NYSE,2019/09/12 16:00:00,168.13,169.55,166.43,169.19,203622
WSO,NYSE,2019/09/13 16:00:00,169.92,170.57,168.64,169.88,164422
WSO,NYSE,2019/09/16 16:00:00,169.15,169.89,167.33,167.89,156381
WSO,NYSE,2019/09/17 16:00:00,167.6,168.74,165.68,168.39,295301
WSO,NYSE,2019/09/18 16:00:00,168,168.98,165.97,167.18,301150
WSO,NYSE,2019/09/19 16:00:00,167.42,168.11,165.8,165.97,214260
WSO,NYSE,2019/09/20 16:00:00,166.5,166.96,163.82,164.46,440025
WSO,NYSE,2019/09/23 16:00:00,163.54,165.63,163.06,165.21,202584
WSO,NYSE,2019/09/24 16:00:00,165.13,166.54,164.24,165.17,283263
WSO,NYSE,2019/09/25 16:00:00,165.88,166.56,163.53,163.63,225854
WSO,NYSE,2019/09/26 16:00:00,163.25,167.31,163.25,166.26,284941
WSO,NYSE,2019/09/27 16:00:00,167.04,168.06,165.69,166.53,150360
WSO,NYSE,2019/09/30 16:00:00,166.79,169.34,166.76,169.18,218141
WSO,NYSE,2019/10/01 16:00:00,169.84,170.09,163.46,164.14,166061
WSO,NYSE,2019/10/02 16:00:00,162.71,162.71,159.19,161.51,236622
WSO,NYSE,2019/10/03 16:00:00,161.09,162.19,158.27,160.28,132616
WSO,NYSE,2019/10/04 16:00:00,161.12,164.25,161.12,164.07,216695
WSO,NYSE,2019/10/07 16:00:00,163.69,165.21,163.16,164.49,252012
WSO,NYSE,2019/10/08 16:00:00,163.31,166.3,162.23,165,299882
WSO,NYSE,2019/10/09 16:00:00,166.12,166.56,164.14,165.72,214999
WSO,NYSE,2019/10/10 16:00:00,165.74,168.46,165.74,167.98,281358
WSO,NYSE,2019/10/11 16:00:00,169.63,172.85,169.1,169.41,304112
WSO,NYSE,2019/10/14 16:00:00,168.43,169.31,167.68,168.77,166436
WSO,NYSE,2019/10/15 16:00:00,169.06,169.64,166.37,166.74,279582
WSO,NYSE,2019/10/16 16:00:00,166.18,167.86,165.05,165.51,311527
WSO,NYSE,2019/10/17 16:00:00,170.03,176.64,168.5,174.83,685117
WSO,NYSE,2019/10/18 16:00:00,174.72,175.3,171.87,173.3,308247
WSO,NYSE,2019/10/21 16:00:00,172.76,176.49,172.76,174.53,268245
WSO,NYSE,2019/10/22 16:00:00,174.56,178.29,173.21,176.98,230292
WSO,NYSE,2019/10/23 16:00:00,176.25,177.23,175.15,176.72,179953
WSO,NYSE,2019/10/24 16:00:00,176.97,178.15,174.25,175.17,190567
WSO,NYSE,2019/10/25 16:00:00,174.35,176.46,174.35,175.9,150454
WSO,NYSE,2019/10/28 16:00:00,176.55,177.4,175.01,175.27,163129
WSO,NYSE,2019/10/29 16:00:00,175,176.84,173.64,176.41,151356
WSO,NYSE,2019/10/30 16:00:00,176.53,177.01,174.01,176.22,147358
WSO,NYSE,2019/10/31 16:00:00,175.44,177,173.9,176.3,234584
WSO,NYSE,2019/11/01 16:00:00,177.32,179.01,176.7,178.78,127201
WSO,NYSE,2019/11/04 16:00:00,179.13,180,177.92,178.51,133561
WSO,NYSE,2019/11/05 16:00:00,179.18,180.69,178.24,178.47,126198
WSO,NYSE,2019/11/06 16:00:00,177.81,178.87,177.04,178.7,161893
WSO,NYSE,2019/11/07 16:00:00,180,180,176.89,177.39,96197
WSO,NYSE,2019/11/08 16:00:00,177.48,178.34,176.89,177.77,106685
WSO,NYSE,2019/11/11 16:00:00,176.68,178,176.68,177.08,155587
WSO,NYSE,2019/11/12 16:00:00,177.41,177.82,175.85,177.52,310533
WSO,NYSE,2019/11/13 16:00:00,176.78,179.98,176.61,178.4,144383
WSO,NYSE,2019/11/14 16:00:00,178.06,178.73,176.8,177.8,102951
WSO,NYSE,2019/11/15 16:00:00,178.47,179.86,177.14,179.62,186238
WSO,NYSE,2019/11/18 16:00:00,179.21,180.13,177.52,179.94,221674
WSO,NYSE,2019/11/19 16:00:00,180.45,181.57,178.15,178.31,162353
WSO,NYSE,2019/11/20 16:00:00,177.58,179.89,176.85,177.71,228688
WSO,NYSE,2019/11/21 16:00:00,177.71,178.28,176.09,177.41,129453
WSO,NYSE,2019/11/22 16:00:00,177.54,178.43,176.47,177.68,87050
WSO,NYSE,2019/11/25 16:00:00,177.99,179.55,177.19,178.52,150296
WSO,NYSE,2019/11/26 16:00:00,178.62,180.03,178.39,179.76,122261
WSO,NYSE,2019/11/27 16:00:00,179.83,180.34,178.86,179.96,142541
WSO,NYSE,2019/11/29 13:00:00,179.98,180.41,177.79,177.97,66201
WSO,NYSE,2019/12/02 16:00:00,178.13,180.47,176.11,176.25,132812
WSO,NYSE,2019/12/03 16:00:00,175.05,177.14,175.05,176.96,168145
WSO,NYSE,2019/12/04 16:00:00,177.54,179.16,177.26,178.34,195994
WSO,NYSE,2019/12/05 16:00:00,179.21,180.9,178.39,179.78,183284
WSO,NYSE,2019/12/06 16:00:00,181.58,182.52,181.31,181.68,183501
WSO,NYSE,2019/12/09 16:00:00,180.58,181.32,179.18,180.07,120645
WSO,NYSE,2019/12/10 16:00:00,180.08,180.4,178.75,178.77,84082
WSO,NYSE,2019/12/11 16:00:00,179.19,179.85,178.87,179.44,106462
WSO,NYSE,2019/12/12 16:00:00,179.34,181.55,178.44,180.75,165033
WSO,NYSE,2019/12/13 16:00:00,180.33,181.21,177.91,178.77,151460
WSO,NYSE,2019/12/16 16:00:00,179.55,180.14,178.25,179.24,145418
WSO,NYSE,2019/12/17 16:00:00,179.94,181.28,178.54,180.51,137239
WSO,NYSE,2019/12/18 16:00:00,180.67,181.24,177.84,178.22,155024
WSO,NYSE,2019/12/19 16:00:00,178.58,179.35,177.91,178.91,110566
WSO,NYSE,2019/12/20 16:00:00,179.94,181.13,179.19,179.94,530261
WSO,NYSE,2019/12/23 16:00:00,181,182.81,180.16,181.75,122943
WSO,NYSE,2019/12/24 13:00:00,181.89,182.79,181.03,181.84,64606
WSO,NYSE,2019/12/26 16:00:00,182.18,182.34,181.16,181.94,82295
WSO,NYSE,2019/12/27 16:00:00,182.79,183,180.45,180.73,93193
WSO,NYSE,2019/12/30 16:00:00,180.97,181.39,180.35,180.61,84198
WSO,NYSE,2019/12/31 16:00:00,180.68,181.92,179.91,180.15,129024
WSO,NYSE,2020/01/02 16:00:00,181.09,181.75,177.65,179.31,157680
WSO,NYSE,2020/01/03 16:00:00,178.24,179.65,177.29,179.29,145345
WSO,NYSE,2020/01/06 16:00:00,178.74,178.97,177.7,178.5,108098
WSO,NYSE,2020/01/07 16:00:00,178.31,178.31,175.74,176.21,210071
WSO,NYSE,2020/01/08 16:00:00,177.27,177.99,174.91,175.1,146286
WSO,NYSE,2020/01/09 16:00:00,175.8,176.88,175.38,175.8,175570
WSO,NYSE,2020/01/10 16:00:00,176.04,177.2,174.98,175.12,193459
WSO,NYSE,2020/01/13 16:00:00,175.77,176.75,175.38,176.33,164978
WSO,NYSE,2020/01/14 16:00:00,176.27,177.34,175.78,176.55,303455
WSO,NYSE,2020/01/15 16:00:00,174.29,175.82,174.18,175.41,229504
WSO,NYSE,2020/01/16 16:00:00,176.23,177.77,175.32,176,180701
WSO,NYSE,2020/01/17 16:00:00,176.34,177.2,174.52,175.13,188695
WSO,NYSE,2020/01/21 16:00:00,175.06,178.2,175.06,176.7,240404
WSO,NYSE,2020/01/22 16:00:00,177.91,178.59,176.98,177.31,209962
WSO,NYSE,2020/01/23 16:00:00,177.13,178.94,175.86,178.49,157303
WSO,NYSE,2020/01/24 16:00:00,178.79,178.87,176.54,178.09,144135
WSO,NYSE,2020/01/27 16:00:00,176.2,178.71,175.58,177.29,129906
WSO,NYSE,2020/01/28 16:00:00,177.71,178.95,176.57,178.83,145794
WSO,NYSE,2020/01/29 16:00:00,179.03,181.25,178.84,179.1,143317
WSO,NYSE,2020/01/30 16:00:00,178.09,179.16,176.29,177.83,137873
WSO,NYSE,2020/01/31 16:00:00,177.26,177.49,173.48,173.92,146600
WSO,NYSE,2020/02/03 16:00:00,175.12,177.47,174.84,175.3,170260
WSO,NYSE,2020/02/04 16:00:00,176.89,178.18,175.63,175.81,130688
WSO,NYSE,2020/02/05 16:00:00,177.15,180.06,177.15,178.65,130889
WSO,NYSE,2020/02/06 16:00:00,179.07,179.84,175.48,175.75,184057
WSO,NYSE,2020/02/07 16:00:00,175,175,171.89,172.77,213200
WSO,NYSE,2020/02/10 16:00:00,172.62,173.54,170.83,171.29,189815
WSO,NYSE,2020/02/11 16:00:00,172.1,173.74,171.6,173.38,269672
WSO,NYSE,2020/02/12 16:00:00,173.97,174.52,171.98,174.52,203507
WSO,NYSE,2020/02/13 16:00:00,169,175.61,168.11,174.2,583646
WSO,NYSE,2020/02/14 16:00:00,174.13,175.65,171.56,172.32,322709
WSO,NYSE,2020/02/18 16:00:00,171.82,172.92,170.14,170.56,293897
WSO,NYSE,2020/02/19 16:00:00,170.68,171.98,169.68,169.95,200538
WSO,NYSE,2020/02/20 16:00:00,169.93,172.17,169.9,170.53,195128
WSO,NYSE,2020/02/21 16:00:00,169.6,170.23,167.99,168.47,233801
WSO,NYSE,2020/02/24 16:00:00,164.61,166.77,163.97,165.62,198673
WSO,NYSE,2020/02/25 16:00:00,166.05,166.94,159.44,160.79,253949
WSO,NYSE,2020/02/26 16:00:00,162.26,164.63,161.33,162.5,236626
WSO,NYSE,2020/02/27 16:00:00,159.84,166.61,159.63,160.81,450035
WSO,NYSE,2020/02/28 16:00:00,157.33,159.7,154.51,156.98,446170
WSO,NYSE,2020/03/02 16:00:00,157.62,164.6,156.13,164.3,444765
WSO,NYSE,2020/03/03 16:00:00,164.23,167.97,162.32,164.42,400254
WSO,NYSE,2020/03/04 16:00:00,166.72,180.49,166.54,177.7,648496
WSO,NYSE,2020/03/05 16:00:00,173.59,181.2,170.56,180.13,550874
WSO,NYSE,2020/03/06 16:00:00,175.08,182.04,173.44,181.03,616122
WSO,NYSE,2020/03/09 16:00:00,170.42,184.52,166.69,182.86,579484
WSO,NYSE,2020/03/10 16:00:00,185.74,186.87,166.73,172,732952
WSO,NYSE,2020/03/11 16:00:00,168.59,171.71,164.63,164.89,445479
WSO,NYSE,2020/03/12 16:00:00,158.16,158.16,144.09,153.95,548825
WSO,NYSE,2020/03/13 16:00:00,159.82,164.05,153.56,162.58,496273
WSO,NYSE,2020/03/16 16:00:00,142,162.81,142,155.66,389342
WSO,NYSE,2020/03/17 16:00:00,157.56,168.33,154.94,161.76,514465
WSO,NYSE,2020/03/18 16:00:00,155,160,148.98,159.61,341612
WSO,NYSE,2020/03/19 16:00:00,159.03,170.89,151.64,162.48,439253
WSO,NYSE,2020/03/20 16:00:00,161.38,164.03,142.4,145.71,417626
WSO,NYSE,2020/03/23 16:00:00,142.92,147.15,135.27,138.42,384527
WSO,NYSE,2020/03/24 16:00:00,142.38,144.16,135.74,141.26,353729
WSO,NYSE,2020/03/25 16:00:00,141.57,154.98,132.97,141.49,778169
WSO,NYSE,2020/03/26 16:00:00,141.98,149.91,141.24,149.87,301790
WSO,NYSE,2020/03/27 16:00:00,147.79,153.5,143.83,148.2,321405
WSO,NYSE,2020/03/30 16:00:00,148.18,156.85,147.3,155.82,210654
WSO,NYSE,2020/03/31 16:00:00,154.05,158.72,150.28,158.03,286555
WSO,NYSE,2020/04/01 16:00:00,153.49,158.59,152.92,157.97,316718
WSO,NYSE,2020/04/02 16:00:00,157.38,160.35,154.99,158.18,270552
WSO,NYSE,2020/04/03 16:00:00,156.27,158.43,145.69,147.32,326488
WSO,NYSE,2020/04/06 16:00:00,151.11,156.57,150.29,153.51,401422
WSO,NYSE,2020/04/07 16:00:00,153.58,158.1,151.35,151.35,384739
WSO,NYSE,2020/04/08 16:00:00,152.19,158.99,148.28,157.36,357637
WSO,NYSE,2020/04/09 16:00:00,159.22,162.54,157.04,161.48,245713
WSO,NYSE,2020/04/13 16:00:00,160.82,161.9,152.54,154,290461
WSO,NYSE,2020/04/14 16:00:00,155.52,157.94,154.12,154.87,322359
WSO,NYSE,2020/04/15 16:00:00,152.01,159.41,150.58,156.54,367835
WSO,NYSE,2020/04/16 16:00:00,156.28,159.01,151.78,152.55,275430
WSO,NYSE,2020/04/17 16:00:00,157.1,158.45,153.37,154.26,213007
WSO,NYSE,2020/04/20 16:00:00,152.19,152.65,147.19,147.77,256605
WSO,NYSE,2020/04/21 16:00:00,145.82,148.04,144.17,145.45,328882
WSO,NYSE,2020/04/22 16:00:00,148.22,150.65,147.52,149.18,369814
WSO,NYSE,2020/04/23 16:00:00,149,156.7,144.16,151.51,553032
WSO,NYSE,2020/04/24 16:00:00,152.86,162.21,151.14,160.5,490043
WSO,NYSE,2020/04/27 16:00:00,162.25,162.88,156.19,161.91,371638
WSO,NYSE,2020/04/28 16:00:00,164.33,167.98,164.07,164.75,163697
WSO,NYSE,2020/04/29 16:00:00,167.15,168.67,162.58,163.25,198689
WSO,NYSE,2020/04/30 16:00:00,160.89,163.16,158.22,160.99,220705
WSO,NYSE,2020/05/01 16:00:00,158.84,159.97,156.74,159.53,197010
WSO,NYSE,2020/05/04 16:00:00,158.26,158.26,155.59,157.06,252748
WSO,NYSE,2020/05/05 16:00:00,159.08,164.59,158.54,163.02,203427
WSO,NYSE,2020/05/06 16:00:00,164.26,164.99,161.72,161.94,226112
WSO,NYSE,2020/05/07 16:00:00,163.62,165.76,159.84,159.93,172491
WSO,NYSE,2020/05/08 16:00:00,161.24,164.41,160.92,162.52,156080
WSO,NYSE,2020/05/11 16:00:00,161.22,164.84,160.6,163.92,222929
WSO,NYSE,2020/05/12 16:00:00,163.84,163.97,157.52,157.6,156724
WSO,NYSE,2020/05/13 16:00:00,156.88,157.3,152.84,154.17,192116
WSO,NYSE,2020/05/14 16:00:00,152.63,155.48,150.09,155.48,185813
WSO,NYSE,2020/05/15 16:00:00,155.31,160.28,154.66,158.13,205828
WSO,NYSE,2020/05/18 16:00:00,161.14,164,160.94,162.94,214218
WSO,NYSE,2020/05/19 16:00:00,162.29,165.26,160.39,160.61,165385
WSO,NYSE,2020/05/20 16:00:00,162.34,165.37,161.5,165.15,164861
WSO,NYSE,2020/05/21 16:00:00,165.57,167.34,162.99,165.71,255477
WSO,NYSE,2020/05/22 16:00:00,166.66,166.66,163.25,165.73,107740
WSO,NYSE,2020/05/26 16:00:00,168.92,172.75,168.92,170.47,224199
WSO,NYSE,2020/05/27 16:00:00,172.31,174.89,170.64,174.51,234343
WSO,NYSE,2020/05/28 16:00:00,175.5,177.7,173.6,176.67,222413
WSO,NYSE,2020/05/29 16:00:00,176.76,178.23,174.33,177.91,185597
WSO,NYSE,2020/06/01 16:00:00,177.82,178.57,175.01,175.07,180001
WSO,NYSE,2020/06/02 16:00:00,175.83,177.79,175.03,177.69,196040
WSO,NYSE,2020/06/03 16:00:00,179.45,180.32,177.87,178.92,165175
WSO,NYSE,2020/06/04 16:00:00,178.24,179.33,176.9,178.08,186902
WSO,NYSE,2020/06/05 16:00:00,180.65,180.95,176.47,177.36,268873
WSO,NYSE,2020/06/08 16:00:00,177.36,180.91,176.62,178.49,403450
WSO,NYSE,2020/06/09 16:00:00,177.26,182.51,176.5,181.56,193629
WSO,NYSE,2020/06/10 16:00:00,181.96,182.9,178.1,180.92,219715
WSO,NYSE,2020/06/11 16:00:00,178.07,178.07,174.12,174.96,266856
WSO,NYSE,2020/06/12 16:00:00,179.79,180,169.8,172.53,203859
WSO,NYSE,2020/06/15 16:00:00,169.26,178.73,168.33,177.28,235515
WSO,NYSE,2020/06/16 16:00:00,180.92,182.35,178.5,180.91,180380
WSO,NYSE,2020/06/17 16:00:00,182.3,182.92,179.46,180.34,169369
WSO,NYSE,2020/06/18 16:00:00,178.37,180.71,178.16,179.05,139327
WSO,NYSE,2020/06/19 16:00:00,180.14,180.8,176.31,178.31,512894
WSO,NYSE,2020/06/22 16:00:00,177.35,178.36,173.94,175.75,204575
WSO,NYSE,2020/06/23 16:00:00,177.54,178.02,173.87,174.19,190869
WSO,NYSE,2020/06/24 16:00:00,173.4,174.5,170.41,170.56,247920
WSO,NYSE,2020/06/25 16:00:00,170.15,171.58,167.79,171.12,211058
WSO,NYSE,2020/06/26 16:00:00,171.26,173.76,170.51,173.19,588511
WSO,NYSE,2020/06/29 16:00:00,174.11,174.78,172.04,174.27,196523
WSO,NYSE,2020/06/30 16:00:00,174.17,178.4,174.17,177.7,151749
WSO,NYSE,2020/07/01 16:00:00,177.55,180.14,176.4,177.97,190563
WSO,NYSE,2020/07/02 16:00:00,179.49,181.31,178.37,179.69,103054
WSO,NYSE,2020/07/06 16:00:00,182,182,179.38,180.69,138152
WSO,NYSE,2020/07/07 16:00:00,179.88,184.24,179.88,182.77,136526
WSO,NYSE,2020/07/08 16:00:00,183.11,185.14,182.52,184.08,182783
WSO,NYSE,2020/07/09 16:00:00,184.74,186.59,184.08,185.29,264996
WSO,NYSE,2020/07/10 16:00:00,185.44,185.44,182.36,184.09,154490
WSO,NYSE,2020/07/13 16:00:00,184.79,188.79,184.25,185.02,239764
WSO,NYSE,2020/07/14 16:00:00,184.57,190.31,184.57,190.21,314882
WSO,NYSE,2020/07/15 16:00:00,190.02,191.6,186.21,191.34,173824
WSO,NYSE,2020/07/16 16:00:00,191.9,193.77,190.74,193.35,185684
WSO,NYSE,2020/07/17 16:00:00,194.03,195.55,192.87,193.98,255945
WSO,NYSE,2020/07/20 16:00:00,193.72,194.95,191.72,194.34,183967
WSO,NYSE,2020/07/21 16:00:00,195,196.53,193.96,196.01,188702
WSO,NYSE,2020/07/22 16:00:00,196.12,198.69,195.97,197.24,245895
WSO,NYSE,2020/07/23 16:00:00,218.26,232.3,212.17,230,1341569
WSO,NYSE,2020/07/24 16:00:00,228.44,231.26,225.78,227.32,397883
WSO,NYSE,2020/07/27 16:00:00,226.99,230.23,225.66,228.56,336615
WSO,NYSE,2020/07/28 16:00:00,227.28,229.87,225.41,226.41,286728
WSO,NYSE,2020/07/29 16:00:00,227.68,235.29,227.68,234.59,274386
WSO,NYSE,2020/07/30 16:00:00,232.78,235.22,231.24,234.45,244512
WSO,NYSE,2020/07/31 16:00:00,233.99,236.23,232.44,236.07,167551
WSO,NYSE,2020/08/03 16:00:00,236.72,237.87,233.77,237.45,177485
WSO,NYSE,2020/08/04 16:00:00,236.65,238.78,233.12,233.39,273815
WSO,NYSE,2020/08/05 16:00:00,233.45,238.02,232.51,237.07,171430
WSO,NYSE,2020/08/06 16:00:00,236.89,238.11,230.64,233.58,226969
WSO,NYSE,2020/08/07 16:00:00,235.55,237.71,234.69,237.53,109075
WSO,NYSE,2020/08/10 16:00:00,237.62,240.57,236.46,239.23,115613
WSO,NYSE,2020/08/11 16:00:00,241.02,241.02,236.78,236.98,207821
WSO,NYSE,2020/08/12 16:00:00,234.38,240.4,234.21,238.86,243362
WSO,NYSE,2020/08/13 16:00:00,238,240.54,236.79,239.27,228456
WSO,NYSE,2020/08/14 16:00:00,239.06,240.47,237.33,238.17,465417
WSO,NYSE,2020/08/17 16:00:00,239.38,244.57,237.89,242.8,291578
WSO,NYSE,2020/08/18 16:00:00,242.69,244.71,240.89,241.04,198907
WSO,NYSE,2020/08/19 16:00:00,242.25,243.14,239.52,240.54,219827
WSO,NYSE,2020/08/20 16:00:00,239.12,242.01,238.98,240.6,149280
WSO,NYSE,2020/08/21 16:00:00,240.01,241.41,238.11,240.36,214351
WSO,NYSE,2020/08/24 16:00:00,240.92,243.89,240.02,243.35,139716
WSO,NYSE,2020/08/25 16:00:00,243.34,245.89,242.27,244.22,157836
WSO,NYSE,2020/08/26 16:00:00,244.73,246.43,243.42,245.15,169844
WSO,NYSE,2020/08/27 16:00:00,246.47,246.47,242.7,244.07,136331
WSO,NYSE,2020/08/28 16:00:00,244.74,247.14,243.42,246.35,346786
WSO,NYSE,2020/08/31 16:00:00,247.74,248.83,244.86,244.99,228388
WSO,NYSE,2020/09/01 16:00:00,244.99,247.68,242.88,247.53,130830
WSO,NYSE,2020/09/02 16:00:00,247.67,249.3,244.7,248.65,127791
WSO,NYSE,2020/09/03 16:00:00,248.45,248.45,239.96,240.61,183023
WSO,NYSE,2020/09/04 16:00:00,241.62,241.99,234.77,238.31,154388
WSO,NYSE,2020/09/08 16:00:00,237.17,237.17,230.62,231.21,224553
WSO,NYSE,2020/09/09 16:00:00,233.42,238.31,233.18,236.87,162763
WSO,NYSE,2020/09/10 16:00:00,236.13,238.34,231.64,232.34,139343
WSO,NYSE,2020/09/11 16:00:00,234.2,235.99,231.8,233.75,155588
WSO,NYSE,2020/09/14 16:00:00,235.09,238.19,233.36,237.51,114861
WSO,NYSE,2020/09/15 16:00:00,237.88,237.91,235.55,236.25,161408
WSO,NYSE,2020/09/16 16:00:00,237.86,239.39,234.7,235.04,232541
WSO,NYSE,2020/09/17 16:00:00,233.77,237.64,232.7,237.22,192284
WSO,NYSE,2020/09/18 16:00:00,238,239.05,232.36,234.5,468895
WSO,NYSE,2020/09/21 16:00:00,232.89,233.3,226.44,230.29,247843
WSO,NYSE,2020/09/22 16:00:00,230.23,232.23,227.93,231.7,263877
WSO,NYSE,2020/09/23 16:00:00,230.42,234.4,229.11,229.32,194917
WSO,NYSE,2020/09/24 16:00:00,229.29,232.08,228.25,229.49,132433
WSO,NYSE,2020/09/25 16:00:00,229.33,232.12,228.63,229.44,139462
WSO,NYSE,2020/09/28 16:00:00,231.03,235.11,231.03,233.49,105370
WSO,NYSE,2020/09/29 16:00:00,234.32,235.11,228.88,232.38,280040
WSO,NYSE,2020/09/30 16:00:00,233.48,236.28,231.3,232.89,186242
WSO,NYSE,2020/10/01 16:00:00,234.3,234.31,231.04,232.08,112518
WSO,NYSE,2020/10/02 16:00:00,229.9,232.92,229.9,230.97,134298
WSO,NYSE,2020/10/05 16:00:00,232.23,235.75,231.95,233.72,155607
WSO,NYSE,2020/10/06 16:00:00,233.66,236.82,231,232.41,168156
WSO,NYSE,2020/10/07 16:00:00,234.52,239.01,232.43,236.81,217173
WSO,NYSE,2020/10/08 16:00:00,238.32,238.75,235.22,236.48,100678
WSO,NYSE,2020/10/09 16:00:00,236.7,239.1,236.31,237.15,130859
WSO,NYSE,2020/10/12 16:00:00,238.15,240.2,237.36,238.83,99135
WSO,NYSE,2020/10/13 16:00:00,239,239.35,236.8,236.96,150454
WSO,NYSE,2020/10/14 16:00:00,235.37,238.84,234.93,237.96,128935
WSO,NYSE,2020/10/15 16:00:00,236.07,239.81,235.83,239.16,125828
WSO,NYSE,2020/10/16 16:00:00,239.16,242.53,238.88,239.84,138705
WSO,NYSE,2020/10/19 16:00:00,240.65,241.22,232.05,232.22,211424
WSO,NYSE,2020/10/20 16:00:00,233.06,234.3,229.27,229.9,148183
WSO,NYSE,2020/10/21 16:00:00,230.22,233.32,226.94,227.57,188673
WSO,NYSE,2020/10/22 16:00:00,229.19,236.69,225.12,227.97,314167
WSO,NYSE,2020/10/23 16:00:00,229.87,236.76,228.16,235.42,206925
WSO,NYSE,2020/10/26 16:00:00,233.21,234.84,226.55,227.82,187895
WSO,NYSE,2020/10/27 16:00:00,228,229.35,226.26,227.02,131640
WSO,NYSE,2020/10/28 16:00:00,223.66,227.46,222.58,225.11,178325
WSO,NYSE,2020/10/29 16:00:00,224.51,229.12,221.7,226.47,139419
WSO,NYSE,2020/10/30 16:00:00,225.67,226.18,220.8,224.14,184648
WSO,NYSE,2020/11/02 16:00:00,225.89,229.35,225.26,228.93,150008
WSO,NYSE,2020/11/03 16:00:00,232.15,235.01,231.23,233.64,129147
WSO,NYSE,2020/11/04 16:00:00,233.82,235.87,230.03,234.08,105145
WSO,NYSE,2020/11/05 16:00:00,237.03,238.34,234.67,234.76,93007
WSO,NYSE,2020/11/06 16:00:00,235.81,242.22,235.81,242.04,134351
WSO,NYSE,2020/11/09 16:00:00,248.46,248.98,223.78,223.79,262144
WSO,NYSE,2020/11/10 16:00:00,225.22,230,221.99,228.68,260811
WSO,NYSE,2020/11/11 16:00:00,229.46,234.12,225.64,233.15,158161
WSO,NYSE,2020/11/12 16:00:00,232.18,234.81,231.95,234.14,154108
WSO,NYSE,2020/11/13 16:00:00,235.78,237.96,229.95,231.41,158819
WSO,NYSE,2020/11/16 16:00:00,233.47,237.55,229.85,235.81,232916
WSO,NYSE,2020/11/17 16:00:00,235.12,236.99,232.01,232.74,210009
WSO,NYSE,2020/11/18 16:00:00,233.16,235.1,232.12,232.37,92646
WSO,NYSE,2020/11/19 16:00:00,231.92,235.69,230.04,234.67,74844
WSO,NYSE,2020/11/20 16:00:00,234.99,234.99,230.89,232.15,107002
WSO,NYSE,2020/11/23 16:00:00,233.63,237.36,233.09,235.77,87359
WSO,NYSE,2020/11/24 16:00:00,236.1,237,226.29,227.57,276952
WSO,NYSE,2020/11/25 16:00:00,229.04,229.04,222.5,223.75,184754
WSO,NYSE,2020/11/27 13:00:00,223.52,224.84,221.04,223.09,149410
WSO,NYSE,2020/11/30 16:00:00,222.85,229.24,222.85,227.36,247236
WSO,NYSE,2020/12/01 16:00:00,228.45,229.29,225.64,226.21,143759
WSO,NYSE,2020/12/02 16:00:00,226.9,226.9,219.45,221.53,115709
WSO,NYSE,2020/12/03 16:00:00,221.92,224.08,217.1,217.98,222694
WSO,NYSE,2020/12/04 16:00:00,218.02,219.5,216.25,218.48,206553
WSO,NYSE,2020/12/07 16:00:00,219.1,221.94,218.13,220.08,120592
WSO,NYSE,2020/12/08 16:00:00,219.16,226.66,217.79,223.1,137567
WSO,NYSE,2020/12/09 16:00:00,224.29,225.17,221.42,222.43,158453
WSO,NYSE,2020/12/10 16:00:00,221.58,222.77,217.01,217.96,143908
WSO,NYSE,2020/12/11 16:00:00,217.72,221.14,217.72,219.66,134123
WSO,NYSE,2020/12/14 16:00:00,221.54,222.59,219.65,219.75,172008
WSO,NYSE,2020/12/15 16:00:00,221.07,225.28,219.87,224.52,136729
WSO,NYSE,2020/12/16 16:00:00,225.85,228.83,224.6,226.71,170610
WSO,NYSE,2020/12/17 16:00:00,226.89,233.54,226.89,232.92,209848
WSO,NYSE,2020/12/18 16:00:00,234.52,236.15,226.52,228.45,418815
WSO,NYSE,2020/12/21 16:00:00,224.94,230.63,223.36,230.31,112461
WSO,NYSE,2020/12/22 16:00:00,230.15,233.19,229.69,232.95,122787
WSO,NYSE,2020/12/23 16:00:00,233.74,236.53,232.26,235.03,150328
WSO,NYSE,2020/12/24 13:00:00,236,236,232.27,234.19,35178
WSO,NYSE,2020/12/28 16:00:00,234.89,235.85,229.29,229.97,99795
WSO,NYSE,2020/12/29 16:00:00,230.12,230.64,224.59,227.53,91334
WSO,NYSE,2020/12/30 16:00:00,229.57,232.87,227.62,227.84,90285
WSO,NYSE,2020/12/31 16:00:00,227.84,227.84,224.54,226.55,100375
WSO,NYSE,2021/01/04 16:00:00,228.41,232.01,224.5,225.54,138937
WSO,NYSE,2021/01/05 16:00:00,225.78,229.66,224.25,227.7,142245
WSO,NYSE,2021/01/06 16:00:00,227.76,236.72,227.76,236.07,271872
WSO,NYSE,2021/01/07 16:00:00,236.07,245.96,233.23,245.8,236215
WSO,NYSE,2021/01/08 16:00:00,245.53,246.57,239.66,242.89,137615
WSO,NYSE,2021/01/11 16:00:00,241.68,242.48,237.9,239.14,109136
WSO,NYSE,2021/01/12 16:00:00,239.59,242.35,238.4,239.65,140362
WSO,NYSE,2021/01/13 16:00:00,238,238.4,231.15,235.37,155796
WSO,NYSE,2021/01/14 16:00:00,234.5,234.5,228.74,232.88,152786
WSO,NYSE,2021/01/15 16:00:00,233.07,237.29,230.1,236.98,149642
WSO,NYSE,2021/01/19 16:00:00,238.77,244.5,238.72,243.45,163028
WSO,NYSE,2021/01/20 16:00:00,245.39,250.21,243.65,249.2,249400
WSO,NYSE,2021/01/21 16:00:00,250.15,250.91,245.06,245.57,141016
WSO,NYSE,2021/01/22 16:00:00,245.58,253.87,244.31,252.58,178142
WSO,NYSE,2021/01/25 16:00:00,253.94,259.65,253,257.08,286557
WSO,NYSE,2021/01/26 16:00:00,256.79,257.41,246.05,248.33,157421
WSO,NYSE,2021/01/27 16:00:00,246.12,264.83,245.02,260,428995
WSO,NYSE,2021/01/28 16:00:00,259.21,263.84,248.88,250.92,311943
WSO,NYSE,2021/01/29 16:00:00,250.36,250.36,236.51,238.49,274808
WSO,NYSE,2021/02/01 16:00:00,238.79,244.85,237.94,244.42,162580
WSO,NYSE,2021/02/02 16:00:00,244.68,245.13,240.96,244.28,181563
WSO,NYSE,2021/02/03 16:00:00,243.74,248.25,243.57,244.75,76263
WSO,NYSE,2021/02/04 16:00:00,246.56,247.71,239.72,243.02,210918
WSO,NYSE,2021/02/05 16:00:00,244.96,247.6,241.08,242.23,176402
WSO,NYSE,2021/02/08 16:00:00,245.98,255.44,244.38,254.35,225123
WSO,NYSE,2021/02/09 16:00:00,253.97,253.97,247.31,253.25,123257
WSO,NYSE,2021/02/10 16:00:00,255.54,259.97,248.16,251.69,209686
WSO,NYSE,2021/02/11 16:00:00,260,265.18,245.93,249.22,375939
WSO,NYSE,2021/02/12 16:00:00,246.45,249.44,245.85,248.16,170889
WSO,NYSE,2021/02/16 16:00:00,249.36,249.81,244.17,244.18,220489
WSO,NYSE,2021/02/17 16:00:00,244.92,247.51,237.6,240.95,215695
WSO,NYSE,2021/02/18 16:00:00,241.21,243.9,239.92,241.45,150796
WSO,NYSE,2021/02/19 16:00:00,242,245.37,240.89,243.58,197712
WSO,NYSE,2021/02/22 16:00:00,243.36,245.99,241.8,244.22,147892
WSO,NYSE,2021/02/23 16:00:00,243.28,246.77,240.04,246.25,184065
WSO,NYSE,2021/02/24 16:00:00,246.27,248.38,243.97,247.61,180492
WSO,NYSE,2021/02/25 16:00:00,247.02,250.34,245.69,246.4,142342
WSO,NYSE,2021/02/26 16:00:00,248.49,248.62,242.92,243.1,356878
WSO,NYSE,2021/03/01 16:00:00,250.47,252.04,244.29,250.84,290048
WSO,NYSE,2021/03/02 16:00:00,250.23,250.95,244.78,246.44,288786
WSO,NYSE,2021/03/03 16:00:00,248.14,248.14,240,240,259984
WSO,NYSE,2021/03/04 16:00:00,240,242.02,233.35,233.66,267557
WSO,NYSE,2021/03/05 16:00:00,235.36,240.76,233.13,239.66,280744
WSO,NYSE,2021/03/08 16:00:00,241.46,241.46,236.95,237.73,211564
WSO,NYSE,2021/03/09 16:00:00,239.22,244.68,239.08,239.32,180238
WSO,NYSE,2021/03/10 16:00:00,241.44,242.56,237.94,241.52,365545
WSO,NYSE,2021/03/11 16:00:00,241.91,246.54,241.19,245.68,131841
WSO,NYSE,2021/03/12 16:00:00,246.29,249.31,245.26,248.06,214910
WSO,NYSE,2021/03/15 16:00:00,248.72,256.46,247.32,255.49,229482
WSO,NYSE,2021/03/16 16:00:00,258.31,259.52,254.94,255.37,177688
WSO,NYSE,2021/03/17 16:00:00,255.11,258.7,254.3,257.74,141433
WSO,NYSE,2021/03/18 16:00:00,257.11,259.78,256.68,257.36,131115
WSO,NYSE,2021/03/19 16:00:00,257.5,258.29,253.65,253.68,486466
WSO,NYSE,2021/03/22 16:00:00,253.9,256.12,250.03,254.49,117365
WSO,NYSE,2021/03/23 16:00:00,253.04,256.09,250.6,251.9,119054
WSO,NYSE,2021/03/24 16:00:00,253.37,256.53,250.84,254.66,147097
WSO,NYSE,2021/03/25 16:00:00,253.99,259.66,250.95,258.74,157571
WSO,NYSE,2021/03/26 16:00:00,260,262.85,259.03,259.91,218074
WSO,NYSE,2021/03/29 16:00:00,259.53,266.07,257.6,257.95,154027
WSO,NYSE,2021/03/30 16:00:00,257.42,261.5,257.31,260.22,112966
WSO,NYSE,2021/03/31 16:00:00,261.35,264.3,260.75,260.75,186986
WSO,NYSE,2021/04/01 16:00:00,263.39,267.84,262.93,267.22,161494
WSO,NYSE,2021/04/05 16:00:00,268.19,271,268.01,270.89,94295
WSO,NYSE,2021/04/06 16:00:00,270.6,273.99,270.6,271.28,117670
WSO,NYSE,2021/04/07 16:00:00,271.23,271.23,267.87,270.02,104651
WSO,NYSE,2021/04/08 16:00:00,271.77,271.91,266.11,271.41,119859
WSO,NYSE,2021/04/09 16:00:00,272.74,277.28,271.68,276.1,142281
AOS,NYSE,2019/04/01 16:00:00,53.85,54.59,53.69,53.99,1299829
AOS,NYSE,2019/04/02 16:00:00,54.08,54.23,53.77,54.05,1030768
AOS,NYSE,2019/04/03 16:00:00,54.44,54.9,54.1,54.5,1065515
AOS,NYSE,2019/04/04 16:00:00,54.46,55.15,54.46,54.82,879411
AOS,NYSE,2019/04/05 16:00:00,55.01,55.21,54.85,55.17,806477
AOS,NYSE,2019/04/08 16:00:00,54.8,55.49,54.54,55.22,1277417
AOS,NYSE,2019/04/09 16:00:00,54.83,54.96,53.8,53.84,1021129
AOS,NYSE,2019/04/10 16:00:00,53.99,54.2,53.54,54.19,1085518
AOS,NYSE,2019/04/11 16:00:00,54.26,54.94,54.16,54.89,725704
AOS,NYSE,2019/04/12 16:00:00,55.23,55.59,55.04,55.51,740391
AOS,NYSE,2019/04/15 16:00:00,55.54,55.76,55.29,55.59,503539
AOS,NYSE,2019/04/16 16:00:00,55.83,56.03,55.65,55.94,623862
AOS,NYSE,2019/04/17 16:00:00,56.19,56.37,55.66,56,767667
AOS,NYSE,2019/04/18 16:00:00,56.08,56.66,55.93,56.49,822224
AOS,NYSE,2019/04/22 16:00:00,56.2,56.5,55.97,56.09,760135
AOS,NYSE,2019/04/23 16:00:00,56.19,56.44,55.82,56.28,630106
AOS,NYSE,2019/04/24 16:00:00,56.28,56.49,55.89,56.23,985425
AOS,NYSE,2019/04/25 16:00:00,56,56.04,55.27,55.34,1054591
AOS,NYSE,2019/04/26 16:00:00,55.47,55.91,55.33,55.91,692600
AOS,NYSE,2019/04/29 16:00:00,55.88,56.11,55.52,55.81,1060571
AOS,NYSE,2019/04/30 16:00:00,53.58,53.96,52.26,52.57,4882437
AOS,NYSE,2019/05/01 16:00:00,52.43,53.31,52.05,52.5,1846458
AOS,NYSE,2019/05/02 16:00:00,52.61,53.02,52.03,52.52,1127065
AOS,NYSE,2019/05/03 16:00:00,52.81,53.72,52.77,53.64,775563
AOS,NYSE,2019/05/06 16:00:00,52.8,52.81,51.87,51.88,1569834
AOS,NYSE,2019/05/07 16:00:00,51.41,51.55,50.74,51.39,1176030
AOS,NYSE,2019/05/08 16:00:00,51.38,51.44,50.27,50.3,1399333
AOS,NYSE,2019/05/09 16:00:00,49.87,50.54,49.21,50.47,1391376
AOS,NYSE,2019/05/10 16:00:00,50.19,50.43,49.3,50.22,1090525
AOS,NYSE,2019/05/13 16:00:00,49.33,49.56,47.96,48.1,1712105
AOS,NYSE,2019/05/14 16:00:00,48.25,48.86,48.07,48.3,1798520
AOS,NYSE,2019/05/15 16:00:00,47.98,48.35,47.65,48.14,1773036
AOS,NYSE,2019/05/16 16:00:00,48.19,48.19,42.74,45.12,13528848
AOS,NYSE,2019/05/17 16:00:00,44.5,44.84,42.56,43.85,8016325
AOS,NYSE,2019/05/20 16:00:00,43.6,43.72,42.81,43.26,3084065
AOS,NYSE,2019/05/21 16:00:00,43.84,44.6,43.77,44.6,3063113
AOS,NYSE,2019/05/22 16:00:00,44.4,44.71,43.83,43.98,2069721
AOS,NYSE,2019/05/23 16:00:00,43.37,44.07,43.07,43.69,2158304
AOS,NYSE,2019/05/24 16:00:00,44,44.24,43.81,44.03,1156251
AOS,NYSE,2019/05/28 16:00:00,44.12,44.31,43.05,43.05,1864650
AOS,NYSE,2019/05/29 16:00:00,42.7,42.7,41.09,41.19,5459987
AOS,NYSE,2019/05/30 16:00:00,41.24,41.8,41.03,41.19,2441554
AOS,NYSE,2019/05/31 16:00:00,40.7,41.11,40.38,40.5,2394268
AOS,NYSE,2019/06/03 16:00:00,40.89,41.64,40.68,41.33,1773351
AOS,NYSE,2019/06/04 16:00:00,42,43.21,41.76,43.16,2468770
AOS,NYSE,2019/06/05 16:00:00,43.44,43.62,42.3,43.37,2052117
AOS,NYSE,2019/06/06 16:00:00,43.06,43.43,42.08,43.24,1952959
AOS,NYSE,2019/06/07 16:00:00,43.31,44.02,43.02,43.83,1735114
AOS,NYSE,2019/06/10 16:00:00,44,44.75,44,44.38,1818422
AOS,NYSE,2019/06/11 16:00:00,44.87,44.93,44.28,44.59,2520007
AOS,NYSE,2019/06/12 16:00:00,44.46,45.24,44.29,44.92,2170485
AOS,NYSE,2019/06/13 16:00:00,45.16,45.66,44.99,45.3,1963666
AOS,NYSE,2019/06/14 16:00:00,45.14,45.73,44.99,45.53,1582675
AOS,NYSE,2019/06/17 16:00:00,45.55,45.8,45.33,45.41,1691588
AOS,NYSE,2019/06/18 16:00:00,45.67,46.33,45.18,45.25,2038827
AOS,NYSE,2019/06/19 16:00:00,45.35,45.41,44.72,45.33,1210488
AOS,NYSE,2019/06/20 16:00:00,45.9,45.93,45.06,45.82,1525586
AOS,NYSE,2019/06/21 16:00:00,45.84,46.19,45.49,45.97,2274070
AOS,NYSE,2019/06/24 16:00:00,46.07,46.52,45.83,45.87,1526667
AOS,NYSE,2019/06/25 16:00:00,45.84,46.24,45.72,46.09,1023399
AOS,NYSE,2019/06/26 16:00:00,46.18,46.4,45.85,46.18,1311456
AOS,NYSE,2019/06/27 16:00:00,46.33,46.68,45.95,46.08,1309654
AOS,NYSE,2019/06/28 16:00:00,46.27,47.31,46.09,47.16,3325518
AOS,NYSE,2019/07/01 16:00:00,48,48.01,46.68,46.93,1596681
AOS,NYSE,2019/07/02 16:00:00,46.77,47.12,46.35,46.99,1525892
AOS,NYSE,2019/07/03 13:00:00,47.11,47.11,46.54,46.79,816713
AOS,NYSE,2019/07/05 16:00:00,46.5,47.07,46.1,47.01,825233
AOS,NYSE,2019/07/08 16:00:00,46.63,46.7,45.05,45.21,1971479
AOS,NYSE,2019/07/09 16:00:00,45.21,45.5,44.65,45.06,2025645
AOS,NYSE,2019/07/10 16:00:00,45.19,45.25,44.14,44.77,1830910
AOS,NYSE,2019/07/11 16:00:00,44.9,45.05,44.14,44.32,1590390
AOS,NYSE,2019/07/12 16:00:00,44.39,45.5,44.12,45.19,1379378
AOS,NYSE,2019/07/15 16:00:00,45.23,45.28,43.77,44.6,1646889
AOS,NYSE,2019/07/16 16:00:00,44.68,45.28,44.29,45.2,1584525
AOS,NYSE,2019/07/17 16:00:00,45.21,45.23,44.44,44.45,1851500
AOS,NYSE,2019/07/18 16:00:00,44.45,44.58,43.89,43.99,1427497
AOS,NYSE,2019/07/19 16:00:00,44.33,44.47,43.57,43.58,1550641
AOS,NYSE,2019/07/22 16:00:00,43.59,44.09,43.27,43.41,1246820
AOS,NYSE,2019/07/23 16:00:00,43.74,44.76,43.67,44.67,1966785
AOS,NYSE,2019/07/24 16:00:00,44.6,45.23,44.51,45.14,1529091
AOS,NYSE,2019/07/25 16:00:00,45.16,45.74,44.95,45.08,1488876
AOS,NYSE,2019/07/26 16:00:00,45.12,45.12,44.36,44.88,2323643
AOS,NYSE,2019/07/29 16:00:00,44.75,45.08,43.68,43.82,3026804
AOS,NYSE,2019/07/30 16:00:00,41.86,45.35,41.01,45.29,6616302
AOS,NYSE,2019/07/31 16:00:00,45.4,46.44,44.46,45.45,5941479
AOS,NYSE,2019/08/01 16:00:00,45.45,45.78,43.38,43.69,2526889
AOS,NYSE,2019/08/02 16:00:00,43.5,44.14,43.17,43.74,1433388
AOS,NYSE,2019/08/05 16:00:00,42.91,43.67,42.54,43.65,4015152
AOS,NYSE,2019/08/06 16:00:00,43.8,44.92,43.61,44.9,2390284
AOS,NYSE,2019/08/07 16:00:00,44.45,45.57,44.11,45.41,3431402
AOS,NYSE,2019/08/08 16:00:00,45.47,46.07,44.81,45.91,2669786
AOS,NYSE,2019/08/09 16:00:00,45.86,45.96,45.3,45.53,1230488
AOS,NYSE,2019/08/12 16:00:00,45.38,45.63,45.14,45.5,1836846
AOS,NYSE,2019/08/13 16:00:00,45.52,46.83,45.37,45.57,1602677
AOS,NYSE,2019/08/14 16:00:00,44.96,45.1,44.54,44.85,2931227
AOS,NYSE,2019/08/15 16:00:00,45.22,46.26,44.86,46.1,2837904
AOS,NYSE,2019/08/16 16:00:00,46.42,46.89,46.25,46.27,2104649
AOS,NYSE,2019/08/19 16:00:00,46.84,47.36,46.29,46.6,2248341
AOS,NYSE,2019/08/20 16:00:00,46.48,46.69,46.12,46.18,1022650
AOS,NYSE,2019/08/21 16:00:00,46.73,46.92,46.55,46.82,829762
AOS,NYSE,2019/08/22 16:00:00,46.99,47.14,46.12,46.46,877629
AOS,NYSE,2019/08/23 16:00:00,46.26,46.26,44.79,45.01,1543158
AOS,NYSE,2019/08/26 16:00:00,45.42,45.5,44.73,45.2,1061457
AOS,NYSE,2019/08/27 16:00:00,45.35,45.46,44.47,44.48,1279045
AOS,NYSE,2019/08/28 16:00:00,44.33,45.21,44.07,45.09,691543
AOS,NYSE,2019/08/29 16:00:00,45.59,46.3,45.34,46.13,802023
AOS,NYSE,2019/08/30 16:00:00,46.48,46.91,46.38,46.52,648896
AOS,NYSE,2019/09/03 16:00:00,46.12,46.19,45.32,45.6,780552
AOS,NYSE,2019/09/04 16:00:00,46.12,46.46,45.82,46.3,637492
AOS,NYSE,2019/09/05 16:00:00,46.83,47.89,46.7,47.62,1085474
AOS,NYSE,2019/09/06 16:00:00,47.86,48.13,47.56,47.81,1015019
AOS,NYSE,2019/09/09 16:00:00,48.09,49.24,47.9,49.1,1223708
AOS,NYSE,2019/09/10 16:00:00,49,49.83,48.85,49.72,2429561
AOS,NYSE,2019/09/11 16:00:00,49.92,50.87,49.36,50.84,2260355
AOS,NYSE,2019/09/12 16:00:00,51.53,51.78,50.43,51.71,1648240
AOS,NYSE,2019/09/13 16:00:00,51.92,51.94,50.18,50.24,2247484
AOS,NYSE,2019/09/16 16:00:00,49.94,50.01,48.62,48.75,2263548
AOS,NYSE,2019/09/17 16:00:00,48.5,49.31,48.08,49.16,1487117
AOS,NYSE,2019/09/18 16:00:00,48.98,49.25,48.09,48.8,945974
AOS,NYSE,2019/09/19 16:00:00,48.89,49.07,48.36,48.49,971413
AOS,NYSE,2019/09/20 16:00:00,48.59,48.73,47.36,47.48,1972642
AOS,NYSE,2019/09/23 16:00:00,47,47.96,46.86,47.77,868108
AOS,NYSE,2019/09/24 16:00:00,47.95,48.24,46.9,47.36,912138
AOS,NYSE,2019/09/25 16:00:00,47.37,48.03,47.13,47.98,776471
AOS,NYSE,2019/09/26 16:00:00,47.82,47.92,47.16,47.49,1020000
AOS,NYSE,2019/09/27 16:00:00,47.69,47.96,47.04,47.66,916850
AOS,NYSE,2019/09/30 16:00:00,47.95,48.1,47.52,47.71,971378
AOS,NYSE,2019/10/01 16:00:00,48.1,48.87,46.77,46.81,719321
AOS,NYSE,2019/10/02 16:00:00,46.23,46.38,44.88,45.19,1664995
AOS,NYSE,2019/10/03 16:00:00,45,45.1,44.11,45,1557931
AOS,NYSE,2019/10/04 16:00:00,45.04,45.6,44.99,45.51,1447906
AOS,NYSE,2019/10/07 16:00:00,45.26,45.98,45.07,45.13,1311346
AOS,NYSE,2019/10/08 16:00:00,44.82,45.76,44.75,45.24,1337685
AOS,NYSE,2019/10/09 16:00:00,45.59,45.69,44.95,45.46,1005331
AOS,NYSE,2019/10/10 16:00:00,45.46,46.67,45.46,46.34,1044395
AOS,NYSE,2019/10/11 16:00:00,47.08,48.52,47.04,47.99,1266427
AOS,NYSE,2019/10/14 16:00:00,47.63,48.02,47.35,47.73,751294
AOS,NYSE,2019/10/15 16:00:00,47.73,48.59,47.47,48.45,927275
AOS,NYSE,2019/10/16 16:00:00,48.28,48.98,48.28,48.81,1405044
AOS,NYSE,2019/10/17 16:00:00,49.25,50.19,49.25,50.02,1002227
AOS,NYSE,2019/10/18 16:00:00,50.1,51.05,49.76,51.01,1783821
AOS,NYSE,2019/10/21 16:00:00,51.41,51.78,50.82,51.1,1467706
AOS,NYSE,2019/10/22 16:00:00,51.15,52.03,50.4,51.74,1357957
AOS,NYSE,2019/10/23 16:00:00,51.57,51.7,50.52,50.85,1195439
AOS,NYSE,2019/10/24 16:00:00,51.03,51.16,50.35,50.92,723424
AOS,NYSE,2019/10/25 16:00:00,50.71,51.64,50.71,51.07,1166764
AOS,NYSE,2019/10/28 16:00:00,51.09,51.48,50.37,51.35,2195936
AOS,NYSE,2019/10/29 16:00:00,49.5,50.67,48.82,49.23,3869584
AOS,NYSE,2019/10/30 16:00:00,48.69,50.6,48.48,50.38,1725353
AOS,NYSE,2019/10/31 16:00:00,50.42,50.42,49.21,49.68,2141595
AOS,NYSE,2019/11/01 16:00:00,50.18,50.51,49.82,50.28,1265279
AOS,NYSE,2019/11/04 16:00:00,50.7,50.96,50.39,50.86,1092232
AOS,NYSE,2019/11/05 16:00:00,51,51.94,50.94,51.89,2139983
AOS,NYSE,2019/11/06 16:00:00,51.72,52.07,51.29,52.03,1091636
AOS,NYSE,2019/11/07 16:00:00,52.46,52.61,51.65,51.87,657345
AOS,NYSE,2019/11/08 16:00:00,51.91,52.2,51.71,52.08,980490
AOS,NYSE,2019/11/11 16:00:00,51.81,52.14,51.56,51.75,801817
AOS,NYSE,2019/11/12 16:00:00,51.87,52.36,51.61,52.05,917942
AOS,NYSE,2019/11/13 16:00:00,51.82,52.02,51.43,51.78,452366
AOS,NYSE,2019/11/14 16:00:00,51.56,51.88,51.37,51.52,817622
AOS,NYSE,2019/11/15 16:00:00,51.94,52.07,50.65,50.78,1149755
AOS,NYSE,2019/11/18 16:00:00,50.47,50.84,49.05,49.25,1308088
AOS,NYSE,2019/11/19 16:00:00,49.32,49.42,48.03,48.27,1860200
AOS,NYSE,2019/11/20 16:00:00,48.06,48.55,47.77,48.09,1321485
AOS,NYSE,2019/11/21 16:00:00,48.08,48.64,47.97,48.45,918082
AOS,NYSE,2019/11/22 16:00:00,48.54,48.54,47.78,48.2,1090719
AOS,NYSE,2019/11/25 16:00:00,48.22,49,48.22,48.76,1123804
AOS,NYSE,2019/11/26 16:00:00,48.84,48.84,48.33,48.69,1057160
AOS,NYSE,2019/11/27 16:00:00,48.69,49.13,48.62,48.74,1036889
AOS,NYSE,2019/11/29 13:00:00,48.73,48.93,48.3,48.4,470472
AOS,NYSE,2019/12/02 16:00:00,48.5,48.68,47.32,47.33,1417068
AOS,NYSE,2019/12/03 16:00:00,46.91,47.35,46.53,46.7,1191931
AOS,NYSE,2019/12/04 16:00:00,46.81,47.39,46.18,46.37,1846619
AOS,NYSE,2019/12/05 16:00:00,46.51,47,46,46.9,4033010
AOS,NYSE,2019/12/06 16:00:00,47.08,47.5,46.75,46.79,1349468
AOS,NYSE,2019/12/09 16:00:00,46.3,46.4,45.36,45.38,2017962
AOS,NYSE,2019/12/10 16:00:00,45.47,45.66,44.9,45.39,2408038
AOS,NYSE,2019/12/11 16:00:00,45.53,45.69,44.95,45.52,1898958
AOS,NYSE,2019/12/12 16:00:00,45.5,46.89,45.26,46.79,2008669
AOS,NYSE,2019/12/13 16:00:00,47.11,47.78,46.27,46.52,1929025
AOS,NYSE,2019/12/16 16:00:00,46.8,47.05,46.16,46.19,1094258
AOS,NYSE,2019/12/17 16:00:00,46.27,47.03,46.15,46.81,1349823
AOS,NYSE,2019/12/18 16:00:00,46.83,47.2,46.31,47.13,1460929
AOS,NYSE,2019/12/19 16:00:00,47.14,47.66,46.94,47.35,1024348
AOS,NYSE,2019/12/20 16:00:00,47.76,47.79,47.33,47.42,1827622
AOS,NYSE,2019/12/23 16:00:00,47.69,47.73,47.01,47.14,1113677
AOS,NYSE,2019/12/24 13:00:00,47.11,47.63,47.04,47.5,427951
AOS,NYSE,2019/12/26 16:00:00,47.51,47.76,47.22,47.74,703632
AOS,NYSE,2019/12/27 16:00:00,47.87,48.04,47.68,47.81,629188
AOS,NYSE,2019/12/30 16:00:00,47.85,48.06,47.53,47.57,582897
AOS,NYSE,2019/12/31 16:00:00,47.6,48.02,47.51,47.64,564691
AOS,NYSE,2020/01/02 16:00:00,47.91,47.98,47.21,47.77,1034018
AOS,NYSE,2020/01/03 16:00:00,47.16,47.5,46.75,47.35,883209
AOS,NYSE,2020/01/06 16:00:00,47.13,47.67,46.76,47.65,1088383
AOS,NYSE,2020/01/07 16:00:00,47.4,47.74,47.14,47.33,884197
AOS,NYSE,2020/01/08 16:00:00,47.42,47.81,47.19,47.26,1119134
AOS,NYSE,2020/01/09 16:00:00,47.5,47.52,46.67,47.05,1065788
AOS,NYSE,2020/01/10 16:00:00,47.14,48.01,46.95,47.62,1707116
AOS,NYSE,2020/01/13 16:00:00,47.77,48.59,47.64,48.54,1448036
AOS,NYSE,2020/01/14 16:00:00,48.41,48.57,47.2,47.24,2156258
AOS,NYSE,2020/01/15 16:00:00,47.08,47.21,46.18,46.61,2630834
AOS,NYSE,2020/01/16 16:00:00,47,47.7,47,47.63,1687944
AOS,NYSE,2020/01/17 16:00:00,47.82,47.94,46.9,46.93,1815794
AOS,NYSE,2020/01/21 16:00:00,46.84,47.37,45.85,47.02,2663149
AOS,NYSE,2020/01/22 16:00:00,47.32,48.15,46.5,46.5,2142782
AOS,NYSE,2020/01/23 16:00:00,46.42,47.01,46.09,46.71,2146592
AOS,NYSE,2020/01/24 16:00:00,46.75,47.03,45.2,45.43,2235435
AOS,NYSE,2020/01/27 16:00:00,45.17,45.23,43.72,43.81,3440517
AOS,NYSE,2020/01/28 16:00:00,44.74,46.29,44.46,45.49,6386925
AOS,NYSE,2020/01/29 16:00:00,45.61,46.36,44.16,44.31,2517121
AOS,NYSE,2020/01/30 16:00:00,43.25,43.92,42.29,43.45,2195333
AOS,NYSE,2020/01/31 16:00:00,43.42,43.72,42.58,42.69,2789215
AOS,NYSE,2020/02/03 16:00:00,43.07,43.14,42.23,42.28,2547185
AOS,NYSE,2020/02/04 16:00:00,42.99,43.56,42.75,42.79,1287945
AOS,NYSE,2020/02/05 16:00:00,43.33,43.96,43.14,43.8,1189522
AOS,NYSE,2020/02/06 16:00:00,44.08,44.19,43.06,43.3,1285553
AOS,NYSE,2020/02/07 16:00:00,42.92,43.02,41.96,41.99,1361014
AOS,NYSE,2020/02/10 16:00:00,41.84,43.15,41.64,43,1269006
AOS,NYSE,2020/02/11 16:00:00,43.29,44.39,43.25,44.01,1475618
AOS,NYSE,2020/02/12 16:00:00,44.23,44.7,43.72,44.29,1420979
AOS,NYSE,2020/02/13 16:00:00,43.88,44.2,43.72,44,884963
AOS,NYSE,2020/02/14 16:00:00,44,44.34,43.72,43.93,1157039
AOS,NYSE,2020/02/18 16:00:00,43.8,44.22,43.23,43.98,1733878
AOS,NYSE,2020/02/19 16:00:00,44,44.56,43.9,44.1,1070262
AOS,NYSE,2020/02/20 16:00:00,44.1,44.69,43.9,44.52,937350
AOS,NYSE,2020/02/21 16:00:00,44.22,44.29,43.89,44.09,1218359
AOS,NYSE,2020/02/24 16:00:00,42.68,43.42,42.26,42.84,2262606
AOS,NYSE,2020/02/25 16:00:00,41.21,41.93,40.51,40.95,3753835
AOS,NYSE,2020/02/26 16:00:00,40.71,41.18,39.49,39.6,4449703
AOS,NYSE,2020/02/27 16:00:00,38.82,42.56,38.76,40.12,3528393
AOS,NYSE,2020/02/28 16:00:00,39.37,40.46,38.87,39.55,4720035
AOS,NYSE,2020/03/02 16:00:00,39.73,41.03,38.7,41,3068224
AOS,NYSE,2020/03/03 16:00:00,40.76,41.86,38.58,38.7,2740252
AOS,NYSE,2020/03/04 16:00:00,39.38,40.58,38.09,40.57,4984043
AOS,NYSE,2020/03/05 16:00:00,39.37,41.83,39.17,41.63,4313625
AOS,NYSE,2020/03/06 16:00:00,40.49,42.86,40.41,42.69,4555625
AOS,NYSE,2020/03/09 16:00:00,40.72,42.81,40.45,40.95,3661878
AOS,NYSE,2020/03/10 16:00:00,41.83,42.24,39.75,42.19,3242969
AOS,NYSE,2020/03/11 16:00:00,41.19,41.19,39.82,39.97,2325847
AOS,NYSE,2020/03/12 16:00:00,38.03,40.49,38,38.73,6776115
AOS,NYSE,2020/03/13 16:00:00,40.18,41.57,38.69,41.49,5280597
AOS,NYSE,2020/03/16 16:00:00,37.16,39.57,37.16,37.99,3434416
AOS,NYSE,2020/03/17 16:00:00,38.65,39.44,36.82,39.13,2883873
AOS,NYSE,2020/03/18 16:00:00,37.13,39.46,34.77,38.43,2297856
AOS,NYSE,2020/03/19 16:00:00,37.78,38.03,35.63,36.85,2806750
AOS,NYSE,2020/03/20 16:00:00,37.13,37.15,34.12,34.75,2301353
AOS,NYSE,2020/03/23 16:00:00,34.38,35.98,33.81,35.6,3217564
AOS,NYSE,2020/03/24 16:00:00,36.83,37.47,35.69,36.49,2655749
AOS,NYSE,2020/03/25 16:00:00,36.65,37.81,35.04,36.89,2858205
AOS,NYSE,2020/03/26 16:00:00,37.24,38.17,36.76,37.28,1775873
AOS,NYSE,2020/03/27 16:00:00,36.29,37.7,35.64,36.85,1809948
AOS,NYSE,2020/03/30 16:00:00,36.84,38.89,36.4,38.6,1780085
AOS,NYSE,2020/03/31 16:00:00,38.25,39.06,37.58,37.81,2031027
AOS,NYSE,2020/04/01 16:00:00,36.81,36.99,35.22,35.61,2217068
AOS,NYSE,2020/04/02 16:00:00,35.59,37.07,35.18,35.94,2000486
AOS,NYSE,2020/04/03 16:00:00,36.1,36.93,35.56,35.87,1262587
AOS,NYSE,2020/04/06 16:00:00,37,38.51,36.52,38.22,3000919
AOS,NYSE,2020/04/07 16:00:00,39,40.44,38.41,39.66,3942241
AOS,NYSE,2020/04/08 16:00:00,39.89,40.91,39.45,40.22,1502079
AOS,NYSE,2020/04/09 16:00:00,40.52,41.42,39.64,40.21,1849286
AOS,NYSE,2020/04/13 16:00:00,39.97,40.44,39.09,39.63,1155851
AOS,NYSE,2020/04/14 16:00:00,40.19,41.14,40.04,40.67,1505363
AOS,NYSE,2020/04/15 16:00:00,40.04,40.5,39.54,40.08,1501657
AOS,NYSE,2020/04/16 16:00:00,40.05,40.21,39.21,39.9,1443735
AOS,NYSE,2020/04/17 16:00:00,40.81,41.38,40.31,41.08,1296691
AOS,NYSE,2020/04/20 16:00:00,40.45,40.99,39.75,40.35,1086055
AOS,NYSE,2020/04/21 16:00:00,39.68,39.95,38.62,38.72,1240138
AOS,NYSE,2020/04/22 16:00:00,39.35,39.52,37.92,38.77,1398800
AOS,NYSE,2020/04/23 16:00:00,39.18,40.12,39.18,39.64,1546086
AOS,NYSE,2020/04/24 16:00:00,39.52,40.46,39.12,40.39,1236551
AOS,NYSE,2020/04/27 16:00:00,40.63,42.69,40.63,42.53,1599760
AOS,NYSE,2020/04/28 16:00:00,43.14,44.03,43.04,43.36,1325920
AOS,NYSE,2020/04/29 16:00:00,43.9,44.18,43.58,44.06,1818771
AOS,NYSE,2020/04/30 16:00:00,43.6,43.67,42.13,42.38,2208732
AOS,NYSE,2020/05/01 16:00:00,41.94,42.53,41.42,41.65,1197133
AOS,NYSE,2020/05/04 16:00:00,41.23,42.06,40.93,41.98,2002297
AOS,NYSE,2020/05/05 16:00:00,42.42,42.69,41.31,42.16,1460544
AOS,NYSE,2020/05/06 16:00:00,43.01,44.37,42.73,43.65,1370491
AOS,NYSE,2020/05/07 16:00:00,43.83,43.96,42.69,43.31,1308078
AOS,NYSE,2020/05/08 16:00:00,43.91,44.99,43.87,44.79,1156876
AOS,NYSE,2020/05/11 16:00:00,44.36,44.36,43.8,43.94,893828
AOS,NYSE,2020/05/12 16:00:00,43.96,43.96,42.05,42.08,1545540
AOS,NYSE,2020/05/13 16:00:00,41.86,41.94,39.73,39.98,1763485
AOS,NYSE,2020/05/14 16:00:00,39.54,40.35,38.51,40.28,1651404
AOS,NYSE,2020/05/15 16:00:00,40,41.58,40,40.41,4775295
AOS,NYSE,2020/05/18 16:00:00,41.75,43.79,41.73,43.5,1576727
AOS,NYSE,2020/05/19 16:00:00,43.34,43.38,41.96,41.98,1637957
AOS,NYSE,2020/05/20 16:00:00,42.51,42.75,42.1,42.46,1269438
AOS,NYSE,2020/05/21 16:00:00,42.27,42.94,42.25,42.68,835324
AOS,NYSE,2020/05/22 16:00:00,42.81,42.81,41.9,42.22,1103520
AOS,NYSE,2020/05/26 16:00:00,43.24,45.21,43.13,44.83,1639206
AOS,NYSE,2020/05/27 16:00:00,45.43,47.31,45.37,47.21,2183297
AOS,NYSE,2020/05/28 16:00:00,47.44,47.74,46.37,46.59,2323242
AOS,NYSE,2020/05/29 16:00:00,46.49,47.57,46.01,47.5,2662033
AOS,NYSE,2020/06/01 16:00:00,47.51,47.64,46.96,47.32,1067096
AOS,NYSE,2020/06/02 16:00:00,47.47,47.88,47.2,47.88,1017829
AOS,NYSE,2020/06/03 16:00:00,48.26,49.99,48.17,49.85,1224811
AOS,NYSE,2020/06/04 16:00:00,49.27,50.6,49.26,50.57,1705073
AOS,NYSE,2020/06/05 16:00:00,51.58,52.4,51.46,52,2078491
AOS,NYSE,2020/06/08 16:00:00,51.87,52.7,50.74,50.88,1618599
AOS,NYSE,2020/06/09 16:00:00,50.11,50.52,49.12,49.27,1709556
AOS,NYSE,2020/06/10 16:00:00,49.23,49.3,48.36,48.39,1302594
AOS,NYSE,2020/06/11 16:00:00,47.45,47.69,46.66,46.82,1167213
AOS,NYSE,2020/06/12 16:00:00,48.03,48.16,45.88,46.95,1163500
AOS,NYSE,2020/06/15 16:00:00,45.93,47.91,45.76,47.65,940414
AOS,NYSE,2020/06/16 16:00:00,48.82,49.48,47.34,47.88,1079013
AOS,NYSE,2020/06/17 16:00:00,48.22,48.34,47.6,47.69,825891
AOS,NYSE,2020/06/18 16:00:00,47.45,48.24,47.19,47.93,1102475
AOS,NYSE,2020/06/19 16:00:00,48.62,48.8,46.81,47.29,1458066
AOS,NYSE,2020/06/22 16:00:00,47.12,47.58,46.35,47.19,667416
AOS,NYSE,2020/06/23 16:00:00,47.65,47.86,47.28,47.47,967032
AOS,NYSE,2020/06/24 16:00:00,47.07,47.19,45.11,45.11,1369949
AOS,NYSE,2020/06/25 16:00:00,44.94,44.98,43.88,44.74,1552237
AOS,NYSE,2020/06/26 16:00:00,44.46,45.2,44.11,44.45,2639296
AOS,NYSE,2020/06/29 16:00:00,44.89,46.68,44.86,46.44,1030970
AOS,NYSE,2020/06/30 16:00:00,46.24,47.44,46.14,47.12,1091634
AOS,NYSE,2020/07/01 16:00:00,47.36,47.36,46.17,46.3,938209
AOS,NYSE,2020/07/02 16:00:00,46.99,47.77,46.74,47.32,1072848
AOS,NYSE,2020/07/06 16:00:00,48.04,48.6,47.78,48.04,779431
AOS,NYSE,2020/07/07 16:00:00,47.57,48.3,47.54,47.9,962697
AOS,NYSE,2020/07/08 16:00:00,48.05,48.22,47.51,47.84,874212
AOS,NYSE,2020/07/09 16:00:00,47.66,48.07,47.22,47.57,1013417
AOS,NYSE,2020/07/10 16:00:00,47.8,48.71,47.69,48.27,866189
AOS,NYSE,2020/07/13 16:00:00,48.52,49.02,48.34,48.47,1042998
AOS,NYSE,2020/07/14 16:00:00,48.39,49.94,48.1,49.93,729816
AOS,NYSE,2020/07/15 16:00:00,50.54,50.99,50.12,50.63,1303161
AOS,NYSE,2020/07/16 16:00:00,50.69,51.17,50.25,50.81,823542
AOS,NYSE,2020/07/17 16:00:00,50.99,51.1,50.44,50.53,607583
AOS,NYSE,2020/07/20 16:00:00,50.42,50.73,50.31,50.5,636236
AOS,NYSE,2020/07/21 16:00:00,50.57,51.34,50.57,51.06,886354
AOS,NYSE,2020/07/22 16:00:00,51.14,51.6,50.85,51.02,593194
AOS,NYSE,2020/07/23 16:00:00,51.02,52,50.92,51.2,635292
AOS,NYSE,2020/07/24 16:00:00,51.19,51.61,50.91,51.31,929149
AOS,NYSE,2020/07/27 16:00:00,51.28,53.14,51.08,52.84,1522724
AOS,NYSE,2020/07/28 16:00:00,52.46,52.85,52.21,52.24,1136463
AOS,NYSE,2020/07/29 16:00:00,52.49,53.72,52.49,53.3,1071465
AOS,NYSE,2020/07/30 16:00:00,52.28,52.28,48.4,48.46,3136954
AOS,NYSE,2020/07/31 16:00:00,48.86,49.31,47.16,48.14,2758750
AOS,NYSE,2020/08/03 16:00:00,48.27,49.15,48.04,48.37,1030073
AOS,NYSE,2020/08/04 16:00:00,48.22,48.33,47.68,47.95,1190936
AOS,NYSE,2020/08/05 16:00:00,48.18,48.19,47.43,48.02,1105311
AOS,NYSE,2020/08/06 16:00:00,48.1,48.89,48.09,48.6,997647
AOS,NYSE,2020/08/07 16:00:00,48.55,48.92,48.07,48.91,797429
AOS,NYSE,2020/08/10 16:00:00,49.03,49.1,48.14,48.81,699208
AOS,NYSE,2020/08/11 16:00:00,49.24,50.41,49.24,49.77,1220490
AOS,NYSE,2020/08/12 16:00:00,50.11,50.61,49.7,50.01,658583
AOS,NYSE,2020/08/13 16:00:00,49.64,49.71,48.8,49.06,541485
AOS,NYSE,2020/08/14 16:00:00,48.99,49.97,48.65,49.76,770487
AOS,NYSE,2020/08/17 16:00:00,49.89,50.22,49.57,49.71,666151
AOS,NYSE,2020/08/18 16:00:00,49.79,50.04,49.42,49.51,617530
AOS,NYSE,2020/08/19 16:00:00,49.58,49.86,49.4,49.46,658861
AOS,NYSE,2020/08/20 16:00:00,49.15,49.27,48.79,49.1,710130
AOS,NYSE,2020/08/21 16:00:00,49.13,49.13,48.61,48.95,719174
AOS,NYSE,2020/08/24 16:00:00,49.21,49.84,49.13,49.71,478473
AOS,NYSE,2020/08/25 16:00:00,49.94,49.94,49.03,49.5,491658
AOS,NYSE,2020/08/26 16:00:00,49.49,49.79,49.09,49.48,688096
AOS,NYSE,2020/08/27 16:00:00,49.87,49.87,49.02,49.2,772062
AOS,NYSE,2020/08/28 16:00:00,49.31,49.44,48.85,49.36,780562
AOS,NYSE,2020/08/31 16:00:00,49.41,49.75,48.81,48.97,1196771
AOS,NYSE,2020/09/01 16:00:00,48.94,49.35,48.51,49.33,778041
AOS,NYSE,2020/09/02 16:00:00,49.39,50.46,49.25,50.19,902442
AOS,NYSE,2020/09/03 16:00:00,50.13,50.4,48.51,48.77,632872
AOS,NYSE,2020/09/04 16:00:00,49.09,49.5,48.36,48.61,568369
AOS,NYSE,2020/09/08 16:00:00,48.3,48.32,47.22,47.26,1094447
AOS,NYSE,2020/09/09 16:00:00,47.65,48.39,47.65,48.25,1159258
AOS,NYSE,2020/09/10 16:00:00,48.33,48.82,48,48.41,811473
AOS,NYSE,2020/09/11 16:00:00,48.6,49.2,48.6,48.78,684811
AOS,NYSE,2020/09/14 16:00:00,48.89,50.13,48.81,49.86,782839
AOS,NYSE,2020/09/15 16:00:00,50.01,50.82,49.97,50.79,931370
AOS,NYSE,2020/09/16 16:00:00,51.1,52.19,50.91,51.75,924587
AOS,NYSE,2020/09/17 16:00:00,51.97,54.19,51.3,53.18,1947952
AOS,NYSE,2020/09/18 16:00:00,53.25,54.03,53.07,53.24,2328675
AOS,NYSE,2020/09/21 16:00:00,52.47,52.71,51.33,51.88,1325851
AOS,NYSE,2020/09/22 16:00:00,51.82,52.86,51.76,52.66,1096394
AOS,NYSE,2020/09/23 16:00:00,52.75,53.73,51.77,51.8,1337367
AOS,NYSE,2020/09/24 16:00:00,51.9,53.27,51.74,53,1735706
AOS,NYSE,2020/09/25 16:00:00,52.58,52.9,52,52.16,1911073
AOS,NYSE,2020/09/28 16:00:00,52.8,53.64,52.71,53.29,1719764
AOS,NYSE,2020/09/29 16:00:00,53.32,54.46,53.22,53.73,921155
AOS,NYSE,2020/09/30 16:00:00,53.71,54.02,52.72,52.8,1353613
AOS,NYSE,2020/10/01 16:00:00,53.32,54.07,52.95,53.59,959797
AOS,NYSE,2020/10/02 16:00:00,52.81,54.19,52.59,53.53,704442
AOS,NYSE,2020/10/05 16:00:00,54.05,55.22,53.96,55.21,825869
AOS,NYSE,2020/10/06 16:00:00,55,55.21,53.38,53.6,1246624
AOS,NYSE,2020/10/07 16:00:00,53.9,54.47,53.82,54.08,1352118
AOS,NYSE,2020/10/08 16:00:00,54.46,57.01,54.15,56.75,2232620
AOS,NYSE,2020/10/09 16:00:00,56.94,57.63,56.51,57.19,1683993
AOS,NYSE,2020/10/12 16:00:00,57.2,58.05,56.36,56.49,1266780
AOS,NYSE,2020/10/13 16:00:00,56.05,56.55,55.08,55.2,1406024
AOS,NYSE,2020/10/14 16:00:00,55.57,56.07,55.17,55.57,1005009
AOS,NYSE,2020/10/15 16:00:00,55,55.89,54.81,55.83,893228
AOS,NYSE,2020/10/16 16:00:00,56.18,56.55,55.2,55.37,1155181
AOS,NYSE,2020/10/19 16:00:00,55.4,55.52,54.71,54.96,835193
AOS,NYSE,2020/10/20 16:00:00,55.41,55.94,55.05,55.13,585476
AOS,NYSE,2020/10/21 16:00:00,55.29,55.38,54.23,54.81,1682487
AOS,NYSE,2020/10/22 16:00:00,55.04,55.12,54.57,54.91,1118884
AOS,NYSE,2020/10/23 16:00:00,55,55,54.45,54.93,773995
AOS,NYSE,2020/10/26 16:00:00,54.38,54.39,53.27,53.93,817210
AOS,NYSE,2020/10/27 16:00:00,54.03,54.08,53,53.03,764825
AOS,NYSE,2020/10/28 16:00:00,52.26,53.36,51.44,51.46,1270498
AOS,NYSE,2020/10/29 16:00:00,53.01,55,52.34,53.38,1686894
AOS,NYSE,2020/10/30 16:00:00,53.31,53.77,51.04,51.69,1448733
AOS,NYSE,2020/11/02 16:00:00,52.16,52.91,51.97,52.85,1062634
AOS,NYSE,2020/11/03 16:00:00,53.45,54.19,53.04,53.3,908755
AOS,NYSE,2020/11/04 16:00:00,53.1,53.39,51.95,52.42,678055
AOS,NYSE,2020/11/05 16:00:00,53.09,54.43,53.09,53.82,674901
AOS,NYSE,2020/11/06 16:00:00,54.14,54.84,53.51,54.56,943124
AOS,NYSE,2020/11/09 16:00:00,56.42,57.4,53.07,53.13,1425139
AOS,NYSE,2020/11/10 16:00:00,52.99,55.24,52.99,54.75,886788
AOS,NYSE,2020/11/11 16:00:00,55,55.15,54.22,54.82,755070
AOS,NYSE,2020/11/12 16:00:00,54.5,54.68,53.55,54.09,583146
AOS,NYSE,2020/11/13 16:00:00,54.74,55.63,54.55,55.07,827281
AOS,NYSE,2020/11/16 16:00:00,55.5,56.46,54.95,56.4,935183
AOS,NYSE,2020/11/17 16:00:00,56.19,56.62,55.43,56.38,934490
AOS,NYSE,2020/11/18 16:00:00,56.38,57.15,56.13,56.49,911341
AOS,NYSE,2020/11/19 16:00:00,56.36,56.97,55.84,56.6,615903
AOS,NYSE,2020/11/20 16:00:00,56.46,56.71,55.22,56.06,850848
AOS,NYSE,2020/11/23 16:00:00,56.61,57.69,56.27,57.49,1169723
AOS,NYSE,2020/11/24 16:00:00,57.82,58.66,57.55,57.96,1071348
AOS,NYSE,2020/11/25 16:00:00,57.64,57.64,56.22,56.37,956412
AOS,NYSE,2020/11/27 13:00:00,56.81,57.37,56.69,57.08,305790
AOS,NYSE,2020/11/30 16:00:00,56.74,56.92,55.79,56.31,2645821
AOS,NYSE,2020/12/01 16:00:00,56.82,57.05,54.92,55.06,1888914
AOS,NYSE,2020/12/02 16:00:00,54.84,55.37,54.65,54.87,1313999
AOS,NYSE,2020/12/03 16:00:00,55.05,55.13,54.67,54.96,1461675
AOS,NYSE,2020/12/04 16:00:00,55.28,55.39,54.88,55.06,983275
AOS,NYSE,2020/12/07 16:00:00,55.15,55.56,54.8,55.31,675079
AOS,NYSE,2020/12/08 16:00:00,55,56.1,54.89,56.09,1266738
AOS,NYSE,2020/12/09 16:00:00,56.08,57.74,56.06,57.67,1055364
AOS,NYSE,2020/12/10 16:00:00,57.37,57.72,55.96,56.31,827388
AOS,NYSE,2020/12/11 16:00:00,56.13,56.65,55.78,56.36,717023
AOS,NYSE,2020/12/14 16:00:00,56.81,57.24,55.38,55.41,871832
AOS,NYSE,2020/12/15 16:00:00,55.54,56.49,55.27,56.42,667720
AOS,NYSE,2020/12/16 16:00:00,56.31,56.9,54.98,55.08,1198794
AOS,NYSE,2020/12/17 16:00:00,55.37,55.8,54.68,55.26,1760886
AOS,NYSE,2020/12/18 16:00:00,55.27,55.7,54.25,55.64,1762428
AOS,NYSE,2020/12/21 16:00:00,54.62,56.13,54.3,55.82,769560
AOS,NYSE,2020/12/22 16:00:00,55.76,55.94,55.28,55.36,865722
AOS,NYSE,2020/12/23 16:00:00,55.45,55.51,54.71,55.11,797250
AOS,NYSE,2020/12/24 13:00:00,55.49,55.5,54.84,55.48,214998
AOS,NYSE,2020/12/28 16:00:00,55.88,56.1,55.51,55.62,485886
AOS,NYSE,2020/12/29 16:00:00,55.75,55.89,54.29,54.71,561441
AOS,NYSE,2020/12/30 16:00:00,54.82,55.36,54.53,54.71,536187
AOS,NYSE,2020/12/31 16:00:00,54.65,54.87,54.03,54.82,728922
AOS,NYSE,2021/01/04 16:00:00,54.7,55.6,53.57,53.92,1484671
AOS,NYSE,2021/01/05 16:00:00,53.64,54.58,53.59,54.27,754997
AOS,NYSE,2021/01/06 16:00:00,54.85,56.89,54.56,56.14,1386940
AOS,NYSE,2021/01/07 16:00:00,56.72,56.97,55.96,56.83,1072974
AOS,NYSE,2021/01/08 16:00:00,57.1,57.33,55.48,56.16,804014
AOS,NYSE,2021/01/11 16:00:00,55.6,57.38,55.43,56.9,749894
AOS,NYSE,2021/01/12 16:00:00,56.88,58.97,56.42,58.78,1028575
AOS,NYSE,2021/01/13 16:00:00,58.8,58.83,58.09,58.32,909700
AOS,NYSE,2021/01/14 16:00:00,58.11,58.53,56.53,57.42,1096773
AOS,NYSE,2021/01/15 16:00:00,57.21,57.21,55.76,56.83,1095216
AOS,NYSE,2021/01/19 16:00:00,57.3,57.91,57.05,57.2,1275171
AOS,NYSE,2021/01/20 16:00:00,57.38,57.93,56.86,57.84,922616
AOS,NYSE,2021/01/21 16:00:00,57.56,58.43,57.56,58.04,788343
AOS,NYSE,2021/01/22 16:00:00,57.81,58.09,57.05,57.76,1155453
AOS,NYSE,2021/01/25 16:00:00,57.61,57.69,56.37,56.92,1919161
AOS,NYSE,2021/01/26 16:00:00,57.04,57.5,54.42,54.49,1877398
AOS,NYSE,2021/01/27 16:00:00,53.71,54.14,52.08,53.19,3431156
AOS,NYSE,2021/01/28 16:00:00,55.48,60.45,54.75,56.91,3501948
AOS,NYSE,2021/01/29 16:00:00,56.32,56.81,53.88,54.3,2704920
AOS,NYSE,2021/02/01 16:00:00,54.98,56.18,54.9,56.03,1698581
AOS,NYSE,2021/02/02 16:00:00,56.84,57.81,56.55,57.39,1455087
AOS,NYSE,2021/02/03 16:00:00,57.24,57.9,57,57.22,813880
AOS,NYSE,2021/02/04 16:00:00,57.5,58.78,57.32,58.64,975354
AOS,NYSE,2021/02/05 16:00:00,58.76,60.04,58.57,60,931039
AOS,NYSE,2021/02/08 16:00:00,60.3,61.42,60.22,61.38,865641
AOS,NYSE,2021/02/09 16:00:00,61.26,61.96,60.96,61.32,789154
AOS,NYSE,2021/02/10 16:00:00,61.39,61.64,60.32,61.22,895817
AOS,NYSE,2021/02/11 16:00:00,61.63,61.7,60.38,61.09,874332
AOS,NYSE,2021/02/12 16:00:00,61,61.28,60.02,60.37,1063206
AOS,NYSE,2021/02/16 16:00:00,60.34,60.41,59.1,59.12,850138
AOS,NYSE,2021/02/17 16:00:00,58.83,59.66,58.6,59.26,715055
AOS,NYSE,2021/02/18 16:00:00,58.87,59.39,57.81,58.15,780297
AOS,NYSE,2021/02/19 16:00:00,58.68,60.05,58.54,59.64,1024231
AOS,NYSE,2021/02/22 16:00:00,59.56,61.89,59.19,61.85,1216195
AOS,NYSE,2021/02/23 16:00:00,61.79,62.1,60.82,61.76,1103481
AOS,NYSE,2021/02/24 16:00:00,61.94,62.29,60.91,61.3,1393170
AOS,NYSE,2021/02/25 16:00:00,61.43,61.77,59.92,60.23,1179194
AOS,NYSE,2021/02/26 16:00:00,60.57,60.89,59.27,59.37,1419728
AOS,NYSE,2021/03/01 16:00:00,60.29,61.29,60.22,60.67,1083407
AOS,NYSE,2021/03/02 16:00:00,60.84,60.98,59.8,60.92,1175399
AOS,NYSE,2021/03/03 16:00:00,61.11,63.05,60.8,61.98,1094139
AOS,NYSE,2021/03/04 16:00:00,61.69,62.49,60.36,61.04,1317262
AOS,NYSE,2021/03/05 16:00:00,61.73,62.57,61.09,62.48,1766459
AOS,NYSE,2021/03/08 16:00:00,62.93,64.21,62.2,63.72,2462088
AOS,NYSE,2021/03/09 16:00:00,63.38,64.37,63.04,63.39,1385052
AOS,NYSE,2021/03/10 16:00:00,63.51,65.35,63.26,64.99,997343
AOS,NYSE,2021/03/11 16:00:00,65.04,65.5,64.85,64.98,1036572
AOS,NYSE,2021/03/12 16:00:00,65.24,65.83,64.34,64.38,913025
AOS,NYSE,2021/03/15 16:00:00,64.23,65.29,63.53,65.28,881149
AOS,NYSE,2021/03/16 16:00:00,65.03,65.74,64.77,65.63,833330
AOS,NYSE,2021/03/17 16:00:00,65.78,67.12,65.47,66.72,1305133
AOS,NYSE,2021/03/18 16:00:00,66.53,68.16,66.39,67.46,1622509
AOS,NYSE,2021/03/19 16:00:00,67.52,67.97,67.01,67.48,1939983
AOS,NYSE,2021/03/22 16:00:00,67.04,67.78,66.65,67.48,1491699
AOS,NYSE,2021/03/23 16:00:00,67.03,68.47,65.37,65.62,1319630
AOS,NYSE,2021/03/24 16:00:00,65.91,66.89,65.24,65.26,982681
AOS,NYSE,2021/03/25 16:00:00,64.98,67.04,64.28,66.73,998003
AOS,NYSE,2021/03/26 16:00:00,67.38,69.59,67.38,69.49,1248986
AOS,NYSE,2021/03/29 16:00:00,69.35,70.13,68.83,69.22,732685
AOS,NYSE,2021/03/30 16:00:00,69.09,69.97,68.99,69.19,912691
AOS,NYSE,2021/03/31 16:00:00,68.91,69.31,67.56,67.61,2079837
AOS,NYSE,2021/04/01 16:00:00,67.47,68.06,66.76,67.87,1180369
AOS,NYSE,2021/04/05 16:00:00,66.47,68.16,66.42,67.98,940610
AOS,NYSE,2021/04/06 16:00:00,68.17,69.03,67.83,68.9,956723
AOS,NYSE,2021/04/07 16:00:00,68.91,69,67.38,67.4,730037
AOS,NYSE,2021/04/08 16:00:00,67.26,67.49,66.53,66.83,1201170
AOS,NYSE,2021/04/09 16:00:00,67.05,67.52,66.48,67.27,1626855
ESTC,NYSE,2019/04/01 16:00:00,81.02,85.97,80.14,82.9,785903
ESTC,NYSE,2019/04/02 16:00:00,82.82,83.88,81.14,82.3,874149
ESTC,NYSE,2019/04/03 16:00:00,83.84,86.5,82.27,82.75,1526357
ESTC,NYSE,2019/04/04 16:00:00,81.67,84.79,80.91,83.46,840751
ESTC,NYSE,2019/04/05 16:00:00,83.19,84.39,80.72,81,728729
ESTC,NYSE,2019/04/08 16:00:00,80.76,80.76,78.41,80,887366
ESTC,NYSE,2019/04/09 16:00:00,79.76,83.01,79.76,82.24,828013
ESTC,NYSE,2019/04/10 16:00:00,82.07,83.26,82.01,82.86,417797
ESTC,NYSE,2019/04/11 16:00:00,82.67,83,81.51,82.85,401614
ESTC,NYSE,2019/04/12 16:00:00,83.1,83.1,81.85,82.34,242257
ESTC,NYSE,2019/04/15 16:00:00,82.66,83.3,81.21,81.98,726874
ESTC,NYSE,2019/04/16 16:00:00,81.99,83.13,81.77,82.59,627208
ESTC,NYSE,2019/04/17 16:00:00,82.57,83.14,81.04,82.88,592842
ESTC,NYSE,2019/04/18 16:00:00,82.84,82.84,80.91,82.52,424113
ESTC,NYSE,2019/04/22 16:00:00,82.12,84,82.12,83.86,511163
ESTC,NYSE,2019/04/23 16:00:00,83.98,87,83.91,85.95,816237
ESTC,NYSE,2019/04/24 16:00:00,85.83,86.5,85.1,85.8,360106
ESTC,NYSE,2019/04/25 16:00:00,86,86.33,83.75,83.98,328589
ESTC,NYSE,2019/04/26 16:00:00,84.27,87.25,83.64,86.55,453125
ESTC,NYSE,2019/04/29 16:00:00,86.58,86.58,84.28,85.37,644042
ESTC,NYSE,2019/04/30 16:00:00,85.44,86.08,84.28,85.55,610028
ESTC,NYSE,2019/05/01 16:00:00,86.16,86.81,84.62,84.94,342855
ESTC,NYSE,2019/05/02 16:00:00,84.45,84.99,82.58,84.57,353549
ESTC,NYSE,2019/05/03 16:00:00,85.2,86.49,84.92,86,321849
ESTC,NYSE,2019/05/06 16:00:00,84,85.94,83.39,84.52,372855
ESTC,NYSE,2019/05/07 16:00:00,83.4,85.11,83.21,84.42,555709
ESTC,NYSE,2019/05/08 16:00:00,84.66,84.66,83.02,83.3,470675
ESTC,NYSE,2019/05/09 16:00:00,82.08,86.19,81.64,85.43,392046
ESTC,NYSE,2019/05/10 16:00:00,84.74,88.49,83.68,88.34,463544
ESTC,NYSE,2019/05/13 16:00:00,85,87.09,82.5,83.2,869638
ESTC,NYSE,2019/05/14 16:00:00,83.73,85.57,82.67,84.86,423791
ESTC,NYSE,2019/05/15 16:00:00,83,84.16,81.39,82.84,1513200
ESTC,NYSE,2019/05/16 16:00:00,82.9,84.75,82.84,84.42,763518
ESTC,NYSE,2019/05/17 16:00:00,83.51,84.34,82.77,83.15,414612
ESTC,NYSE,2019/05/20 16:00:00,82.27,83.25,81.69,83.25,798342
ESTC,NYSE,2019/05/21 16:00:00,83.25,84.5,82.5,83.99,526272
ESTC,NYSE,2019/05/22 16:00:00,83.66,84.5,83.19,83.94,381065
ESTC,NYSE,2019/05/23 16:00:00,83.24,83.69,81.64,83.51,701103
ESTC,NYSE,2019/05/24 16:00:00,83.94,84.42,82.86,83.01,528902
ESTC,NYSE,2019/05/28 16:00:00,83.19,84.5,82.85,83.76,1141817
ESTC,NYSE,2019/05/29 16:00:00,82.36,83.45,81.14,82.16,1320926
ESTC,NYSE,2019/05/30 16:00:00,82.1,84.29,81.97,83.86,722475
ESTC,NYSE,2019/05/31 16:00:00,83.1,83.8,81.94,82.05,708413
ESTC,NYSE,2019/06/03 16:00:00,82.02,82.99,79.01,79.42,1377582
ESTC,NYSE,2019/06/04 16:00:00,80.39,81.66,79.02,81.66,856643
ESTC,NYSE,2019/06/05 16:00:00,82.65,84.46,81.51,81.89,1564079
ESTC,NYSE,2019/06/06 16:00:00,82.57,82.74,78.51,80.25,2121195
ESTC,NYSE,2019/06/07 16:00:00,80.1,81.92,79.18,81.39,1273301
ESTC,NYSE,2019/06/10 16:00:00,81.35,83.3,79.06,79.47,3492136
ESTC,NYSE,2019/06/11 16:00:00,80.16,80.51,78.3,79.74,1394874
ESTC,NYSE,2019/06/12 16:00:00,79.42,79.85,78.01,78.41,934330
ESTC,NYSE,2019/06/13 16:00:00,77.71,77.71,74.51,75.3,2356578
ESTC,NYSE,2019/06/14 16:00:00,75,75.59,73.95,74.47,1466853
ESTC,NYSE,2019/06/17 16:00:00,74.71,78.02,74.47,75.51,1824844
ESTC,NYSE,2019/06/18 16:00:00,76.49,78.45,75.65,75.88,1901547
ESTC,NYSE,2019/06/19 16:00:00,75.88,76.16,73.81,75.09,1759879
ESTC,NYSE,2019/06/20 16:00:00,76.7,79.1,76.25,77.82,1634831
ESTC,NYSE,2019/06/21 16:00:00,77.33,78.19,75.61,76.2,1845706
ESTC,NYSE,2019/06/24 16:00:00,76.12,76.49,74.92,75.05,1708743
ESTC,NYSE,2019/06/25 16:00:00,74.84,75.27,73.71,74.22,1768206
ESTC,NYSE,2019/06/26 16:00:00,74.71,75.49,72.45,72.63,1409323
ESTC,NYSE,2019/06/27 16:00:00,72.97,74.97,72.61,74.2,2597348
ESTC,NYSE,2019/06/28 16:00:00,74.42,74.97,73.53,74.66,3045796
ESTC,NYSE,2019/07/01 16:00:00,75.7,76.1,74.32,75.44,906711
ESTC,NYSE,2019/07/02 16:00:00,75.58,78.59,74.92,78.57,1146500
ESTC,NYSE,2019/07/03 13:00:00,78.83,78.88,76.32,77.38,854717
ESTC,NYSE,2019/07/05 16:00:00,77.38,78.49,76.08,78.49,649568
ESTC,NYSE,2019/07/08 16:00:00,78,78.73,77.4,78.58,431355
ESTC,NYSE,2019/07/09 16:00:00,78.2,81.03,77.81,80.69,611712
ESTC,NYSE,2019/07/10 16:00:00,81.32,84.19,81.27,84.17,3039147
ESTC,NYSE,2019/07/11 16:00:00,84.68,89.16,84.37,89.16,2003110
ESTC,NYSE,2019/07/12 16:00:00,89.99,93.4,89.5,93.26,2432145
ESTC,NYSE,2019/07/15 16:00:00,93.18,95.47,93.08,94.15,1813802
ESTC,NYSE,2019/07/16 16:00:00,93.67,95.33,92.85,95.01,1617701
ESTC,NYSE,2019/07/17 16:00:00,95.01,97.94,94.66,96,1026715
ESTC,NYSE,2019/07/18 16:00:00,95.39,99.86,95.39,97.77,1230802
ESTC,NYSE,2019/07/19 16:00:00,98.48,100.22,98.42,98.81,1220381
ESTC,NYSE,2019/07/22 16:00:00,99.48,101.74,98.93,99.38,1165896
ESTC,NYSE,2019/07/23 16:00:00,100,100.22,96.39,96.84,1007746
ESTC,NYSE,2019/07/24 16:00:00,96.5,99.33,95.51,99.18,596691
ESTC,NYSE,2019/07/25 16:00:00,99.03,99.3,97.55,98.24,760549
ESTC,NYSE,2019/07/26 16:00:00,99.35,104.1,98.51,102.59,1118795
ESTC,NYSE,2019/07/29 16:00:00,102.55,102.99,96.11,100.38,1241196
ESTC,NYSE,2019/07/30 16:00:00,98.63,101.25,98.63,100.46,604939
ESTC,NYSE,2019/07/31 16:00:00,100.91,101.61,96.75,98.83,774625
ESTC,NYSE,2019/08/01 16:00:00,98,99.79,96.55,97.51,1011803
ESTC,NYSE,2019/08/02 16:00:00,97,97.54,92.88,94.33,1068611
ESTC,NYSE,2019/08/05 16:00:00,90.88,91.46,87.88,89.41,1299179
ESTC,NYSE,2019/08/06 16:00:00,89.85,90.49,87.38,88.93,1054146
ESTC,NYSE,2019/08/07 16:00:00,87.55,88.99,86.37,88.4,559738
ESTC,NYSE,2019/08/08 16:00:00,89.42,90.7,88.51,89.55,878694
ESTC,NYSE,2019/08/09 16:00:00,89.45,89.86,86.29,86.52,670870
ESTC,NYSE,2019/08/12 16:00:00,86,88.25,85.17,86.91,517903
ESTC,NYSE,2019/08/13 16:00:00,86.36,87.75,85.6,86.41,709209
ESTC,NYSE,2019/08/14 16:00:00,86.54,86.84,83.12,85.07,845980
ESTC,NYSE,2019/08/15 16:00:00,85.74,85.74,82.74,83.89,584867
ESTC,NYSE,2019/08/16 16:00:00,85.1,85.98,84.53,85.24,675239
ESTC,NYSE,2019/08/19 16:00:00,86.6,87.5,84.75,84.8,877092
ESTC,NYSE,2019/08/20 16:00:00,84.58,84.58,81.5,81.98,824640
ESTC,NYSE,2019/08/21 16:00:00,82.96,84.51,82.01,84.07,483348
ESTC,NYSE,2019/08/22 16:00:00,84.22,85.35,82.95,83.25,591071
ESTC,NYSE,2019/08/23 16:00:00,82.94,83.31,79.34,80.45,1502231
ESTC,NYSE,2019/08/26 16:00:00,81.74,82.62,79.65,80.01,1215474
ESTC,NYSE,2019/08/27 16:00:00,80.27,82.33,78.41,79.59,1726147
ESTC,NYSE,2019/08/28 16:00:00,79.9,81.45,78.69,80.13,2119758
ESTC,NYSE,2019/08/29 16:00:00,87.97,92.93,84.35,88.76,4483165
ESTC,NYSE,2019/08/30 16:00:00,89.03,89.53,86.09,87.89,1701105
ESTC,NYSE,2019/09/03 16:00:00,83.66,84.72,80.49,82.25,3705751
ESTC,NYSE,2019/09/04 16:00:00,82.99,85.86,82.83,85.53,3842044
ESTC,NYSE,2019/09/05 16:00:00,86.96,89.14,84.51,89,2382115
ESTC,NYSE,2019/09/06 16:00:00,89.08,89.95,87.88,88.79,1094472
ESTC,NYSE,2019/09/09 16:00:00,88.9,89.2,83.95,84.99,1639271
ESTC,NYSE,2019/09/10 16:00:00,84.19,88.91,82.95,87.14,2273975
ESTC,NYSE,2019/09/11 16:00:00,87.02,96.72,86.84,96.3,3593141
ESTC,NYSE,2019/09/12 16:00:00,95,96.17,92.48,94.02,2684271
ESTC,NYSE,2019/09/13 16:00:00,94,96.06,92.64,93.75,3485429
ESTC,NYSE,2019/09/16 16:00:00,92.53,94.06,91.3,91.65,864764
ESTC,NYSE,2019/09/17 16:00:00,90.34,94.3,89.37,93.86,1160946
ESTC,NYSE,2019/09/18 16:00:00,92.93,92.98,90.04,92.05,1135579
ESTC,NYSE,2019/09/19 16:00:00,94,96.7,92.98,93.7,1400864
ESTC,NYSE,2019/09/20 16:00:00,93.69,94.94,92.8,94.27,2612792
ESTC,NYSE,2019/09/23 16:00:00,93.45,94.09,91.68,92.24,684720
ESTC,NYSE,2019/09/24 16:00:00,92.65,93.12,85.24,86.31,1648404
ESTC,NYSE,2019/09/25 16:00:00,85.88,86.1,83.56,85.04,1379545
ESTC,NYSE,2019/09/26 16:00:00,85.13,85.38,83.15,84.97,1227382
ESTC,NYSE,2019/09/27 16:00:00,85.12,85.94,82.3,82.9,2008753
ESTC,NYSE,2019/09/30 16:00:00,82.45,83.35,80.99,82.34,886901
ESTC,NYSE,2019/10/01 16:00:00,82.9,83.09,80.55,82.21,1206060
ESTC,NYSE,2019/10/02 16:00:00,81.5,81.5,79.01,79.89,1289410
ESTC,NYSE,2019/10/03 16:00:00,80.09,82.86,77.51,82.75,1483144
ESTC,NYSE,2019/10/04 16:00:00,83.5,85.79,82.26,85.71,959542
ESTC,NYSE,2019/10/07 16:00:00,85.71,87.32,85.44,87.27,1023600
ESTC,NYSE,2019/10/08 16:00:00,86.2,86.85,84.01,84.12,632199
ESTC,NYSE,2019/10/09 16:00:00,85.37,86.87,84.97,85.29,338094
ESTC,NYSE,2019/10/10 16:00:00,85.11,85.57,83.24,83.48,589772
ESTC,NYSE,2019/10/11 16:00:00,84.64,86.3,84.12,85.24,423666
ESTC,NYSE,2019/10/14 16:00:00,84.77,86.47,84.62,85.71,1311824
ESTC,NYSE,2019/10/15 16:00:00,85.27,86.33,84.71,85.21,629820
ESTC,NYSE,2019/10/16 16:00:00,83.71,83.8,78.55,78.7,1272519
ESTC,NYSE,2019/10/17 16:00:00,78.7,79.18,74.9,74.9,1975152
ESTC,NYSE,2019/10/18 16:00:00,74.8,74.92,69.9,71.22,2486598
ESTC,NYSE,2019/10/21 16:00:00,72.01,72.14,70.42,70.75,944198
ESTC,NYSE,2019/10/22 16:00:00,70.94,71.97,69.35,69.63,1150233
ESTC,NYSE,2019/10/23 16:00:00,69.9,72.98,69.26,71.26,1235543
ESTC,NYSE,2019/10/24 16:00:00,72.04,75.26,71.89,74.64,1030173
ESTC,NYSE,2019/10/25 16:00:00,73.58,74.64,71.9,74.6,584311
ESTC,NYSE,2019/10/28 16:00:00,75.04,76.09,73.84,73.94,1478106
ESTC,NYSE,2019/10/29 16:00:00,74.53,75.16,72.53,74.15,968051
ESTC,NYSE,2019/10/30 16:00:00,74.23,74.99,73.28,74.53,677171
ESTC,NYSE,2019/10/31 16:00:00,74.29,74.46,71.72,72.01,785298
ESTC,NYSE,2019/11/01 16:00:00,72.25,74.46,71.55,74.38,967172
ESTC,NYSE,2019/11/04 16:00:00,75,75.5,74.19,74.74,959571
ESTC,NYSE,2019/11/05 16:00:00,75.15,75.89,74.83,75.25,584766
ESTC,NYSE,2019/11/06 16:00:00,75.04,75.84,72.65,73,823565
ESTC,NYSE,2019/11/07 16:00:00,73.5,74.32,72.6,72.92,1169754
ESTC,NYSE,2019/11/08 16:00:00,72.82,73.29,71.83,72.38,1159584
ESTC,NYSE,2019/11/11 16:00:00,71.7,72,70.06,70.72,2430162
ESTC,NYSE,2019/11/12 16:00:00,70.62,72.39,70.25,71.77,3427026
ESTC,NYSE,2019/11/13 16:00:00,71.49,74.44,71.37,73.87,1978346
ESTC,NYSE,2019/11/14 16:00:00,73.99,74.33,71.56,72.15,1592527
ESTC,NYSE,2019/11/15 16:00:00,72.79,74.54,72.01,74.25,1065474
ESTC,NYSE,2019/11/18 16:00:00,77.18,77.54,75.49,75.76,1439434
ESTC,NYSE,2019/11/19 16:00:00,75.77,77.2,74.85,76.84,669307
ESTC,NYSE,2019/11/20 16:00:00,76.22,78.18,75.8,77.84,1002321
ESTC,NYSE,2019/11/21 16:00:00,78.69,79.48,77.46,77.53,839179
ESTC,NYSE,2019/11/22 16:00:00,77.9,79.32,76.91,78.91,663976
ESTC,NYSE,2019/11/25 16:00:00,79.28,80.39,78.94,79.22,924414
ESTC,NYSE,2019/11/26 16:00:00,79.25,80.22,79.01,79.47,839104
ESTC,NYSE,2019/11/27 16:00:00,79.33,80,78.41,79.98,530918
ESTC,NYSE,2019/11/29 13:00:00,79.65,80.02,79.02,79.41,238103
ESTC,NYSE,2019/12/02 16:00:00,79.32,79.7,74.8,76.41,1609431
ESTC,NYSE,2019/12/03 16:00:00,74.57,77.95,74.53,77.78,1638363
ESTC,NYSE,2019/12/04 16:00:00,78.5,79.37,77.4,78.2,1856365
ESTC,NYSE,2019/12/05 16:00:00,66.5,67.5,63.64,64.22,10846660
ESTC,NYSE,2019/12/06 16:00:00,64.54,65.44,62.93,63.84,2931475
ESTC,NYSE,2019/12/09 16:00:00,63.07,63.55,62.02,62.28,2749961
ESTC,NYSE,2019/12/10 16:00:00,62.09,63.05,61.97,62.47,2108116
ESTC,NYSE,2019/12/11 16:00:00,62.38,62.64,61.69,61.99,2231019
ESTC,NYSE,2019/12/12 16:00:00,61.99,62.28,60.1,61.01,1836719
ESTC,NYSE,2019/12/13 16:00:00,61,62.55,60.27,62.16,1313939
ESTC,NYSE,2019/12/16 16:00:00,62,62.26,60.62,62.15,1734321
ESTC,NYSE,2019/12/17 16:00:00,62.37,62.93,61.66,62.42,1184227
ESTC,NYSE,2019/12/18 16:00:00,62.48,63.85,62.32,63.82,1172509
ESTC,NYSE,2019/12/19 16:00:00,63.84,65.11,63.52,63.59,1463878
ESTC,NYSE,2019/12/20 16:00:00,63.79,64.04,62.65,63.14,1883048
ESTC,NYSE,2019/12/23 16:00:00,63.5,65.17,63.16,64.67,1006327
ESTC,NYSE,2019/12/24 13:00:00,64.73,65.48,64.67,65.04,566026
ESTC,NYSE,2019/12/26 16:00:00,65,65.72,64.46,65,800340
ESTC,NYSE,2019/12/27 16:00:00,65,65.73,64.88,65.02,612863
ESTC,NYSE,2019/12/30 16:00:00,65.02,65.26,63.37,64.04,933512
ESTC,NYSE,2019/12/31 16:00:00,63.95,64.97,63.75,64.3,501366
ESTC,NYSE,2020/01/02 16:00:00,64.86,66.98,64.76,65.79,1087907
ESTC,NYSE,2020/01/03 16:00:00,65.1,66.41,64.92,66.08,495104
ESTC,NYSE,2020/01/06 16:00:00,65,68.75,64.91,67.81,2013587
ESTC,NYSE,2020/01/07 16:00:00,68.06,70.05,67.81,69.4,1772661
ESTC,NYSE,2020/01/08 16:00:00,69.1,70.4,68.59,69.77,690052
ESTC,NYSE,2020/01/09 16:00:00,70.26,70.26,66.64,69.37,1883145
ESTC,NYSE,2020/01/10 16:00:00,70.54,70.72,68.41,69.22,1753720
ESTC,NYSE,2020/01/13 16:00:00,69.22,70.5,68.56,68.69,1259699
ESTC,NYSE,2020/01/14 16:00:00,69.16,71.81,68.53,70.67,1212010
ESTC,NYSE,2020/01/15 16:00:00,70.85,73.48,70.78,71.5,1180186
ESTC,NYSE,2020/01/16 16:00:00,71.86,72.5,71,71.87,543914
ESTC,NYSE,2020/01/17 16:00:00,71.99,72.41,70.21,70.47,681449
ESTC,NYSE,2020/01/21 16:00:00,70.15,70.81,69.31,70.33,595575
ESTC,NYSE,2020/01/22 16:00:00,70.92,71.82,68.74,68.92,751115
ESTC,NYSE,2020/01/23 16:00:00,68.8,69.11,66.92,68.03,950813
ESTC,NYSE,2020/01/24 16:00:00,68.67,69.79,66.2,66.39,693029
ESTC,NYSE,2020/01/27 16:00:00,64.43,65.24,63.53,65.11,1531730
ESTC,NYSE,2020/01/28 16:00:00,65.6,66.25,64.29,65.99,706946
ESTC,NYSE,2020/01/29 16:00:00,66.52,67.19,65.59,66.27,762277
ESTC,NYSE,2020/01/30 16:00:00,66.3,66.75,64.5,66.14,638557
ESTC,NYSE,2020/01/31 16:00:00,65.99,66.28,63.8,64.88,692404
ESTC,NYSE,2020/02/03 16:00:00,65.15,66.34,64.82,65.5,1153419
ESTC,NYSE,2020/02/04 16:00:00,66.84,70.21,66.32,69.73,1077374
ESTC,NYSE,2020/02/05 16:00:00,70.68,71.34,66.08,67.16,1312384
ESTC,NYSE,2020/02/06 16:00:00,67.46,70.24,67.04,69.06,1318620
ESTC,NYSE,2020/02/07 16:00:00,69.35,70.06,67.72,69.6,1537980
ESTC,NYSE,2020/02/10 16:00:00,69.34,71.5,68.71,71.5,953636
ESTC,NYSE,2020/02/11 16:00:00,72,72.9,71.41,71.5,1108137
ESTC,NYSE,2020/02/12 16:00:00,72.06,72.73,71.65,72.21,884629
ESTC,NYSE,2020/02/13 16:00:00,71.42,72.36,70.86,72.14,432854
ESTC,NYSE,2020/02/14 16:00:00,72.24,73.17,71.61,72.61,430466
ESTC,NYSE,2020/02/18 16:00:00,72.46,73.95,72.12,73.2,672353
ESTC,NYSE,2020/02/19 16:00:00,73.46,74.98,73.26,73.56,520938
ESTC,NYSE,2020/02/20 16:00:00,73.54,74.84,72,73.58,767988
ESTC,NYSE,2020/02/21 16:00:00,73.14,73.46,71.16,72.78,816952
ESTC,NYSE,2020/02/24 16:00:00,67.78,71.31,67.75,71.3,1241926
ESTC,NYSE,2020/02/25 16:00:00,72.37,72.52,65.9,66.15,1971962
ESTC,NYSE,2020/02/26 16:00:00,66.49,68.59,63.32,63.8,2166365
ESTC,NYSE,2020/02/27 16:00:00,63.01,77.28,63,71.93,5730556
ESTC,NYSE,2020/02/28 16:00:00,69.47,75.78,69.47,73.86,2328265
ESTC,NYSE,2020/03/02 16:00:00,72.85,73.44,68.21,72.74,1789211
ESTC,NYSE,2020/03/03 16:00:00,71.7,71.96,66.87,67.67,2817829
ESTC,NYSE,2020/03/04 16:00:00,69.78,71.84,67.52,71.83,1866890
ESTC,NYSE,2020/03/05 16:00:00,70.37,72.12,70.09,71.86,1727937
ESTC,NYSE,2020/03/06 16:00:00,68.86,69.48,63.43,64.14,1988403
ESTC,NYSE,2020/03/09 16:00:00,58.01,59.1,55.82,55.86,2303989
ESTC,NYSE,2020/03/10 16:00:00,58.54,58.97,54.52,58,1844681
ESTC,NYSE,2020/03/11 16:00:00,57.16,57.5,52.21,52.8,1496614
ESTC,NYSE,2020/03/12 16:00:00,46.01,50.59,45.02,48.76,2382997
ESTC,NYSE,2020/03/13 16:00:00,52.01,52.03,46.8,51.52,1125398
ESTC,NYSE,2020/03/16 16:00:00,46.25,46.85,41.63,45.37,2706094
ESTC,NYSE,2020/03/17 16:00:00,45.48,46.38,39.01,45.76,2385124
ESTC,NYSE,2020/03/18 16:00:00,43,46.74,41.31,44.12,1833275
ESTC,NYSE,2020/03/19 16:00:00,43.5,50.58,42.01,48.17,1883093
ESTC,NYSE,2020/03/20 16:00:00,50.28,54.74,48.8,49.96,2147683
ESTC,NYSE,2020/03/23 16:00:00,49.9,50.69,45.51,48.73,1491280
ESTC,NYSE,2020/03/24 16:00:00,52,56.31,50.55,55,1293137
ESTC,NYSE,2020/03/25 16:00:00,55,58,53.98,56.28,1380602
ESTC,NYSE,2020/03/26 16:00:00,57.12,59.34,55.34,56.41,2348448
ESTC,NYSE,2020/03/27 16:00:00,53.88,54.2,51.9,53.62,881475
ESTC,NYSE,2020/03/30 16:00:00,53.79,55.88,53.07,55.69,667392
ESTC,NYSE,2020/03/31 16:00:00,55.59,58.94,54.31,55.81,1037442
ESTC,NYSE,2020/04/01 16:00:00,54.53,55.45,51.48,51.69,1213874
ESTC,NYSE,2020/04/02 16:00:00,52.27,52.69,48.11,48.59,2369253
ESTC,NYSE,2020/04/03 16:00:00,48.77,49.87,46.27,47.39,3206969
ESTC,NYSE,2020/04/06 16:00:00,49.5,53.1,49.12,52.59,1087867
ESTC,NYSE,2020/04/07 16:00:00,55,55.24,51.35,51.76,1435279
ESTC,NYSE,2020/04/08 16:00:00,52.53,56.96,52.12,55.72,1836983
ESTC,NYSE,2020/04/09 16:00:00,56.75,56.87,52.37,54,1111902
ESTC,NYSE,2020/04/13 16:00:00,54,54.26,51.52,53.93,3044014
ESTC,NYSE,2020/04/14 16:00:00,55.5,57.36,55.48,56.75,906762
ESTC,NYSE,2020/04/15 16:00:00,54.82,58.93,54.76,58.07,1638025
ESTC,NYSE,2020/04/16 16:00:00,59.25,60.28,57.44,58.5,850915
ESTC,NYSE,2020/04/17 16:00:00,59.81,61.53,59.52,61.37,1035749
ESTC,NYSE,2020/04/20 16:00:00,60.33,63,60.33,61.28,1794349
ESTC,NYSE,2020/04/21 16:00:00,60.21,62,57.04,58.56,819959
ESTC,NYSE,2020/04/22 16:00:00,60.32,61,59.46,60.28,1287712
ESTC,NYSE,2020/04/23 16:00:00,60,61.77,59.79,59.99,324673
ESTC,NYSE,2020/04/24 16:00:00,60.38,61.56,59.48,61.15,992753
ESTC,NYSE,2020/04/27 16:00:00,62,63.37,61,62.19,695259
ESTC,NYSE,2020/04/28 16:00:00,63.26,63.26,60.4,60.7,652811
ESTC,NYSE,2020/04/29 16:00:00,61.84,64.47,60.51,63.61,702210
ESTC,NYSE,2020/04/30 16:00:00,63.71,65.59,62.7,64.14,951769
ESTC,NYSE,2020/05/01 16:00:00,61.8,63.3,61.59,62.14,533787
ESTC,NYSE,2020/05/04 16:00:00,61.39,63.5,60.68,63.08,838119
ESTC,NYSE,2020/05/05 16:00:00,64,66.19,63.35,63.68,677163
ESTC,NYSE,2020/05/06 16:00:00,64.86,65.98,64.5,65.54,1208510
ESTC,NYSE,2020/05/07 16:00:00,67.45,70.87,66.67,70.57,1523944
ESTC,NYSE,2020/05/08 16:00:00,72.14,72.55,70.01,71.72,628558
ESTC,NYSE,2020/05/11 16:00:00,71.44,72.6,71.06,71.62,1685138
ESTC,NYSE,2020/05/12 16:00:00,72.6,73.4,70.32,70.62,791652
ESTC,NYSE,2020/05/13 16:00:00,70.51,72.2,68.01,69.15,641856
ESTC,NYSE,2020/05/14 16:00:00,68.58,70.22,66.8,69.84,583437
ESTC,NYSE,2020/05/15 16:00:00,69.63,71.89,69.32,70.65,804575
ESTC,NYSE,2020/05/18 16:00:00,74.4,74.4,71.39,71.5,706751
ESTC,NYSE,2020/05/19 16:00:00,72.1,74.73,71.5,73.91,664494
ESTC,NYSE,2020/05/20 16:00:00,74.21,75.9,74.21,75.47,1985959
ESTC,NYSE,2020/05/21 16:00:00,76.53,77.5,74.73,76.45,1203158
ESTC,NYSE,2020/05/22 16:00:00,78.24,84.97,77.53,83.47,3163866
ESTC,NYSE,2020/05/26 16:00:00,86,87.16,84.38,84.95,4333338
ESTC,NYSE,2020/05/27 16:00:00,84,84.99,77.24,80.63,1628565
ESTC,NYSE,2020/05/28 16:00:00,80.09,84.78,80.09,81.7,881085
ESTC,NYSE,2020/05/29 16:00:00,82.76,86.21,81.8,85.92,2548305
ESTC,NYSE,2020/06/01 16:00:00,85.7,90.12,85.7,89.66,2528875
ESTC,NYSE,2020/06/02 16:00:00,90.35,90.6,85.65,88.74,2439117
ESTC,NYSE,2020/06/03 16:00:00,88.74,90.17,87.63,89.27,5663665
ESTC,NYSE,2020/06/04 16:00:00,83.14,88.55,82,85.85,3298159
ESTC,NYSE,2020/06/05 16:00:00,85.23,88.28,83.59,86.9,1763210
ESTC,NYSE,2020/06/08 16:00:00,83.3,84.27,80.19,82.19,2437109
ESTC,NYSE,2020/06/09 16:00:00,81.86,82.88,80.76,81.95,2022038
ESTC,NYSE,2020/06/10 16:00:00,82.21,83.15,80.75,81.99,1420484
ESTC,NYSE,2020/06/11 16:00:00,79.6,81.44,78,79.1,1284977
ESTC,NYSE,2020/06/12 16:00:00,80.32,83.59,80.16,83.49,1922138
ESTC,NYSE,2020/06/15 16:00:00,81.91,86.79,81.07,86.21,1695673
ESTC,NYSE,2020/06/16 16:00:00,87.47,87.93,84.51,87.26,1416207
ESTC,NYSE,2020/06/17 16:00:00,87.85,89.9,87.17,87.73,1109613
ESTC,NYSE,2020/06/18 16:00:00,87.93,90.19,87.75,89.51,1360973
ESTC,NYSE,2020/06/19 16:00:00,90.25,91.59,89.02,90.67,1888515
ESTC,NYSE,2020/06/22 16:00:00,91.13,93.63,90.45,93.47,1993297
ESTC,NYSE,2020/06/23 16:00:00,93.76,95.19,92.22,92.86,1910363
ESTC,NYSE,2020/06/24 16:00:00,92.8,93.53,89.82,91.15,1746226
ESTC,NYSE,2020/06/25 16:00:00,91.05,93.17,89.85,92.97,1043011
ESTC,NYSE,2020/06/26 16:00:00,93.4,94.5,90.81,92.11,1219447
ESTC,NYSE,2020/06/29 16:00:00,91.54,92.29,89.18,91.76,941779
ESTC,NYSE,2020/06/30 16:00:00,92,94,91.68,92.21,1053016
ESTC,NYSE,2020/07/01 16:00:00,92.08,96.05,91.99,94.72,1833708
ESTC,NYSE,2020/07/02 16:00:00,96.09,96.79,94.56,94.58,1220223
ESTC,NYSE,2020/07/06 16:00:00,95.96,96.67,93.1,93.54,1112106
ESTC,NYSE,2020/07/07 16:00:00,93.53,95.5,93,93.32,1012219
ESTC,NYSE,2020/07/08 16:00:00,93.94,96.92,93.79,96.59,844945
ESTC,NYSE,2020/07/09 16:00:00,97.85,99.56,95.08,98.32,1101260
ESTC,NYSE,2020/07/10 16:00:00,98.16,98.37,94.59,95.23,541726
ESTC,NYSE,2020/07/13 16:00:00,96.18,96.97,89.33,89.7,1064399
ESTC,NYSE,2020/07/14 16:00:00,88.01,89.21,84.67,88.93,2583586
ESTC,NYSE,2020/07/15 16:00:00,89.44,90.34,87.93,89.76,989543
ESTC,NYSE,2020/07/16 16:00:00,88.72,89.5,87.73,88.42,796148
ESTC,NYSE,2020/07/17 16:00:00,89.15,90.75,88.4,90.36,986187
ESTC,NYSE,2020/07/20 16:00:00,91.01,93.49,91.01,92.98,699151
ESTC,NYSE,2020/07/21 16:00:00,93.91,94.57,91.39,91.7,795845
ESTC,NYSE,2020/07/22 16:00:00,92.28,93.5,91,91.84,464205
ESTC,NYSE,2020/07/23 16:00:00,92.24,95.77,90.15,91.35,859738
ESTC,NYSE,2020/07/24 16:00:00,90.17,90.6,88.22,88.82,672780
ESTC,NYSE,2020/07/27 16:00:00,89.52,90.77,87.9,90.44,750446
ESTC,NYSE,2020/07/28 16:00:00,90.22,92.13,89.5,89.88,347937
ESTC,NYSE,2020/07/29 16:00:00,90.79,94.07,90.71,93.42,580286
ESTC,NYSE,2020/07/30 16:00:00,92,94.73,91.09,94.62,410741
ESTC,NYSE,2020/07/31 16:00:00,95.74,96.28,92.84,96.19,441474
ESTC,NYSE,2020/08/03 16:00:00,97,99.16,96.07,97.92,1046158
ESTC,NYSE,2020/08/04 16:00:00,97.82,98.34,94.17,95.67,714878
ESTC,NYSE,2020/08/05 16:00:00,96,96.57,94.38,94.73,527760
ESTC,NYSE,2020/08/06 16:00:00,95.31,95.31,91.48,91.51,566278
ESTC,NYSE,2020/08/07 16:00:00,90.37,90.84,83.91,85.35,1610737
ESTC,NYSE,2020/08/10 16:00:00,85.71,86.11,81.04,83.94,1056016
ESTC,NYSE,2020/08/11 16:00:00,83,86.34,80.18,83.85,860407
ESTC,NYSE,2020/08/12 16:00:00,83.95,89.15,83.95,87.08,1967124
ESTC,NYSE,2020/08/13 16:00:00,88.17,91.29,87.89,89.66,929544
ESTC,NYSE,2020/08/14 16:00:00,90.59,92.16,90.22,91.47,668738
ESTC,NYSE,2020/08/17 16:00:00,92.3,93.59,91.39,92.65,835802
ESTC,NYSE,2020/08/18 16:00:00,92.93,94.25,92.02,93.53,831847
ESTC,NYSE,2020/08/19 16:00:00,94.96,98.03,93.84,97.3,713751
ESTC,NYSE,2020/08/20 16:00:00,100,107.93,99.49,106.98,2938491
ESTC,NYSE,2020/08/21 16:00:00,107.38,109.55,105.56,105.94,1362935
ESTC,NYSE,2020/08/24 16:00:00,106.41,108.2,102.28,103.35,1308735
ESTC,NYSE,2020/08/25 16:00:00,102.64,105.93,101.01,104.33,1168389
ESTC,NYSE,2020/08/26 16:00:00,107.84,113.52,106.49,112.98,2469210
ESTC,NYSE,2020/08/27 16:00:00,117.53,117.53,109.43,111.16,2499332
ESTC,NYSE,2020/08/28 16:00:00,111.39,114.33,109.5,110.39,1161903
ESTC,NYSE,2020/08/31 16:00:00,109.88,110.8,106.85,108.58,1051176
ESTC,NYSE,2020/09/01 16:00:00,108.93,112.9,108.91,109.92,1172952
ESTC,NYSE,2020/09/02 16:00:00,110.97,110.97,104.21,106.39,1429275
ESTC,NYSE,2020/09/03 16:00:00,104.71,104.71,100.24,101.92,1130110
ESTC,NYSE,2020/09/04 16:00:00,101.21,103.27,94.03,100.14,1321140
ESTC,NYSE,2020/09/08 16:00:00,96,103.39,96,99.78,1038935
ESTC,NYSE,2020/09/09 16:00:00,101.17,103.94,98.93,102.06,839427
ESTC,NYSE,2020/09/10 16:00:00,102.82,105.04,101.47,101.88,752844
ESTC,NYSE,2020/09/11 16:00:00,103.25,105.51,100.11,100.79,866708
ESTC,NYSE,2020/09/14 16:00:00,102.24,104.9,102.09,102.67,999640
ESTC,NYSE,2020/09/15 16:00:00,103.89,104.7,101.72,103.76,776869
ESTC,NYSE,2020/09/16 16:00:00,104.85,107.26,104.17,106.1,1472761
ESTC,NYSE,2020/09/17 16:00:00,103.99,103.99,100.48,102.29,996535
ESTC,NYSE,2020/09/18 16:00:00,102.8,103.39,99.88,103.2,2696774
ESTC,NYSE,2020/09/21 16:00:00,101.5,108.73,100.94,108.45,1216522
ESTC,NYSE,2020/09/22 16:00:00,108.46,109.08,105.16,108.28,1058110
ESTC,NYSE,2020/09/23 16:00:00,107.36,109.7,105,105.28,1450706
ESTC,NYSE,2020/09/24 16:00:00,105.09,105.45,101.88,104.71,581762
ESTC,NYSE,2020/09/25 16:00:00,101.6,106.92,101.6,106.39,886888
ESTC,NYSE,2020/09/28 16:00:00,108,110.13,107.4,108.76,840942
ESTC,NYSE,2020/09/29 16:00:00,108.79,109.47,107.01,108.47,1423991
ESTC,NYSE,2020/09/30 16:00:00,108.16,109.87,106.51,107.89,704664
ESTC,NYSE,2020/10/01 16:00:00,109.9,113.36,109.63,111.83,948665
ESTC,NYSE,2020/10/02 16:00:00,108.41,112.94,107.5,110.86,551406
ESTC,NYSE,2020/10/05 16:00:00,111.95,114.05,110.63,113.52,522026
ESTC,NYSE,2020/10/06 16:00:00,116.24,119.33,114.7,115.95,1125000
ESTC,NYSE,2020/10/07 16:00:00,118.03,121.04,116.79,119.06,914652
ESTC,NYSE,2020/10/08 16:00:00,120.47,121.93,118.19,119.24,474681
ESTC,NYSE,2020/10/09 16:00:00,120.04,122.71,119.63,122.3,749994
ESTC,NYSE,2020/10/12 16:00:00,123.67,127.9,121.01,125,1265238
ESTC,NYSE,2020/10/13 16:00:00,125.19,126.96,124.25,125.66,1122172
ESTC,NYSE,2020/10/14 16:00:00,127.08,127.49,123.62,124.14,910156
ESTC,NYSE,2020/10/15 16:00:00,120.06,123,118.17,120.14,1295747
ESTC,NYSE,2020/10/16 16:00:00,122.6,123.97,119.45,120.48,690124
ESTC,NYSE,2020/10/19 16:00:00,122.05,124.21,119.11,119.3,458457
ESTC,NYSE,2020/10/20 16:00:00,119.76,121.07,117.05,117.18,612494
ESTC,NYSE,2020/10/21 16:00:00,117.99,118.74,113.9,114.25,459425
ESTC,NYSE,2020/10/22 16:00:00,115.03,115.42,108.95,109.49,892359
ESTC,NYSE,2020/10/23 16:00:00,109.26,109.59,106.76,109,579394
ESTC,NYSE,2020/10/26 16:00:00,108.12,109.37,103.38,106.45,1837491
ESTC,NYSE,2020/10/27 16:00:00,107.63,109.57,107.28,107.9,1028783
ESTC,NYSE,2020/10/28 16:00:00,106.4,107,104.24,106.04,959282
ESTC,NYSE,2020/10/29 16:00:00,107.45,108.7,104.29,105.25,541470
ESTC,NYSE,2020/10/30 16:00:00,104.25,105.19,100.5,101.41,882481
ESTC,NYSE,2020/11/02 16:00:00,101.82,103.93,97.48,99.24,973763
ESTC,NYSE,2020/11/03 16:00:00,100,101.7,99.31,99.98,791713
ESTC,NYSE,2020/11/04 16:00:00,104.18,109.93,104.18,107.99,989874
ESTC,NYSE,2020/11/05 16:00:00,111.86,114.36,109.95,114.24,848428
ESTC,NYSE,2020/11/06 16:00:00,113.94,114.49,110.23,112.5,440706
ESTC,NYSE,2020/11/09 16:00:00,108,112.27,104.72,104.93,812342
ESTC,NYSE,2020/11/10 16:00:00,103.57,104.26,98.15,101.65,817970
ESTC,NYSE,2020/11/11 16:00:00,103.11,105.36,100.64,101,1347654
ESTC,NYSE,2020/11/12 16:00:00,102.6,104.59,100.61,101.31,987397
ESTC,NYSE,2020/11/13 16:00:00,101.81,103.94,100.72,102.28,749695
ESTC,NYSE,2020/11/16 16:00:00,102.05,102.31,100.13,101.65,684677
ESTC,NYSE,2020/11/17 16:00:00,103.12,105.3,102.07,103.49,655423
ESTC,NYSE,2020/11/18 16:00:00,103.85,104.96,101.46,104.24,528657
ESTC,NYSE,2020/11/19 16:00:00,104.88,110.97,103.55,108.24,512156
ESTC,NYSE,2020/11/20 16:00:00,108.2,113.08,107.91,112.96,609816
ESTC,NYSE,2020/11/23 16:00:00,113.26,116.18,112.02,116.14,823305
ESTC,NYSE,2020/11/24 16:00:00,116.1,117.33,114.3,115.74,676479
ESTC,NYSE,2020/11/25 16:00:00,116.41,119.75,114.58,119.18,655292
ESTC,NYSE,2020/11/27 13:00:00,118.68,122.15,118.68,119.41,490526
ESTC,NYSE,2020/11/30 16:00:00,120.8,124.21,118.13,123.8,1075384
ESTC,NYSE,2020/12/01 16:00:00,123.84,123.84,119.12,120.8,1557194
ESTC,NYSE,2020/12/02 16:00:00,119,120.8,114.5,119.9,1263700
ESTC,NYSE,2020/12/03 16:00:00,130.55,143,130.55,135,2499596
ESTC,NYSE,2020/12/04 16:00:00,136.68,144.08,135.21,143.28,1924997
ESTC,NYSE,2020/12/07 16:00:00,139.98,141.7,138.11,141.47,1644630
ESTC,NYSE,2020/12/08 16:00:00,141.91,146.41,141.67,145.83,908766
ESTC,NYSE,2020/12/09 16:00:00,146.95,147,136.43,138.29,1149061
ESTC,NYSE,2020/12/10 16:00:00,136,142.38,135.72,142.07,992886
ESTC,NYSE,2020/12/11 16:00:00,143.21,143.21,139.33,141.48,918153
ESTC,NYSE,2020/12/14 16:00:00,142.07,143.23,139.18,139.5,805722
ESTC,NYSE,2020/12/15 16:00:00,140,141.06,136.53,137.68,718789
ESTC,NYSE,2020/12/16 16:00:00,138.95,143.83,137.31,143.49,781761
ESTC,NYSE,2020/12/17 16:00:00,144.94,149.16,144.04,147.53,940940
ESTC,NYSE,2020/12/18 16:00:00,148,153.88,147.82,153.55,1722980
ESTC,NYSE,2020/12/21 16:00:00,151.81,157.12,150.2,156.21,800257
ESTC,NYSE,2020/12/22 16:00:00,155.8,159.46,154.81,159.08,785642
ESTC,NYSE,2020/12/23 16:00:00,159,159.95,154.03,157.03,446335
ESTC,NYSE,2020/12/24 13:00:00,157,159.9,155.48,155.99,206998
ESTC,NYSE,2020/12/28 16:00:00,159.13,159.13,152.29,152.3,1650000
ESTC,NYSE,2020/12/29 16:00:00,152.05,152.98,143.96,147.87,856182
ESTC,NYSE,2020/12/30 16:00:00,149.27,150.05,147.75,148.22,649689
ESTC,NYSE,2020/12/31 16:00:00,149.22,149.25,144.26,146.13,456499
ESTC,NYSE,2021/01/04 16:00:00,146.99,147.34,136.09,141.46,1318616
ESTC,NYSE,2021/01/05 16:00:00,140.59,145.74,140.11,145.37,623252
ESTC,NYSE,2021/01/06 16:00:00,139.6,145.14,138.41,142.01,1053913
ESTC,NYSE,2021/01/07 16:00:00,144.45,150.48,144,150.44,664319
ESTC,NYSE,2021/01/08 16:00:00,151.81,155.44,150.95,152.15,764409
ESTC,NYSE,2021/01/11 16:00:00,149.2,152.86,147.44,149.88,405085
ESTC,NYSE,2021/01/12 16:00:00,152.7,152.89,148.28,150.79,421122
ESTC,NYSE,2021/01/13 16:00:00,150.79,152.16,148.69,150.14,567100
ESTC,NYSE,2021/01/14 16:00:00,152.01,154.49,150.42,153.5,1178150
ESTC,NYSE,2021/01/15 16:00:00,162.27,170.61,159.53,163.01,1501231
ESTC,NYSE,2021/01/19 16:00:00,165.14,170.26,165.14,169.65,671962
ESTC,NYSE,2021/01/20 16:00:00,172.15,176.49,168.55,168.58,684048
ESTC,NYSE,2021/01/21 16:00:00,170,174.37,166.73,171.29,744219
ESTC,NYSE,2021/01/22 16:00:00,170.69,171.73,168,169.08,536281
ESTC,NYSE,2021/01/25 16:00:00,171.65,172.86,157.58,164.6,523153
ESTC,NYSE,2021/01/26 16:00:00,163.39,165.51,157.2,157.39,499776
ESTC,NYSE,2021/01/27 16:00:00,152.05,158.24,147.02,149.39,965457
ESTC,NYSE,2021/01/28 16:00:00,151.35,155.58,147.63,153.38,698441
ESTC,NYSE,2021/01/29 16:00:00,153.09,154.28,148,151.96,534081
ESTC,NYSE,2021/02/01 16:00:00,153.46,155.88,150.72,151.55,842070
ESTC,NYSE,2021/02/02 16:00:00,154.6,162.6,154.26,162.05,1257853
ESTC,NYSE,2021/02/03 16:00:00,164.49,164.67,159.01,160.64,655920
ESTC,NYSE,2021/02/04 16:00:00,161.21,164.15,159.16,163.98,1169992
ESTC,NYSE,2021/02/05 16:00:00,165,167.46,163.41,166.83,508893
ESTC,NYSE,2021/02/08 16:00:00,168.95,172.54,164.12,165,895180
ESTC,NYSE,2021/02/09 16:00:00,164.99,166.65,161.66,166.43,445278
ESTC,NYSE,2021/02/10 16:00:00,167.73,169.28,159.6,160.66,683792
ESTC,NYSE,2021/02/11 16:00:00,167.99,168.62,163.71,165.09,770143
ESTC,NYSE,2021/02/12 16:00:00,164.05,167.17,161.66,166.9,440128
ESTC,NYSE,2021/02/16 16:00:00,168.8,170,164.1,165.51,556293
ESTC,NYSE,2021/02/17 16:00:00,163.01,163.01,157.68,160.25,481283
ESTC,NYSE,2021/02/18 16:00:00,157.94,159.06,153.7,158.74,1138686
ESTC,NYSE,2021/02/19 16:00:00,164.4,166,160.16,162.62,748175
ESTC,NYSE,2021/02/22 16:00:00,160.15,163.61,154.34,155.46,978264
ESTC,NYSE,2021/02/23 16:00:00,150.83,153.78,142,153.02,1264358
ESTC,NYSE,2021/02/24 16:00:00,153.12,158.78,149.48,156.7,1216172
ESTC,NYSE,2021/02/25 16:00:00,147.37,151.11,129.2,131.56,4444280
ESTC,NYSE,2021/02/26 16:00:00,136.01,138.51,130.14,134.39,1899257
ESTC,NYSE,2021/03/01 16:00:00,136.4,145.97,136.4,144.85,1896032
ESTC,NYSE,2021/03/02 16:00:00,145.9,145.9,140.29,142.42,1273175
ESTC,NYSE,2021/03/03 16:00:00,141.25,142.49,128.64,131.62,1543507
ESTC,NYSE,2021/03/04 16:00:00,130.29,132.23,119.91,122.95,1632261
ESTC,NYSE,2021/03/05 16:00:00,124.32,124.79,114.14,123.55,2645443
ESTC,NYSE,2021/03/08 16:00:00,122.68,123.7,110.93,111.2,2350616
ESTC,NYSE,2021/03/09 16:00:00,115.81,120,112.69,114.44,2333060
ESTC,NYSE,2021/03/10 16:00:00,118.01,119,110.8,112.24,1091049
ESTC,NYSE,2021/03/11 16:00:00,116.81,119.07,114.48,118.67,1777378
ESTC,NYSE,2021/03/12 16:00:00,118.3,118.3,113.2,116.28,662436
ESTC,NYSE,2021/03/15 16:00:00,115.9,118.01,114.52,117.97,714863
ESTC,NYSE,2021/03/16 16:00:00,120.65,122.47,115.77,118.15,1259854
ESTC,NYSE,2021/03/17 16:00:00,114.86,118.32,112.44,116.29,1097327
ESTC,NYSE,2021/03/18 16:00:00,113.73,114.69,110.07,111.74,967346
ESTC,NYSE,2021/03/19 16:00:00,111.2,114.62,109.55,111.59,869593
ESTC,NYSE,2021/03/22 16:00:00,113.93,117.72,113.29,116.74,962311
ESTC,NYSE,2021/03/23 16:00:00,117.37,118.93,114.64,115.42,1064807
ESTC,NYSE,2021/03/24 16:00:00,115.42,116.32,111,111.22,1012705
ESTC,NYSE,2021/03/25 16:00:00,108.4,113.79,104.5,111.77,1190311
ESTC,NYSE,2021/03/26 16:00:00,111.3,113.13,106.72,110.93,763521
ESTC,NYSE,2021/03/29 16:00:00,110.28,110.53,105,105.98,1442097
ESTC,NYSE,2021/03/30 16:00:00,104.61,107.25,102.32,106.14,1932666
ESTC,NYSE,2021/03/31 16:00:00,108.48,113.6,107.43,111.2,1054197
ESTC,NYSE,2021/04/01 16:00:00,114.77,117.26,113.56,114.53,1038278
ESTC,NYSE,2021/04/05 16:00:00,117.66,117.66,111.89,113.25,802316
ESTC,NYSE,2021/04/06 16:00:00,112.36,122.05,111.5,121.31,1959197
ESTC,NYSE,2021/04/07 16:00:00,120.29,123.4,118.29,121.75,1202464
ESTC,NYSE,2021/04/08 16:00:00,123.88,126.41,122.78,126.22,1228785
ESTC,NYSE,2021/04/09 16:00:00,125.29,125.29,122.04,123.62,657215
GL,NYSE,2019/04/01 16:00:00,82.42,84.23,82.42,84.16,685302
GL,NYSE,2019/04/02 16:00:00,84.09,84.56,83.57,83.87,633368
GL,NYSE,2019/04/03 16:00:00,84.58,85.04,84.36,84.69,548669
GL,NYSE,2019/04/04 16:00:00,84.56,85.32,84.31,84.57,294340
GL,NYSE,2019/04/05 16:00:00,84.59,85.34,84.23,85.32,606732
GL,NYSE,2019/04/08 16:00:00,85.14,85.56,85.08,85.46,408312
GL,NYSE,2019/04/09 16:00:00,84.94,84.97,84.1,84.22,376005
GL,NYSE,2019/04/10 16:00:00,84.28,85.15,84.1,85.02,350518
GL,NYSE,2019/04/11 16:00:00,85.31,86.13,84.96,85.45,423797
GL,NYSE,2019/04/12 16:00:00,86.52,87.13,86.06,86.84,370480
GL,NYSE,2019/04/15 16:00:00,86.63,87.16,85.95,86.12,350977
GL,NYSE,2019/04/16 16:00:00,86.47,87.31,86.39,87.1,397075
GL,NYSE,2019/04/17 16:00:00,87.49,87.49,86.21,86.26,702973
GL,NYSE,2019/04/18 16:00:00,86.51,91.28,86.51,88.74,1051889
GL,NYSE,2019/04/22 16:00:00,88.85,88.87,86.43,87.06,710860
GL,NYSE,2019/04/23 16:00:00,86.95,87.23,86.52,86.81,611309
GL,NYSE,2019/04/24 16:00:00,86.63,86.74,86.09,86.35,526216
GL,NYSE,2019/04/25 16:00:00,85.73,86.84,85.25,86.55,406176
GL,NYSE,2019/04/26 16:00:00,86.71,87.02,86.12,87,282550
GL,NYSE,2019/04/29 16:00:00,87.19,88.04,87.08,87.71,447325
GL,NYSE,2019/04/30 16:00:00,87.81,87.81,86.77,87.66,465735
GL,NYSE,2019/05/01 16:00:00,87.57,88.03,87.09,87.31,435280
GL,NYSE,2019/05/02 16:00:00,87.39,87.96,86.92,87.5,390819
GL,NYSE,2019/05/03 16:00:00,87.73,88.32,87.47,87.9,284268
GL,NYSE,2019/05/06 16:00:00,86.61,88.23,86.36,87.94,250738
GL,NYSE,2019/05/07 16:00:00,87.4,87.79,85.98,86.56,328426
GL,NYSE,2019/05/08 16:00:00,86.28,87.48,86.03,86.87,426127
GL,NYSE,2019/05/09 16:00:00,86.08,87.4,85.9,87.14,338926
GL,NYSE,2019/05/10 16:00:00,86.77,88.35,86.38,88.24,331736
GL,NYSE,2019/05/13 16:00:00,86.82,87.27,85.85,86.3,481289
GL,NYSE,2019/05/14 16:00:00,86.45,87.87,86.45,87.31,415934
GL,NYSE,2019/05/15 16:00:00,86.51,87.24,86.07,86.75,356875
GL,NYSE,2019/05/16 16:00:00,87.16,87.82,87.12,87.39,442304
GL,NYSE,2019/05/17 16:00:00,86.52,88.15,86.5,87.39,507090
GL,NYSE,2019/05/20 16:00:00,87.28,88.41,87.21,88.3,589879
GL,NYSE,2019/05/21 16:00:00,88.78,89.41,88.51,88.82,473538
GL,NYSE,2019/05/22 16:00:00,88.46,88.75,88.16,88.45,500689
GL,NYSE,2019/05/23 16:00:00,87.45,87.6,86.12,86.66,564975
GL,NYSE,2019/05/24 16:00:00,86.89,87.33,86.45,87.19,443844
GL,NYSE,2019/05/28 16:00:00,87.04,87.24,86.19,86.28,649249
GL,NYSE,2019/05/29 16:00:00,86.03,86.95,85.74,86.81,532357
GL,NYSE,2019/05/30 16:00:00,86.81,87.62,86.4,86.49,308892
GL,NYSE,2019/05/31 16:00:00,85.57,86.14,85.33,85.51,412918
GL,NYSE,2019/06/03 16:00:00,85.43,86.84,85.31,86.81,436162
GL,NYSE,2019/06/04 16:00:00,87.85,88.3,87.25,88.23,526804
GL,NYSE,2019/06/05 16:00:00,88.37,88.65,87.52,88.3,536346
GL,NYSE,2019/06/06 16:00:00,88.49,89.1,88.18,88.93,309904
GL,NYSE,2019/06/07 16:00:00,88.81,89.53,88.81,88.87,329948
GL,NYSE,2019/06/10 16:00:00,89.62,89.72,88.78,88.8,354845
GL,NYSE,2019/06/11 16:00:00,89.26,89.51,88.38,88.42,422825
GL,NYSE,2019/06/12 16:00:00,88.33,88.74,87.9,88.45,430496
GL,NYSE,2019/06/13 16:00:00,88.47,88.95,88.26,88.63,386690
GL,NYSE,2019/06/14 16:00:00,88.7,89.26,88.33,89.17,335473
GL,NYSE,2019/06/17 16:00:00,89.22,89.48,88.23,88.32,275935
GL,NYSE,2019/06/18 16:00:00,88.37,89.04,87.97,88.79,330810
GL,NYSE,2019/06/19 16:00:00,88.73,89.5,88.43,88.6,378049
GL,NYSE,2019/06/20 16:00:00,89.21,89.49,88.06,89.37,378283
GL,NYSE,2019/06/21 16:00:00,89.49,89.59,88.05,88.08,1055840
GL,NYSE,2019/06/24 16:00:00,88.14,89.3,88.14,88.34,450002
GL,NYSE,2019/06/25 16:00:00,88.42,88.5,87.81,88.25,371490
GL,NYSE,2019/06/26 16:00:00,88.39,88.63,87.58,87.58,384262
GL,NYSE,2019/06/27 16:00:00,87.82,88.57,87.77,88.44,343728
GL,NYSE,2019/06/28 16:00:00,89.03,89.67,89.03,89.46,913506
GL,NYSE,2019/07/01 16:00:00,90.07,91.27,90.07,91.13,461154
GL,NYSE,2019/07/02 16:00:00,91.17,91.29,89.99,90.51,400838
GL,NYSE,2019/07/03 13:00:00,90.65,91.77,90.64,91.63,255203
GL,NYSE,2019/07/05 16:00:00,91.66,91.83,90.99,91.77,408553
GL,NYSE,2019/07/08 16:00:00,91.32,91.62,90.81,90.87,451243
GL,NYSE,2019/07/09 16:00:00,90.31,91.57,90.31,91.54,463862
GL,NYSE,2019/07/10 16:00:00,91.54,91.84,90.99,91.12,485516
GL,NYSE,2019/07/11 16:00:00,91.48,91.7,90.77,91.68,565499
GL,NYSE,2019/07/12 16:00:00,91.85,92.18,91.33,92.05,452801
GL,NYSE,2019/07/15 16:00:00,92.34,92.36,91.71,92.26,375908
GL,NYSE,2019/07/16 16:00:00,92.42,92.42,91.77,91.91,504611
GL,NYSE,2019/07/17 16:00:00,91.76,92.03,90.96,91.31,348410
GL,NYSE,2019/07/18 16:00:00,91.22,91.98,91.04,91.83,411056
GL,NYSE,2019/07/19 16:00:00,91.94,92.21,91,91.04,341832
GL,NYSE,2019/07/22 16:00:00,91.03,91.42,90.85,91.1,374945
GL,NYSE,2019/07/23 16:00:00,91.11,91.63,90.58,91.32,358264
GL,NYSE,2019/07/24 16:00:00,91.18,91.44,90.35,90.88,555977
GL,NYSE,2019/07/25 16:00:00,92.08,93.26,91.39,92.15,673209
GL,NYSE,2019/07/26 16:00:00,92.42,92.96,91.69,92.93,629836
GL,NYSE,2019/07/29 16:00:00,93.08,93.15,91.57,91.9,478041
GL,NYSE,2019/07/30 16:00:00,91.5,92.15,91.28,91.72,351310
GL,NYSE,2019/07/31 16:00:00,91.71,92.15,90.94,91.32,613453
GL,NYSE,2019/08/01 16:00:00,91.1,91.19,87.75,88.61,717986
GL,NYSE,2019/08/02 16:00:00,88.54,88.6,87.13,87.65,558797
GL,NYSE,2019/08/05 16:00:00,86.31,86.32,84.12,84.71,614420
GL,NYSE,2019/08/06 16:00:00,85.2,86.43,84.57,86.38,535303
GL,NYSE,2019/08/07 16:00:00,84.91,86.43,83.67,85.99,539991
GL,NYSE,2019/08/08 16:00:00,86.86,88.22,86.42,88.1,526412
GL,NYSE,2019/08/09 16:00:00,88.99,88.99,86.68,88.01,280821
GL,NYSE,2019/08/12 16:00:00,87.35,89,87.08,87.28,398210
GL,NYSE,2019/08/13 16:00:00,86.87,89.25,86.71,88.5,367205
GL,NYSE,2019/08/14 16:00:00,87.34,87.59,85.02,85.07,511849
GL,NYSE,2019/08/15 16:00:00,85.42,86.18,85.08,85.81,317657
GL,NYSE,2019/08/16 16:00:00,86.24,87.57,86.21,87.17,593003
GL,NYSE,2019/08/19 16:00:00,88.62,88.62,87.54,87.7,277332
GL,NYSE,2019/08/20 16:00:00,87.47,87.52,86.45,86.56,316373
GL,NYSE,2019/08/21 16:00:00,87.24,87.75,86.48,87.71,307651
GL,NYSE,2019/08/22 16:00:00,88.14,88.71,87.34,88.32,387176
GL,NYSE,2019/08/23 16:00:00,88.15,88.72,85.73,86.13,383943
GL,NYSE,2019/08/26 16:00:00,86.9,87.37,86.34,87.12,267445
GL,NYSE,2019/08/27 16:00:00,87.68,87.81,85.95,86.52,331865
GL,NYSE,2019/08/28 16:00:00,85.91,87.25,85.91,87.08,306568
GL,NYSE,2019/08/29 16:00:00,86.92,88.65,86.92,88.07,477187
GL,NYSE,2019/08/30 16:00:00,88.89,89.41,88.54,89.26,658689
GL,NYSE,2019/09/03 16:00:00,88.25,88.57,87.11,88.14,610605
GL,NYSE,2019/09/04 16:00:00,89.02,89.06,88.31,88.76,367587
GL,NYSE,2019/09/05 16:00:00,89.8,91.57,89.8,90.84,367527
GL,NYSE,2019/09/06 16:00:00,90.96,91.93,90.45,91.68,463690
GL,NYSE,2019/09/09 16:00:00,92.23,93.33,91.81,93.1,571707
GL,NYSE,2019/09/10 16:00:00,93.3,94.41,93.24,94.27,533635
GL,NYSE,2019/09/11 16:00:00,94.32,95.14,92.75,95.13,637446
GL,NYSE,2019/09/12 16:00:00,94.76,95.34,94.28,94.73,513772
GL,NYSE,2019/09/13 16:00:00,95.39,96.1,94.71,95.35,581284
GL,NYSE,2019/09/16 16:00:00,94.84,94.93,93.57,93.72,352577
GL,NYSE,2019/09/17 16:00:00,93.39,94.36,93.01,94.34,359580
GL,NYSE,2019/09/18 16:00:00,93.77,95,93.22,94.94,382815
GL,NYSE,2019/09/19 16:00:00,94.8,95.35,94.18,94.32,259803
GL,NYSE,2019/09/20 16:00:00,95.68,96.03,94.32,94.65,778233
GL,NYSE,2019/09/23 16:00:00,93.87,95.56,93.68,95.35,319254
GL,NYSE,2019/09/24 16:00:00,96.05,96.09,94.85,95.04,418177
GL,NYSE,2019/09/25 16:00:00,95.02,96.17,94.83,95.44,281483
GL,NYSE,2019/09/26 16:00:00,95.38,96.21,95.1,96.06,266577
GL,NYSE,2019/09/27 16:00:00,96.6,96.92,95.7,96.2,249799
GL,NYSE,2019/09/30 16:00:00,96.36,96.72,95.62,95.76,513856
GL,NYSE,2019/10/01 16:00:00,96.26,96.62,94.21,94.29,328042
GL,NYSE,2019/10/02 16:00:00,93.39,93.67,92.14,92.49,509873
GL,NYSE,2019/10/03 16:00:00,91.99,92.65,90.67,92.65,463650
GL,NYSE,2019/10/04 16:00:00,92.94,94.54,92.75,94.51,244772
GL,NYSE,2019/10/07 16:00:00,94.04,94.55,93.75,93.8,340939
GL,NYSE,2019/10/08 16:00:00,93.13,93.13,92.19,92.36,450471
GL,NYSE,2019/10/09 16:00:00,93.09,93.58,92.65,92.85,345305
GL,NYSE,2019/10/10 16:00:00,92.54,94,92.54,93.21,339433
GL,NYSE,2019/10/11 16:00:00,94.79,95.39,94.15,94.25,397120
GL,NYSE,2019/10/14 16:00:00,93.75,94.32,93.46,94.08,248344
GL,NYSE,2019/10/15 16:00:00,95.44,96,94.75,95.15,465972
GL,NYSE,2019/10/16 16:00:00,94.81,95.04,93.98,94.27,394775
GL,NYSE,2019/10/17 16:00:00,94.96,95.42,94.34,94.53,286213
GL,NYSE,2019/10/18 16:00:00,94.4,95.07,94.11,94.68,388972
GL,NYSE,2019/10/21 16:00:00,95.4,95.76,94.98,95.68,315723
GL,NYSE,2019/10/22 16:00:00,95.82,96.34,95.61,95.93,384903
GL,NYSE,2019/10/23 16:00:00,95.7,96.51,95.43,95.67,386501
GL,NYSE,2019/10/24 16:00:00,96.73,97.79,96.13,96.47,567255
GL,NYSE,2019/10/25 16:00:00,95.98,96.8,95.1,96.39,440283
GL,NYSE,2019/10/28 16:00:00,96.76,97.68,96.76,96.84,263542
GL,NYSE,2019/10/29 16:00:00,96.57,97.81,96.57,97.8,447437
GL,NYSE,2019/10/30 16:00:00,97.63,97.63,96.34,97.25,268061
GL,NYSE,2019/10/31 16:00:00,96.75,97.36,96.24,97.33,519273
GL,NYSE,2019/11/01 16:00:00,97.64,98.46,97.56,98.1,274930
GL,NYSE,2019/11/04 16:00:00,98.62,98.9,97.17,97.96,603578
GL,NYSE,2019/11/05 16:00:00,97.97,99.29,97.79,98.13,361402
GL,NYSE,2019/11/06 16:00:00,97.93,98.54,97.7,98.52,375562
GL,NYSE,2019/11/07 16:00:00,98.77,99.62,98.77,98.94,312441
GL,NYSE,2019/11/08 16:00:00,98.98,99.2,98.12,98.93,393225
GL,NYSE,2019/11/11 16:00:00,98.41,99.2,98.02,98.71,339058
GL,NYSE,2019/11/12 16:00:00,98.99,99.66,98.52,99.36,298063
GL,NYSE,2019/11/13 16:00:00,98.76,99.6,98.18,99.57,413292
GL,NYSE,2019/11/14 16:00:00,99.3,100.21,99.24,100.14,413484
GL,NYSE,2019/11/15 16:00:00,100.35,100.83,99.12,99.23,804420
GL,NYSE,2019/11/18 16:00:00,98.84,99.57,98.45,99.53,449218
GL,NYSE,2019/11/19 16:00:00,99.81,100.25,99.22,99.39,476808
GL,NYSE,2019/11/20 16:00:00,99.18,100.47,99,100.09,605623
GL,NYSE,2019/11/21 16:00:00,100.28,100.53,99.6,100.34,392853
GL,NYSE,2019/11/22 16:00:00,100.67,101.01,100.01,100.94,325492
GL,NYSE,2019/11/25 16:00:00,101.04,101.62,100.7,101.37,405787
GL,NYSE,2019/11/26 16:00:00,101.24,102.4,101.07,102.35,1211523
GL,NYSE,2019/11/27 16:00:00,102.78,103.53,102.42,103.13,440163
GL,NYSE,2019/11/29 13:00:00,103.08,103.28,102.67,102.76,265816
GL,NYSE,2019/12/02 16:00:00,103.31,103.62,102.41,102.41,704365
GL,NYSE,2019/12/03 16:00:00,101.32,101.32,100.23,100.73,486002
GL,NYSE,2019/12/04 16:00:00,100.83,102,100.83,101.62,463870
GL,NYSE,2019/12/05 16:00:00,101.64,102.23,101.54,102.09,346179
GL,NYSE,2019/12/06 16:00:00,103.11,103.59,102.85,103.3,360456
GL,NYSE,2019/12/09 16:00:00,104,104.28,103.51,103.91,395546
GL,NYSE,2019/12/10 16:00:00,104.41,104.43,103.59,104.35,463892
GL,NYSE,2019/12/11 16:00:00,104.5,105.14,104.29,104.89,361006
GL,NYSE,2019/12/12 16:00:00,105.01,106.63,105.01,106.35,765172
GL,NYSE,2019/12/13 16:00:00,106.28,106.52,104.82,105.62,443503
GL,NYSE,2019/12/16 16:00:00,106.43,106.82,106.05,106.14,542091
GL,NYSE,2019/12/17 16:00:00,106.13,106.93,106.05,106.45,504809
GL,NYSE,2019/12/18 16:00:00,106.56,106.78,105.78,106.06,466538
GL,NYSE,2019/12/19 16:00:00,106.04,106.04,105.44,105.76,404541
GL,NYSE,2019/12/20 16:00:00,106.36,107.28,105.97,106.63,995749
GL,NYSE,2019/12/23 16:00:00,106.87,106.87,105.68,105.78,434416
GL,NYSE,2019/12/24 13:00:00,106.28,106.28,105.54,106.14,254590
GL,NYSE,2019/12/26 16:00:00,106.45,106.64,105.71,105.97,200485
GL,NYSE,2019/12/27 16:00:00,106.24,106.24,105.55,105.86,262613
GL,NYSE,2019/12/30 16:00:00,106.03,106.19,105.17,105.19,324219
GL,NYSE,2019/12/31 16:00:00,105.19,105.66,104.91,105.25,548333
GL,NYSE,2020/01/02 16:00:00,105.33,105.86,104.34,105.56,837106
GL,NYSE,2020/01/03 16:00:00,104.64,104.64,103.73,104.3,392683
GL,NYSE,2020/01/06 16:00:00,103.49,103.87,103.08,103.75,571566
GL,NYSE,2020/01/07 16:00:00,103.37,104.02,103.03,103.65,311390
GL,NYSE,2020/01/08 16:00:00,103.82,104.69,103.13,103.6,367558
GL,NYSE,2020/01/09 16:00:00,104.4,104.66,103.9,104.65,311178
GL,NYSE,2020/01/10 16:00:00,104.61,105.01,103.99,104.25,270411
GL,NYSE,2020/01/13 16:00:00,104.21,104.5,103.88,104.09,772172
GL,NYSE,2020/01/14 16:00:00,104.01,104.24,103.65,103.93,396619
GL,NYSE,2020/01/15 16:00:00,103.51,103.99,103.34,103.72,440349
GL,NYSE,2020/01/16 16:00:00,104.2,104.54,103.74,104.45,577498
GL,NYSE,2020/01/17 16:00:00,104.82,105.36,104.06,104.45,613820
GL,NYSE,2020/01/21 16:00:00,103.94,104.68,103.61,103.85,381639
GL,NYSE,2020/01/22 16:00:00,104.24,104.8,103.57,103.66,433604
GL,NYSE,2020/01/23 16:00:00,103.02,105,102.79,104.77,386229
GL,NYSE,2020/01/24 16:00:00,104.89,105.5,103.93,104.79,299955
GL,NYSE,2020/01/27 16:00:00,102.82,103.79,102.66,103.24,366211
GL,NYSE,2020/01/28 16:00:00,103.8,105.65,103.36,104.99,474789
GL,NYSE,2020/01/29 16:00:00,105.24,106.25,105.24,105.96,299855
GL,NYSE,2020/01/30 16:00:00,105.2,107.37,105.2,107.29,329542
GL,NYSE,2020/01/31 16:00:00,106.37,106.7,103.86,104.26,506683
GL,NYSE,2020/02/03 16:00:00,105.21,106.1,105.07,105.41,436382
GL,NYSE,2020/02/04 16:00:00,106.54,107.67,106.54,107.13,454379
GL,NYSE,2020/02/05 16:00:00,105.59,108.65,104.61,108.4,652262
GL,NYSE,2020/02/06 16:00:00,108.98,109.1,107.48,108.08,370313
GL,NYSE,2020/02/07 16:00:00,107.92,109,107.76,108.58,383013
GL,NYSE,2020/02/10 16:00:00,108.04,108.95,107.89,108.79,241481
GL,NYSE,2020/02/11 16:00:00,109,109.83,108.92,109.44,424282
GL,NYSE,2020/02/12 16:00:00,109.79,110.4,109.28,109.39,236882
GL,NYSE,2020/02/13 16:00:00,109.15,110.67,108.98,110.59,334420
GL,NYSE,2020/02/14 16:00:00,110.62,111,110.11,110.95,288507
GL,NYSE,2020/02/18 16:00:00,110.59,111.07,109.71,110.33,298680
GL,NYSE,2020/02/19 16:00:00,110.81,111.08,110.24,110.57,215049
GL,NYSE,2020/02/20 16:00:00,110.27,111.43,109.35,111.16,414116
GL,NYSE,2020/02/21 16:00:00,110.71,111.12,109.63,110.14,428846
GL,NYSE,2020/02/24 16:00:00,107.69,108.48,106.22,106.67,371799
GL,NYSE,2020/02/25 16:00:00,106.91,106.91,102.69,103.08,454458
GL,NYSE,2020/02/26 16:00:00,103.5,104.19,100.67,100.74,676028
GL,NYSE,2020/02/27 16:00:00,99,100.49,95.44,95.48,744261
GL,NYSE,2020/02/28 16:00:00,92.47,93.81,90.27,92.66,1402357
GL,NYSE,2020/03/02 16:00:00,93.16,96.16,92.08,96.14,773204
GL,NYSE,2020/03/03 16:00:00,95.68,96.81,90.98,91.18,822617
GL,NYSE,2020/03/04 16:00:00,92.77,95.13,90.33,95.05,787774
GL,NYSE,2020/03/05 16:00:00,92,92.46,88.53,89.65,639245
GL,NYSE,2020/03/06 16:00:00,86.06,87.63,84.73,86.6,990307
GL,NYSE,2020/03/09 16:00:00,79,80.16,74.16,74.97,1235854
GL,NYSE,2020/03/10 16:00:00,77.25,78.78,73.86,78.73,959636
GL,NYSE,2020/03/11 16:00:00,76.46,77.23,72.88,73.37,1045636
GL,NYSE,2020/03/12 16:00:00,67.99,68.69,62.57,63.78,1134672
GL,NYSE,2020/03/13 16:00:00,68.18,71.65,63.8,71.58,1003281
GL,NYSE,2020/03/16 16:00:00,62.57,67.64,61.6,61.95,947257
GL,NYSE,2020/03/17 16:00:00,63.29,67.79,60.73,67.63,928798
GL,NYSE,2020/03/18 16:00:00,63.92,69.01,62.01,67.06,1512504
GL,NYSE,2020/03/19 16:00:00,65.66,67.09,62.38,64.5,804842
GL,NYSE,2020/03/20 16:00:00,64.62,66.98,61.03,61.41,1224541
GL,NYSE,2020/03/23 16:00:00,61.5,61.5,56.74,58.15,720120
GL,NYSE,2020/03/24 16:00:00,60.57,65.6,60.51,65.38,660401
GL,NYSE,2020/03/25 16:00:00,64.9,71.65,63.67,67.82,978278
GL,NYSE,2020/03/26 16:00:00,68.73,73,67.07,72.31,1027132
GL,NYSE,2020/03/27 16:00:00,70.13,72.99,68.92,71.23,631207
GL,NYSE,2020/03/30 16:00:00,70.98,74.64,68.96,74.22,808352
GL,NYSE,2020/03/31 16:00:00,73.19,74.78,71.29,71.97,869094
GL,NYSE,2020/04/01 16:00:00,68.07,69.68,65.04,66.02,857078
GL,NYSE,2020/04/02 16:00:00,65.05,67.84,64.91,66.96,768738
GL,NYSE,2020/04/03 16:00:00,65.81,66.72,63.08,63.93,816737
GL,NYSE,2020/04/06 16:00:00,67.81,72.5,67.34,71.87,715250
GL,NYSE,2020/04/07 16:00:00,75.68,76.6,71.04,71.3,727662
GL,NYSE,2020/04/08 16:00:00,71.58,75.63,70.64,75.21,614490
GL,NYSE,2020/04/09 16:00:00,76.07,81.27,75.94,80.4,668401
GL,NYSE,2020/04/13 16:00:00,78.75,80.24,77.53,79.71,517508
GL,NYSE,2020/04/14 16:00:00,81.5,81.67,78.63,80.02,834703
GL,NYSE,2020/04/15 16:00:00,77.19,77.27,74.57,75,698252
GL,NYSE,2020/04/16 16:00:00,74.19,75.15,72.55,72.8,610376
GL,NYSE,2020/04/17 16:00:00,76.13,77.82,74.9,77.25,646608
GL,NYSE,2020/04/20 16:00:00,75.82,76.7,74.07,75.6,723359
GL,NYSE,2020/04/21 16:00:00,73.56,74.75,72.89,73.51,598960
GL,NYSE,2020/04/22 16:00:00,75.67,75.67,73.2,73.22,503657
GL,NYSE,2020/04/23 16:00:00,72.89,77.11,71.65,74.86,871184
GL,NYSE,2020/04/24 16:00:00,75.69,76.21,73.89,76.07,599898
GL,NYSE,2020/04/27 16:00:00,76.37,82.49,76.34,82.23,863672
GL,NYSE,2020/04/28 16:00:00,84.44,86.08,82.82,83.07,759725
GL,NYSE,2020/04/29 16:00:00,85.7,86.41,83.66,85.39,439484
GL,NYSE,2020/04/30 16:00:00,83.1,84.57,82.25,82.34,485860
GL,NYSE,2020/05/01 16:00:00,80.8,81.04,79.06,79.99,532169
GL,NYSE,2020/05/04 16:00:00,78.99,79.71,77.46,78.56,641295
GL,NYSE,2020/05/05 16:00:00,80.4,80.61,77.5,77.54,475879
GL,NYSE,2020/05/06 16:00:00,78.07,78.32,74.09,74.19,529232
GL,NYSE,2020/05/07 16:00:00,75.04,77.85,75.04,75.73,661663
GL,NYSE,2020/05/08 16:00:00,77.45,77.75,75.52,77.75,645465
GL,NYSE,2020/05/11 16:00:00,76.47,77.28,75,75.11,612485
GL,NYSE,2020/05/12 16:00:00,74.98,75.39,71.61,71.61,574209
GL,NYSE,2020/05/13 16:00:00,70.81,70.81,65.9,66.55,821761
GL,NYSE,2020/05/14 16:00:00,65.29,67.55,62.75,67.37,754360
GL,NYSE,2020/05/15 16:00:00,66.48,69.03,65.31,68.76,2836480
GL,NYSE,2020/05/18 16:00:00,72.49,75.04,71.6,73.94,1604318
GL,NYSE,2020/05/19 16:00:00,73.68,73.83,70.74,70.75,481570
GL,NYSE,2020/05/20 16:00:00,71.81,73.62,71.57,72.6,447479
GL,NYSE,2020/05/21 16:00:00,72.12,73.85,72.12,73.38,397297
GL,NYSE,2020/05/22 16:00:00,73.36,73.45,71.67,72.54,546926
GL,NYSE,2020/05/26 16:00:00,75.82,78.23,75.27,76.83,471966
GL,NYSE,2020/05/27 16:00:00,80.35,81.06,78.14,78.44,578275
GL,NYSE,2020/05/28 16:00:00,79.18,79.18,76.73,77.08,516476
GL,NYSE,2020/05/29 16:00:00,76.04,77.81,75.25,77.02,879002
GL,NYSE,2020/06/01 16:00:00,77.33,79.95,76.38,79.25,696229
GL,NYSE,2020/06/02 16:00:00,80.67,81.01,78.51,78.94,620497
GL,NYSE,2020/06/03 16:00:00,80.94,82.77,80.34,80.86,521309
GL,NYSE,2020/06/04 16:00:00,80.25,82.68,79.54,82.64,651268
GL,NYSE,2020/06/05 16:00:00,87.36,88.43,85.69,85.92,611761
GL,NYSE,2020/06/08 16:00:00,86.32,88.53,86.22,87.24,649772
GL,NYSE,2020/06/09 16:00:00,84.63,85.94,83.77,85.01,441658
GL,NYSE,2020/06/10 16:00:00,84.41,84.91,82.31,82.49,551559
GL,NYSE,2020/06/11 16:00:00,78.14,79.69,73.92,74,591819
GL,NYSE,2020/06/12 16:00:00,77.27,77.75,73.69,75.9,511820
GL,NYSE,2020/06/15 16:00:00,72.95,77.4,72.82,76.86,537480
GL,NYSE,2020/06/16 16:00:00,81,81,76.72,78.22,605081
GL,NYSE,2020/06/17 16:00:00,78.43,78.64,76.11,76.48,897111
GL,NYSE,2020/06/18 16:00:00,75.42,77.43,75.33,76.64,394180
GL,NYSE,2020/06/19 16:00:00,78.64,78.64,74.6,76.2,1010305
GL,NYSE,2020/06/22 16:00:00,75.81,75.81,74.32,75.45,499620
GL,NYSE,2020/06/23 16:00:00,77.04,77.25,74.77,74.82,647775
GL,NYSE,2020/06/24 16:00:00,73.83,73.83,71.13,71.19,978578
GL,NYSE,2020/06/25 16:00:00,70.65,72.8,70.46,72.66,651071
GL,NYSE,2020/06/26 16:00:00,71.54,72.03,70.19,70.85,888613
GL,NYSE,2020/06/29 16:00:00,72.13,73.02,71.14,72.35,501405
GL,NYSE,2020/06/30 16:00:00,72.18,74.76,72.18,74.23,631495
GL,NYSE,2020/07/01 16:00:00,74.6,74.63,72.27,72.8,583462
GL,NYSE,2020/07/02 16:00:00,74.61,75.04,72.29,72.53,424240
GL,NYSE,2020/07/06 16:00:00,74.4,75.18,73.06,73.92,537588
GL,NYSE,2020/07/07 16:00:00,72.79,73.08,71.38,71.5,760575
GL,NYSE,2020/07/08 16:00:00,71.82,73.1,71.2,72.2,846782
GL,NYSE,2020/07/09 16:00:00,72.15,72.15,69.47,70.19,426727
GL,NYSE,2020/07/10 16:00:00,70.37,72.35,70.32,72.32,661297
GL,NYSE,2020/07/13 16:00:00,73.35,73.68,71.98,72.52,379902
GL,NYSE,2020/07/14 16:00:00,72.25,73.65,71.78,73.38,387464
GL,NYSE,2020/07/15 16:00:00,75.05,75.79,74.12,75.31,344365
GL,NYSE,2020/07/16 16:00:00,74.56,77.32,74.4,75.97,380278
GL,NYSE,2020/07/17 16:00:00,76.19,76.19,74.74,75.32,423390
GL,NYSE,2020/07/20 16:00:00,74.78,75.12,73.53,74.14,354934
GL,NYSE,2020/07/21 16:00:00,74.31,76.15,74.22,75.21,502152
GL,NYSE,2020/07/22 16:00:00,74.56,75.86,74.44,75.68,469660
GL,NYSE,2020/07/23 16:00:00,78.97,80.89,78.03,80.32,999533
GL,NYSE,2020/07/24 16:00:00,81.18,81.26,78.94,80.37,773296
GL,NYSE,2020/07/27 16:00:00,79.61,80.22,78.72,79.57,716927
GL,NYSE,2020/07/28 16:00:00,79.12,80.1,78.31,78.39,334352
GL,NYSE,2020/07/29 16:00:00,78.14,81.1,78.14,80.74,505633
GL,NYSE,2020/07/30 16:00:00,78.88,80.11,78.47,79.74,607950
GL,NYSE,2020/07/31 16:00:00,79.63,80.41,78.93,79.6,678269
GL,NYSE,2020/08/03 16:00:00,79.84,80.19,78.94,79.55,503765
GL,NYSE,2020/08/04 16:00:00,79.22,79.58,78.56,78.68,339737
GL,NYSE,2020/08/05 16:00:00,79.45,80.71,79.3,80.3,617705
GL,NYSE,2020/08/06 16:00:00,80.05,81.1,79.92,80.33,580677
GL,NYSE,2020/08/07 16:00:00,79.91,82.8,79.81,82.68,431380
GL,NYSE,2020/08/10 16:00:00,82.82,85.08,82.76,84.79,431199
GL,NYSE,2020/08/11 16:00:00,86.57,87.51,85.41,85.76,487936
GL,NYSE,2020/08/12 16:00:00,87.28,87.28,84.62,85.54,330149
GL,NYSE,2020/08/13 16:00:00,84.5,85.54,83.84,84.98,267258
GL,NYSE,2020/08/14 16:00:00,84.37,85.94,84.37,85.48,250543
GL,NYSE,2020/08/17 16:00:00,85.17,85.41,83.28,83.41,358797
GL,NYSE,2020/08/18 16:00:00,83.37,83.86,82.26,82.66,473233
GL,NYSE,2020/08/19 16:00:00,82.68,83.56,82.43,82.61,271020
GL,NYSE,2020/08/20 16:00:00,81.35,82.12,81.01,81.16,283855
GL,NYSE,2020/08/21 16:00:00,81.04,81.66,80.29,80.73,317891
GL,NYSE,2020/08/24 16:00:00,81.39,84.5,80.98,84.49,398246
GL,NYSE,2020/08/25 16:00:00,85.39,85.63,83.91,84.31,348965
GL,NYSE,2020/08/26 16:00:00,84.09,84.59,83.24,84.16,345997
GL,NYSE,2020/08/27 16:00:00,83.91,85.92,83.91,85.09,406393
GL,NYSE,2020/08/28 16:00:00,85.77,85.77,84.45,84.82,430649
GL,NYSE,2020/08/31 16:00:00,84.66,84.66,82.44,82.48,499894
GL,NYSE,2020/09/01 16:00:00,81.86,83.6,81.45,82.03,494143
GL,NYSE,2020/09/02 16:00:00,82,83.57,81.61,82.98,599442
GL,NYSE,2020/09/03 16:00:00,83.88,85.99,81.47,81.85,625379
GL,NYSE,2020/09/04 16:00:00,84,84.72,82.79,83.89,640873
GL,NYSE,2020/09/08 16:00:00,83.4,83.4,80.63,81.52,527825
GL,NYSE,2020/09/09 16:00:00,82.36,82.58,81.27,81.6,440578
GL,NYSE,2020/09/10 16:00:00,82.16,82.7,80.07,80.07,480318
GL,NYSE,2020/09/11 16:00:00,80.08,81.9,79.55,81.47,368699
GL,NYSE,2020/09/14 16:00:00,82.24,83.83,82.24,83.23,346002
GL,NYSE,2020/09/15 16:00:00,83.15,84.01,82.38,83.39,576485
GL,NYSE,2020/09/16 16:00:00,83.25,85.18,83.25,83.81,591022
GL,NYSE,2020/09/17 16:00:00,83,84.15,82.56,83.4,542160
GL,NYSE,2020/09/18 16:00:00,82.98,84.02,82.36,82.46,836900
GL,NYSE,2020/09/21 16:00:00,80.47,81.32,78.22,79.29,861411
GL,NYSE,2020/09/22 16:00:00,78.99,80.67,78.99,79.47,786637
GL,NYSE,2020/09/23 16:00:00,79.88,80.96,77.31,77.41,443679
GL,NYSE,2020/09/24 16:00:00,77.37,79.18,75.39,77.78,463814
GL,NYSE,2020/09/25 16:00:00,77,78.92,76.87,78.47,326018
GL,NYSE,2020/09/28 16:00:00,79.88,80.71,79.26,79.85,450550
GL,NYSE,2020/09/29 16:00:00,79.39,80.03,78.72,79.01,414556
GL,NYSE,2020/09/30 16:00:00,79.37,80.65,79.11,79.9,511081
GL,NYSE,2020/10/01 16:00:00,79.79,80.77,78.89,80.52,415871
GL,NYSE,2020/10/02 16:00:00,79.26,81.62,79.08,80.79,372202
GL,NYSE,2020/10/05 16:00:00,81.91,82.8,81.46,82.17,323231
GL,NYSE,2020/10/06 16:00:00,82.86,83.78,80.91,81.06,409445
GL,NYSE,2020/10/07 16:00:00,81.94,83.04,81.71,82.14,399402
GL,NYSE,2020/10/08 16:00:00,82.9,83.6,82.19,82.97,457033
GL,NYSE,2020/10/09 16:00:00,83.83,84,81.77,81.79,300640
GL,NYSE,2020/10/12 16:00:00,81.75,82.99,81.75,82.44,266636
GL,NYSE,2020/10/13 16:00:00,81.75,82.4,80.78,81.32,537840
GL,NYSE,2020/10/14 16:00:00,81.86,83.02,81.44,81.52,451176
GL,NYSE,2020/10/15 16:00:00,80.43,83.26,80.23,82.87,428669
GL,NYSE,2020/10/16 16:00:00,82.99,83.81,82.3,83.24,413982
GL,NYSE,2020/10/19 16:00:00,83.22,84.57,82.44,82.68,398105
GL,NYSE,2020/10/20 16:00:00,83.25,84.6,83.13,83.45,440298
GL,NYSE,2020/10/21 16:00:00,83.46,84.67,83.46,84.13,591163
GL,NYSE,2020/10/22 16:00:00,84.08,86.99,81.98,86.48,814931
GL,NYSE,2020/10/23 16:00:00,87.16,87.75,85.4,86.14,499290
GL,NYSE,2020/10/26 16:00:00,85,85,83.48,83.83,471957
GL,NYSE,2020/10/27 16:00:00,83.36,83.94,81.26,81.35,414926
GL,NYSE,2020/10/28 16:00:00,79.81,80.62,78.62,78.79,513120
GL,NYSE,2020/10/29 16:00:00,78.48,80.47,77.71,79.77,484095
GL,NYSE,2020/10/30 16:00:00,79.58,81.63,79.35,81.09,731635
GL,NYSE,2020/11/02 16:00:00,82.53,83.74,81.66,83.25,379683
GL,NYSE,2020/11/03 16:00:00,84.86,86.34,84.27,85.15,478698
GL,NYSE,2020/11/04 16:00:00,83.01,86.36,82.25,83.75,361947
GL,NYSE,2020/11/05 16:00:00,84.27,86.75,84.27,86.3,326894
GL,NYSE,2020/11/06 16:00:00,86.72,87.35,84.23,84.7,283386
GL,NYSE,2020/11/09 16:00:00,93.01,93.59,90.03,91.47,744886
GL,NYSE,2020/11/10 16:00:00,91.83,93.4,91.44,92.77,388510
GL,NYSE,2020/11/11 16:00:00,93.18,93.18,90.77,91.99,340135
GL,NYSE,2020/11/12 16:00:00,91.03,91.4,88.57,89.35,342579
GL,NYSE,2020/11/13 16:00:00,90.44,92.57,90.36,92.04,331044
GL,NYSE,2020/11/16 16:00:00,94.57,94.97,92.93,94.26,369573
GL,NYSE,2020/11/17 16:00:00,92.99,94.22,92.25,93.79,334517
GL,NYSE,2020/11/18 16:00:00,93.89,95.21,92.38,92.46,381893
GL,NYSE,2020/11/19 16:00:00,91.75,93.61,91.2,93.35,399408
GL,NYSE,2020/11/20 16:00:00,92.98,93.73,92.54,93.29,373757
GL,NYSE,2020/11/23 16:00:00,94.48,95.06,93.71,94.63,412975
GL,NYSE,2020/11/24 16:00:00,96.31,97.6,95.39,97.52,504204
GL,NYSE,2020/11/25 16:00:00,96.6,96.95,95.34,96.65,308926
GL,NYSE,2020/11/27 13:00:00,96.17,97.45,95.84,96.02,194139
GL,NYSE,2020/11/30 16:00:00,95.25,95.78,92.93,93.1,1550246
GL,NYSE,2020/12/01 16:00:00,94.93,95.55,93.86,94.44,477779
GL,NYSE,2020/12/02 16:00:00,94.25,95.34,94.11,95.13,267992
GL,NYSE,2020/12/03 16:00:00,94.7,95.73,94.57,94.95,323238
GL,NYSE,2020/12/04 16:00:00,95.73,97.17,95.66,96.46,370396
GL,NYSE,2020/12/07 16:00:00,95.77,96.02,94.56,94.88,294777
GL,NYSE,2020/12/08 16:00:00,93.71,94.75,93.71,94.55,426363
GL,NYSE,2020/12/09 16:00:00,95.17,95.25,93.82,94.36,340974
GL,NYSE,2020/12/10 16:00:00,93.58,95.15,93.58,94.88,395074
GL,NYSE,2020/12/11 16:00:00,93.77,95.16,93.49,93.7,332176
GL,NYSE,2020/12/14 16:00:00,95.07,95.07,91.77,91.77,426554
GL,NYSE,2020/12/15 16:00:00,92.84,93.88,92.1,93.71,411822
GL,NYSE,2020/12/16 16:00:00,94.13,94.53,92.95,93.53,315612
GL,NYSE,2020/12/17 16:00:00,93.56,93.64,92.64,93.43,337911
GL,NYSE,2020/12/18 16:00:00,93.37,94.06,92.08,92.81,1211647
GL,NYSE,2020/12/21 16:00:00,93.31,93.31,89.92,92.25,471704
GL,NYSE,2020/12/22 16:00:00,92.23,92.93,91.59,91.75,477805
GL,NYSE,2020/12/23 16:00:00,92.11,93.63,92.11,92.9,554256
GL,NYSE,2020/12/24 13:00:00,93.3,93.56,91.88,92.87,76085
GL,NYSE,2020/12/28 16:00:00,93.44,94.66,92.93,93.29,345523
GL,NYSE,2020/12/29 16:00:00,93.72,93.77,92.08,92.16,514751
GL,NYSE,2020/12/30 16:00:00,92.65,93.84,92.65,93.21,399992
GL,NYSE,2020/12/31 16:00:00,93.08,95.12,92.7,94.96,250848
GL,NYSE,2021/01/04 16:00:00,95.36,95.6,92.04,92.4,390696
GL,NYSE,2021/01/05 16:00:00,92.12,93.22,91.88,92.33,289094
GL,NYSE,2021/01/06 16:00:00,94.36,97.79,93.85,97.47,624690
GL,NYSE,2021/01/07 16:00:00,98.07,98.82,96.92,96.97,457138
GL,NYSE,2021/01/08 16:00:00,97.14,97.38,95.38,96.44,297267
GL,NYSE,2021/01/11 16:00:00,95.27,96.38,94.85,95.36,341606
GL,NYSE,2021/01/12 16:00:00,95.42,96.58,95.12,95.65,392255
GL,NYSE,2021/01/13 16:00:00,95.44,96.24,95.11,95.91,389536
GL,NYSE,2021/01/14 16:00:00,96.48,97.23,96,96.58,357525
GL,NYSE,2021/01/15 16:00:00,95.57,96.4,95.09,96.08,365688
GL,NYSE,2021/01/19 16:00:00,96.42,97.74,96.14,96.88,409008
GL,NYSE,2021/01/20 16:00:00,96.74,96.98,95.96,96.52,351959
GL,NYSE,2021/01/21 16:00:00,96.23,96.61,95.56,95.71,375125
GL,NYSE,2021/01/22 16:00:00,94.48,95.03,94.01,94.34,592073
GL,NYSE,2021/01/25 16:00:00,93.32,94.45,92.35,93.5,455429
GL,NYSE,2021/01/26 16:00:00,93.85,94.16,93.09,93.11,382869
GL,NYSE,2021/01/27 16:00:00,91.56,92.36,90.07,90.2,489546
GL,NYSE,2021/01/28 16:00:00,91.33,94.34,90.95,92.76,475474
GL,NYSE,2021/01/29 16:00:00,92.01,92.21,89.84,90.39,547181
GL,NYSE,2021/02/01 16:00:00,91.1,91.59,89.58,91.33,632102
GL,NYSE,2021/02/02 16:00:00,92.5,93.5,91.27,92.58,501900
GL,NYSE,2021/02/03 16:00:00,92.4,94.33,89.77,90.84,648958
GL,NYSE,2021/02/04 16:00:00,90.93,94.05,90.93,93.03,407500
GL,NYSE,2021/02/05 16:00:00,93.4,93.81,91.95,93.66,379246
GL,NYSE,2021/02/08 16:00:00,93.53,94.46,93.4,94.1,461264
GL,NYSE,2021/02/09 16:00:00,93.59,93.79,92.66,92.75,414994
GL,NYSE,2021/02/10 16:00:00,93.14,93.19,91.82,92.36,464341
GL,NYSE,2021/02/11 16:00:00,92.26,93.23,92.04,92.71,377839
GL,NYSE,2021/02/12 16:00:00,92.85,94.06,92.85,94.02,306455
GL,NYSE,2021/02/16 16:00:00,94.1,94.91,93.7,93.78,693846
GL,NYSE,2021/02/17 16:00:00,93.57,94.85,93.09,94.68,481144
GL,NYSE,2021/02/18 16:00:00,94.12,94.44,93.03,93.58,762723
GL,NYSE,2021/02/19 16:00:00,94.05,95.71,93.28,95.3,603845
GL,NYSE,2021/02/22 16:00:00,94.97,97.22,94.97,96.54,531802
GL,NYSE,2021/02/23 16:00:00,97.26,97.44,95.37,96.17,666735
GL,NYSE,2021/02/24 16:00:00,96.14,98.99,96.14,98.32,372411
GL,NYSE,2021/02/25 16:00:00,99.1,99.26,95.43,96.23,400715
GL,NYSE,2021/02/26 16:00:00,95.82,96,93.3,93.4,700814
GL,NYSE,2021/03/01 16:00:00,95.07,96.6,94.93,95.12,501257
GL,NYSE,2021/03/02 16:00:00,95.04,96.73,94.93,96.06,392423
GL,NYSE,2021/03/03 16:00:00,96.22,97.75,96.05,96.32,358814
GL,NYSE,2021/03/04 16:00:00,96,96.43,93.55,94.51,410173
GL,NYSE,2021/03/05 16:00:00,95.44,97.84,94.17,97.32,423496
GL,NYSE,2021/03/08 16:00:00,98.43,101.58,98.26,99.47,491816
GL,NYSE,2021/03/09 16:00:00,98.66,100.8,97.57,99.05,507890
GL,NYSE,2021/03/10 16:00:00,98.9,101.8,98.9,101.14,418592
GL,NYSE,2021/03/11 16:00:00,99.15,101.02,99.15,99.85,340545
GL,NYSE,2021/03/12 16:00:00,101.31,101.53,100.07,101.39,414457
GL,NYSE,2021/03/15 16:00:00,101.15,101.19,99.64,101.18,254914
GL,NYSE,2021/03/16 16:00:00,100.29,100.89,98.9,99.63,264622
GL,NYSE,2021/03/17 16:00:00,100.55,101.39,99.49,100.51,317384
GL,NYSE,2021/03/18 16:00:00,101.75,102.25,99.89,100.04,443188
GL,NYSE,2021/03/19 16:00:00,99.19,100.02,97.88,98.96,985340
GL,NYSE,2021/03/22 16:00:00,98.21,98.85,97.44,98.17,392180
GL,NYSE,2021/03/23 16:00:00,97.27,98.32,95.77,96.25,494968
GL,NYSE,2021/03/24 16:00:00,96.95,98.25,96.61,96.65,391629
GL,NYSE,2021/03/25 16:00:00,96.72,98.41,95.53,98.14,462953
GL,NYSE,2021/03/26 16:00:00,99.19,99.19,97.41,98.46,381481
GL,NYSE,2021/03/29 16:00:00,97.26,98.34,96.38,97.32,373724
GL,NYSE,2021/03/30 16:00:00,97.68,98.62,97.27,98.32,291469
GL,NYSE,2021/03/31 16:00:00,97.67,98.47,96.6,96.63,466347
GL,NYSE,2021/04/01 16:00:00,95.96,98.73,95.92,98.69,371683
GL,NYSE,2021/04/05 16:00:00,99.4,100.01,98.37,98.69,303351
GL,NYSE,2021/04/06 16:00:00,98.64,99.33,98.25,98.92,510418
GL,NYSE,2021/04/07 16:00:00,98.66,99.64,98.28,98.89,243727
GL,NYSE,2021/04/08 16:00:00,98.24,98.53,97.66,97.98,227032
GL,NYSE,2021/04/09 16:00:00,99.03,99.41,98.43,99.41,344997
WU,NYSE,2019/04/01 16:00:00,18.55,18.68,18.53,18.66,4297495
WU,NYSE,2019/04/02 16:00:00,18.66,18.98,18.58,18.93,6463419
WU,NYSE,2019/04/03 16:00:00,18.99,19.24,18.93,19.07,6367436
WU,NYSE,2019/04/04 16:00:00,19.06,19.11,18.95,19.02,2955321
WU,NYSE,2019/04/05 16:00:00,19.11,19.56,19.08,19.39,9897174
WU,NYSE,2019/04/08 16:00:00,19.27,19.5,19.16,19.48,8903347
WU,NYSE,2019/04/09 16:00:00,19.37,19.43,19.19,19.38,8260990
WU,NYSE,2019/04/10 16:00:00,19.38,19.45,19.24,19.37,4007856
WU,NYSE,2019/04/11 16:00:00,19.25,19.29,18.99,19.17,6822098
WU,NYSE,2019/04/12 16:00:00,19.21,19.27,18.98,19.11,5428542
WU,NYSE,2019/04/15 16:00:00,19.16,19.21,19.08,19.17,2535393
WU,NYSE,2019/04/16 16:00:00,19.18,19.24,19.09,19.24,5220450
WU,NYSE,2019/04/17 16:00:00,19.26,19.35,19.17,19.3,3623100
WU,NYSE,2019/04/18 16:00:00,19.33,19.37,19.22,19.3,4772133
WU,NYSE,2019/04/22 16:00:00,19.27,19.36,19.18,19.27,3916320
WU,NYSE,2019/04/23 16:00:00,19.3,19.5,19.29,19.41,5878786
WU,NYSE,2019/04/24 16:00:00,19.45,19.57,19.38,19.44,4655468
WU,NYSE,2019/04/25 16:00:00,19.38,19.42,19.17,19.18,2766120
WU,NYSE,2019/04/26 16:00:00,19.22,19.72,19.22,19.69,6524872
WU,NYSE,2019/04/29 16:00:00,19.69,19.74,19.33,19.41,5861600
WU,NYSE,2019/04/30 16:00:00,19.39,19.51,19.23,19.44,5766827
WU,NYSE,2019/05/01 16:00:00,19.52,19.52,19.3,19.32,4512937
WU,NYSE,2019/05/02 16:00:00,19.31,19.42,19.2,19.27,3502497
WU,NYSE,2019/05/03 16:00:00,19.26,19.44,19.11,19.3,3430297
WU,NYSE,2019/05/06 16:00:00,19.05,19.33,19.03,19.22,9078348
WU,NYSE,2019/05/07 16:00:00,19.04,19.27,19.01,19.2,9386678
WU,NYSE,2019/05/08 16:00:00,18.48,19.43,18.47,19.2,15060581
WU,NYSE,2019/05/09 16:00:00,19.11,19.43,19.11,19.2,10749385
WU,NYSE,2019/05/10 16:00:00,19.15,19.42,19.12,19.4,5449492
WU,NYSE,2019/05/13 16:00:00,19.18,19.25,19.02,19.06,5059367
WU,NYSE,2019/05/14 16:00:00,19.21,19.43,19.18,19.32,5010202
WU,NYSE,2019/05/15 16:00:00,19.21,19.55,19.21,19.44,4063580
WU,NYSE,2019/05/16 16:00:00,19.45,19.79,19.45,19.6,4938229
WU,NYSE,2019/05/17 16:00:00,19.46,19.55,19.28,19.32,5425559
WU,NYSE,2019/05/20 16:00:00,19.17,19.43,19.15,19.23,4571322
WU,NYSE,2019/05/21 16:00:00,19.38,19.52,19.33,19.41,3536230
WU,NYSE,2019/05/22 16:00:00,19.35,19.61,19.29,19.47,4417074
WU,NYSE,2019/05/23 16:00:00,19.32,19.5,19.28,19.47,5372069
WU,NYSE,2019/05/24 16:00:00,19.56,19.8,19.26,19.36,4546872
WU,NYSE,2019/05/28 16:00:00,19.38,19.59,19.26,19.34,9117921
WU,NYSE,2019/05/29 16:00:00,19.3,19.41,19.04,19.36,5834402
WU,NYSE,2019/05/30 16:00:00,19.33,19.48,19.27,19.31,2891148
WU,NYSE,2019/05/31 16:00:00,19.18,19.43,19.16,19.4,5098935
WU,NYSE,2019/06/03 16:00:00,19.41,19.68,19.32,19.39,6346172
WU,NYSE,2019/06/04 16:00:00,19.62,20.56,19.49,20.37,19064035
WU,NYSE,2019/06/05 16:00:00,20.16,20.2,19.58,19.85,12555058
WU,NYSE,2019/06/06 16:00:00,19.81,20.01,19.68,19.96,4182775
WU,NYSE,2019/06/07 16:00:00,20.08,20.28,20.01,20.15,3400455
WU,NYSE,2019/06/10 16:00:00,20.29,20.36,19.93,20.02,6341676
WU,NYSE,2019/06/11 16:00:00,20.1,20.13,19.81,19.89,4171484
WU,NYSE,2019/06/12 16:00:00,19.89,20.16,19.83,20.14,4381587
WU,NYSE,2019/06/13 16:00:00,19.99,20.17,19.92,20.06,2709677
WU,NYSE,2019/06/14 16:00:00,20.04,20.14,19.89,20.09,2756484
WU,NYSE,2019/06/17 16:00:00,20.05,20.1,19.86,20.06,3881743
WU,NYSE,2019/06/18 16:00:00,19.62,19.77,19.2,19.57,14846387
WU,NYSE,2019/06/19 16:00:00,19.6,19.77,19.45,19.71,5673783
WU,NYSE,2019/06/20 16:00:00,19.87,19.94,19.66,19.89,7140220
WU,NYSE,2019/06/21 16:00:00,19.79,20.18,19.75,20.09,13443321
WU,NYSE,2019/06/24 16:00:00,20.14,20.18,19.89,19.94,4866355
WU,NYSE,2019/06/25 16:00:00,20,20.15,19.93,19.94,4251231
WU,NYSE,2019/06/26 16:00:00,20,20.05,19.6,19.6,6497338
WU,NYSE,2019/06/27 16:00:00,19.72,19.78,19.6,19.68,3138208
WU,NYSE,2019/06/28 16:00:00,19.77,19.89,19.71,19.89,5450574
WU,NYSE,2019/07/01 16:00:00,20.06,20.15,19.81,19.98,4904712
WU,NYSE,2019/07/02 16:00:00,19.99,20.17,19.91,20.16,3749170
WU,NYSE,2019/07/03 13:00:00,20.2,20.3,20.1,20.25,3773308
WU,NYSE,2019/07/05 16:00:00,20.19,20.37,20.15,20.35,3144173
WU,NYSE,2019/07/08 16:00:00,20.33,20.49,20.26,20.35,3977744
WU,NYSE,2019/07/09 16:00:00,20.35,20.66,20.23,20.65,4781765
WU,NYSE,2019/07/10 16:00:00,20.75,20.89,20.45,20.55,6151884
WU,NYSE,2019/07/11 16:00:00,20.59,20.65,20.34,20.41,4329528
WU,NYSE,2019/07/12 16:00:00,20.45,20.51,20.39,20.5,2950303
WU,NYSE,2019/07/15 16:00:00,20.51,20.79,20.51,20.77,2860046
WU,NYSE,2019/07/16 16:00:00,20.75,20.75,20.48,20.53,4715460
WU,NYSE,2019/07/17 16:00:00,20.5,20.56,20.38,20.39,2942144
WU,NYSE,2019/07/18 16:00:00,20.35,20.56,20.3,20.51,2369729
WU,NYSE,2019/07/19 16:00:00,20.61,20.62,20.38,20.4,2602155
WU,NYSE,2019/07/22 16:00:00,20.46,20.53,20.33,20.4,2472703
WU,NYSE,2019/07/23 16:00:00,20.46,20.69,20.37,20.66,4536157
WU,NYSE,2019/07/24 16:00:00,20.64,20.92,20.59,20.88,4014515
WU,NYSE,2019/07/25 16:00:00,20.85,20.94,20.76,20.84,3238750
WU,NYSE,2019/07/26 16:00:00,20.87,21.11,20.87,21.07,4207539
WU,NYSE,2019/07/29 16:00:00,21.03,21.21,21.03,21.14,3840402
WU,NYSE,2019/07/30 16:00:00,21.01,21.01,20.79,20.9,5237048
WU,NYSE,2019/07/31 16:00:00,20.92,21.19,20.79,21,6496388
WU,NYSE,2019/08/01 16:00:00,20.99,21.25,20.88,21.09,8911373
WU,NYSE,2019/08/02 16:00:00,20.41,22.28,20.4,21.82,12614005
WU,NYSE,2019/08/05 16:00:00,21.53,21.67,20.9,21.05,8008235
WU,NYSE,2019/08/06 16:00:00,21.14,21.42,20.86,21.38,6397008
WU,NYSE,2019/08/07 16:00:00,21.29,21.47,21.11,21.4,6319304
WU,NYSE,2019/08/08 16:00:00,21.51,21.7,21.38,21.61,3760929
WU,NYSE,2019/08/09 16:00:00,21.6,21.84,21.52,21.59,4451843
WU,NYSE,2019/08/12 16:00:00,21.5,21.65,21.28,21.3,3627310
WU,NYSE,2019/08/13 16:00:00,21.36,21.48,21.24,21.41,9503915
WU,NYSE,2019/08/14 16:00:00,21.17,21.28,20.73,20.77,6910234
WU,NYSE,2019/08/15 16:00:00,20.87,21.06,20.87,20.88,5305898
WU,NYSE,2019/08/16 16:00:00,20.98,21.26,20.98,21.09,6217283
WU,NYSE,2019/08/19 16:00:00,21.24,21.45,21.2,21.39,3391950
WU,NYSE,2019/08/20 16:00:00,21.4,21.52,21.22,21.39,3488450
WU,NYSE,2019/08/21 16:00:00,21.53,21.8,21.47,21.77,4162575
WU,NYSE,2019/08/22 16:00:00,21.85,21.98,21.66,21.9,4320839
WU,NYSE,2019/08/23 16:00:00,21.8,21.9,21.32,21.38,3347776
WU,NYSE,2019/08/26 16:00:00,21.53,21.69,21.42,21.66,4152224
WU,NYSE,2019/08/27 16:00:00,21.72,21.91,21.65,21.87,5871800
WU,NYSE,2019/08/28 16:00:00,21.83,22.01,21.63,21.97,3938312
WU,NYSE,2019/08/29 16:00:00,22.13,22.22,22.01,22.12,3625877
WU,NYSE,2019/08/30 16:00:00,22.24,22.32,22.04,22.12,3435626
WU,NYSE,2019/09/03 16:00:00,22.01,22.09,21.86,21.94,5739148
WU,NYSE,2019/09/04 16:00:00,22.06,22.29,22,22.27,4209650
WU,NYSE,2019/09/05 16:00:00,22.46,22.77,22.37,22.6,5856053
WU,NYSE,2019/09/06 16:00:00,22.59,22.95,22.5,22.85,3660880
WU,NYSE,2019/09/09 16:00:00,22.89,23.34,22.86,23.3,7022992
WU,NYSE,2019/09/10 16:00:00,23.22,23.37,22.97,23.22,6709138
WU,NYSE,2019/09/11 16:00:00,23.28,23.75,23.14,23.74,7659308
WU,NYSE,2019/09/12 16:00:00,23.82,24.09,23.65,23.76,7081763
WU,NYSE,2019/09/13 16:00:00,23.66,23.74,23.28,23.36,5367484
WU,NYSE,2019/09/16 16:00:00,23.07,23.17,22.69,22.76,8365470
WU,NYSE,2019/09/17 16:00:00,22.86,22.88,22.61,22.86,5045039
WU,NYSE,2019/09/18 16:00:00,23.5,23.5,22.5,22.81,5840639
WU,NYSE,2019/09/19 16:00:00,22.78,22.83,22.64,22.71,4303609
WU,NYSE,2019/09/20 16:00:00,22.76,22.85,22.43,22.51,8326404
WU,NYSE,2019/09/23 16:00:00,22.35,22.7,22.35,22.4,8396004
WU,NYSE,2019/09/24 16:00:00,22.62,22.78,21.68,21.91,15107612
WU,NYSE,2019/09/25 16:00:00,22.1,22.37,21.82,22.34,8611090
WU,NYSE,2019/09/26 16:00:00,22.39,22.61,22.25,22.44,4808794
WU,NYSE,2019/09/27 16:00:00,22.82,23.2,22.77,23.05,9269435
WU,NYSE,2019/09/30 16:00:00,23.03,23.39,23.02,23.17,6342853
WU,NYSE,2019/10/01 16:00:00,23.22,23.36,23.14,23.22,4441699
WU,NYSE,2019/10/02 16:00:00,22.98,23.08,22.67,22.77,9370337
WU,NYSE,2019/10/03 16:00:00,22.72,22.93,22.5,22.9,6529323
WU,NYSE,2019/10/04 16:00:00,23,23.34,22.93,23.31,5803665
WU,NYSE,2019/10/07 16:00:00,23.17,23.42,22.96,23.32,3643260
WU,NYSE,2019/10/08 16:00:00,23.18,23.31,22.95,23.16,5501464
WU,NYSE,2019/10/09 16:00:00,23.3,23.4,23.08,23.38,4635577
WU,NYSE,2019/10/10 16:00:00,23.37,23.58,23.3,23.56,5448069
WU,NYSE,2019/10/11 16:00:00,23.71,23.83,23.49,23.73,4544423
WU,NYSE,2019/10/14 16:00:00,23.72,23.8,23.54,23.76,4903496
WU,NYSE,2019/10/15 16:00:00,23.8,23.98,23.6,23.97,4300122
WU,NYSE,2019/10/16 16:00:00,23.92,24.03,23.8,23.96,3929998
WU,NYSE,2019/10/17 16:00:00,24.01,24.17,23.83,23.94,3576072
WU,NYSE,2019/10/18 16:00:00,23.89,24.13,23.78,24.03,3606478
WU,NYSE,2019/10/21 16:00:00,24.14,24.37,24.04,24.35,4070657
WU,NYSE,2019/10/22 16:00:00,24.36,24.47,24.24,24.24,4510984
WU,NYSE,2019/10/23 16:00:00,24.22,24.53,24.15,24.52,4083309
WU,NYSE,2019/10/24 16:00:00,24.55,24.79,24.45,24.77,3891499
WU,NYSE,2019/10/25 16:00:00,24.75,24.95,24.71,24.82,4584583
WU,NYSE,2019/10/28 16:00:00,24.94,25.3,24.92,25.02,7663628
WU,NYSE,2019/10/29 16:00:00,25.05,25.43,24.97,25.03,6215733
WU,NYSE,2019/10/30 16:00:00,25.05,25.23,24.72,25.2,6213083
WU,NYSE,2019/10/31 16:00:00,25.16,25.26,24.86,25.06,8828935
WU,NYSE,2019/11/01 16:00:00,25.24,26.82,25.02,26.48,14391424
WU,NYSE,2019/11/04 16:00:00,26.57,26.94,26.37,26.61,13317626
WU,NYSE,2019/11/05 16:00:00,26.59,26.74,26.47,26.51,8904557
WU,NYSE,2019/11/06 16:00:00,26.72,27.51,26.52,27.47,7505427
WU,NYSE,2019/11/07 16:00:00,27.53,28,27.36,27.86,7892997
WU,NYSE,2019/11/08 16:00:00,27.76,27.93,27.56,27.87,5836357
WU,NYSE,2019/11/11 16:00:00,27.78,27.78,27.28,27.36,8234502
WU,NYSE,2019/11/12 16:00:00,26.8,27,26.47,26.65,10737104
WU,NYSE,2019/11/13 16:00:00,26.58,26.82,26.18,26.4,7422391
WU,NYSE,2019/11/14 16:00:00,26.35,26.6,26.19,26.48,5375295
WU,NYSE,2019/11/15 16:00:00,26.64,26.86,26.57,26.8,7740205
WU,NYSE,2019/11/18 16:00:00,26.69,27.24,26.69,27.08,7422502
WU,NYSE,2019/11/19 16:00:00,27.12,27.49,27.12,27.35,5490805
WU,NYSE,2019/11/20 16:00:00,27.19,27.33,26.8,26.97,6041479
WU,NYSE,2019/11/21 16:00:00,26.89,27.07,26.87,27.03,5917641
WU,NYSE,2019/11/22 16:00:00,27.09,27.25,26.99,27,5133356
WU,NYSE,2019/11/25 16:00:00,27.17,27.55,27.16,27.38,6700508
WU,NYSE,2019/11/26 16:00:00,27.32,27.51,27.25,27.37,29862378
WU,NYSE,2019/11/27 16:00:00,27.44,27.53,27.07,27.28,5430477
WU,NYSE,2019/11/29 13:00:00,27.16,27.26,26.85,26.88,3930241
WU,NYSE,2019/12/02 16:00:00,26.82,27.03,26.76,26.91,4625215
WU,NYSE,2019/12/03 16:00:00,26.65,26.9,26.56,26.75,7108039
WU,NYSE,2019/12/04 16:00:00,26.82,27.15,26.74,26.76,5601006
WU,NYSE,2019/12/05 16:00:00,26.75,26.87,26.64,26.84,5162737
WU,NYSE,2019/12/06 16:00:00,26.96,27.13,26.84,26.86,4162579
WU,NYSE,2019/12/09 16:00:00,26.79,27.1,26.77,26.93,4894553
WU,NYSE,2019/12/10 16:00:00,26.87,26.98,26.77,26.81,4927621
WU,NYSE,2019/12/11 16:00:00,26.83,26.89,26.51,26.59,4442236
WU,NYSE,2019/12/12 16:00:00,26.51,27.07,26.51,27.05,7946739
WU,NYSE,2019/12/13 16:00:00,26.95,27.25,26.95,27.23,4668842
WU,NYSE,2019/12/16 16:00:00,27.16,27.45,27.06,27.13,8356473
WU,NYSE,2019/12/17 16:00:00,27.05,27.27,26.81,26.86,6113225
WU,NYSE,2019/12/18 16:00:00,26.87,27,26.84,26.87,5674032
WU,NYSE,2019/12/19 16:00:00,26.81,27.19,26.64,27.17,5315999
WU,NYSE,2019/12/20 16:00:00,27.43,27.68,27.12,27.43,14784600
WU,NYSE,2019/12/23 16:00:00,27.37,27.46,27.08,27.14,3518621
WU,NYSE,2019/12/24 13:00:00,27.13,27.24,27.06,27.07,1068958
WU,NYSE,2019/12/26 16:00:00,27.07,27.31,27.05,27.29,2593530
WU,NYSE,2019/12/27 16:00:00,27.36,27.51,27.19,27.37,3339222
WU,NYSE,2019/12/30 16:00:00,27.32,27.37,26.76,26.78,4391271
WU,NYSE,2019/12/31 16:00:00,26.72,26.89,26.64,26.78,3275708
WU,NYSE,2020/01/02 16:00:00,26.91,27.03,26.12,26.19,8124920
WU,NYSE,2020/01/03 16:00:00,25.87,26.3,25.77,26.1,4993984
WU,NYSE,2020/01/06 16:00:00,25.92,26.09,25.61,25.85,8018791
WU,NYSE,2020/01/07 16:00:00,25.8,26.28,25.71,25.97,6182242
WU,NYSE,2020/01/08 16:00:00,26.02,26.45,25.92,26.2,5965872
WU,NYSE,2020/01/09 16:00:00,26.33,26.7,26.32,26.66,6917453
WU,NYSE,2020/01/10 16:00:00,26.76,26.82,26.23,26.26,5206416
WU,NYSE,2020/01/13 16:00:00,26.33,26.56,26.09,26.5,7247852
WU,NYSE,2020/01/14 16:00:00,26.53,26.75,26.51,26.67,4511523
WU,NYSE,2020/01/15 16:00:00,26.75,27.07,26.66,27.07,4883319
WU,NYSE,2020/01/16 16:00:00,27.22,27.59,27.03,27.59,5072910
WU,NYSE,2020/01/17 16:00:00,27.65,27.89,27.55,27.77,7463931
WU,NYSE,2020/01/21 16:00:00,27.71,27.75,27.28,27.32,7662498
WU,NYSE,2020/01/22 16:00:00,27.56,27.88,27.34,27.58,3686886
WU,NYSE,2020/01/23 16:00:00,27.54,27.75,27.25,27.75,4243394
WU,NYSE,2020/01/24 16:00:00,27.55,27.6,26.97,27.1,5294572
WU,NYSE,2020/01/27 16:00:00,26.57,27.33,26.55,27.15,6255752
WU,NYSE,2020/01/28 16:00:00,27.23,27.63,27.2,27.49,4486357
WU,NYSE,2020/01/29 16:00:00,27.56,27.66,27.42,27.51,3700744
WU,NYSE,2020/01/30 16:00:00,27.3,27.62,27.07,27.6,3630970
WU,NYSE,2020/01/31 16:00:00,27.5,27.59,26.8,26.9,13437524
WU,NYSE,2020/02/03 16:00:00,27.1,27.31,26.97,27.09,4394363
WU,NYSE,2020/02/04 16:00:00,27.38,27.6,27.32,27.46,5245421
WU,NYSE,2020/02/05 16:00:00,27.63,28.06,27.54,27.92,5801284
WU,NYSE,2020/02/06 16:00:00,28.03,28.25,27.84,27.97,5730857
WU,NYSE,2020/02/07 16:00:00,27.89,28.03,27.55,27.65,4134058
WU,NYSE,2020/02/10 16:00:00,27.68,28.43,27.58,28.3,6758330
WU,NYSE,2020/02/11 16:00:00,28.39,28.45,28.04,28.24,9613817
WU,NYSE,2020/02/12 16:00:00,26.34,26.53,25.65,26.13,20447257
WU,NYSE,2020/02/13 16:00:00,26.09,26.6,25.88,26.06,8992445
WU,NYSE,2020/02/14 16:00:00,26.16,26.41,26.11,26.24,5829650
WU,NYSE,2020/02/18 16:00:00,26.4,26.46,25.69,25.79,7306000
WU,NYSE,2020/02/19 16:00:00,25.8,26.48,25.57,26.22,9015023
WU,NYSE,2020/02/20 16:00:00,26.14,26.51,26.03,26.5,6683189
WU,NYSE,2020/02/21 16:00:00,26.34,26.42,25.56,25.77,12934474
WU,NYSE,2020/02/24 16:00:00,25,25.3,24.84,25.11,8089717
WU,NYSE,2020/02/25 16:00:00,25.2,25.25,24.01,24.06,8644563
WU,NYSE,2020/02/26 16:00:00,24.15,24.49,23.79,23.81,6924292
WU,NYSE,2020/02/27 16:00:00,23.33,23.52,22.67,22.71,10540544
WU,NYSE,2020/02/28 16:00:00,22.08,22.66,21.85,22.39,14106823
WU,NYSE,2020/03/02 16:00:00,22.53,23.5,22.32,23.49,9722817
WU,NYSE,2020/03/03 16:00:00,23.34,24.07,22.65,23.05,10577557
WU,NYSE,2020/03/04 16:00:00,23.44,24.04,23.31,23.9,6838844
WU,NYSE,2020/03/05 16:00:00,23.33,23.59,22.32,22.38,11617431
WU,NYSE,2020/03/06 16:00:00,21.46,22.63,21.42,22.35,16566448
WU,NYSE,2020/03/09 16:00:00,20.84,21.54,20.01,20.17,11371732
WU,NYSE,2020/03/10 16:00:00,20.83,21.9,20.47,21.9,9232579
WU,NYSE,2020/03/11 16:00:00,21.25,21.94,21.16,21.73,13919632
WU,NYSE,2020/03/12 16:00:00,20.28,21.64,20.13,20.68,15484540
WU,NYSE,2020/03/13 16:00:00,21.67,22.39,21.35,22.13,20301746
WU,NYSE,2020/03/16 16:00:00,20.04,21.23,19.07,20.84,10090619
WU,NYSE,2020/03/17 16:00:00,21.12,23.18,20.84,22.56,11154634
WU,NYSE,2020/03/18 16:00:00,21.31,22.77,20.18,21.55,11373874
WU,NYSE,2020/03/19 16:00:00,21.43,21.74,19.76,20.07,9055444
WU,NYSE,2020/03/20 16:00:00,20.04,20.21,18.32,18.37,10324767
WU,NYSE,2020/03/23 16:00:00,18.38,19.1,17.7,18.55,8851072
WU,NYSE,2020/03/24 16:00:00,19.16,20,18.42,19.11,7201968
WU,NYSE,2020/03/25 16:00:00,19.16,19.82,18.29,19.24,8760228
WU,NYSE,2020/03/26 16:00:00,19.19,20.9,19.14,20.76,8143603
WU,NYSE,2020/03/27 16:00:00,20.35,20.61,19.54,19.74,6038435
WU,NYSE,2020/03/30 16:00:00,19.94,19.94,18.51,18.91,8272810
WU,NYSE,2020/03/31 16:00:00,18.77,19.14,18.05,18.13,9066128
WU,NYSE,2020/04/01 16:00:00,17.48,18.34,17.39,17.6,8230639
WU,NYSE,2020/04/02 16:00:00,17.7,18.76,17.52,17.85,8495367
WU,NYSE,2020/04/03 16:00:00,17.69,17.98,17.49,17.72,4608342
WU,NYSE,2020/04/06 16:00:00,18.32,19.35,18.01,19.22,7235139
WU,NYSE,2020/04/07 16:00:00,19.81,20.29,19.39,19.88,8098928
WU,NYSE,2020/04/08 16:00:00,19.94,20.45,19.7,20.26,7191915
WU,NYSE,2020/04/09 16:00:00,20.34,20.82,20.08,20.19,5953032
WU,NYSE,2020/04/13 16:00:00,20.09,20.33,19.78,19.94,4624833
WU,NYSE,2020/04/14 16:00:00,20.4,20.57,19.97,20.16,4286204
WU,NYSE,2020/04/15 16:00:00,19.81,19.81,19.1,19.13,4475591
WU,NYSE,2020/04/16 16:00:00,19.38,19.44,18.91,19.18,4038063
WU,NYSE,2020/04/17 16:00:00,19.6,19.98,19.6,19.93,5276922
WU,NYSE,2020/04/20 16:00:00,19.71,19.88,18.95,19.33,6798556
WU,NYSE,2020/04/21 16:00:00,19.02,19.07,18.57,18.69,5909623
WU,NYSE,2020/04/22 16:00:00,19.07,19.11,18.75,18.91,5672366
WU,NYSE,2020/04/23 16:00:00,19.04,19.25,18.85,19.04,5620534
WU,NYSE,2020/04/24 16:00:00,19.2,19.2,18.16,18.5,8603403
WU,NYSE,2020/04/27 16:00:00,18.6,19.19,18.29,19.13,6892017
WU,NYSE,2020/04/28 16:00:00,19.44,19.56,18.66,19.13,8276604
WU,NYSE,2020/04/29 16:00:00,19.56,20.18,19.36,19.96,5805409
WU,NYSE,2020/04/30 16:00:00,19.85,19.9,18.76,19.07,5835798
WU,NYSE,2020/05/01 16:00:00,18.7,19.01,18.43,18.52,10671776
WU,NYSE,2020/05/04 16:00:00,18.36,18.91,18.04,18.85,9101265
WU,NYSE,2020/05/05 16:00:00,18.99,19.64,18.98,19.36,8141756
WU,NYSE,2020/05/06 16:00:00,19.32,19.77,18.77,19.47,9472891
WU,NYSE,2020/05/07 16:00:00,19.72,20.05,19.29,19.45,6904750
WU,NYSE,2020/05/08 16:00:00,19.67,20.11,19.58,19.93,6852612
WU,NYSE,2020/05/11 16:00:00,19.84,19.95,19.24,19.31,5741668
WU,NYSE,2020/05/12 16:00:00,19.36,19.43,18.86,18.87,4849004
WU,NYSE,2020/05/13 16:00:00,18.83,18.94,18.16,18.32,4550404
WU,NYSE,2020/05/14 16:00:00,18.11,18.39,17.56,18.38,5974777
WU,NYSE,2020/05/15 16:00:00,18.23,19.1,18.05,18.57,14597762
WU,NYSE,2020/05/18 16:00:00,18.97,19.52,18.89,19.4,5961683
WU,NYSE,2020/05/19 16:00:00,19.3,19.3,18.7,18.76,4534649
WU,NYSE,2020/05/20 16:00:00,18.99,19.25,18.83,19.13,3525450
WU,NYSE,2020/05/21 16:00:00,19.13,19.23,18.84,18.89,4150108
WU,NYSE,2020/05/22 16:00:00,18.97,19.16,18.79,19.01,3720028
WU,NYSE,2020/05/26 16:00:00,19.51,20.01,19.3,19.82,6240520
WU,NYSE,2020/05/27 16:00:00,20.12,20.46,20.03,20.29,8231781
WU,NYSE,2020/05/28 16:00:00,20.47,20.7,20.02,20.38,8853580
WU,NYSE,2020/05/29 16:00:00,20.24,20.37,19.88,20.02,14433087
WU,NYSE,2020/06/01 16:00:00,20.03,20.88,19.9,20.71,9070862
WU,NYSE,2020/06/02 16:00:00,23.25,23.63,22.83,23.05,24359548
WU,NYSE,2020/06/03 16:00:00,23.2,23.36,22.69,22.9,7185713
WU,NYSE,2020/06/04 16:00:00,22.83,23.61,22.73,23.5,8078989
WU,NYSE,2020/06/05 16:00:00,24.13,24.82,24.02,24.55,7807091
WU,NYSE,2020/06/08 16:00:00,24.73,24.91,24.38,24.82,6857847
WU,NYSE,2020/06/09 16:00:00,24.33,24.51,23.95,24.39,4786332
WU,NYSE,2020/06/10 16:00:00,23.94,24.14,23.44,23.71,8520428
WU,NYSE,2020/06/11 16:00:00,23,23.13,22.44,22.5,7492207
WU,NYSE,2020/06/12 16:00:00,23.08,23.09,22.08,22.52,6863023
WU,NYSE,2020/06/15 16:00:00,21.69,22.31,21.33,22.11,5298047
WU,NYSE,2020/06/16 16:00:00,22.61,22.67,21.87,21.99,6865265
WU,NYSE,2020/06/17 16:00:00,21.91,22.04,21.72,21.87,5434097
WU,NYSE,2020/06/18 16:00:00,21.7,21.9,21.5,21.68,6277423
WU,NYSE,2020/06/19 16:00:00,22.08,22.15,21.4,21.61,11863837
WU,NYSE,2020/06/22 16:00:00,21.63,21.97,21.37,21.75,3403474
WU,NYSE,2020/06/23 16:00:00,22.03,22.08,21.63,21.67,5150621
WU,NYSE,2020/06/24 16:00:00,21.53,21.6,20.86,20.95,6449204
WU,NYSE,2020/06/25 16:00:00,20.87,21.18,20.75,21.17,3958143
WU,NYSE,2020/06/26 16:00:00,21.08,21.23,20.79,21.11,5876211
WU,NYSE,2020/06/29 16:00:00,21.28,21.46,21.18,21.3,4776267
WU,NYSE,2020/06/30 16:00:00,21.26,21.72,21.16,21.62,4190957
WU,NYSE,2020/07/01 16:00:00,21.84,22.26,21.69,21.69,4592709
WU,NYSE,2020/07/02 16:00:00,21.92,22,21.49,21.55,3985635
WU,NYSE,2020/07/06 16:00:00,21.9,21.98,21.56,21.62,4581314
WU,NYSE,2020/07/07 16:00:00,21.46,21.62,20.96,20.99,4100060
WU,NYSE,2020/07/08 16:00:00,20.98,21.14,20.85,21.06,4224387
WU,NYSE,2020/07/09 16:00:00,21.14,21.14,20.31,20.73,6063193
WU,NYSE,2020/07/10 16:00:00,20.69,21.41,20.62,21.33,5203563
WU,NYSE,2020/07/13 16:00:00,21.52,21.99,21.22,21.47,5477514
WU,NYSE,2020/07/14 16:00:00,21.23,21.58,21.12,21.56,4801103
WU,NYSE,2020/07/15 16:00:00,21.93,22.25,21.71,22.13,3550018
WU,NYSE,2020/07/16 16:00:00,22.01,22.21,21.89,21.95,2699503
WU,NYSE,2020/07/17 16:00:00,22.07,22.1,21.75,21.99,3483345
WU,NYSE,2020/07/20 16:00:00,21.9,21.98,21.65,21.9,3315834
WU,NYSE,2020/07/21 16:00:00,22.03,22.23,21.73,21.84,4714911
WU,NYSE,2020/07/22 16:00:00,21.92,23.06,21.92,22.67,8044726
WU,NYSE,2020/07/23 16:00:00,22.7,23.14,22.67,22.72,5508449
WU,NYSE,2020/07/24 16:00:00,22.7,22.91,22.34,22.47,4746688
WU,NYSE,2020/07/27 16:00:00,22.46,22.86,22.33,22.75,4881045
WU,NYSE,2020/07/28 16:00:00,22.73,22.8,22.42,22.46,3167093
WU,NYSE,2020/07/29 16:00:00,22.58,24.16,22.56,24.15,10695914
WU,NYSE,2020/07/30 16:00:00,23.92,24.4,23.78,24.23,7705352
WU,NYSE,2020/07/31 16:00:00,24.3,24.43,24,24.28,11752097
WU,NYSE,2020/08/03 16:00:00,24.32,24.46,23.46,24.21,8182457
WU,NYSE,2020/08/04 16:00:00,24.19,24.37,23.87,24.19,8043258
WU,NYSE,2020/08/05 16:00:00,24.36,25.13,22.47,22.88,10570389
WU,NYSE,2020/08/06 16:00:00,22.89,23.29,22.69,22.76,4993435
WU,NYSE,2020/08/07 16:00:00,22.62,23.32,22.43,23.27,5473897
WU,NYSE,2020/08/10 16:00:00,23.33,23.71,23.27,23.38,4232611
WU,NYSE,2020/08/11 16:00:00,23.46,23.76,23.16,23.23,3973756
WU,NYSE,2020/08/12 16:00:00,23.33,23.53,23.18,23.37,3160367
WU,NYSE,2020/08/13 16:00:00,23.34,23.45,23.2,23.44,2734659
WU,NYSE,2020/08/14 16:00:00,23.37,23.79,23.33,23.64,3500787
WU,NYSE,2020/08/17 16:00:00,23.7,24.15,23.57,23.96,5791533
WU,NYSE,2020/08/18 16:00:00,23.98,23.98,23.63,23.78,4223152
WU,NYSE,2020/08/19 16:00:00,23.78,23.96,23.56,23.7,2818950
WU,NYSE,2020/08/20 16:00:00,23.55,23.73,23.34,23.37,3515861
WU,NYSE,2020/08/21 16:00:00,23.44,23.57,23.29,23.49,9316475
WU,NYSE,2020/08/24 16:00:00,23.69,23.95,23.62,23.92,2506523
WU,NYSE,2020/08/25 16:00:00,23.98,24.16,23.79,23.9,2007653
WU,NYSE,2020/08/26 16:00:00,23.98,24.1,23.7,23.9,2036605
WU,NYSE,2020/08/27 16:00:00,24.01,24.12,23.59,23.85,2464069
WU,NYSE,2020/08/28 16:00:00,23.93,24.06,23.78,23.96,3042098
WU,NYSE,2020/08/31 16:00:00,24.01,24.01,23.58,23.59,4052961
WU,NYSE,2020/09/01 16:00:00,23.58,23.71,23.37,23.6,2654375
WU,NYSE,2020/09/02 16:00:00,23.65,24.08,23.33,23.97,3466902
WU,NYSE,2020/09/03 16:00:00,23.93,24.01,23.05,23.23,3293246
WU,NYSE,2020/09/04 16:00:00,23.34,23.5,22.78,23.03,2997881
WU,NYSE,2020/09/08 16:00:00,22.79,22.98,22.44,22.61,3990772
WU,NYSE,2020/09/09 16:00:00,22.93,22.98,22.68,22.69,3765485
WU,NYSE,2020/09/10 16:00:00,22.8,22.87,22.15,22.19,3791575
WU,NYSE,2020/09/11 16:00:00,22.29,22.29,21.84,22.12,3161733
WU,NYSE,2020/09/14 16:00:00,22.32,22.73,22.26,22.57,3783183
WU,NYSE,2020/09/15 16:00:00,22.64,22.9,22.37,22.43,3687009
WU,NYSE,2020/09/16 16:00:00,22.5,22.79,22.36,22.39,3509225
WU,NYSE,2020/09/17 16:00:00,22.11,22.62,21.91,22.61,3072893
WU,NYSE,2020/09/18 16:00:00,22.59,22.98,22.58,22.65,4762605
WU,NYSE,2020/09/21 16:00:00,22.36,22.51,21.71,21.93,3879743
WU,NYSE,2020/09/22 16:00:00,22.06,22.13,21.75,22.04,2041805
WU,NYSE,2020/09/23 16:00:00,22,22.06,21.14,21.39,4091993
WU,NYSE,2020/09/24 16:00:00,21.32,21.99,21.07,21.53,3484011
WU,NYSE,2020/09/25 16:00:00,21.37,21.71,21.27,21.57,2211305
WU,NYSE,2020/09/28 16:00:00,21.84,22.08,21.7,21.99,3070450
WU,NYSE,2020/09/29 16:00:00,22,22.17,21.73,21.78,2380019
WU,NYSE,2020/09/30 16:00:00,21.8,22.02,21.29,21.43,4639401
WU,NYSE,2020/10/01 16:00:00,21.48,21.75,21.12,21.48,4166240
WU,NYSE,2020/10/02 16:00:00,21.2,21.64,21.05,21.4,2970598
WU,NYSE,2020/10/05 16:00:00,21.28,21.69,21.22,21.48,3350636
WU,NYSE,2020/10/06 16:00:00,21.59,22.13,21.48,21.73,4869654
WU,NYSE,2020/10/07 16:00:00,21.89,22.24,21.77,22.02,3457437
WU,NYSE,2020/10/08 16:00:00,22.14,22.5,22.12,22.32,2281929
WU,NYSE,2020/10/09 16:00:00,22.5,22.65,22.18,22.23,3284550
WU,NYSE,2020/10/12 16:00:00,22.29,22.38,21.99,22.27,2299199
WU,NYSE,2020/10/13 16:00:00,22.18,22.26,21.6,21.65,3174156
WU,NYSE,2020/10/14 16:00:00,21.71,22.08,21.71,21.86,3729768
WU,NYSE,2020/10/15 16:00:00,21.53,22.17,21.51,22.16,2897006
WU,NYSE,2020/10/16 16:00:00,22.19,22.33,21.98,22.07,2710345
WU,NYSE,2020/10/19 16:00:00,22.1,22.14,21.69,21.7,2428777
WU,NYSE,2020/10/20 16:00:00,21.84,22.07,21.64,21.66,2639089
WU,NYSE,2020/10/21 16:00:00,21.68,21.99,21.51,21.71,2995419
WU,NYSE,2020/10/22 16:00:00,21.74,22.31,21.55,22.23,2848154
WU,NYSE,2020/10/23 16:00:00,22.37,22.51,21.95,21.97,3143201
WU,NYSE,2020/10/26 16:00:00,21.73,21.76,21.04,21.39,4393321
WU,NYSE,2020/10/27 16:00:00,21.29,21.38,20.85,20.85,4204905
WU,NYSE,2020/10/28 16:00:00,20.5,20.79,20.16,20.26,5776886
WU,NYSE,2020/10/29 16:00:00,20.33,21.03,20.25,20.9,10229833
WU,NYSE,2020/10/30 16:00:00,20.63,20.68,19.07,19.44,8116329
WU,NYSE,2020/11/02 16:00:00,19.73,20.51,19.63,20.33,6042963
WU,NYSE,2020/11/03 16:00:00,20.53,20.74,20.46,20.6,4037113
WU,NYSE,2020/11/04 16:00:00,20.52,20.6,20.13,20.22,5686167
WU,NYSE,2020/11/05 16:00:00,20.48,21.16,20.48,20.88,4435580
WU,NYSE,2020/11/06 16:00:00,20.92,20.92,20.43,20.59,4204361
WU,NYSE,2020/11/09 16:00:00,21.41,22.25,21.41,21.44,5066457
WU,NYSE,2020/11/10 16:00:00,21.63,21.7,21.43,21.66,4942224
WU,NYSE,2020/11/11 16:00:00,21.77,21.89,20.77,21.03,6177363
WU,NYSE,2020/11/12 16:00:00,20.94,21.11,20.64,20.86,3751924
WU,NYSE,2020/11/13 16:00:00,20.99,21.34,20.92,21.24,3215140
WU,NYSE,2020/11/16 16:00:00,21.35,21.88,21.19,21.79,4410009
WU,NYSE,2020/11/17 16:00:00,21.67,21.87,21.5,21.83,2633813
WU,NYSE,2020/11/18 16:00:00,21.8,21.9,21.6,21.61,3500080
WU,NYSE,2020/11/19 16:00:00,21.58,21.75,21.41,21.53,3872384
WU,NYSE,2020/11/20 16:00:00,21.44,21.46,20.79,20.9,3627961
WU,NYSE,2020/11/23 16:00:00,21.04,21.53,20.93,21.34,3143365
WU,NYSE,2020/11/24 16:00:00,21.55,22.51,21.44,22.43,5405414
WU,NYSE,2020/11/25 16:00:00,22.46,22.84,22.21,22.58,4811288
WU,NYSE,2020/11/27 13:00:00,22.57,22.61,22.43,22.52,1865574
WU,NYSE,2020/11/30 16:00:00,22.44,22.62,22.23,22.56,7678137
WU,NYSE,2020/12/01 16:00:00,22.72,23.07,22.58,22.6,4051790
WU,NYSE,2020/12/02 16:00:00,22.5,22.69,22.29,22.32,4489873
WU,NYSE,2020/12/03 16:00:00,22.34,22.43,21.89,21.93,3884665
WU,NYSE,2020/12/04 16:00:00,21.91,22.05,21.66,21.7,7127204
WU,NYSE,2020/12/07 16:00:00,21.66,22.1,21.6,21.73,4959601
WU,NYSE,2020/12/08 16:00:00,21.61,21.83,21.52,21.8,3930894
WU,NYSE,2020/12/09 16:00:00,21.94,22.32,21.75,22.28,5992054
WU,NYSE,2020/12/10 16:00:00,22.07,22.16,21.63,21.89,3669590
WU,NYSE,2020/12/11 16:00:00,21.7,22.27,21.7,22.13,4612384
WU,NYSE,2020/12/14 16:00:00,22.38,22.69,22.06,22.07,4784410
WU,NYSE,2020/12/15 16:00:00,22.13,22.57,22.12,22.49,3934746
WU,NYSE,2020/12/16 16:00:00,22.67,22.82,22.59,22.67,4249589
WU,NYSE,2020/12/17 16:00:00,22.69,23.36,22.69,23.08,5075766
WU,NYSE,2020/12/18 16:00:00,22.92,23.17,22.76,22.77,15133288
WU,NYSE,2020/12/21 16:00:00,22.51,22.6,21.7,22.05,5022943
WU,NYSE,2020/12/22 16:00:00,22.1,22.1,21.71,21.8,3577196
WU,NYSE,2020/12/23 16:00:00,21.86,21.93,21.69,21.73,2486884
WU,NYSE,2020/12/24 13:00:00,21.78,21.87,21.66,21.86,814270
WU,NYSE,2020/12/28 16:00:00,22,22.15,21.7,21.71,2445989
WU,NYSE,2020/12/29 16:00:00,21.78,21.91,21.49,21.58,2400931
WU,NYSE,2020/12/30 16:00:00,21.6,21.9,21.55,21.78,1555665
WU,NYSE,2020/12/31 16:00:00,21.87,21.95,21.64,21.94,1874125
WU,NYSE,2021/01/04 16:00:00,22,22.24,21.64,21.77,4101670
WU,NYSE,2021/01/05 16:00:00,21.75,22.22,21.75,22.1,4131435
WU,NYSE,2021/01/06 16:00:00,22.22,23.19,22.06,23.12,4707035
WU,NYSE,2021/01/07 16:00:00,23.18,23.31,22.77,22.86,4131738
WU,NYSE,2021/01/08 16:00:00,23.55,23.7,23.04,23.27,4359163
WU,NYSE,2021/01/11 16:00:00,23,23.22,22.54,22.58,3810569
WU,NYSE,2021/01/12 16:00:00,22.61,22.84,22.31,22.41,2991957
WU,NYSE,2021/01/13 16:00:00,22.49,22.64,22.27,22.39,3295365
WU,NYSE,2021/01/14 16:00:00,22.54,22.6,21.62,21.66,5800840
WU,NYSE,2021/01/15 16:00:00,21.62,21.93,21.57,21.93,4124254
WU,NYSE,2021/01/19 16:00:00,22.28,22.84,22.08,22.37,6118359
WU,NYSE,2021/01/20 16:00:00,22.41,22.46,21.77,21.96,4509193
WU,NYSE,2021/01/21 16:00:00,21.93,22.19,21.83,22.03,3799316
WU,NYSE,2021/01/22 16:00:00,21.92,22.18,21.72,22.06,2620069
WU,NYSE,2021/01/25 16:00:00,22.04,22.75,21.74,22.71,6372694
WU,NYSE,2021/01/26 16:00:00,22.83,23.03,22.27,22.83,5921093
WU,NYSE,2021/01/27 16:00:00,22.74,23.83,22.74,23.15,14704312
WU,NYSE,2021/01/28 16:00:00,23.43,23.83,22.92,22.93,7673317
WU,NYSE,2021/01/29 16:00:00,22.78,23.14,22.24,22.27,5580703
WU,NYSE,2021/02/01 16:00:00,22.42,22.75,22.32,22.61,3359135
WU,NYSE,2021/02/02 16:00:00,22.78,23,22.57,22.86,4025216
WU,NYSE,2021/02/03 16:00:00,22.8,22.84,22.43,22.73,3356889
WU,NYSE,2021/02/04 16:00:00,22.93,23.25,22.8,22.99,3434572
WU,NYSE,2021/02/05 16:00:00,23.07,23.2,22.84,22.97,3006162
WU,NYSE,2021/02/08 16:00:00,23.07,23.44,23.07,23.25,3551805
WU,NYSE,2021/02/09 16:00:00,23.22,23.47,22.98,23.37,3081830
WU,NYSE,2021/02/10 16:00:00,23.5,23.66,23.31,23.47,4562264
WU,NYSE,2021/02/11 16:00:00,24.08,24.66,23.41,23.56,8410316
WU,NYSE,2021/02/12 16:00:00,23.5,24.01,23.5,23.99,3843680
WU,NYSE,2021/02/16 16:00:00,24.07,24.26,23.81,23.9,5354003
WU,NYSE,2021/02/17 16:00:00,23.87,24.04,23.72,23.87,4238145
WU,NYSE,2021/02/18 16:00:00,23.74,23.9,23.4,23.5,3416337
WU,NYSE,2021/02/19 16:00:00,23.63,24.18,23.53,23.91,4565080
WU,NYSE,2021/02/22 16:00:00,23.8,24.02,23.66,23.9,4204529
WU,NYSE,2021/02/23 16:00:00,23.64,23.75,23.08,23.33,4327111
WU,NYSE,2021/02/24 16:00:00,23.38,23.88,23.28,23.79,3913341
WU,NYSE,2021/02/25 16:00:00,23.74,23.84,23.39,23.52,3409121
WU,NYSE,2021/02/26 16:00:00,23.53,23.66,23.17,23.22,4362970
WU,NYSE,2021/03/01 16:00:00,23.46,23.86,23.33,23.68,2967108
WU,NYSE,2021/03/02 16:00:00,23.7,23.91,23.56,23.68,3191350
WU,NYSE,2021/03/03 16:00:00,23.77,24.22,23.68,23.88,3497106
WU,NYSE,2021/03/04 16:00:00,23.86,23.96,23.24,23.47,5070337
WU,NYSE,2021/03/05 16:00:00,23.72,24.13,23.48,24.09,3473898
WU,NYSE,2021/03/08 16:00:00,24.26,25.47,24.15,25.11,7092612
WU,NYSE,2021/03/09 16:00:00,24.88,25.73,24.86,24.98,7100481
WU,NYSE,2021/03/10 16:00:00,24.99,25.08,24.51,24.6,6845978
WU,NYSE,2021/03/11 16:00:00,24.67,24.71,24.4,24.41,7204154
WU,NYSE,2021/03/12 16:00:00,24.47,24.8,24.45,24.7,4421608
WU,NYSE,2021/03/15 16:00:00,24.77,25.22,24.76,25.17,5703538
WU,NYSE,2021/03/16 16:00:00,24.8,25.01,24.67,24.8,3934888
WU,NYSE,2021/03/17 16:00:00,24.9,25.15,24.84,24.87,3847927
WU,NYSE,2021/03/18 16:00:00,24.85,25.38,24.8,25,5169338
WU,NYSE,2021/03/19 16:00:00,24.98,25.05,24.4,24.45,14490319
WU,NYSE,2021/03/22 16:00:00,24.23,24.87,24.13,24.77,5610153
WU,NYSE,2021/03/23 16:00:00,24.78,25.08,24.46,24.62,6276167
WU,NYSE,2021/03/24 16:00:00,24.63,24.72,24.23,24.24,3983437
WU,NYSE,2021/03/25 16:00:00,24.25,24.89,24.24,24.7,5349964
WU,NYSE,2021/03/26 16:00:00,24.76,25.38,24.65,25.37,4650973
WU,NYSE,2021/03/29 16:00:00,25.19,25.26,24.75,24.79,5207964
WU,NYSE,2021/03/30 16:00:00,24.68,24.93,24.61,24.84,3811427
WU,NYSE,2021/03/31 16:00:00,24.88,24.97,24.43,24.66,3905160
WU,NYSE,2021/04/01 16:00:00,24.75,25.26,24.53,25.15,4217337
WU,NYSE,2021/04/05 16:00:00,25.32,25.37,25,25.06,3638029
WU,NYSE,2021/04/06 16:00:00,24.97,25.16,24.75,25.12,4749406
WU,NYSE,2021/04/07 16:00:00,25.2,25.35,25.15,25.27,2840886
WU,NYSE,2021/04/08 16:00:00,25.33,25.33,24.95,25.05,5318348
WU,NYSE,2021/04/09 16:00:00,24.97,25.2,24.97,25.19,3565086
ATH,NYSE,2019/04/01 16:00:00,41.16,42.06,41.16,42,1441350
ATH,NYSE,2019/04/02 16:00:00,41.97,42.47,41.79,41.84,1485973
ATH,NYSE,2019/04/03 16:00:00,42.2,42.67,42.2,42.44,1025495
ATH,NYSE,2019/04/04 16:00:00,42.44,42.88,42.36,42.74,956831
ATH,NYSE,2019/04/05 16:00:00,42.78,43.07,42.64,42.87,648955
ATH,NYSE,2019/04/08 16:00:00,42.93,43.38,42.66,43.18,837459
ATH,NYSE,2019/04/09 16:00:00,43.03,43.03,41.79,41.93,1312073
ATH,NYSE,2019/04/10 16:00:00,42,42.55,41.48,42.39,1220295
ATH,NYSE,2019/04/11 16:00:00,42.41,43.15,42.41,42.89,1009288
ATH,NYSE,2019/04/12 16:00:00,43.58,43.93,42.99,43.38,992708
ATH,NYSE,2019/04/15 16:00:00,43.55,43.61,42.96,43.07,963506
ATH,NYSE,2019/04/16 16:00:00,43.23,43.89,43.23,43.73,1242602
ATH,NYSE,2019/04/17 16:00:00,43.95,44,43.45,43.51,736931
ATH,NYSE,2019/04/18 16:00:00,43.66,43.95,43.31,43.78,1160374
ATH,NYSE,2019/04/22 16:00:00,43.65,43.76,43.21,43.51,989332
ATH,NYSE,2019/04/23 16:00:00,43.38,44.16,43.38,43.93,1088601
ATH,NYSE,2019/04/24 16:00:00,43.85,43.98,43.45,43.68,877254
ATH,NYSE,2019/04/25 16:00:00,43.5,44.09,43.33,43.92,976794
ATH,NYSE,2019/04/26 16:00:00,43.82,44.54,43.74,44.48,831056
ATH,NYSE,2019/04/29 16:00:00,44.68,45.65,44.59,45.6,1517903
ATH,NYSE,2019/04/30 16:00:00,45.48,45.59,44.65,45.16,1004426
ATH,NYSE,2019/05/01 16:00:00,45.18,45.74,44.7,44.81,898992
ATH,NYSE,2019/05/02 16:00:00,44.94,45.56,44.59,45,1125676
ATH,NYSE,2019/05/03 16:00:00,45.05,45.75,45,45.47,813363
ATH,NYSE,2019/05/06 16:00:00,44.65,46.07,44.54,45.85,1447366
ATH,NYSE,2019/05/07 16:00:00,43.75,45.1,43.15,43.29,2644070
ATH,NYSE,2019/05/08 16:00:00,42.78,45.36,41.93,45.19,3414441
ATH,NYSE,2019/05/09 16:00:00,44.88,45.31,44.48,44.79,2323386
ATH,NYSE,2019/05/10 16:00:00,44.63,45.24,44.42,45.23,2048439
ATH,NYSE,2019/05/13 16:00:00,44.35,44.45,42.52,43.03,3163234
ATH,NYSE,2019/05/14 16:00:00,43.14,44.09,43.02,43.7,1395464
ATH,NYSE,2019/05/15 16:00:00,43.35,43.38,42.89,43.01,1904306
ATH,NYSE,2019/05/16 16:00:00,43.33,44.08,43.1,43.48,1301326
ATH,NYSE,2019/05/17 16:00:00,42.94,43.44,42.62,42.63,1298492
ATH,NYSE,2019/05/20 16:00:00,42.27,43.09,42.27,42.74,1400412
ATH,NYSE,2019/05/21 16:00:00,42.93,43.61,42.89,43.42,1497573
ATH,NYSE,2019/05/22 16:00:00,43.15,43.62,43.08,43.59,1799917
ATH,NYSE,2019/05/23 16:00:00,43.14,43.14,42.12,42.42,1384746
ATH,NYSE,2019/05/24 16:00:00,42.59,43.21,42.45,43.09,1256830
ATH,NYSE,2019/05/28 16:00:00,43.01,43.34,42.24,42.37,1827680
ATH,NYSE,2019/05/29 16:00:00,41.99,42.45,41.9,42.31,951049
ATH,NYSE,2019/05/30 16:00:00,42.47,43.17,41.79,41.91,1421795
ATH,NYSE,2019/05/31 16:00:00,41.26,41.44,40.52,40.65,1892218
ATH,NYSE,2019/06/03 16:00:00,40.43,41.28,40.43,41.25,1930861
ATH,NYSE,2019/06/04 16:00:00,41.92,42.57,41.69,42.38,1680650
ATH,NYSE,2019/06/05 16:00:00,42.51,42.84,42.02,42.47,1722780
ATH,NYSE,2019/06/06 16:00:00,42.1,42.8,42.07,42.26,2112662
ATH,NYSE,2019/06/07 16:00:00,42.5,43.35,42.37,43.03,2135065
ATH,NYSE,2019/06/10 16:00:00,43.41,43.72,42.87,43.02,1787169
ATH,NYSE,2019/06/11 16:00:00,43.85,44.06,43.31,43.31,1917186
ATH,NYSE,2019/06/12 16:00:00,43.27,43.49,42.86,43.12,1230954
ATH,NYSE,2019/06/13 16:00:00,43.28,43.41,42.85,43.23,1555339
ATH,NYSE,2019/06/14 16:00:00,43.2,43.73,42.74,43.58,1392198
ATH,NYSE,2019/06/17 16:00:00,43.62,43.66,43.12,43.25,1229667
ATH,NYSE,2019/06/18 16:00:00,43.22,43.86,43.12,43.25,1583313
ATH,NYSE,2019/06/19 16:00:00,43.42,43.85,43.11,43.12,2369290
ATH,NYSE,2019/06/20 16:00:00,43.57,43.72,42.36,43.37,1983188
ATH,NYSE,2019/06/21 16:00:00,43.36,43.66,42.47,42.58,1350565
ATH,NYSE,2019/06/24 16:00:00,42.55,42.65,42.09,42.27,1276713
ATH,NYSE,2019/06/25 16:00:00,42.17,42.17,41.22,41.8,1463220
ATH,NYSE,2019/06/26 16:00:00,42.01,42.34,41.63,41.78,1013074
ATH,NYSE,2019/06/27 16:00:00,41.97,42.28,41.73,42.13,1610589
ATH,NYSE,2019/06/28 16:00:00,42.47,43.06,42.35,43.06,2450318
ATH,NYSE,2019/07/01 16:00:00,43.54,44.06,43.43,43.83,2003440
ATH,NYSE,2019/07/02 16:00:00,43.77,43.77,42.96,43.3,1540677
ATH,NYSE,2019/07/03 13:00:00,43.41,43.88,43.28,43.69,488659
ATH,NYSE,2019/07/05 16:00:00,43.94,44.66,43.81,44.24,538147
ATH,NYSE,2019/07/08 16:00:00,43.87,44.09,43.54,43.79,1016475
ATH,NYSE,2019/07/09 16:00:00,43.46,43.51,43.01,43.12,1106941
ATH,NYSE,2019/07/10 16:00:00,43.13,43.28,42.43,42.5,1054422
ATH,NYSE,2019/07/11 16:00:00,42.58,42.89,42.17,42.78,990549
ATH,NYSE,2019/07/12 16:00:00,42.85,43.25,42.62,43.1,535879
ATH,NYSE,2019/07/15 16:00:00,43.29,43.29,42.44,42.51,814193
ATH,NYSE,2019/07/16 16:00:00,42.52,42.6,42.22,42.49,1191700
ATH,NYSE,2019/07/17 16:00:00,42.37,42.37,41.58,41.68,586166
ATH,NYSE,2019/07/18 16:00:00,41.59,42.27,41.46,42.06,1556717
ATH,NYSE,2019/07/19 16:00:00,42.18,42.52,42.03,42.15,1571810
ATH,NYSE,2019/07/22 16:00:00,42.17,42.37,41.92,41.95,758526
ATH,NYSE,2019/07/23 16:00:00,42.09,42.6,42.09,42.52,925447
ATH,NYSE,2019/07/24 16:00:00,42.4,42.85,42.09,42.65,704446
ATH,NYSE,2019/07/25 16:00:00,42.72,42.72,42.34,42.58,635057
ATH,NYSE,2019/07/26 16:00:00,42.71,42.79,42.31,42.51,1126973
ATH,NYSE,2019/07/29 16:00:00,42.32,42.7,42.02,42.05,763700
ATH,NYSE,2019/07/30 16:00:00,41.76,41.89,41.41,41.83,939321
ATH,NYSE,2019/07/31 16:00:00,41.81,41.94,40.21,40.86,1397462
ATH,NYSE,2019/08/01 16:00:00,40.72,40.76,38.71,39.22,1765255
ATH,NYSE,2019/08/02 16:00:00,39.08,39.4,38.58,38.59,2509112
ATH,NYSE,2019/08/05 16:00:00,39.88,40,36,38.93,4329492
ATH,NYSE,2019/08/06 16:00:00,39.29,39.71,38.93,39.4,1905832
ATH,NYSE,2019/08/07 16:00:00,38.65,39.6,38.02,39.36,1764542
ATH,NYSE,2019/08/08 16:00:00,39.85,40.71,39.71,40.68,1098786
ATH,NYSE,2019/08/09 16:00:00,40.44,40.52,39.48,39.85,1165101
ATH,NYSE,2019/08/12 16:00:00,39.36,39.55,38.7,38.85,944592
ATH,NYSE,2019/08/13 16:00:00,38.66,39.67,38.64,39.2,954517
ATH,NYSE,2019/08/14 16:00:00,38.28,38.51,37.56,37.7,1354885
ATH,NYSE,2019/08/15 16:00:00,37.75,38.08,37.54,37.73,1534659
ATH,NYSE,2019/08/16 16:00:00,37.97,39.21,37.97,38.93,779047
ATH,NYSE,2019/08/19 16:00:00,39.73,39.85,39.28,39.42,1092961
ATH,NYSE,2019/08/20 16:00:00,39.05,39.27,38.6,38.64,897130
ATH,NYSE,2019/08/21 16:00:00,39.01,39.25,38.8,39.1,517818
ATH,NYSE,2019/08/22 16:00:00,39.4,39.49,38.92,39.31,1200720
ATH,NYSE,2019/08/23 16:00:00,38.83,39.51,38.05,38.19,1243874
ATH,NYSE,2019/08/26 16:00:00,38.54,38.61,38.24,38.52,803791
ATH,NYSE,2019/08/27 16:00:00,38.75,38.88,37.36,37.56,1069738
ATH,NYSE,2019/08/28 16:00:00,37.25,38.14,37.25,37.8,1147002
ATH,NYSE,2019/08/29 16:00:00,38.02,38.6,37.94,38.36,1136927
ATH,NYSE,2019/08/30 16:00:00,38.7,39.14,38.56,38.86,838911
ATH,NYSE,2019/09/03 16:00:00,38.48,38.48,37.87,38.29,1117810
ATH,NYSE,2019/09/04 16:00:00,38.8,38.89,38.24,38.37,1135344
ATH,NYSE,2019/09/05 16:00:00,39,39.9,38.85,39.63,1454855
ATH,NYSE,2019/09/06 16:00:00,39.74,40.11,39.36,39.63,829239
ATH,NYSE,2019/09/09 16:00:00,39.94,40.64,39.6,40.63,1080480
ATH,NYSE,2019/09/10 16:00:00,40.95,41.5,40.84,41.39,1631533
ATH,NYSE,2019/09/11 16:00:00,41.27,41.79,40.6,41.77,775999
ATH,NYSE,2019/09/12 16:00:00,41.36,42.44,41.01,42.29,1121652
ATH,NYSE,2019/09/13 16:00:00,42.7,43.36,42.52,42.55,2000779
ATH,NYSE,2019/09/16 16:00:00,41.97,42.86,41.9,42.83,1258020
ATH,NYSE,2019/09/17 16:00:00,42.47,42.71,41.87,42.33,1211951
ATH,NYSE,2019/09/18 16:00:00,42.07,42.65,41.91,42.58,1580738
ATH,NYSE,2019/09/19 16:00:00,42.46,43.05,42.46,42.5,1135362
ATH,NYSE,2019/09/20 16:00:00,42.5,43.18,42.47,42.49,2120716
ATH,NYSE,2019/09/23 16:00:00,42.1,43.04,42.04,42.76,1179195
ATH,NYSE,2019/09/24 16:00:00,42.73,42.73,41.81,42.11,2414626
ATH,NYSE,2019/09/25 16:00:00,42.11,43.06,42.1,42.51,1131392
ATH,NYSE,2019/09/26 16:00:00,42.44,42.78,42.21,42.47,836058
ATH,NYSE,2019/09/27 16:00:00,42.82,43.23,42.43,42.54,714568
ATH,NYSE,2019/09/30 16:00:00,42.68,42.68,42.05,42.06,1012722
ATH,NYSE,2019/10/01 16:00:00,42.44,42.79,40.41,40.42,6054868
ATH,NYSE,2019/10/02 16:00:00,40,40.14,39.11,39.52,2182535
ATH,NYSE,2019/10/03 16:00:00,39.31,39.62,38.69,39.23,2120219
ATH,NYSE,2019/10/04 16:00:00,39.18,40.14,39.12,40.12,1837504
ATH,NYSE,2019/10/07 16:00:00,40.01,40.15,39.43,39.43,1629070
ATH,NYSE,2019/10/08 16:00:00,38.91,38.91,37.4,37.43,1918755
ATH,NYSE,2019/10/09 16:00:00,37.63,38.22,36.98,37.92,1856327
ATH,NYSE,2019/10/10 16:00:00,38.21,38.87,38.11,38.16,3024876
ATH,NYSE,2019/10/11 16:00:00,38.92,39.87,38.84,39.48,1662480
ATH,NYSE,2019/10/14 16:00:00,39.08,39.66,38.89,39.52,1085941
ATH,NYSE,2019/10/15 16:00:00,39.63,40.42,39.56,39.95,1999098
ATH,NYSE,2019/10/16 16:00:00,39.98,40.61,39.71,40.3,1591009
ATH,NYSE,2019/10/17 16:00:00,40.46,41.13,40.4,40.87,1387343
ATH,NYSE,2019/10/18 16:00:00,40.84,41.21,40.7,40.99,1298533
ATH,NYSE,2019/10/21 16:00:00,41.39,41.9,41.2,41.21,1477463
ATH,NYSE,2019/10/22 16:00:00,41.12,41.88,40.93,41.65,1800471
ATH,NYSE,2019/10/23 16:00:00,41.44,42.05,41.43,41.99,1304483
ATH,NYSE,2019/10/24 16:00:00,42.09,42.13,41.4,41.93,2375584
ATH,NYSE,2019/10/25 16:00:00,41.75,42.11,41.49,42,1233181
ATH,NYSE,2019/10/28 16:00:00,44.19,44.89,43.57,44.31,4737837
ATH,NYSE,2019/10/29 16:00:00,44.36,44.52,43.64,43.84,1692487
ATH,NYSE,2019/10/30 16:00:00,43.73,44.01,43.11,43.91,1077731
ATH,NYSE,2019/10/31 16:00:00,43.68,43.9,42.44,43.35,1521698
ATH,NYSE,2019/11/01 16:00:00,43.6,44.36,43.43,44.3,1570587
ATH,NYSE,2019/11/04 16:00:00,44.75,45.09,44.31,44.94,1925784
ATH,NYSE,2019/11/05 16:00:00,42.6,44.56,42.6,43.95,2117752
ATH,NYSE,2019/11/06 16:00:00,43.78,43.84,43.16,43.43,1235900
ATH,NYSE,2019/11/07 16:00:00,43.73,44.59,43.55,44.07,2093367
ATH,NYSE,2019/11/08 16:00:00,44.08,44.16,43.78,43.94,735676
ATH,NYSE,2019/11/11 16:00:00,43.44,43.88,43.3,43.65,1582286
ATH,NYSE,2019/11/12 16:00:00,43.9,44.46,43.58,44.2,1464052
ATH,NYSE,2019/11/13 16:00:00,43.76,43.91,43.24,43.83,917237
ATH,NYSE,2019/11/14 16:00:00,43.67,44.1,43.4,44.04,769978
ATH,NYSE,2019/11/15 16:00:00,44.35,44.38,43.74,43.89,1291538
ATH,NYSE,2019/11/18 16:00:00,43.74,43.79,43.19,43.52,1171930
ATH,NYSE,2019/11/19 16:00:00,43.57,44.24,43.54,44.07,2085466
ATH,NYSE,2019/11/20 16:00:00,43.79,44.01,43.36,44,1100216
ATH,NYSE,2019/11/21 16:00:00,44.17,44.25,43.61,43.61,820441
ATH,NYSE,2019/11/22 16:00:00,43.65,44.48,43.5,44.23,2196705
ATH,NYSE,2019/11/25 16:00:00,44.2,44.72,43.86,44.58,959828
ATH,NYSE,2019/11/26 16:00:00,44.62,44.92,44.4,44.84,2306489
ATH,NYSE,2019/11/27 16:00:00,45.1,45.42,44.88,45.09,871837
ATH,NYSE,2019/11/29 13:00:00,45.03,45.44,44.94,45.02,328552
ATH,NYSE,2019/12/02 16:00:00,45.32,45.55,44.55,44.55,965246
ATH,NYSE,2019/12/03 16:00:00,43.78,43.82,43.3,43.67,1115884
ATH,NYSE,2019/12/04 16:00:00,43.79,44.33,43.65,43.96,952341
ATH,NYSE,2019/12/05 16:00:00,44.22,44.5,43.78,43.94,872495
ATH,NYSE,2019/12/06 16:00:00,44.35,44.88,44.14,44.36,1127189
ATH,NYSE,2019/12/09 16:00:00,44.15,44.41,44.01,44.22,819944
ATH,NYSE,2019/12/10 16:00:00,44.11,44.5,43.99,44.12,2023497
ATH,NYSE,2019/12/11 16:00:00,44.12,44.24,43.61,43.99,1716540
ATH,NYSE,2019/12/12 16:00:00,44.09,45.45,44.04,45.29,1336457
ATH,NYSE,2019/12/13 16:00:00,45.47,45.94,45.24,45.32,825515
ATH,NYSE,2019/12/16 16:00:00,45.81,46.3,45.6,46.18,2058988
ATH,NYSE,2019/12/17 16:00:00,46.11,46.81,46.02,46.66,2079440
ATH,NYSE,2019/12/18 16:00:00,46.8,46.8,46.45,46.47,1615216
ATH,NYSE,2019/12/19 16:00:00,46.55,47.48,46.19,47.31,1738629
ATH,NYSE,2019/12/20 16:00:00,47.44,47.89,47.35,47.76,2769984
ATH,NYSE,2019/12/23 16:00:00,47.81,47.81,46.68,47.32,2044144
ATH,NYSE,2019/12/24 13:00:00,47.48,47.57,46.86,46.96,206147
ATH,NYSE,2019/12/26 16:00:00,47.07,47.42,46.81,47.28,368789
ATH,NYSE,2019/12/27 16:00:00,47.29,47.29,46.95,47.03,501962
ATH,NYSE,2019/12/30 16:00:00,47.24,47.4,46.94,46.96,781287
ATH,NYSE,2019/12/31 16:00:00,46.92,47.38,46.84,47.03,641999
ATH,NYSE,2020/01/02 16:00:00,47.33,47.58,46.93,47.55,954084
ATH,NYSE,2020/01/03 16:00:00,46.72,47.11,46.52,47.06,986821
ATH,NYSE,2020/01/06 16:00:00,46.5,47.08,46.33,46.97,806569
ATH,NYSE,2020/01/07 16:00:00,46.9,47.15,46.66,47,1397295
ATH,NYSE,2020/01/08 16:00:00,47.05,47.77,47.05,47.21,750598
ATH,NYSE,2020/01/09 16:00:00,47.68,47.98,47.31,47.85,1169100
ATH,NYSE,2020/01/10 16:00:00,47.83,48.03,47.47,47.58,856925
ATH,NYSE,2020/01/13 16:00:00,47.74,48.12,47.72,47.86,848982
ATH,NYSE,2020/01/14 16:00:00,47.8,47.99,47.28,47.45,1122559
ATH,NYSE,2020/01/15 16:00:00,47.11,47.27,46.61,46.74,707061
ATH,NYSE,2020/01/16 16:00:00,47.14,47.48,46.82,47,1023596
ATH,NYSE,2020/01/17 16:00:00,47.03,47.26,46.78,46.9,1000535
ATH,NYSE,2020/01/21 16:00:00,46.51,46.72,45.63,45.65,1419535
ATH,NYSE,2020/01/22 16:00:00,45.71,45.87,45.12,45.27,2030861
ATH,NYSE,2020/01/23 16:00:00,44.77,45.17,44.14,44.91,1251625
ATH,NYSE,2020/01/24 16:00:00,44.98,44.98,44.15,44.63,1542005
ATH,NYSE,2020/01/27 16:00:00,43.63,43.92,43.12,43.71,2073709
ATH,NYSE,2020/01/28 16:00:00,44.04,44.84,43.87,44.72,1889170
ATH,NYSE,2020/01/29 16:00:00,44.79,45.21,44.75,44.82,830401
ATH,NYSE,2020/01/30 16:00:00,44.39,44.89,44.05,44.65,1689130
ATH,NYSE,2020/01/31 16:00:00,44.14,44.31,43.42,43.56,1450355
ATH,NYSE,2020/02/03 16:00:00,43.87,44.38,43.74,43.75,849270
ATH,NYSE,2020/02/04 16:00:00,44.52,44.78,44.18,44.34,1048398
ATH,NYSE,2020/02/05 16:00:00,44.99,45.95,44.99,45.93,940828
ATH,NYSE,2020/02/06 16:00:00,46.1,46.55,45.6,45.77,981618
ATH,NYSE,2020/02/07 16:00:00,45.38,46.64,45.13,46.15,1018710
ATH,NYSE,2020/02/10 16:00:00,46.05,46.18,45.53,46.12,459688
ATH,NYSE,2020/02/11 16:00:00,46.33,47.67,46.33,47.35,1329030
ATH,NYSE,2020/02/12 16:00:00,47.61,48.37,47.47,47.62,654651
ATH,NYSE,2020/02/13 16:00:00,47.38,47.82,47.13,47.8,738093
ATH,NYSE,2020/02/14 16:00:00,47.92,48.33,47.7,48.28,1374214
ATH,NYSE,2020/02/18 16:00:00,49.28,50.24,49.13,50,2955620
ATH,NYSE,2020/02/19 16:00:00,50.43,50.43,48.59,49.3,2360609
ATH,NYSE,2020/02/20 16:00:00,49,49.85,48.95,49.75,1400053
ATH,NYSE,2020/02/21 16:00:00,49.46,49.82,48.97,49.71,2242707
ATH,NYSE,2020/02/24 16:00:00,47.91,48.26,47.47,48.04,2712763
ATH,NYSE,2020/02/25 16:00:00,48.15,48.36,46.04,46.09,2320799
ATH,NYSE,2020/02/26 16:00:00,46.37,47.01,45.52,45.67,1734053
ATH,NYSE,2020/02/27 16:00:00,44.7,44.97,43.11,43.13,2340335
ATH,NYSE,2020/02/28 16:00:00,41.62,42.3,40.19,41.25,3801707
ATH,NYSE,2020/03/02 16:00:00,41.5,42.27,40.65,42.25,2978385
ATH,NYSE,2020/03/03 16:00:00,42.14,42.69,40.14,40.53,3305796
ATH,NYSE,2020/03/04 16:00:00,41.16,42.15,40.51,42.05,3698507
ATH,NYSE,2020/03/05 16:00:00,40.18,40.85,39.9,40.35,3691852
ATH,NYSE,2020/03/06 16:00:00,38.73,40.05,37.01,37.62,4133901
ATH,NYSE,2020/03/09 16:00:00,32,35.65,32,33.06,3526861
ATH,NYSE,2020/03/10 16:00:00,34.41,34.96,31.63,34.03,3552896
ATH,NYSE,2020/03/11 16:00:00,33,33.51,30.75,31.16,3273955
ATH,NYSE,2020/03/12 16:00:00,28.3,28.3,24.5,24.57,5550724
ATH,NYSE,2020/03/13 16:00:00,26.24,27.41,24.8,27,4882934
ATH,NYSE,2020/03/16 16:00:00,23.26,25.89,21.81,21.82,4202825
ATH,NYSE,2020/03/17 16:00:00,22.65,22.65,19.7,19.86,6357432
ATH,NYSE,2020/03/18 16:00:00,18.05,18.57,13.37,16.51,5574965
ATH,NYSE,2020/03/19 16:00:00,16.1,18.73,15.71,18.3,4450447
ATH,NYSE,2020/03/20 16:00:00,18.51,19.08,16.46,16.72,4348155
ATH,NYSE,2020/03/23 16:00:00,16.56,16.98,15.67,16.11,2345845
ATH,NYSE,2020/03/24 16:00:00,17.69,21.08,17.12,20.98,3352195
ATH,NYSE,2020/03/25 16:00:00,21.66,29.87,21.66,25.48,6023614
ATH,NYSE,2020/03/26 16:00:00,26.29,28.11,25.13,27.72,4960016
ATH,NYSE,2020/03/27 16:00:00,25.92,27.11,25.43,25.69,2339726
ATH,NYSE,2020/03/30 16:00:00,25.43,26.43,24.38,26.31,1637246
ATH,NYSE,2020/03/31 16:00:00,26.31,26.53,24.34,24.82,2326425
ATH,NYSE,2020/04/01 16:00:00,23.24,23.7,21.54,21.85,1564594
ATH,NYSE,2020/04/02 16:00:00,21.24,22.97,21.24,22.28,1927679
ATH,NYSE,2020/04/03 16:00:00,22.18,22.51,21.01,21.47,2229903
ATH,NYSE,2020/04/06 16:00:00,23.24,24.25,22.8,23.35,2830830
ATH,NYSE,2020/04/07 16:00:00,25.25,26,23.87,23.89,3689083
ATH,NYSE,2020/04/08 16:00:00,24.18,26.86,23.38,26.6,2713782
ATH,NYSE,2020/04/09 16:00:00,27.91,31.29,27.68,30.35,5298561
ATH,NYSE,2020/04/13 16:00:00,30,30.29,26.78,28.27,2003008
ATH,NYSE,2020/04/14 16:00:00,28.88,29.22,26.92,27.3,1949197
ATH,NYSE,2020/04/15 16:00:00,25.54,25.67,24,24.25,2073511
ATH,NYSE,2020/04/16 16:00:00,23.97,24.3,23.2,23.64,1406639
ATH,NYSE,2020/04/17 16:00:00,25.05,25.85,24.66,25.46,1808512
ATH,NYSE,2020/04/20 16:00:00,24.45,25.17,23.49,24.11,2145888
ATH,NYSE,2020/04/21 16:00:00,22.91,23.46,22.14,22.25,2066363
ATH,NYSE,2020/04/22 16:00:00,22.98,23.32,22.37,22.83,1209545
ATH,NYSE,2020/04/23 16:00:00,23.16,23.59,22.47,22.77,1130742
ATH,NYSE,2020/04/24 16:00:00,22.96,23.75,22.27,23.64,1816586
ATH,NYSE,2020/04/27 16:00:00,23.76,25.53,23.76,25.3,1598778
ATH,NYSE,2020/04/28 16:00:00,26.71,27.56,25.83,26.27,1519745
ATH,NYSE,2020/04/29 16:00:00,27.75,28.93,27.59,28.56,1640615
ATH,NYSE,2020/04/30 16:00:00,27.69,28.09,26.87,27,1879430
ATH,NYSE,2020/05/01 16:00:00,25.92,26.69,24.62,25,1543767
ATH,NYSE,2020/05/04 16:00:00,24.25,25.12,23.72,24.97,1200484
ATH,NYSE,2020/05/05 16:00:00,25.43,25.86,24.28,24.29,1028143
ATH,NYSE,2020/05/06 16:00:00,24.63,24.94,22.89,23.01,1064195
ATH,NYSE,2020/05/07 16:00:00,23.73,25.34,23.73,24.86,1819541
ATH,NYSE,2020/05/08 16:00:00,25.58,27.43,25,27.3,2696357
ATH,NYSE,2020/05/11 16:00:00,26.71,27.33,25.86,27.01,2980814
ATH,NYSE,2020/05/12 16:00:00,26.6,27.01,24.83,25.04,2864678
ATH,NYSE,2020/05/13 16:00:00,24.56,24.6,22.78,23.37,3618910
ATH,NYSE,2020/05/14 16:00:00,22.71,24.6,21.51,24.49,2586085
ATH,NYSE,2020/05/15 16:00:00,23.97,24.96,23.71,24.67,1372786
ATH,NYSE,2020/05/18 16:00:00,26.12,28,25.76,27.61,2152207
ATH,NYSE,2020/05/19 16:00:00,27.34,27.59,26.24,26.31,1187812
ATH,NYSE,2020/05/20 16:00:00,26.87,27.55,26.48,26.69,1305410
ATH,NYSE,2020/05/21 16:00:00,26.49,27.09,26.32,26.71,1692287
ATH,NYSE,2020/05/22 16:00:00,26.69,26.76,25.56,26,1903457
ATH,NYSE,2020/05/26 16:00:00,27.84,29.25,27.47,28.85,2981291
ATH,NYSE,2020/05/27 16:00:00,30.39,31.18,29.56,30.11,2047038
ATH,NYSE,2020/05/28 16:00:00,30.68,30.87,29.24,29.36,2938578
ATH,NYSE,2020/05/29 16:00:00,28.73,29.37,28.35,28.89,3170932
ATH,NYSE,2020/06/01 16:00:00,28.96,30.07,28.38,29.76,1853433
ATH,NYSE,2020/06/02 16:00:00,30.11,30.37,29.2,29.53,1953808
ATH,NYSE,2020/06/03 16:00:00,30.61,32.49,30.27,32.08,2362050
ATH,NYSE,2020/06/04 16:00:00,31.89,33.68,31.12,33.68,2654130
ATH,NYSE,2020/06/05 16:00:00,37,38.17,35.24,35.57,3089593
ATH,NYSE,2020/06/08 16:00:00,37.19,37.78,36.09,37.25,2728445
ATH,NYSE,2020/06/09 16:00:00,35.49,36.08,34.65,35.57,1583930
ATH,NYSE,2020/06/10 16:00:00,34.92,35,33.53,33.68,2091412
ATH,NYSE,2020/06/11 16:00:00,30.86,32.36,29.87,29.87,2592188
ATH,NYSE,2020/06/12 16:00:00,31.97,32.52,30.25,31,2675935
ATH,NYSE,2020/06/15 16:00:00,29.14,32.58,29,32.06,3335021
ATH,NYSE,2020/06/16 16:00:00,33.95,34.08,31.92,33.21,4328790
ATH,NYSE,2020/06/17 16:00:00,33.38,33.41,32.09,32.12,2403023
ATH,NYSE,2020/06/18 16:00:00,33.5,34.64,33,34.47,3291965
ATH,NYSE,2020/06/19 16:00:00,35.53,35.53,32.97,33.32,3580784
ATH,NYSE,2020/06/22 16:00:00,33.01,33.57,32.35,33.28,1862120
ATH,NYSE,2020/06/23 16:00:00,33.8,34.01,32.75,32.88,2387687
ATH,NYSE,2020/06/24 16:00:00,32.05,32.05,30.67,31.01,1602107
ATH,NYSE,2020/06/25 16:00:00,30.61,31.97,30.07,31.89,1994893
ATH,NYSE,2020/06/26 16:00:00,31.12,31.33,29.72,30.06,3725871
ATH,NYSE,2020/06/29 16:00:00,30.76,31,29.79,30.67,1831315
ATH,NYSE,2020/06/30 16:00:00,30.38,31.46,30.11,31.19,1405233
ATH,NYSE,2020/07/01 16:00:00,31.22,31.78,30.01,30.25,2545310
ATH,NYSE,2020/07/02 16:00:00,31.49,31.64,30.26,30.36,1645071
ATH,NYSE,2020/07/06 16:00:00,31.73,32.07,30.86,31.37,2240090
ATH,NYSE,2020/07/07 16:00:00,30.8,31.14,29.96,30,1365612
ATH,NYSE,2020/07/08 16:00:00,29.97,31.1,29.75,31.02,2203883
ATH,NYSE,2020/07/09 16:00:00,30.88,30.97,29.17,29.51,3144775
ATH,NYSE,2020/07/10 16:00:00,29.67,30.96,29.54,30.94,1888496
ATH,NYSE,2020/07/13 16:00:00,31.38,32.34,31.13,31.48,2112549
ATH,NYSE,2020/07/14 16:00:00,31.28,32.05,30.7,31.83,2194663
ATH,NYSE,2020/07/15 16:00:00,32.25,33.65,32.2,33.45,1984834
ATH,NYSE,2020/07/16 16:00:00,32.93,34.53,32.69,34.05,2212071
ATH,NYSE,2020/07/17 16:00:00,34.19,34.47,33.46,33.5,1360527
ATH,NYSE,2020/07/20 16:00:00,33.16,33.44,32.65,32.83,828258
ATH,NYSE,2020/07/21 16:00:00,33.16,34.25,33.16,33.83,3115847
ATH,NYSE,2020/07/22 16:00:00,33.5,34.26,33.39,33.92,907370
ATH,NYSE,2020/07/23 16:00:00,33.64,34.41,33.51,33.81,877759
ATH,NYSE,2020/07/24 16:00:00,33.83,33.91,33.2,33.39,667351
ATH,NYSE,2020/07/27 16:00:00,33.19,33.19,31.94,33.02,1542067
ATH,NYSE,2020/07/28 16:00:00,32.72,33.29,32.44,32.49,621003
ATH,NYSE,2020/07/29 16:00:00,32.65,33.71,32.34,33.54,705974
ATH,NYSE,2020/07/30 16:00:00,32.34,32.67,31.67,32.42,1360155
ATH,NYSE,2020/07/31 16:00:00,32.54,32.55,31.72,32.25,1000218
ATH,NYSE,2020/08/03 16:00:00,32.35,33.8,32.08,32.9,1866728
ATH,NYSE,2020/08/04 16:00:00,32.75,33.18,32.5,32.61,1490839
ATH,NYSE,2020/08/05 16:00:00,33.3,36.15,33.3,35.22,2817140
ATH,NYSE,2020/08/06 16:00:00,35,35.07,33.76,34.01,1710852
ATH,NYSE,2020/08/07 16:00:00,33.62,35.45,33.62,35.41,1930147
ATH,NYSE,2020/08/10 16:00:00,35.71,36.58,35.53,36.35,1878779
ATH,NYSE,2020/08/11 16:00:00,37.59,38,36.59,36.62,2160379
ATH,NYSE,2020/08/12 16:00:00,37.68,37.7,35.96,36.44,1851457
ATH,NYSE,2020/08/13 16:00:00,35.78,36.53,35.61,36.32,1273385
ATH,NYSE,2020/08/14 16:00:00,35.85,37.13,35.79,36.93,1267485
ATH,NYSE,2020/08/17 16:00:00,36.79,36.98,36.48,36.82,1603051
ATH,NYSE,2020/08/18 16:00:00,36.8,37.25,36.12,36.24,1608954
ATH,NYSE,2020/08/19 16:00:00,36.16,36.75,36.1,36.52,1776866
ATH,NYSE,2020/08/20 16:00:00,35.94,36.5,35.66,35.9,770895
ATH,NYSE,2020/08/21 16:00:00,35.74,36.03,35.11,35.37,1441318
ATH,NYSE,2020/08/24 16:00:00,35.68,37.1,35.42,37.1,1200140
ATH,NYSE,2020/08/25 16:00:00,37.69,38,36.85,37.38,1108536
ATH,NYSE,2020/08/26 16:00:00,37.33,37.44,36.51,36.93,771160
ATH,NYSE,2020/08/27 16:00:00,37.02,37.85,36.88,37.22,1126691
ATH,NYSE,2020/08/28 16:00:00,37.61,37.61,36.8,37.38,980541
ATH,NYSE,2020/08/31 16:00:00,37.36,37.56,36.15,36.56,2055098
ATH,NYSE,2020/09/01 16:00:00,36.27,37.05,35.9,36.26,1357952
ATH,NYSE,2020/09/02 16:00:00,36.31,36.53,35.72,36.14,1321852
ATH,NYSE,2020/09/03 16:00:00,36.39,37.48,35.22,35.5,1525626
ATH,NYSE,2020/09/04 16:00:00,36.53,37.64,35.85,37.29,1464460
ATH,NYSE,2020/09/08 16:00:00,36.69,36.81,35.62,35.99,1454016
ATH,NYSE,2020/09/09 16:00:00,36.46,36.85,35.56,36.4,1078815
ATH,NYSE,2020/09/10 16:00:00,36.72,37.44,35.54,35.7,1254060
ATH,NYSE,2020/09/11 16:00:00,35.71,36,35.38,35.76,821381
ATH,NYSE,2020/09/14 16:00:00,36.27,36.73,35.85,36.43,742044
ATH,NYSE,2020/09/15 16:00:00,36.52,36.6,35.68,35.87,1419892
ATH,NYSE,2020/09/16 16:00:00,36.04,37.26,35.77,36.34,905456
ATH,NYSE,2020/09/17 16:00:00,35.63,36.22,35.18,35.77,1545162
ATH,NYSE,2020/09/18 16:00:00,35.61,35.76,35,35,1367806
ATH,NYSE,2020/09/21 16:00:00,33.77,34.53,33.09,33.73,1955577
ATH,NYSE,2020/09/22 16:00:00,33.91,34.54,33.53,33.84,939166
ATH,NYSE,2020/09/23 16:00:00,33.96,34.79,33,33,800369
ATH,NYSE,2020/09/24 16:00:00,33.02,33.57,32.2,33,2304058
ATH,NYSE,2020/09/25 16:00:00,32.57,33.54,32.43,33.3,1085854
ATH,NYSE,2020/09/28 16:00:00,34.39,35.18,34.22,34.87,1268904
ATH,NYSE,2020/09/29 16:00:00,34.6,34.82,33.66,34,979613
ATH,NYSE,2020/09/30 16:00:00,34.15,34.53,33.56,34.08,1304320
ATH,NYSE,2020/10/01 16:00:00,35.11,35.8,34.55,35.64,1922508
ATH,NYSE,2020/10/02 16:00:00,34.86,36.45,34.65,36.22,3546821
ATH,NYSE,2020/10/05 16:00:00,36.78,37.59,36.71,37,1455719
ATH,NYSE,2020/10/06 16:00:00,37.38,37.38,35.97,36.29,1384677
ATH,NYSE,2020/10/07 16:00:00,36.88,37.28,36.43,36.86,1335108
ATH,NYSE,2020/10/08 16:00:00,37.08,37.6,36.74,37.39,897706
ATH,NYSE,2020/10/09 16:00:00,37.77,38,36.82,37.01,647545
ATH,NYSE,2020/10/12 16:00:00,37.01,37.37,36.82,37.02,764142
ATH,NYSE,2020/10/13 16:00:00,36.61,36.64,35.76,35.92,1582943
ATH,NYSE,2020/10/14 16:00:00,35.87,36.66,35.65,35.7,1103327
ATH,NYSE,2020/10/15 16:00:00,35.11,35.87,35.03,35.72,1011968
ATH,NYSE,2020/10/16 16:00:00,35.96,36.24,35.12,35.29,1290044
ATH,NYSE,2020/10/19 16:00:00,35.29,35.87,34.27,34.46,1366335
ATH,NYSE,2020/10/20 16:00:00,34.92,35.35,34.38,34.48,1217290
ATH,NYSE,2020/10/21 16:00:00,34.52,34.55,33.81,34.01,1713315
ATH,NYSE,2020/10/22 16:00:00,34,34,33.39,33.77,1719219
ATH,NYSE,2020/10/23 16:00:00,34,34.51,33.65,34.24,1180544
ATH,NYSE,2020/10/26 16:00:00,33.59,33.75,32.8,33.31,1399266
ATH,NYSE,2020/10/27 16:00:00,33.13,33.2,31.95,31.97,1022801
ATH,NYSE,2020/10/28 16:00:00,31.12,31.91,30.78,30.8,933849
ATH,NYSE,2020/10/29 16:00:00,30.5,31.91,30.05,31.67,1102687
ATH,NYSE,2020/10/30 16:00:00,31.52,32.09,31.11,32.08,1426873
ATH,NYSE,2020/11/02 16:00:00,32.44,32.74,32.11,32.42,1435974
ATH,NYSE,2020/11/03 16:00:00,34.23,36,34.15,34.99,2784942
ATH,NYSE,2020/11/04 16:00:00,34.84,35.03,33.53,33.82,1632888
ATH,NYSE,2020/11/05 16:00:00,34,35.63,34,35.18,1261769
ATH,NYSE,2020/11/06 16:00:00,35.59,35.68,34.49,34.91,1059946
ATH,NYSE,2020/11/09 16:00:00,38.39,41.48,38.05,40.58,2621283
ATH,NYSE,2020/11/10 16:00:00,40.83,41.33,40.28,40.91,1857412
ATH,NYSE,2020/11/11 16:00:00,41.14,41.74,40.18,41.71,1980113
ATH,NYSE,2020/11/12 16:00:00,40.78,41.38,39.62,40.38,1140323
ATH,NYSE,2020/11/13 16:00:00,40.79,42.19,40.68,41.87,1148310
ATH,NYSE,2020/11/16 16:00:00,43.29,43.4,42.26,42.96,957830
ATH,NYSE,2020/11/17 16:00:00,42.22,43.54,41.84,43.22,901181
ATH,NYSE,2020/11/18 16:00:00,43.53,43.81,43.12,43.2,1200314
ATH,NYSE,2020/11/19 16:00:00,42.59,43.13,41.96,43.02,1350865
ATH,NYSE,2020/11/20 16:00:00,42.93,43.2,42.37,42.97,451260
ATH,NYSE,2020/11/23 16:00:00,43.65,44.85,43.58,44.72,952881
ATH,NYSE,2020/11/24 16:00:00,45.68,47.11,45.47,46.84,1470960
ATH,NYSE,2020/11/25 16:00:00,46.3,46.43,45.15,46.18,749947
ATH,NYSE,2020/11/27 13:00:00,46.15,46.56,45.4,45.92,405070
ATH,NYSE,2020/11/30 16:00:00,45.52,45.73,44.34,44.35,1611698
ATH,NYSE,2020/12/01 16:00:00,45.56,45.97,44.46,45.05,1263561
ATH,NYSE,2020/12/02 16:00:00,45.14,45.97,44.72,45.8,1034135
ATH,NYSE,2020/12/03 16:00:00,45.67,46.41,45.2,45.75,606104
ATH,NYSE,2020/12/04 16:00:00,46.29,46.64,45.78,45.88,1012389
ATH,NYSE,2020/12/07 16:00:00,45.49,45.51,43.53,43.74,1650008
ATH,NYSE,2020/12/08 16:00:00,43.08,43.92,43.04,43.66,1011896
ATH,NYSE,2020/12/09 16:00:00,44.22,44.32,42.95,43.28,1425523
ATH,NYSE,2020/12/10 16:00:00,42.46,43.66,42.37,43.34,1180026
ATH,NYSE,2020/12/11 16:00:00,42.53,43.06,42.11,42.42,868399
ATH,NYSE,2020/12/14 16:00:00,43.31,43.41,41.65,41.75,634325
ATH,NYSE,2020/12/15 16:00:00,42.15,42.66,41.35,42.39,999000
ATH,NYSE,2020/12/16 16:00:00,42.65,42.97,42.03,42.4,1579469
ATH,NYSE,2020/12/17 16:00:00,42.77,42.92,41.76,42.51,1628482
ATH,NYSE,2020/12/18 16:00:00,42.61,43.21,41.33,42.03,2221664
ATH,NYSE,2020/12/21 16:00:00,42.39,42.39,40.9,41.63,2393363
ATH,NYSE,2020/12/22 16:00:00,42.04,42.17,41.04,41.08,1399024
ATH,NYSE,2020/12/23 16:00:00,41.6,42.65,41.55,42.29,749592
ATH,NYSE,2020/12/24 13:00:00,42.28,42.43,41.63,42.38,193744
ATH,NYSE,2020/12/28 16:00:00,42.74,43.02,42.21,42.28,640781
ATH,NYSE,2020/12/29 16:00:00,42.51,42.65,41.67,41.86,809961
ATH,NYSE,2020/12/30 16:00:00,41.89,42.75,41.68,42.51,709636
ATH,NYSE,2020/12/31 16:00:00,42.57,43.35,42.18,43.14,549268
ATH,NYSE,2021/01/04 16:00:00,43.57,43.77,41.9,41.99,610876
ATH,NYSE,2021/01/05 16:00:00,41.76,43.63,41.61,42.87,926375
ATH,NYSE,2021/01/06 16:00:00,44.13,46.46,43.96,46.01,1852413
ATH,NYSE,2021/01/07 16:00:00,46.76,46.85,45.94,46.21,2044366
ATH,NYSE,2021/01/08 16:00:00,45.38,45.89,44.51,45.16,899335
ATH,NYSE,2021/01/11 16:00:00,44.47,45.31,44.29,44.45,682793
ATH,NYSE,2021/01/12 16:00:00,44.99,45.55,44.49,44.72,1019595
ATH,NYSE,2021/01/13 16:00:00,44.66,45.19,44,44.78,1201452
ATH,NYSE,2021/01/14 16:00:00,44.98,46.13,44.68,45.52,671187
ATH,NYSE,2021/01/15 16:00:00,44.74,44.94,43.95,44.37,777287
ATH,NYSE,2021/01/19 16:00:00,44.83,45.36,44.19,44.66,510001
ATH,NYSE,2021/01/20 16:00:00,45.89,45.89,44.57,44.67,763662
ATH,NYSE,2021/01/21 16:00:00,44.74,45,43.66,43.69,834987
ATH,NYSE,2021/01/22 16:00:00,43,43.68,42.71,43.29,732102
ATH,NYSE,2021/01/25 16:00:00,42.93,43.21,42,42.71,728027
ATH,NYSE,2021/01/26 16:00:00,43.08,43.44,42.21,42.69,1986994
ATH,NYSE,2021/01/27 16:00:00,41.98,42.32,41.33,41.51,1851508
ATH,NYSE,2021/01/28 16:00:00,41.88,43.33,41.5,42.49,1662187
ATH,NYSE,2021/01/29 16:00:00,42.25,42.34,40.21,40.89,1047725
ATH,NYSE,2021/02/01 16:00:00,41.23,41.52,40.23,41.16,831770
ATH,NYSE,2021/02/02 16:00:00,41.99,42.99,41.76,42.37,1161938
ATH,NYSE,2021/02/03 16:00:00,42.23,42.9,42.18,42.9,619121
ATH,NYSE,2021/02/04 16:00:00,43.16,44.68,43.12,44.61,1029295
ATH,NYSE,2021/02/05 16:00:00,45,45.03,44.03,44.45,730148
ATH,NYSE,2021/02/08 16:00:00,44.6,45.37,44.44,45.27,593749
ATH,NYSE,2021/02/09 16:00:00,45.24,45.28,44.58,44.74,616220
ATH,NYSE,2021/02/10 16:00:00,44.86,44.87,44.01,44.3,557820
ATH,NYSE,2021/02/11 16:00:00,44.39,44.78,43.82,44.73,893142
ATH,NYSE,2021/02/12 16:00:00,44.6,45.81,44.53,45.17,706333
ATH,NYSE,2021/02/16 16:00:00,45.87,46.34,45.32,45.87,1571006
ATH,NYSE,2021/02/17 16:00:00,48,48.07,44.93,45.3,2307626
ATH,NYSE,2021/02/18 16:00:00,44.63,45.47,43.94,45.15,1073928
ATH,NYSE,2021/02/19 16:00:00,45.55,46.43,45.22,45.39,1323164
ATH,NYSE,2021/02/22 16:00:00,45.23,47.2,45.14,46.64,1420237
ATH,NYSE,2021/02/23 16:00:00,46.97,46.97,45.09,45.59,1242632
ATH,NYSE,2021/02/24 16:00:00,45.81,48.3,45.81,47.78,1148998
ATH,NYSE,2021/02/25 16:00:00,48.3,48.59,45.93,46.05,1282620
ATH,NYSE,2021/02/26 16:00:00,45.71,46.44,44.37,45.59,1243619
ATH,NYSE,2021/03/01 16:00:00,46.61,47.3,46.51,46.74,1096704
ATH,NYSE,2021/03/02 16:00:00,46.64,47.55,46.29,46.79,852879
ATH,NYSE,2021/03/03 16:00:00,47.6,49.04,47.05,48.3,1344009
ATH,NYSE,2021/03/04 16:00:00,48.03,49.18,46.59,47.78,1364078
ATH,NYSE,2021/03/05 16:00:00,48.71,49.09,46.89,48.88,992520
ATH,NYSE,2021/03/08 16:00:00,54.26,55.39,51.64,51.8,8966350
ATH,NYSE,2021/03/09 16:00:00,51.01,52.25,49.86,49.93,4025877
ATH,NYSE,2021/03/10 16:00:00,50.15,51.09,49.51,49.8,3523251
ATH,NYSE,2021/03/11 16:00:00,49.6,51.29,49.42,50.8,4278512
ATH,NYSE,2021/03/12 16:00:00,51,51.38,50.06,50.14,3672613
ATH,NYSE,2021/03/15 16:00:00,50,51.06,49.8,51.05,4379385
ATH,NYSE,2021/03/16 16:00:00,50.68,51.62,50.24,50.24,2580866
ATH,NYSE,2021/03/17 16:00:00,50.58,50.97,50.25,50.7,3687317
ATH,NYSE,2021/03/18 16:00:00,51.01,51.63,49.91,50.19,3416016
ATH,NYSE,2021/03/19 16:00:00,50.03,50.29,49.35,49.64,3721945
ATH,NYSE,2021/03/22 16:00:00,49.41,52.35,49.28,52.05,3959761
ATH,NYSE,2021/03/23 16:00:00,51.59,52.17,51.33,52.06,2530566
ATH,NYSE,2021/03/24 16:00:00,52.53,53.37,50.19,50.19,2159298
ATH,NYSE,2021/03/25 16:00:00,49.94,50.57,49.02,49.89,2379064
ATH,NYSE,2021/03/26 16:00:00,50.3,50.41,48.52,49.56,2166877
ATH,NYSE,2021/03/29 16:00:00,48.9,49.91,48.65,49.47,1492180
ATH,NYSE,2021/03/30 16:00:00,49.5,51.23,49.46,50.29,1500015
ATH,NYSE,2021/03/31 16:00:00,50.3,51.23,50.3,50.4,1900603
ATH,NYSE,2021/04/01 16:00:00,50.5,51.31,50.5,51.13,1177133
ATH,NYSE,2021/04/05 16:00:00,50.79,51.64,50.79,51.06,1647775
ATH,NYSE,2021/04/06 16:00:00,51.07,51.47,50.82,51.1,845965
ATH,NYSE,2021/04/07 16:00:00,51.03,51.29,50.3,50.47,1236586
ATH,NYSE,2021/04/08 16:00:00,50.34,50.83,49.31,49.87,1208957
ATH,NYSE,2021/04/09 16:00:00,50.15,50.51,49.7,50.45,1275265
PNR,NYSE,2019/04/01 16:00:00,44.9,45.6,44.84,45.49,1694408
PNR,NYSE,2019/04/02 16:00:00,45.49,45.7,44.89,45.06,2055390
PNR,NYSE,2019/04/03 16:00:00,45.36,45.47,44.76,44.9,1399377
PNR,NYSE,2019/04/04 16:00:00,44.87,45.19,44.74,45.11,913404
PNR,NYSE,2019/04/05 16:00:00,45.13,45.34,45.04,45.21,922350
PNR,NYSE,2019/04/08 16:00:00,45.08,45.28,44.92,45.26,884658
PNR,NYSE,2019/04/09 16:00:00,40.12,41,38.5,39.13,8596030
PNR,NYSE,2019/04/10 16:00:00,39,39.5,38.82,39.23,3518343
PNR,NYSE,2019/04/11 16:00:00,39.22,40.35,38.99,39.98,4205359
PNR,NYSE,2019/04/12 16:00:00,40.24,40.33,39.67,40.06,2258737
PNR,NYSE,2019/04/15 16:00:00,39.99,40.17,39.63,39.89,1435123
PNR,NYSE,2019/04/16 16:00:00,39.88,40.47,39.75,40.47,2897469
PNR,NYSE,2019/04/17 16:00:00,39.74,39.77,37.73,38.35,4247215
PNR,NYSE,2019/04/18 16:00:00,38.3,38.52,37.43,38.22,3137503
PNR,NYSE,2019/04/22 16:00:00,38.09,38.09,37.52,37.64,1543173
PNR,NYSE,2019/04/23 16:00:00,37.76,38.42,37.76,38.07,3168413
PNR,NYSE,2019/04/24 16:00:00,38.14,38.3,37.87,38.05,1936647
PNR,NYSE,2019/04/25 16:00:00,37.69,37.91,37.32,37.51,1216288
PNR,NYSE,2019/04/26 16:00:00,37.33,38.58,37.33,38.41,2278440
PNR,NYSE,2019/04/29 16:00:00,38.54,39.1,38.47,38.86,2326409
PNR,NYSE,2019/04/30 16:00:00,38.95,39.08,38.37,38.99,4260807
PNR,NYSE,2019/05/01 16:00:00,39.12,39.45,38.76,38.84,2318168
PNR,NYSE,2019/05/02 16:00:00,38.67,39.15,38.43,38.99,1816901
PNR,NYSE,2019/05/03 16:00:00,39.22,39.5,39,39.48,1168191
PNR,NYSE,2019/05/06 16:00:00,38.61,38.99,38.52,38.62,1629750
PNR,NYSE,2019/05/07 16:00:00,38.16,38.21,37.54,37.9,1873678
PNR,NYSE,2019/05/08 16:00:00,37.8,37.83,37.38,37.54,1489007
PNR,NYSE,2019/05/09 16:00:00,37.18,37.87,36.99,37.71,1362781
PNR,NYSE,2019/05/10 16:00:00,37.55,38.14,37.06,37.97,1409475
PNR,NYSE,2019/05/13 16:00:00,37.2,37.39,36.65,36.78,1279086
PNR,NYSE,2019/05/14 16:00:00,36.81,37.09,36.37,36.77,1403533
PNR,NYSE,2019/05/15 16:00:00,36.46,36.95,36.33,36.75,1156774
PNR,NYSE,2019/05/16 16:00:00,36.96,36.96,36.57,36.61,1320187
PNR,NYSE,2019/05/17 16:00:00,36.27,36.39,35.93,36.01,1610020
PNR,NYSE,2019/05/20 16:00:00,35.72,35.97,35.51,35.7,1476005
PNR,NYSE,2019/05/21 16:00:00,35.94,36.61,35.91,36.61,2929841
PNR,NYSE,2019/05/22 16:00:00,36.29,36.67,36.1,36.34,1454475
PNR,NYSE,2019/05/23 16:00:00,35.87,35.98,35.28,35.6,2661628
PNR,NYSE,2019/05/24 16:00:00,35.92,36.3,35.66,36.25,1336104
PNR,NYSE,2019/05/28 16:00:00,36.38,36.38,35.33,35.35,2573759
PNR,NYSE,2019/05/29 16:00:00,35.21,35.66,35.15,35.51,2541144
PNR,NYSE,2019/05/30 16:00:00,35.57,35.89,35.26,35.5,1040069
PNR,NYSE,2019/05/31 16:00:00,34.99,35.07,34.72,34.82,1594876
PNR,NYSE,2019/06/03 16:00:00,34.85,35.76,34.83,35.38,2419551
PNR,NYSE,2019/06/04 16:00:00,35.83,36.43,35.75,36.35,2118272
PNR,NYSE,2019/06/05 16:00:00,36.37,36.56,35.95,36.21,1799620
PNR,NYSE,2019/06/06 16:00:00,36.24,36.51,35.79,36.11,941862
PNR,NYSE,2019/06/07 16:00:00,36.32,36.57,35.98,36.44,757283
PNR,NYSE,2019/06/10 16:00:00,36.59,36.94,36.2,36.21,1126778
PNR,NYSE,2019/06/11 16:00:00,36.59,36.69,35.45,35.49,1426706
PNR,NYSE,2019/06/12 16:00:00,35.44,35.66,35.1,35.36,1027787
PNR,NYSE,2019/06/13 16:00:00,35.53,36.08,35.5,36.07,965551
PNR,NYSE,2019/06/14 16:00:00,35.94,35.94,35.38,35.62,1649599
PNR,NYSE,2019/06/17 16:00:00,35.59,35.9,35.58,35.72,1073554
PNR,NYSE,2019/06/18 16:00:00,36.02,36.65,35.88,36.16,1431457
PNR,NYSE,2019/06/19 16:00:00,36.12,36.49,35.99,36.36,1170816
PNR,NYSE,2019/06/20 16:00:00,36.96,37.23,36.64,37.18,1367924
PNR,NYSE,2019/06/21 16:00:00,37.22,37.22,36.61,36.61,2559675
PNR,NYSE,2019/06/24 16:00:00,36.69,36.94,36.51,36.56,904296
PNR,NYSE,2019/06/25 16:00:00,36.56,36.72,36.4,36.48,930594
PNR,NYSE,2019/06/26 16:00:00,36.49,36.67,36.17,36.19,1160530
PNR,NYSE,2019/06/27 16:00:00,36.29,36.58,36.14,36.49,1749994
PNR,NYSE,2019/06/28 16:00:00,36.56,37.26,36.32,37.2,2028064
PNR,NYSE,2019/07/01 16:00:00,37.61,37.7,37.04,37.4,974006
PNR,NYSE,2019/07/02 16:00:00,37.42,37.64,37.08,37.64,1231981
PNR,NYSE,2019/07/03 13:00:00,37.74,38.27,37.58,38.26,980427
PNR,NYSE,2019/07/05 16:00:00,37.83,38.19,37.48,38.18,1316571
PNR,NYSE,2019/07/08 16:00:00,38,38.2,37.65,37.71,1434343
PNR,NYSE,2019/07/09 16:00:00,37.43,37.61,36.87,36.97,1782532
PNR,NYSE,2019/07/10 16:00:00,37.19,37.48,36.81,36.81,1183591
PNR,NYSE,2019/07/11 16:00:00,36.75,37.14,36.58,37.04,956724
PNR,NYSE,2019/07/12 16:00:00,37.3,37.97,37.17,37.96,1071156
PNR,NYSE,2019/07/15 16:00:00,38.04,38.13,37.58,38.05,1001050
PNR,NYSE,2019/07/16 16:00:00,37.99,38.57,37.84,38.49,1590324
PNR,NYSE,2019/07/17 16:00:00,38.45,38.45,37.64,37.67,1403252
PNR,NYSE,2019/07/18 16:00:00,37.4,37.46,36.94,37.09,1381594
PNR,NYSE,2019/07/19 16:00:00,37.22,37.78,36.61,37.38,1122995
PNR,NYSE,2019/07/22 16:00:00,37.41,37.76,37.41,37.6,1147132
PNR,NYSE,2019/07/23 16:00:00,39.02,39.39,38.12,39.32,2710182
PNR,NYSE,2019/07/24 16:00:00,39.14,39.62,38.97,39.28,2002824
PNR,NYSE,2019/07/25 16:00:00,39.29,39.47,38.85,39.05,2405618
PNR,NYSE,2019/07/26 16:00:00,39.04,39.32,38.75,39.21,1067836
PNR,NYSE,2019/07/29 16:00:00,39.21,39.26,38.85,38.95,1895219
PNR,NYSE,2019/07/30 16:00:00,38.72,39.05,38.56,38.94,1212865
PNR,NYSE,2019/07/31 16:00:00,38.94,39.09,38.61,38.81,2535442
PNR,NYSE,2019/08/01 16:00:00,38.78,39.12,38.4,38.67,2464026
PNR,NYSE,2019/08/02 16:00:00,38.4,38.41,37.23,37.25,1845658
PNR,NYSE,2019/08/05 16:00:00,36.59,36.68,35.85,36.07,1806686
PNR,NYSE,2019/08/06 16:00:00,36.24,36.65,35.88,36.6,2362488
PNR,NYSE,2019/08/07 16:00:00,36.11,36.88,35.66,36.63,1657556
PNR,NYSE,2019/08/08 16:00:00,36.9,37.53,36.78,37.41,1402549
PNR,NYSE,2019/08/09 16:00:00,37.2,37.23,36.54,36.85,821755
PNR,NYSE,2019/08/12 16:00:00,36.57,36.66,36.31,36.36,956702
PNR,NYSE,2019/08/13 16:00:00,36.35,37.38,36.12,37.07,909133
PNR,NYSE,2019/08/14 16:00:00,36.49,36.57,35.55,35.58,1265535
PNR,NYSE,2019/08/15 16:00:00,35.56,35.72,35.16,35.43,1214084
PNR,NYSE,2019/08/16 16:00:00,35.69,36.21,35.54,36.18,1190408
PNR,NYSE,2019/08/19 16:00:00,36.74,36.89,36.54,36.73,723857
PNR,NYSE,2019/08/20 16:00:00,36.67,36.79,36.26,36.34,1615915
PNR,NYSE,2019/08/21 16:00:00,36.76,36.85,36.42,36.53,740690
PNR,NYSE,2019/08/22 16:00:00,36.63,36.81,36.31,36.36,815479
PNR,NYSE,2019/08/23 16:00:00,36.18,36.32,34.98,35.13,993763
PNR,NYSE,2019/08/26 16:00:00,35.58,35.58,34.84,35.19,919290
PNR,NYSE,2019/08/27 16:00:00,35.33,35.51,34.69,34.73,1006811
PNR,NYSE,2019/08/28 16:00:00,34.63,35.35,34.5,35.2,887608
PNR,NYSE,2019/08/29 16:00:00,35.67,35.95,35.59,35.91,708337
PNR,NYSE,2019/08/30 16:00:00,36.26,36.35,35.79,35.92,908546
PNR,NYSE,2019/09/03 16:00:00,35.6,35.69,34.72,34.92,1156987
PNR,NYSE,2019/09/04 16:00:00,35.23,35.6,35.18,35.5,864272
PNR,NYSE,2019/09/05 16:00:00,36.02,36.48,36.02,36.23,1394797
PNR,NYSE,2019/09/06 16:00:00,36.41,36.63,36.21,36.32,1080467
PNR,NYSE,2019/09/09 16:00:00,36.53,36.89,36.33,36.86,1359555
PNR,NYSE,2019/09/10 16:00:00,36.91,38.02,36.88,37.95,1047303
PNR,NYSE,2019/09/11 16:00:00,38.08,38.09,37.4,38.09,1049694
PNR,NYSE,2019/09/12 16:00:00,38.12,38.19,37.53,37.75,887107
PNR,NYSE,2019/09/13 16:00:00,38.12,38.33,37.59,37.84,1116581
PNR,NYSE,2019/09/16 16:00:00,37.57,37.92,37.57,37.66,966111
PNR,NYSE,2019/09/17 16:00:00,37.38,37.99,37,37.93,1249547
PNR,NYSE,2019/09/18 16:00:00,37.78,38.13,37.76,38.12,1424048
PNR,NYSE,2019/09/19 16:00:00,38.17,38.27,37.57,37.62,962179
PNR,NYSE,2019/09/20 16:00:00,37.72,37.85,36.54,36.63,2948917
PNR,NYSE,2019/09/23 16:00:00,36.26,37.23,36.26,36.98,876582
PNR,NYSE,2019/09/24 16:00:00,37.08,37.45,36.64,36.77,1286511
PNR,NYSE,2019/09/25 16:00:00,36.71,37.45,36.71,37.38,1002986
PNR,NYSE,2019/09/26 16:00:00,37.3,37.41,37.04,37.25,551730
PNR,NYSE,2019/09/27 16:00:00,37.45,37.74,37.29,37.66,702893
PNR,NYSE,2019/09/30 16:00:00,37.79,37.95,37.57,37.8,1062859
PNR,NYSE,2019/10/01 16:00:00,38.01,38.22,36.62,36.72,784253
PNR,NYSE,2019/10/02 16:00:00,36.31,36.33,35.49,35.69,818127
PNR,NYSE,2019/10/03 16:00:00,35.54,36.12,35.01,36.11,758715
PNR,NYSE,2019/10/04 16:00:00,36.07,36.58,35.95,36.55,760227
PNR,NYSE,2019/10/07 16:00:00,36.39,36.48,36.1,36.13,574606
PNR,NYSE,2019/10/08 16:00:00,35.73,35.73,35.15,35.16,1266319
PNR,NYSE,2019/10/09 16:00:00,35.49,35.73,35.05,35.59,1034650
PNR,NYSE,2019/10/10 16:00:00,35.6,36.48,35.54,36.13,964425
PNR,NYSE,2019/10/11 16:00:00,36.68,37.79,36.68,37.36,916146
PNR,NYSE,2019/10/14 16:00:00,37.2,37.35,36.84,37.17,795768
PNR,NYSE,2019/10/15 16:00:00,37.38,37.89,37.13,37.81,786292
PNR,NYSE,2019/10/16 16:00:00,37.81,38.2,37.62,37.82,1203247
PNR,NYSE,2019/10/17 16:00:00,38.03,38.66,37.95,38.46,1182032
PNR,NYSE,2019/10/18 16:00:00,38.36,38.65,38.24,38.55,1723428
PNR,NYSE,2019/10/21 16:00:00,38.8,39.12,38.79,39,1231383
PNR,NYSE,2019/10/22 16:00:00,38.98,39.58,38.77,39.39,1352019
PNR,NYSE,2019/10/23 16:00:00,39.82,41.83,39.69,41.47,2546066
PNR,NYSE,2019/10/24 16:00:00,41.73,42,41.37,41.6,1515638
PNR,NYSE,2019/10/25 16:00:00,41.66,41.78,41.2,41.24,1775256
PNR,NYSE,2019/10/28 16:00:00,41.4,41.79,41.23,41.55,1169230
PNR,NYSE,2019/10/29 16:00:00,41.27,41.95,41.27,41.8,1062122
PNR,NYSE,2019/10/30 16:00:00,41.67,41.93,41.52,41.79,1087962
PNR,NYSE,2019/10/31 16:00:00,41.67,41.67,40.9,41.47,1757929
PNR,NYSE,2019/11/01 16:00:00,41.86,42.43,41.81,42.4,1071895
PNR,NYSE,2019/11/04 16:00:00,42.75,42.95,42.49,42.75,978647
PNR,NYSE,2019/11/05 16:00:00,42.77,43.18,42.73,43.15,1182867
PNR,NYSE,2019/11/06 16:00:00,43.04,43.06,42.69,42.93,937192
PNR,NYSE,2019/11/07 16:00:00,43.34,43.44,43.05,43.15,1008814
PNR,NYSE,2019/11/08 16:00:00,43.07,43.42,42.95,43.37,1016612
PNR,NYSE,2019/11/11 16:00:00,42.87,43.28,42.82,43.13,611003
PNR,NYSE,2019/11/12 16:00:00,43,43.26,42.94,43.14,1013844
PNR,NYSE,2019/11/13 16:00:00,42.8,43.2,42.67,43.05,841763
PNR,NYSE,2019/11/14 16:00:00,42.92,43.19,42.81,43.09,883633
PNR,NYSE,2019/11/15 16:00:00,43.52,43.56,43.21,43.48,648316
PNR,NYSE,2019/11/18 16:00:00,43.27,43.52,43.06,43.37,887814
PNR,NYSE,2019/11/19 16:00:00,43.55,43.55,43.11,43.3,782171
PNR,NYSE,2019/11/20 16:00:00,43.25,43.41,42.96,43.18,697052
PNR,NYSE,2019/11/21 16:00:00,43.33,43.48,43.16,43.36,734050
PNR,NYSE,2019/11/22 16:00:00,43.52,43.8,43.2,43.73,715786
PNR,NYSE,2019/11/25 16:00:00,43.84,44.25,43.68,44.02,974180
PNR,NYSE,2019/11/26 16:00:00,44.2,44.5,43.84,44.45,1203935
PNR,NYSE,2019/11/27 16:00:00,44.45,44.45,44.12,44.34,632342
PNR,NYSE,2019/11/29 13:00:00,44.38,44.46,44.15,44.35,439781
PNR,NYSE,2019/12/02 16:00:00,44.23,44.62,43.78,43.79,1020059
PNR,NYSE,2019/12/03 16:00:00,43.32,43.79,43.15,43.62,1224554
PNR,NYSE,2019/12/04 16:00:00,43.97,44.49,43.86,43.96,1047676
PNR,NYSE,2019/12/05 16:00:00,44.19,44.47,43.93,44.46,674878
PNR,NYSE,2019/12/06 16:00:00,44.99,45.03,44.78,44.79,613515
PNR,NYSE,2019/12/09 16:00:00,45.2,45.46,44.94,45.05,1547276
PNR,NYSE,2019/12/10 16:00:00,45.15,45.66,44.84,45.16,1155599
PNR,NYSE,2019/12/11 16:00:00,45.32,45.58,45.09,45.5,533539
PNR,NYSE,2019/12/12 16:00:00,45.66,46.23,45.32,45.97,784217
PNR,NYSE,2019/12/13 16:00:00,46.02,46.45,45.57,45.85,675713
PNR,NYSE,2019/12/16 16:00:00,46.25,46.45,45.73,45.92,690422
PNR,NYSE,2019/12/17 16:00:00,45.5,45.6,45.13,45.38,1153378
PNR,NYSE,2019/12/18 16:00:00,45.4,45.7,45.26,45.51,780556
PNR,NYSE,2019/12/19 16:00:00,45.7,45.73,45.33,45.45,888675
PNR,NYSE,2019/12/20 16:00:00,45.54,45.73,45.41,45.51,2037366
PNR,NYSE,2019/12/23 16:00:00,45.86,46.09,45.4,45.92,792553
PNR,NYSE,2019/12/24 13:00:00,45.89,46.06,45.72,45.91,189203
PNR,NYSE,2019/12/26 16:00:00,45.99,46.01,45.56,45.88,351086
PNR,NYSE,2019/12/27 16:00:00,46.13,46.13,45.68,45.78,471520
PNR,NYSE,2019/12/30 16:00:00,45.89,46,45.54,45.82,650684
PNR,NYSE,2019/12/31 16:00:00,45.91,46.12,45.61,45.87,661924
PNR,NYSE,2020/01/02 16:00:00,46.08,46.43,45.8,46.42,732529
PNR,NYSE,2020/01/03 16:00:00,45.57,46.04,45.57,45.98,1023664
PNR,NYSE,2020/01/06 16:00:00,45.6,45.89,45.36,45.66,794627
PNR,NYSE,2020/01/07 16:00:00,45.66,45.69,45.18,45.26,1009283
PNR,NYSE,2020/01/08 16:00:00,45.47,45.83,45.17,45.43,940954
PNR,NYSE,2020/01/09 16:00:00,45.65,45.76,45.49,45.7,527538
PNR,NYSE,2020/01/10 16:00:00,45.79,45.89,45.12,45.26,764356
PNR,NYSE,2020/01/13 16:00:00,45.4,45.99,45.25,45.95,1026663
PNR,NYSE,2020/01/14 16:00:00,45.86,45.92,45.48,45.58,726704
PNR,NYSE,2020/01/15 16:00:00,45.54,45.92,45.54,45.84,764634
PNR,NYSE,2020/01/16 16:00:00,46.44,47.16,46.34,46.71,1097170
PNR,NYSE,2020/01/17 16:00:00,46.92,47.43,46.85,47.29,1171885
PNR,NYSE,2020/01/21 16:00:00,47.05,47.09,46.51,46.72,1089574
PNR,NYSE,2020/01/22 16:00:00,47.07,47.19,46.34,46.46,899600
PNR,NYSE,2020/01/23 16:00:00,46.02,46.78,45.6,46.78,1115436
PNR,NYSE,2020/01/24 16:00:00,46.79,46.86,45.97,46.2,747628
PNR,NYSE,2020/01/27 16:00:00,45.21,45.45,44.65,44.88,2189754
PNR,NYSE,2020/01/28 16:00:00,44.99,45.33,43.88,44.28,2019476
PNR,NYSE,2020/01/29 16:00:00,44.65,44.65,43.65,43.72,1445383
PNR,NYSE,2020/01/30 16:00:00,43.3,44.29,43.3,44.27,1344130
PNR,NYSE,2020/01/31 16:00:00,43.97,44.25,42.77,42.93,3088916
PNR,NYSE,2020/02/03 16:00:00,43.38,44.03,43.06,43.36,1096820
PNR,NYSE,2020/02/04 16:00:00,44.2,44.5,43.87,43.93,1304098
PNR,NYSE,2020/02/05 16:00:00,44.62,44.72,44.33,44.68,1493514
PNR,NYSE,2020/02/06 16:00:00,44.78,44.8,44.08,44.35,902200
PNR,NYSE,2020/02/07 16:00:00,43.92,44.09,43.62,43.64,878944
PNR,NYSE,2020/02/10 16:00:00,43.48,43.92,43.3,43.84,1068568
PNR,NYSE,2020/02/11 16:00:00,44.01,44.5,43.9,44.27,697501
PNR,NYSE,2020/02/12 16:00:00,44.48,44.76,44.18,44.72,863435
PNR,NYSE,2020/02/13 16:00:00,44.57,44.67,44.27,44.64,860188
PNR,NYSE,2020/02/14 16:00:00,44.64,44.79,44.04,44.24,1141754
PNR,NYSE,2020/02/18 16:00:00,43.98,44.2,43.09,43.46,1079335
PNR,NYSE,2020/02/19 16:00:00,43.61,43.85,43.48,43.69,620608
PNR,NYSE,2020/02/20 16:00:00,43.51,44.61,43.45,44.55,1072169
PNR,NYSE,2020/02/21 16:00:00,44.18,44.8,43.8,44.56,1218832
PNR,NYSE,2020/02/24 16:00:00,43.25,43.85,43.03,43.59,1021476
PNR,NYSE,2020/02/25 16:00:00,43.75,43.75,42.37,42.41,1926693
PNR,NYSE,2020/02/26 16:00:00,42.86,43,41.79,41.85,1218097
PNR,NYSE,2020/02/27 16:00:00,40.93,41.51,39.61,39.61,1523229
PNR,NYSE,2020/02/28 16:00:00,38.31,39.41,37.39,39.39,2165334
PNR,NYSE,2020/03/02 16:00:00,39.47,41.14,39.04,41.08,1606074
PNR,NYSE,2020/03/03 16:00:00,40.84,42.01,39.44,39.47,1830665
PNR,NYSE,2020/03/04 16:00:00,40.23,40.94,39.76,40.88,1755693
PNR,NYSE,2020/03/05 16:00:00,39.46,39.97,38.56,38.68,1815097
PNR,NYSE,2020/03/06 16:00:00,37.34,38.78,37.18,38.28,1729351
PNR,NYSE,2020/03/09 16:00:00,35.91,38.04,35.29,35.69,1856067
PNR,NYSE,2020/03/10 16:00:00,36.78,37.7,35.74,37.62,2139573
PNR,NYSE,2020/03/11 16:00:00,36.35,37.34,35.95,36.4,1774058
PNR,NYSE,2020/03/12 16:00:00,33.33,35.77,33.16,33.67,2103608
PNR,NYSE,2020/03/13 16:00:00,35.44,35.94,32.83,35.81,1432977
PNR,NYSE,2020/03/16 16:00:00,31.98,32.78,30.23,30.38,1386480
PNR,NYSE,2020/03/17 16:00:00,31.13,31.4,29.28,30.39,1657444
PNR,NYSE,2020/03/18 16:00:00,28.39,28.96,24.36,25.6,1739124
PNR,NYSE,2020/03/19 16:00:00,25.34,25.62,23.32,24.48,1771599
PNR,NYSE,2020/03/20 16:00:00,25,25.85,23.59,23.78,2519279
PNR,NYSE,2020/03/23 16:00:00,23.48,23.66,22.01,22.85,1304799
PNR,NYSE,2020/03/24 16:00:00,24.05,27.25,23.8,27.01,1875231
PNR,NYSE,2020/03/25 16:00:00,27.17,29.67,26.14,29.01,1543237
PNR,NYSE,2020/03/26 16:00:00,29.34,31.01,29.02,30.41,1722006
PNR,NYSE,2020/03/27 16:00:00,29.85,30.73,29.07,29.93,1766568
PNR,NYSE,2020/03/30 16:00:00,29.62,30.34,29.06,29.63,1984644
PNR,NYSE,2020/03/31 16:00:00,29.32,30.5,29.14,29.76,2499657
PNR,NYSE,2020/04/01 16:00:00,28.4,28.4,27.02,27.36,1537561
PNR,NYSE,2020/04/02 16:00:00,27.12,29.04,26.96,27.74,1554924
PNR,NYSE,2020/04/03 16:00:00,27.66,28.61,27.47,28.37,1305817
PNR,NYSE,2020/04/06 16:00:00,29.87,31.03,29.87,30.84,1328100
PNR,NYSE,2020/04/07 16:00:00,32.26,32.63,31.26,31.3,924911
PNR,NYSE,2020/04/08 16:00:00,31.16,32.91,31.05,32.69,977781
PNR,NYSE,2020/04/09 16:00:00,33.22,34.11,32.53,32.84,1394189
PNR,NYSE,2020/04/13 16:00:00,32.64,32.96,31.14,31.46,806105
PNR,NYSE,2020/04/14 16:00:00,32.31,33.16,31.88,32.21,1355716
PNR,NYSE,2020/04/15 16:00:00,31.24,32.73,30.61,31.12,2278293
PNR,NYSE,2020/04/16 16:00:00,30.78,30.85,29.58,30.48,1409030
PNR,NYSE,2020/04/17 16:00:00,31.59,32.58,31.36,31.66,1153740
PNR,NYSE,2020/04/20 16:00:00,30.93,31.52,30.56,31.36,1154793
PNR,NYSE,2020/04/21 16:00:00,30.19,30.53,29.14,29.25,1374024
PNR,NYSE,2020/04/22 16:00:00,30.04,30.33,29.25,30.04,1344502
PNR,NYSE,2020/04/23 16:00:00,30.3,31.54,30.15,30.6,1375103
PNR,NYSE,2020/04/24 16:00:00,30.89,31.82,30.56,31.67,1245741
PNR,NYSE,2020/04/27 16:00:00,32.1,33.43,32.09,33.18,1009123
PNR,NYSE,2020/04/28 16:00:00,33.86,34.75,33.8,34.46,1186117
PNR,NYSE,2020/04/29 16:00:00,35.58,35.73,34.8,35.24,1790752
PNR,NYSE,2020/04/30 16:00:00,35,36.36,34.43,34.59,4632940
PNR,NYSE,2020/05/01 16:00:00,33.94,34.52,32.99,33.43,925255
PNR,NYSE,2020/05/04 16:00:00,33.05,34.51,33,34.48,1447706
PNR,NYSE,2020/05/05 16:00:00,34.68,35.16,33.99,34.15,1158433
PNR,NYSE,2020/05/06 16:00:00,34.36,34.47,33.46,33.54,823046
PNR,NYSE,2020/05/07 16:00:00,34.15,34.72,34.03,34.23,952541
PNR,NYSE,2020/05/08 16:00:00,34.68,35.38,34.52,35.1,804050
PNR,NYSE,2020/05/11 16:00:00,34.63,34.75,33.96,34.5,686854
PNR,NYSE,2020/05/12 16:00:00,34.91,34.91,33.23,33.24,830162
PNR,NYSE,2020/05/13 16:00:00,32.97,33.31,32.25,32.69,1268097
PNR,NYSE,2020/05/14 16:00:00,32.05,33.41,31.5,33.41,1284090
PNR,NYSE,2020/05/15 16:00:00,33.31,33.88,33.01,33.49,865795
PNR,NYSE,2020/05/18 16:00:00,34.97,36.1,34.91,35.66,1111775
PNR,NYSE,2020/05/19 16:00:00,35.55,35.98,35.13,35.22,726255
PNR,NYSE,2020/05/20 16:00:00,35.74,36.32,35.65,35.91,878085
PNR,NYSE,2020/05/21 16:00:00,35.8,36.38,35.8,36.22,867459
PNR,NYSE,2020/05/22 16:00:00,36.33,36.51,36.08,36.48,638393
PNR,NYSE,2020/05/26 16:00:00,37.82,39.43,37.74,39.08,966887
PNR,NYSE,2020/05/27 16:00:00,39.97,40.97,39.83,40.26,1710646
PNR,NYSE,2020/05/28 16:00:00,40.82,40.83,39.25,39.32,1764216
PNR,NYSE,2020/05/29 16:00:00,39.14,39.65,38.68,39.14,2076142
PNR,NYSE,2020/06/01 16:00:00,39.32,39.87,38.96,38.98,1025824
PNR,NYSE,2020/06/02 16:00:00,39.41,39.85,38.87,39.03,1256090
PNR,NYSE,2020/06/03 16:00:00,39.67,40.65,39.57,40.45,1525793
PNR,NYSE,2020/06/04 16:00:00,40.13,41.12,39.84,41.09,952061
PNR,NYSE,2020/06/05 16:00:00,42.78,43.37,41.67,41.86,1126766
PNR,NYSE,2020/06/08 16:00:00,42.12,42.78,41.72,42.02,1556564
PNR,NYSE,2020/06/09 16:00:00,41.26,41.41,40.23,40.37,1264471
PNR,NYSE,2020/06/10 16:00:00,40.3,40.67,39.2,39.9,1254026
PNR,NYSE,2020/06/11 16:00:00,38.33,38.4,36.77,36.86,974508
PNR,NYSE,2020/06/12 16:00:00,38.29,38.41,36.43,37.5,925645
PNR,NYSE,2020/06/15 16:00:00,36.33,38.16,36.03,37.8,968550
PNR,NYSE,2020/06/16 16:00:00,39.54,39.67,38.1,38.81,1197577
PNR,NYSE,2020/06/17 16:00:00,38.82,39.16,38.12,38.24,1130503
PNR,NYSE,2020/06/18 16:00:00,37.86,38.59,37.73,37.92,901211
PNR,NYSE,2020/06/19 16:00:00,38.71,38.96,37.52,38,1855745
PNR,NYSE,2020/06/22 16:00:00,37.83,38.22,37.28,38.03,980908
PNR,NYSE,2020/06/23 16:00:00,38.57,38.64,37.52,37.83,1394810
PNR,NYSE,2020/06/24 16:00:00,37.42,37.42,35.79,36.29,1882257
PNR,NYSE,2020/06/25 16:00:00,36.17,36.5,35.7,36.44,1674373
PNR,NYSE,2020/06/26 16:00:00,36.2,36.77,35.61,35.8,2469798
PNR,NYSE,2020/06/29 16:00:00,36.34,37.71,36.21,37.37,1083128
PNR,NYSE,2020/06/30 16:00:00,37.15,38.23,37.15,37.99,1297980
PNR,NYSE,2020/07/01 16:00:00,38.12,38.28,36.8,36.91,985927
PNR,NYSE,2020/07/02 16:00:00,37.47,38.2,37,37.42,771124
PNR,NYSE,2020/07/06 16:00:00,38.15,38.32,37.23,37.76,983480
PNR,NYSE,2020/07/07 16:00:00,37.45,37.45,36.38,36.47,1135036
PNR,NYSE,2020/07/08 16:00:00,36.39,36.77,35.9,36.62,735095
PNR,NYSE,2020/07/09 16:00:00,40.21,40.21,37.9,38.3,3049489
PNR,NYSE,2020/07/10 16:00:00,38.37,38.97,38.22,38.45,1466005
PNR,NYSE,2020/07/13 16:00:00,38.8,39.7,38.76,39.21,1634435
PNR,NYSE,2020/07/14 16:00:00,39.26,40.81,39.05,40.76,1436737
PNR,NYSE,2020/07/15 16:00:00,41.52,42.64,41.34,42.26,1496795
PNR,NYSE,2020/07/16 16:00:00,42.15,42.95,41.56,41.75,1513669
PNR,NYSE,2020/07/17 16:00:00,42.1,42.1,41.28,41.69,880402
PNR,NYSE,2020/07/20 16:00:00,41.51,41.82,40.98,41.41,748863
PNR,NYSE,2020/07/21 16:00:00,41.48,42.42,41.48,42.07,1095107
PNR,NYSE,2020/07/22 16:00:00,41.83,42.96,41.76,42.81,1393988
PNR,NYSE,2020/07/23 16:00:00,42.66,43.18,41.48,42.44,1993823
PNR,NYSE,2020/07/24 16:00:00,42.6,43.01,42.13,42.38,1359712
PNR,NYSE,2020/07/27 16:00:00,42.5,43.01,42.35,42.99,1557220
PNR,NYSE,2020/07/28 16:00:00,42.56,42.91,42.19,42.25,1514207
PNR,NYSE,2020/07/29 16:00:00,42.57,43.81,42.57,43.68,1267224
PNR,NYSE,2020/07/30 16:00:00,43.17,43.17,42.51,42.74,1259375
PNR,NYSE,2020/07/31 16:00:00,42.3,42.88,42.02,42.85,3166602
PNR,NYSE,2020/08/03 16:00:00,43.18,43.75,43,43.49,1056307
PNR,NYSE,2020/08/04 16:00:00,43.18,43.4,42.83,43.1,645425
PNR,NYSE,2020/08/05 16:00:00,43.43,43.83,43.31,43.61,800491
PNR,NYSE,2020/08/06 16:00:00,43.53,43.7,43.19,43.36,890041
PNR,NYSE,2020/08/07 16:00:00,43.27,44.02,43.27,44.02,830623
PNR,NYSE,2020/08/10 16:00:00,44.15,44.54,43.96,44.53,973865
PNR,NYSE,2020/08/11 16:00:00,45.18,45.83,44.79,44.85,993863
PNR,NYSE,2020/08/12 16:00:00,45.33,45.33,44.74,45.19,1131561
PNR,NYSE,2020/08/13 16:00:00,44.88,45.39,44.86,45.23,1073630
PNR,NYSE,2020/08/14 16:00:00,44.86,45.52,44.79,45.08,542822
PNR,NYSE,2020/08/17 16:00:00,45.1,45.44,44.98,45.31,637036
PNR,NYSE,2020/08/18 16:00:00,45.26,45.73,45.26,45.54,711013
PNR,NYSE,2020/08/19 16:00:00,45.67,46.03,45.33,45.5,754953
PNR,NYSE,2020/08/20 16:00:00,45.04,46.09,44.9,45.99,1017001
PNR,NYSE,2020/08/21 16:00:00,46,46.32,45.75,46.02,841423
PNR,NYSE,2020/08/24 16:00:00,46.15,46.7,46.01,46.45,578569
PNR,NYSE,2020/08/25 16:00:00,46.77,46.77,45.5,46.06,913351
PNR,NYSE,2020/08/26 16:00:00,46.15,46.18,45.68,45.97,710646
PNR,NYSE,2020/08/27 16:00:00,46.33,46.33,45.33,45.6,657874
PNR,NYSE,2020/08/28 16:00:00,45.6,45.86,45.13,45.84,914789
PNR,NYSE,2020/08/31 16:00:00,45.73,45.73,44.94,45.14,1026108
PNR,NYSE,2020/09/01 16:00:00,45.19,45.88,44.97,45.58,843150
PNR,NYSE,2020/09/02 16:00:00,45.64,46.28,45.16,46.21,700952
PNR,NYSE,2020/09/03 16:00:00,46.3,46.37,44.52,44.9,879210
PNR,NYSE,2020/09/04 16:00:00,45.43,45.52,44.61,44.87,877195
PNR,NYSE,2020/09/08 16:00:00,44.58,44.66,43.6,43.68,965473
PNR,NYSE,2020/09/09 16:00:00,44,45.09,43.85,44.86,656467
PNR,NYSE,2020/09/10 16:00:00,44.55,44.69,43.2,43.45,1149936
PNR,NYSE,2020/09/11 16:00:00,43.84,44.43,43.46,43.71,801011
PNR,NYSE,2020/09/14 16:00:00,44.73,45.08,44.05,44.8,857180
PNR,NYSE,2020/09/15 16:00:00,44.94,45.64,44.87,45.11,766760
PNR,NYSE,2020/09/16 16:00:00,46.16,46.21,45.23,45.88,1624004
PNR,NYSE,2020/09/17 16:00:00,45.19,46.64,44.87,46.42,1627146
PNR,NYSE,2020/09/18 16:00:00,46.66,47.13,46.22,46.55,3165588
PNR,NYSE,2020/09/21 16:00:00,45.64,45.85,44.08,44.64,2090836
PNR,NYSE,2020/09/22 16:00:00,44.66,45.61,44.32,45.4,1419866
PNR,NYSE,2020/09/23 16:00:00,45.42,46.36,44.88,44.93,1426488
PNR,NYSE,2020/09/24 16:00:00,44.75,45.43,44.13,44.69,562040
PNR,NYSE,2020/09/25 16:00:00,44.27,45.25,44.07,44.96,736492
PNR,NYSE,2020/09/28 16:00:00,45.51,46.3,45.42,45.85,553692
PNR,NYSE,2020/09/29 16:00:00,46,46.05,45.46,45.79,604489
PNR,NYSE,2020/09/30 16:00:00,45.99,46.55,45.5,45.77,892011
PNR,NYSE,2020/10/01 16:00:00,46.06,46.12,44.82,45.41,848122
PNR,NYSE,2020/10/02 16:00:00,44.59,46.22,44.37,45.91,884008
PNR,NYSE,2020/10/05 16:00:00,46.48,46.96,45.83,46.19,670685
PNR,NYSE,2020/10/06 16:00:00,46.27,47.23,46,46.72,1800923
PNR,NYSE,2020/10/07 16:00:00,47.16,48.14,47.08,48.11,1430405
PNR,NYSE,2020/10/08 16:00:00,48.34,48.86,48.2,48.83,1386114
PNR,NYSE,2020/10/09 16:00:00,49.15,49.97,49,49.59,1129874
PNR,NYSE,2020/10/12 16:00:00,49.71,50.52,49.71,50.25,1437141
PNR,NYSE,2020/10/13 16:00:00,50.07,50.23,49.02,49.32,1038077
PNR,NYSE,2020/10/14 16:00:00,48.2,49.86,48.16,49.44,852904
PNR,NYSE,2020/10/15 16:00:00,48.86,49.81,48.76,49.78,976324
PNR,NYSE,2020/10/16 16:00:00,50.1,50.58,49.74,49.9,1668327
PNR,NYSE,2020/10/19 16:00:00,49.78,49.89,48.98,49.26,1134240
PNR,NYSE,2020/10/20 16:00:00,50.74,52.87,50.11,51.25,1725703
PNR,NYSE,2020/10/21 16:00:00,51.61,52.12,50.95,51.18,1343488
PNR,NYSE,2020/10/22 16:00:00,51.2,51.82,50.96,51.68,1073420
PNR,NYSE,2020/10/23 16:00:00,52.13,52.24,51.42,51.97,993173
PNR,NYSE,2020/10/26 16:00:00,51.23,51.37,49.71,50.41,823752
PNR,NYSE,2020/10/27 16:00:00,50.33,50.45,49.45,49.94,1310511
PNR,NYSE,2020/10/28 16:00:00,48.95,49.56,48.5,49.04,1127321
PNR,NYSE,2020/10/29 16:00:00,48.96,50.13,48.85,49.75,1361471
PNR,NYSE,2020/10/30 16:00:00,49.54,50.06,49.09,49.76,2507238
PNR,NYSE,2020/11/02 16:00:00,50.53,51.09,50.34,50.7,1109262
PNR,NYSE,2020/11/03 16:00:00,51.56,53.08,51.37,52.81,1178126
PNR,NYSE,2020/11/04 16:00:00,52.6,53.24,51.58,51.9,1164826
PNR,NYSE,2020/11/05 16:00:00,52.58,54.37,52.58,53.77,1038066
PNR,NYSE,2020/11/06 16:00:00,53.96,54.54,53.61,54.15,1230647
PNR,NYSE,2020/11/09 16:00:00,56.75,58.82,52.69,52.83,2433688
PNR,NYSE,2020/11/10 16:00:00,52.77,54.34,52.61,53.78,2081819
PNR,NYSE,2020/11/11 16:00:00,52,52.87,50.82,52.09,1910595
PNR,NYSE,2020/11/12 16:00:00,52.05,52.51,50.69,51.25,1107580
PNR,NYSE,2020/11/13 16:00:00,51.76,52.8,51.58,52.66,853114
PNR,NYSE,2020/11/16 16:00:00,53.36,53.69,52.87,53.39,865855
PNR,NYSE,2020/11/17 16:00:00,52.63,53.14,51.82,52.89,1362538
PNR,NYSE,2020/11/18 16:00:00,53.36,53.44,52.38,52.45,903939
PNR,NYSE,2020/11/19 16:00:00,52.26,53.3,52.09,53.27,640257
PNR,NYSE,2020/11/20 16:00:00,53.37,53.46,52.79,53.01,653002
PNR,NYSE,2020/11/23 16:00:00,53.46,54.04,53.04,53.27,700158
PNR,NYSE,2020/11/24 16:00:00,53.88,54.72,53.29,54.09,1623812
PNR,NYSE,2020/11/25 16:00:00,53.9,53.9,52.16,52.19,1254149
PNR,NYSE,2020/11/27 13:00:00,52.59,53.59,52.31,53.1,493386
PNR,NYSE,2020/11/30 16:00:00,52.56,53.1,51.5,51.82,1596327
PNR,NYSE,2020/12/01 16:00:00,52.35,52.83,51.52,51.54,1100409
PNR,NYSE,2020/12/02 16:00:00,51.25,51.51,50.63,51.38,1184542
PNR,NYSE,2020/12/03 16:00:00,50.06,51.61,50.03,50.92,871997
PNR,NYSE,2020/12/04 16:00:00,51.29,51.7,50.87,51.18,1104644
PNR,NYSE,2020/12/07 16:00:00,50.87,51.17,50.21,50.85,804699
PNR,NYSE,2020/12/08 16:00:00,50.64,51.49,50.33,51.12,1154968
PNR,NYSE,2020/12/09 16:00:00,51.78,52.7,51.38,52.6,1535396
PNR,NYSE,2020/12/10 16:00:00,52.26,52.37,50.95,51.12,872466
PNR,NYSE,2020/12/11 16:00:00,50.77,51.69,50.54,51.46,743757
PNR,NYSE,2020/12/14 16:00:00,51.95,52.1,51.36,51.36,1135918
PNR,NYSE,2020/12/15 16:00:00,51.73,52.69,51.73,52.45,904707
PNR,NYSE,2020/12/16 16:00:00,52.77,52.82,51.82,51.89,597354
PNR,NYSE,2020/12/17 16:00:00,52.22,52.92,52.01,52.77,853582
PNR,NYSE,2020/12/18 16:00:00,52.88,53.26,51.77,52.26,1653472
PNR,NYSE,2020/12/21 16:00:00,51.32,52.58,50.91,52.44,804393
PNR,NYSE,2020/12/22 16:00:00,52.38,52.84,52.1,52.6,613522
PNR,NYSE,2020/12/23 16:00:00,52.84,53.4,52.34,52.44,526773
PNR,NYSE,2020/12/24 13:00:00,52.73,52.84,52.1,52.59,187245
PNR,NYSE,2020/12/28 16:00:00,53,53.31,52.36,52.46,373212
PNR,NYSE,2020/12/29 16:00:00,52.77,52.83,51.39,51.79,556783
PNR,NYSE,2020/12/30 16:00:00,52.02,52.85,51.96,52.68,472702
PNR,NYSE,2020/12/31 16:00:00,52.58,53.23,52.39,53.09,493101
PNR,NYSE,2021/01/04 16:00:00,53.07,53.35,51.13,51.53,852241
PNR,NYSE,2021/01/05 16:00:00,51.61,52.06,51.08,51.7,818775
PNR,NYSE,2021/01/06 16:00:00,52.31,53.75,52.31,53.18,1136297
PNR,NYSE,2021/01/07 16:00:00,53.77,55.22,53.07,55.03,1082487
PNR,NYSE,2021/01/08 16:00:00,55.25,56.44,55.14,56.1,2054582
PNR,NYSE,2021/01/11 16:00:00,55.53,57.32,55.53,56.81,1390395
PNR,NYSE,2021/01/12 16:00:00,57.01,58.67,56.86,58.48,1241552
PNR,NYSE,2021/01/13 16:00:00,58.58,59.11,58.25,58.44,1633814
PNR,NYSE,2021/01/14 16:00:00,58.84,59,57.13,58.57,1109706
PNR,NYSE,2021/01/15 16:00:00,58.5,58.58,56.55,57.59,874545
PNR,NYSE,2021/01/19 16:00:00,58.31,59.04,57.89,58.46,1122612
PNR,NYSE,2021/01/20 16:00:00,58.65,58.72,57.92,58.13,645982
PNR,NYSE,2021/01/21 16:00:00,57.9,58.17,56.88,57.4,740674
PNR,NYSE,2021/01/22 16:00:00,56.7,58.13,56.51,57.98,1090201
PNR,NYSE,2021/01/25 16:00:00,57.73,58.42,57.01,57.34,1244891
PNR,NYSE,2021/01/26 16:00:00,57.85,57.85,56.14,56.35,720553
PNR,NYSE,2021/01/27 16:00:00,55.28,57.42,55.02,57.1,2315148
PNR,NYSE,2021/01/28 16:00:00,57.09,59.3,55.61,55.98,2865723
PNR,NYSE,2021/01/29 16:00:00,55.76,55.91,53.53,54.46,2255643
PNR,NYSE,2021/02/01 16:00:00,55.1,55.19,53.73,54.45,1518455
PNR,NYSE,2021/02/02 16:00:00,55.13,55.3,53.87,54.5,1280726
PNR,NYSE,2021/02/03 16:00:00,54.37,54.64,53.36,53.77,1323643
PNR,NYSE,2021/02/04 16:00:00,54.03,54.37,53.51,53.98,985392
PNR,NYSE,2021/02/05 16:00:00,54.3,55.23,53.81,55.16,1185900
PNR,NYSE,2021/02/08 16:00:00,55.49,56.19,54.96,56.04,954027
PNR,NYSE,2021/02/09 16:00:00,55.99,56.16,54.8,54.81,604557
PNR,NYSE,2021/02/10 16:00:00,55.22,55.29,54.25,55.15,661018
PNR,NYSE,2021/02/11 16:00:00,55.5,55.5,53.48,54.21,842347
PNR,NYSE,2021/02/12 16:00:00,53.92,54.36,53.15,53.63,1145821
PNR,NYSE,2021/02/16 16:00:00,53.92,55.11,53.6,54.82,1370719
PNR,NYSE,2021/02/17 16:00:00,54.68,55.08,54.12,54.88,891326
PNR,NYSE,2021/02/18 16:00:00,54.87,55.27,53.73,55.05,1028247
PNR,NYSE,2021/02/19 16:00:00,55.45,56.83,55.26,56.65,1135869
PNR,NYSE,2021/02/22 16:00:00,56.44,56.58,55.31,55.78,831975
PNR,NYSE,2021/02/23 16:00:00,55.65,55.93,54.64,55.69,940239
PNR,NYSE,2021/02/24 16:00:00,55.76,57.48,55.3,57.15,1130422
PNR,NYSE,2021/02/25 16:00:00,57.26,57.41,55.78,55.88,837495
PNR,NYSE,2021/02/26 16:00:00,56.31,56.99,55.56,55.93,1331880
PNR,NYSE,2021/03/01 16:00:00,56.39,58.79,56.39,58.28,926873
PNR,NYSE,2021/03/02 16:00:00,58.2,58.41,57.14,57.7,603197
PNR,NYSE,2021/03/03 16:00:00,57.7,58.78,57.44,57.74,697603
PNR,NYSE,2021/03/04 16:00:00,57.55,57.71,55.45,56.26,827277
PNR,NYSE,2021/03/05 16:00:00,57,57.9,55.62,57.68,901656
PNR,NYSE,2021/03/08 16:00:00,58.07,60.48,57.96,59.9,1229411
PNR,NYSE,2021/03/09 16:00:00,60.1,60.26,59.01,59.05,853840
PNR,NYSE,2021/03/10 16:00:00,59.04,60.57,58.82,59.93,910791
PNR,NYSE,2021/03/11 16:00:00,59.77,61,59.29,60.12,822788
PNR,NYSE,2021/03/12 16:00:00,60.56,60.77,59.27,59.52,1204844
PNR,NYSE,2021/03/15 16:00:00,59.35,61.11,58.68,61.08,1114255
PNR,NYSE,2021/03/16 16:00:00,61.11,61.79,60.61,60.95,977610
PNR,NYSE,2021/03/17 16:00:00,60.94,61.98,60.91,61.35,815164
PNR,NYSE,2021/03/18 16:00:00,61.35,62.23,60.76,61.22,879416
PNR,NYSE,2021/03/19 16:00:00,60.77,61.57,60.11,61.02,1463062
PNR,NYSE,2021/03/22 16:00:00,60.98,61.04,59.58,60.61,887554
PNR,NYSE,2021/03/23 16:00:00,60.11,60.52,58.78,59.32,1057778
PNR,NYSE,2021/03/24 16:00:00,59.74,60.52,59.65,59.86,797245
PNR,NYSE,2021/03/25 16:00:00,59.77,60.95,58.77,60.84,651612
PNR,NYSE,2021/03/26 16:00:00,61.43,62.3,61.13,62.24,781378
PNR,NYSE,2021/03/29 16:00:00,62.24,62.93,61.94,62.25,586922
PNR,NYSE,2021/03/30 16:00:00,62.32,62.98,61.9,62.08,764983
PNR,NYSE,2021/03/31 16:00:00,62.35,63.35,62.13,62.32,1188155
PNR,NYSE,2021/04/01 16:00:00,62.68,62.75,61.67,62.39,733243
PNR,NYSE,2021/04/05 16:00:00,62.71,63.06,62.19,62.72,752792
PNR,NYSE,2021/04/06 16:00:00,62.93,62.95,62.22,62.4,807048
PNR,NYSE,2021/04/07 16:00:00,62.19,62.57,61.05,61.5,1119433
PNR,NYSE,2021/04/08 16:00:00,61.4,61.56,60.55,60.81,1136388
PNR,NYSE,2021/04/09 16:00:00,61.2,62.1,60.51,62.07,1357744
LEA,NYSE,2019/04/01 16:00:00,137.94,142.39,137.56,140.99,659511
LEA,NYSE,2019/04/02 16:00:00,141.45,142.98,140.74,141.89,576528
LEA,NYSE,2019/04/03 16:00:00,144.27,148.94,143.6,147.28,933455
LEA,NYSE,2019/04/04 16:00:00,147.69,150.75,147.29,149.64,512348
LEA,NYSE,2019/04/05 16:00:00,149.68,150.92,148.74,150.07,421812
LEA,NYSE,2019/04/08 16:00:00,149.99,152.97,149.34,152.68,411980
LEA,NYSE,2019/04/09 16:00:00,151.86,152.77,150.64,152,591313
LEA,NYSE,2019/04/10 16:00:00,152.16,155.8,152.16,155.05,615760
LEA,NYSE,2019/04/11 16:00:00,155.25,155.32,153.09,155.07,426961
LEA,NYSE,2019/04/12 16:00:00,157.09,158.66,156.33,157.79,404989
LEA,NYSE,2019/04/15 16:00:00,157.5,158.67,155.84,156.3,437062
LEA,NYSE,2019/04/16 16:00:00,156.14,157.26,155.12,156.1,429605
LEA,NYSE,2019/04/17 16:00:00,157.81,159.14,156.95,157.47,554736
LEA,NYSE,2019/04/18 16:00:00,157.85,158.42,156.39,157.83,391611
LEA,NYSE,2019/04/22 16:00:00,157.2,158.95,154.89,154.97,409957
LEA,NYSE,2019/04/23 16:00:00,154.82,155.62,153.46,155.07,599431
LEA,NYSE,2019/04/24 16:00:00,154.83,155.67,153.05,153.12,584681
LEA,NYSE,2019/04/25 16:00:00,152.29,152.32,146.32,146.67,914214
LEA,NYSE,2019/04/26 16:00:00,145.03,147.43,142.11,144.78,1324203
LEA,NYSE,2019/04/29 16:00:00,143.33,145.28,142.54,143.29,730134
LEA,NYSE,2019/04/30 16:00:00,141.65,143.76,140.34,143,570561
LEA,NYSE,2019/05/01 16:00:00,143.42,143.98,142.05,142.55,832240
LEA,NYSE,2019/05/02 16:00:00,141.81,145.35,141.18,144.84,629251
LEA,NYSE,2019/05/03 16:00:00,145.13,146.61,144.75,146.24,476306
LEA,NYSE,2019/05/06 16:00:00,142.17,144.17,140.61,143.66,614100
LEA,NYSE,2019/05/07 16:00:00,142.02,143.04,140.26,141.36,474110
LEA,NYSE,2019/05/08 16:00:00,141.84,142.21,140.56,140.78,498365
LEA,NYSE,2019/05/09 16:00:00,137.01,139,134.8,138.78,948784
LEA,NYSE,2019/05/10 16:00:00,137.81,140.65,135.19,140.33,953324
LEA,NYSE,2019/05/13 16:00:00,138.18,138.18,133.6,134.72,756118
LEA,NYSE,2019/05/14 16:00:00,135.4,137.67,135.19,136.43,733422
LEA,NYSE,2019/05/15 16:00:00,134.5,137.68,132.07,136.32,636563
LEA,NYSE,2019/05/16 16:00:00,136.06,136.73,133.97,134.22,451596
LEA,NYSE,2019/05/17 16:00:00,133.22,136.16,132.99,134.06,447390
LEA,NYSE,2019/05/20 16:00:00,132.34,133.87,130.87,131.26,845798
LEA,NYSE,2019/05/21 16:00:00,131.04,132.42,130.17,131.63,738965
LEA,NYSE,2019/05/22 16:00:00,131.02,132,127.16,127.77,586261
LEA,NYSE,2019/05/23 16:00:00,126.39,126.4,123.62,126.04,594310
LEA,NYSE,2019/05/24 16:00:00,127.15,127.94,125.19,125.85,727703
LEA,NYSE,2019/05/28 16:00:00,126.9,130.35,126.88,129.99,813342
LEA,NYSE,2019/05/29 16:00:00,128.28,129.04,125.25,128,438244
LEA,NYSE,2019/05/30 16:00:00,128.3,129.92,125.8,126.25,407675
LEA,NYSE,2019/05/31 16:00:00,121.66,122.28,118.8,119.03,1104250
LEA,NYSE,2019/06/03 16:00:00,118.83,123.41,118.11,123.28,966444
LEA,NYSE,2019/06/04 16:00:00,126.69,131.93,124.81,131.49,1010806
LEA,NYSE,2019/06/05 16:00:00,131.66,133.35,128.32,133.16,734674
LEA,NYSE,2019/06/06 16:00:00,130.7,132.57,129.73,131.42,548596
LEA,NYSE,2019/06/07 16:00:00,131.81,133.83,131.31,133.3,618253
LEA,NYSE,2019/06/10 16:00:00,135,138.24,134.98,135.2,490362
LEA,NYSE,2019/06/11 16:00:00,137.15,137.77,136.18,136.63,494448
LEA,NYSE,2019/06/12 16:00:00,135.39,136.55,134.9,135.7,606836
LEA,NYSE,2019/06/13 16:00:00,135.15,136.41,134.47,135.9,544301
LEA,NYSE,2019/06/14 16:00:00,135.33,135.33,133.11,133.7,398030
LEA,NYSE,2019/06/17 16:00:00,133.62,134.85,132.79,133.57,576394
LEA,NYSE,2019/06/18 16:00:00,134.45,138.94,134.44,135.64,370603
LEA,NYSE,2019/06/19 16:00:00,135.95,137.01,135.16,135.79,376494
LEA,NYSE,2019/06/20 16:00:00,138.31,139.6,136.33,137.61,501616
LEA,NYSE,2019/06/21 16:00:00,137.12,138.96,136.77,137.76,665158
LEA,NYSE,2019/06/24 16:00:00,136.73,139.01,136.21,138.09,503943
LEA,NYSE,2019/06/25 16:00:00,138.56,139.25,137.1,138.04,666759
LEA,NYSE,2019/06/26 16:00:00,138.04,140.62,138.04,139.29,451175
LEA,NYSE,2019/06/27 16:00:00,139.75,141.83,139.68,140.46,435478
LEA,NYSE,2019/06/28 16:00:00,140.51,142.97,139.27,139.27,914459
LEA,NYSE,2019/07/01 16:00:00,142.38,143,137.4,138.34,841729
LEA,NYSE,2019/07/02 16:00:00,137.98,139.96,134.32,135.15,635392
LEA,NYSE,2019/07/03 13:00:00,135.75,136.81,133.69,134.39,287076
LEA,NYSE,2019/07/05 16:00:00,133.5,136.53,133.5,135.03,321520
LEA,NYSE,2019/07/08 16:00:00,134.45,134.64,130.64,131.25,542531
LEA,NYSE,2019/07/09 16:00:00,130.27,131.7,129.01,130.63,908410
LEA,NYSE,2019/07/10 16:00:00,131.5,132.48,129.56,132.4,448722
LEA,NYSE,2019/07/11 16:00:00,132.22,133.1,130.9,131.43,492299
LEA,NYSE,2019/07/12 16:00:00,131.64,136.63,131.64,136.42,591521
LEA,NYSE,2019/07/15 16:00:00,136.65,137.66,133.59,135.28,393752
LEA,NYSE,2019/07/16 16:00:00,125.75,134.7,125.25,129.74,1773215
LEA,NYSE,2019/07/17 16:00:00,128.3,129.24,124.13,127.17,1143584
LEA,NYSE,2019/07/18 16:00:00,126.52,129.04,125.7,128.91,691999
LEA,NYSE,2019/07/19 16:00:00,129.78,134.31,129.78,132.19,686808
LEA,NYSE,2019/07/22 16:00:00,132.93,133.89,131.07,131.33,424698
LEA,NYSE,2019/07/23 16:00:00,134.88,136.32,133.09,133.51,554415
LEA,NYSE,2019/07/24 16:00:00,133.45,137.06,133.42,136.91,470696
LEA,NYSE,2019/07/25 16:00:00,135.54,136.2,132.84,133.46,540356
LEA,NYSE,2019/07/26 16:00:00,131.95,135.53,130.66,130.68,863244
LEA,NYSE,2019/07/29 16:00:00,130.49,130.49,127,129,697785
LEA,NYSE,2019/07/30 16:00:00,127.4,127.47,124.63,126.79,827222
LEA,NYSE,2019/07/31 16:00:00,127.49,127.97,125.36,126.78,564573
LEA,NYSE,2019/08/01 16:00:00,127.44,127.89,121.11,121.88,476882
LEA,NYSE,2019/08/02 16:00:00,120.53,121.73,118.5,120.93,896740
LEA,NYSE,2019/08/05 16:00:00,118.14,120.01,116.72,119.38,637599
LEA,NYSE,2019/08/06 16:00:00,120.21,121.34,116.52,118.83,576600
LEA,NYSE,2019/08/07 16:00:00,118.03,119.24,116.31,117.11,1155361
LEA,NYSE,2019/08/08 16:00:00,117.62,119.01,116.54,117.18,494248
LEA,NYSE,2019/08/09 16:00:00,116.31,116.45,114.12,114.54,502257
LEA,NYSE,2019/08/12 16:00:00,113.76,114.09,111.34,111.96,524827
LEA,NYSE,2019/08/13 16:00:00,112.25,115.18,110.91,113.81,449860
LEA,NYSE,2019/08/14 16:00:00,111.34,111.38,108.14,108.56,543684
LEA,NYSE,2019/08/15 16:00:00,108.49,109.28,105.1,106.01,600689
LEA,NYSE,2019/08/16 16:00:00,106.68,109.62,106.32,108.97,813116
LEA,NYSE,2019/08/19 16:00:00,110.63,111.19,109.14,110.84,515946
LEA,NYSE,2019/08/20 16:00:00,110.21,110.83,108.67,109,467388
LEA,NYSE,2019/08/21 16:00:00,110.62,111.76,110.15,111.17,469810
LEA,NYSE,2019/08/22 16:00:00,111.8,112.63,110.39,110.56,361030
LEA,NYSE,2019/08/23 16:00:00,109,110.53,106.33,106.5,495535
LEA,NYSE,2019/08/26 16:00:00,108.36,108.92,107.09,107.27,374510
LEA,NYSE,2019/08/27 16:00:00,108.35,109.41,106.67,106.88,407812
LEA,NYSE,2019/08/28 16:00:00,105.73,107.38,105.15,106.47,490964
LEA,NYSE,2019/08/29 16:00:00,107.54,109.33,107.39,109.13,436925
LEA,NYSE,2019/08/30 16:00:00,110.41,112.59,110.2,112.26,863170
LEA,NYSE,2019/09/03 16:00:00,111.48,111.66,107.63,109.29,482366
LEA,NYSE,2019/09/04 16:00:00,111.06,113.76,110.73,113.33,712675
LEA,NYSE,2019/09/05 16:00:00,115.64,121.02,115.42,120.45,1039645
LEA,NYSE,2019/09/06 16:00:00,120.91,121.79,119.52,120.26,596795
LEA,NYSE,2019/09/09 16:00:00,121.59,124.39,121.36,123.92,665334
LEA,NYSE,2019/09/10 16:00:00,123.35,129.12,123.35,129.09,736107
LEA,NYSE,2019/09/11 16:00:00,129.48,129.48,125.07,126.41,670354
LEA,NYSE,2019/09/12 16:00:00,123.5,126.61,120.03,126.05,500437
LEA,NYSE,2019/09/13 16:00:00,127.79,129.95,125.84,126.34,555235
LEA,NYSE,2019/09/16 16:00:00,124.11,125.89,123.58,124.03,613822
LEA,NYSE,2019/09/17 16:00:00,122.66,122.81,120.52,121.38,532094
LEA,NYSE,2019/09/18 16:00:00,121.14,121.7,117.83,118.94,512074
LEA,NYSE,2019/09/19 16:00:00,119.07,120.89,118.81,118.97,454896
LEA,NYSE,2019/09/20 16:00:00,119.25,120.31,118.12,118.9,879343
LEA,NYSE,2019/09/23 16:00:00,117.38,120.58,116.96,118.81,458768
LEA,NYSE,2019/09/24 16:00:00,119.59,120.44,115.68,116.35,422139
LEA,NYSE,2019/09/25 16:00:00,115.89,118.58,114.91,118,388679
LEA,NYSE,2019/09/26 16:00:00,118.53,119.94,116.65,117.63,411756
LEA,NYSE,2019/09/27 16:00:00,117.73,119.46,116.97,117.99,210879
LEA,NYSE,2019/09/30 16:00:00,118,119.39,116.96,117.9,479970
LEA,NYSE,2019/10/01 16:00:00,117.9,118.46,113.14,113.76,503642
LEA,NYSE,2019/10/02 16:00:00,112.48,113,108.31,111.63,447810
LEA,NYSE,2019/10/03 16:00:00,111.29,111.34,108.24,111.05,333148
LEA,NYSE,2019/10/04 16:00:00,111.32,112.06,108.93,109.76,399289
LEA,NYSE,2019/10/07 16:00:00,109.57,110.81,108.08,109.68,497145
LEA,NYSE,2019/10/08 16:00:00,107.92,108.47,106.29,106.3,429499
LEA,NYSE,2019/10/09 16:00:00,107.77,109.2,106.9,108.44,335261
LEA,NYSE,2019/10/10 16:00:00,109.4,112.15,108.85,110.1,712390
LEA,NYSE,2019/10/11 16:00:00,112.77,117.92,112.56,117.07,660860
LEA,NYSE,2019/10/14 16:00:00,116.29,118.01,115.51,117.82,398016
LEA,NYSE,2019/10/15 16:00:00,117.97,121.9,116.92,121.7,541548
LEA,NYSE,2019/10/16 16:00:00,121.6,122.7,120.44,120.78,619187
LEA,NYSE,2019/10/17 16:00:00,120.61,120.98,118.07,119.39,487766
LEA,NYSE,2019/10/18 16:00:00,118.67,120.62,118.41,119.87,468156
LEA,NYSE,2019/10/21 16:00:00,121.83,122.79,120.5,120.72,401485
LEA,NYSE,2019/10/22 16:00:00,119.93,125.05,119.45,125,464208
LEA,NYSE,2019/10/23 16:00:00,125.13,125.13,122.43,123.34,403772
LEA,NYSE,2019/10/24 16:00:00,123.57,124.5,120.49,121.47,685457
LEA,NYSE,2019/10/25 16:00:00,121.45,125.16,120.96,124.22,1073013
LEA,NYSE,2019/10/28 16:00:00,125.26,126.33,123.06,123.36,647898
LEA,NYSE,2019/10/29 16:00:00,122.91,124.31,122,122.04,496336
LEA,NYSE,2019/10/30 16:00:00,122,122,118.86,119.52,419561
LEA,NYSE,2019/10/31 16:00:00,119.52,119.96,116.88,117.77,425291
LEA,NYSE,2019/11/01 16:00:00,118.93,120.8,118.22,120.16,332748
LEA,NYSE,2019/11/04 16:00:00,121.95,125.7,121.66,125.58,479241
LEA,NYSE,2019/11/05 16:00:00,126.47,129.34,126.43,126.43,831276
LEA,NYSE,2019/11/06 16:00:00,126.3,127.1,123.75,123.94,479691
LEA,NYSE,2019/11/07 16:00:00,125.74,129.78,124.71,129.45,1057525
LEA,NYSE,2019/11/08 16:00:00,129.15,129.62,127.04,129.11,341816
LEA,NYSE,2019/11/11 16:00:00,128.05,129.21,126.98,127.62,686717
LEA,NYSE,2019/11/12 16:00:00,127.28,128.33,125.77,126.53,319167
LEA,NYSE,2019/11/13 16:00:00,124.87,125.27,122.75,122.78,405608
LEA,NYSE,2019/11/14 16:00:00,123.27,123.77,121.88,122.15,279497
LEA,NYSE,2019/11/15 16:00:00,122.79,123.3,121.36,121.94,287513
LEA,NYSE,2019/11/18 16:00:00,120.96,122.02,119.36,121.92,502716
LEA,NYSE,2019/11/19 16:00:00,122.29,122.52,120,120.9,527977
LEA,NYSE,2019/11/20 16:00:00,120.3,120.58,116.66,116.84,701160
LEA,NYSE,2019/11/21 16:00:00,117.58,118.87,116.48,117.67,490585
LEA,NYSE,2019/11/22 16:00:00,118.91,119.39,117.54,119.01,325943
LEA,NYSE,2019/11/25 16:00:00,119.86,122.54,119.13,120.93,350599
LEA,NYSE,2019/11/26 16:00:00,120.14,122.26,119.43,121.92,838029
LEA,NYSE,2019/11/27 16:00:00,122.11,123.19,120.74,122.39,262245
LEA,NYSE,2019/11/29 13:00:00,121.75,122.56,120.28,120.31,172658
LEA,NYSE,2019/12/02 16:00:00,120.71,123.49,120.33,121.94,323167
LEA,NYSE,2019/12/03 16:00:00,119.92,121.35,118.07,119.08,454400
LEA,NYSE,2019/12/04 16:00:00,119.71,122.1,116.29,117.47,1193761
LEA,NYSE,2019/12/05 16:00:00,117.61,120.81,117.13,120.64,824423
LEA,NYSE,2019/12/06 16:00:00,122.12,125.05,122.08,124.49,675800
LEA,NYSE,2019/12/09 16:00:00,124.04,126.1,123.5,125.4,598279
LEA,NYSE,2019/12/10 16:00:00,124.94,125.33,123.28,125,557997
LEA,NYSE,2019/12/11 16:00:00,125.6,126.6,124.97,126.48,339672
LEA,NYSE,2019/12/12 16:00:00,126.77,130.37,125.91,130.11,441460
LEA,NYSE,2019/12/13 16:00:00,129.83,131.92,128.22,129.35,574244
LEA,NYSE,2019/12/16 16:00:00,133.88,140.93,133.57,139.02,2406501
LEA,NYSE,2019/12/17 16:00:00,138.5,142.09,138.39,141.5,1357681
LEA,NYSE,2019/12/18 16:00:00,140.77,141.38,136.78,140.68,1713923
LEA,NYSE,2019/12/19 16:00:00,140.24,142.02,139.57,141.58,1157062
LEA,NYSE,2019/12/20 16:00:00,142.68,143.5,139.74,141.42,8951403
LEA,NYSE,2019/12/23 16:00:00,141.06,142.77,139.68,141.07,734170
LEA,NYSE,2019/12/24 13:00:00,141.28,141.79,139.12,139.28,198537
LEA,NYSE,2019/12/26 16:00:00,139.08,140.33,138.54,140,546400
LEA,NYSE,2019/12/27 16:00:00,140.64,141.24,138.04,138.46,419067
LEA,NYSE,2019/12/30 16:00:00,138.5,139.41,137.75,138.11,521704
LEA,NYSE,2019/12/31 16:00:00,137.9,139.34,137.16,137.2,551439
LEA,NYSE,2020/01/02 16:00:00,138.57,140.12,137.12,140.09,659001
LEA,NYSE,2020/01/03 16:00:00,137.52,138.06,135.59,136.83,441340
LEA,NYSE,2020/01/06 16:00:00,135.27,137.04,134.73,136.08,547979
LEA,NYSE,2020/01/07 16:00:00,135.82,137.06,134.97,136.31,470512
LEA,NYSE,2020/01/08 16:00:00,136.35,138.14,135.26,137.64,456014
LEA,NYSE,2020/01/09 16:00:00,139.23,139.3,137.64,138.55,564278
LEA,NYSE,2020/01/10 16:00:00,138.72,139.18,136.18,136.41,427895
LEA,NYSE,2020/01/13 16:00:00,135.79,136.77,134.84,136.23,535628
LEA,NYSE,2020/01/14 16:00:00,136.17,137.56,135.85,136.85,517254
LEA,NYSE,2020/01/15 16:00:00,135.91,138.48,134.77,136.96,690931
LEA,NYSE,2020/01/16 16:00:00,137.87,140.57,137.5,140.55,384771
LEA,NYSE,2020/01/17 16:00:00,140.68,141.6,139.51,140.66,337256
LEA,NYSE,2020/01/21 16:00:00,139.67,140.27,137.55,137.74,542010
LEA,NYSE,2020/01/22 16:00:00,138.66,139.22,137.05,137.38,449464
LEA,NYSE,2020/01/23 16:00:00,136.44,137.53,133.19,136.95,699194
LEA,NYSE,2020/01/24 16:00:00,136.72,136.86,131.85,133.75,687304
LEA,NYSE,2020/01/27 16:00:00,130,133.33,128.51,130.19,804536
LEA,NYSE,2020/01/28 16:00:00,131.41,132.94,124.53,125.53,1356082
LEA,NYSE,2020/01/29 16:00:00,126.41,128.35,125.78,126.12,541881
LEA,NYSE,2020/01/30 16:00:00,124.13,126.24,123.62,126.08,403629
LEA,NYSE,2020/01/31 16:00:00,124.87,125.35,122.67,123.18,754593
LEA,NYSE,2020/02/03 16:00:00,123.9,126.59,123.77,125.13,417130
LEA,NYSE,2020/02/04 16:00:00,127.56,127.9,124.24,124.49,968623
LEA,NYSE,2020/02/05 16:00:00,126.07,128.33,125.71,126.9,1266568
LEA,NYSE,2020/02/06 16:00:00,126.9,127.1,121.91,121.96,618887
LEA,NYSE,2020/02/07 16:00:00,121.76,122.49,120.92,121.72,455885
LEA,NYSE,2020/02/10 16:00:00,121.76,121.76,120.1,120.77,536495
LEA,NYSE,2020/02/11 16:00:00,121.11,125.17,120.56,124.55,587074
LEA,NYSE,2020/02/12 16:00:00,126.74,129.02,126.32,126.51,958287
LEA,NYSE,2020/02/13 16:00:00,124.89,126.21,123.45,125.39,919621
LEA,NYSE,2020/02/14 16:00:00,125.23,125.23,122.19,122.76,324944
LEA,NYSE,2020/02/18 16:00:00,122.25,123.96,121.45,123.4,510508
LEA,NYSE,2020/02/19 16:00:00,123.79,125.32,123.77,124.82,709054
LEA,NYSE,2020/02/20 16:00:00,124.04,125.77,123.71,124.7,700682
LEA,NYSE,2020/02/21 16:00:00,123.83,124.52,118.46,119.31,757946
LEA,NYSE,2020/02/24 16:00:00,114.54,115.55,111.85,113.06,519324
LEA,NYSE,2020/02/25 16:00:00,113.76,113.92,109.96,111.27,818384
LEA,NYSE,2020/02/26 16:00:00,112.81,115.41,111.67,112.04,683076
LEA,NYSE,2020/02/27 16:00:00,108.53,115.52,107.07,110.42,776425
LEA,NYSE,2020/02/28 16:00:00,106.01,113.04,106.01,111.2,1355026
LEA,NYSE,2020/03/02 16:00:00,112,114.43,108.59,114.07,678789
LEA,NYSE,2020/03/03 16:00:00,113.76,115.12,107.34,108.61,790574
LEA,NYSE,2020/03/04 16:00:00,110.86,113.21,108.77,112.87,863353
LEA,NYSE,2020/03/05 16:00:00,108.9,110.89,106.37,106.78,559415
LEA,NYSE,2020/03/06 16:00:00,103.07,106.5,101.36,102.52,662943
LEA,NYSE,2020/03/09 16:00:00,95.57,97.23,90.92,91.84,825381
LEA,NYSE,2020/03/10 16:00:00,95.82,103.18,95.12,102.08,1025777
LEA,NYSE,2020/03/11 16:00:00,99.48,100,92.85,95.88,1185975
LEA,NYSE,2020/03/12 16:00:00,90.89,93.99,85.25,86.05,1002827
LEA,NYSE,2020/03/13 16:00:00,91.49,98.01,85.74,97.94,914932
LEA,NYSE,2020/03/16 16:00:00,89.13,93.85,84.68,85.39,1263927
LEA,NYSE,2020/03/17 16:00:00,86.61,88.61,80.01,82.59,1404194
LEA,NYSE,2020/03/18 16:00:00,76.35,80.12,69.63,70,1357289
LEA,NYSE,2020/03/19 16:00:00,68.51,76.18,63.2,76.05,1082521
LEA,NYSE,2020/03/20 16:00:00,77.73,85.35,74.07,75.78,1419436
LEA,NYSE,2020/03/23 16:00:00,75.13,82.61,72.64,79.14,828572
LEA,NYSE,2020/03/24 16:00:00,84.37,88.06,82.21,87.94,962915
LEA,NYSE,2020/03/25 16:00:00,89.88,94.19,85.07,90.42,928094
LEA,NYSE,2020/03/26 16:00:00,90.9,96.5,89.38,95.85,765540
LEA,NYSE,2020/03/27 16:00:00,90.9,91.48,86.85,89.04,638957
LEA,NYSE,2020/03/30 16:00:00,86,89.2,84.24,88.55,852804
LEA,NYSE,2020/03/31 16:00:00,88.94,91.42,80.78,81.25,1079682
LEA,NYSE,2020/04/01 16:00:00,77.64,79.98,70,70.96,1312988
LEA,NYSE,2020/04/02 16:00:00,69.4,73.27,69.17,72.22,1944067
LEA,NYSE,2020/04/03 16:00:00,72.62,74.91,70.33,72.58,639069
LEA,NYSE,2020/04/06 16:00:00,77.47,80.46,75.5,79.97,647057
LEA,NYSE,2020/04/07 16:00:00,85.48,86.88,83.17,83.99,942824
LEA,NYSE,2020/04/08 16:00:00,82.89,89.93,82.89,89.09,1011477
LEA,NYSE,2020/04/09 16:00:00,92.55,94,90.43,91.15,540477
LEA,NYSE,2020/04/13 16:00:00,91.15,91.15,85.58,85.58,478632
LEA,NYSE,2020/04/14 16:00:00,87.98,90.38,87.12,87.95,593235
LEA,NYSE,2020/04/15 16:00:00,83.94,86.76,83.28,86.66,745588
LEA,NYSE,2020/04/16 16:00:00,86.05,86.85,81.62,82.64,847150
LEA,NYSE,2020/04/17 16:00:00,86.65,88.76,86.41,87.34,554429
LEA,NYSE,2020/04/20 16:00:00,84.54,86.31,82.95,83.16,564067
LEA,NYSE,2020/04/21 16:00:00,80.37,83.9,80.15,83.37,419849
LEA,NYSE,2020/04/22 16:00:00,85.32,85.68,81.9,82.86,344245
LEA,NYSE,2020/04/23 16:00:00,83.48,86.77,83.18,85.13,349603
LEA,NYSE,2020/04/24 16:00:00,88.45,89.28,86.9,88.5,515355
LEA,NYSE,2020/04/27 16:00:00,90,95.02,88.87,94.76,764061
LEA,NYSE,2020/04/28 16:00:00,97.11,98.45,94.77,96.64,597819
LEA,NYSE,2020/04/29 16:00:00,99.69,103.23,98.16,101.45,1191493
LEA,NYSE,2020/04/30 16:00:00,100.13,100.62,97.03,97.65,650853
LEA,NYSE,2020/05/01 16:00:00,94.99,96.18,91.49,92.54,410836
LEA,NYSE,2020/05/04 16:00:00,89.89,92.73,89.44,90.97,499327
LEA,NYSE,2020/05/05 16:00:00,93.5,94.43,90.13,90.15,681570
LEA,NYSE,2020/05/06 16:00:00,92.71,93.37,89.88,91.09,466626
LEA,NYSE,2020/05/07 16:00:00,92.79,94.16,91.81,92.73,848095
LEA,NYSE,2020/05/08 16:00:00,97.71,102.13,95.56,101.37,1155093
LEA,NYSE,2020/05/11 16:00:00,100.14,104.63,98.26,103.8,791060
LEA,NYSE,2020/05/12 16:00:00,105.25,105.31,98.97,99.2,556343
LEA,NYSE,2020/05/13 16:00:00,98.2,98.2,90.24,92.48,654440
LEA,NYSE,2020/05/14 16:00:00,89.33,95.26,87.76,94.96,631659
LEA,NYSE,2020/05/15 16:00:00,94.34,96.28,92.99,95.46,405857
LEA,NYSE,2020/05/18 16:00:00,100.63,103.58,98.98,102.78,707583
LEA,NYSE,2020/05/19 16:00:00,102.22,106.17,100.74,102.19,506978
LEA,NYSE,2020/05/20 16:00:00,104.67,107.8,104.52,106.1,711977
LEA,NYSE,2020/05/21 16:00:00,105.92,107.17,104.93,105.61,555850
LEA,NYSE,2020/05/22 16:00:00,106.5,106.88,103.8,105.4,309457
LEA,NYSE,2020/05/26 16:00:00,110.88,112.05,109.11,109.51,688745
LEA,NYSE,2020/05/27 16:00:00,113.34,114.49,108.27,109.38,636030
LEA,NYSE,2020/05/28 16:00:00,109.61,110.18,105.57,107.63,623000
LEA,NYSE,2020/05/29 16:00:00,106.68,107.03,103.37,106.05,971456
LEA,NYSE,2020/06/01 16:00:00,107.41,111.96,105.8,110.49,631930
LEA,NYSE,2020/06/02 16:00:00,111.98,112.6,110.01,112.27,573589
LEA,NYSE,2020/06/03 16:00:00,114.78,119.23,113.92,116.1,893490
LEA,NYSE,2020/06/04 16:00:00,115,115.46,112.92,115.42,751028
LEA,NYSE,2020/06/05 16:00:00,120.88,124.76,120.88,123.77,746261
LEA,NYSE,2020/06/08 16:00:00,126.05,128.44,125.25,125.91,890551
LEA,NYSE,2020/06/09 16:00:00,121.94,123.43,120.58,121.48,569073
LEA,NYSE,2020/06/10 16:00:00,121.6,121.6,117.39,117.91,604263
LEA,NYSE,2020/06/11 16:00:00,111.4,112.94,106.84,107.34,503630
LEA,NYSE,2020/06/12 16:00:00,112.13,113.74,107.02,110.29,493456
LEA,NYSE,2020/06/15 16:00:00,105.54,111.44,104.48,110,515807
LEA,NYSE,2020/06/16 16:00:00,115.21,115.48,109.45,111,511720
LEA,NYSE,2020/06/17 16:00:00,110.87,111.61,107.25,108.24,486100
LEA,NYSE,2020/06/18 16:00:00,106.5,109.47,105.52,107.72,429618
LEA,NYSE,2020/06/19 16:00:00,109.25,114.68,109.25,111.12,1007217
LEA,NYSE,2020/06/22 16:00:00,111.1,111.6,108.17,110.78,496929
LEA,NYSE,2020/06/23 16:00:00,112.97,114.45,110.86,112.93,954665
LEA,NYSE,2020/06/24 16:00:00,111.52,111.52,107.09,107.21,479839
LEA,NYSE,2020/06/25 16:00:00,106.02,108.46,104.88,108.2,354177
LEA,NYSE,2020/06/26 16:00:00,108.05,108.05,104.48,104.55,758743
LEA,NYSE,2020/06/29 16:00:00,106.24,109.82,105.69,107.89,379759
LEA,NYSE,2020/06/30 16:00:00,107,110,106.33,109.02,387080
LEA,NYSE,2020/07/01 16:00:00,109.07,110.37,105.64,106.21,340114
LEA,NYSE,2020/07/02 16:00:00,109.48,110.78,107.23,107.88,385867
LEA,NYSE,2020/07/06 16:00:00,111.1,111.1,107.65,108.88,315950
LEA,NYSE,2020/07/07 16:00:00,107.87,108.49,106.62,106.78,325592
LEA,NYSE,2020/07/08 16:00:00,106.3,108.2,104.79,105.67,302627
LEA,NYSE,2020/07/09 16:00:00,105.98,107.1,102.17,102.3,466853
LEA,NYSE,2020/07/10 16:00:00,103.01,104.92,102.79,104.68,698163
LEA,NYSE,2020/07/13 16:00:00,106.13,107.81,104.53,105.51,538289
LEA,NYSE,2020/07/14 16:00:00,106.05,108.96,104.98,108.79,415931
LEA,NYSE,2020/07/15 16:00:00,111.73,113.81,109.7,113,535971
LEA,NYSE,2020/07/16 16:00:00,111.3,115.67,110.75,115,365432
LEA,NYSE,2020/07/17 16:00:00,115.55,115.55,113.04,114.84,505524
LEA,NYSE,2020/07/20 16:00:00,114.19,115.04,113.43,114.25,482079
LEA,NYSE,2020/07/21 16:00:00,115.88,117.33,114.76,115.04,623928
LEA,NYSE,2020/07/22 16:00:00,114.1,118.62,114.1,116.9,427051
LEA,NYSE,2020/07/23 16:00:00,117.44,118.25,116.14,117.1,430451
LEA,NYSE,2020/07/24 16:00:00,115.48,117.25,115.06,116.59,309271
LEA,NYSE,2020/07/27 16:00:00,116.09,119.26,115.18,118.97,330824
LEA,NYSE,2020/07/28 16:00:00,118.5,119.23,116.47,116.72,456665
LEA,NYSE,2020/07/29 16:00:00,117.98,119.32,116.67,118.2,431940
LEA,NYSE,2020/07/30 16:00:00,115.59,116.13,112.46,113.2,427567
LEA,NYSE,2020/07/31 16:00:00,112.53,112.85,109.01,110.38,520533
LEA,NYSE,2020/08/03 16:00:00,111.04,113.01,110.7,112.01,534896
LEA,NYSE,2020/08/04 16:00:00,111.96,115.49,110.34,112.04,805883
LEA,NYSE,2020/08/05 16:00:00,113.05,115.67,112.32,115.5,801440
LEA,NYSE,2020/08/06 16:00:00,114.63,115.07,113.03,113.23,520804
LEA,NYSE,2020/08/07 16:00:00,112.02,113.03,110.47,112.46,418971
LEA,NYSE,2020/08/10 16:00:00,113.09,116.27,113.09,115.79,426333
LEA,NYSE,2020/08/11 16:00:00,118.75,122,118.15,119.6,758711
LEA,NYSE,2020/08/12 16:00:00,122.18,122.18,118.49,118.89,486565
LEA,NYSE,2020/08/13 16:00:00,118.03,118.24,116.51,117.47,371495
LEA,NYSE,2020/08/14 16:00:00,116.81,118.91,116.11,118.53,251842
LEA,NYSE,2020/08/17 16:00:00,119.34,119.34,116.61,116.85,442625
LEA,NYSE,2020/08/18 16:00:00,116.88,117.57,114.94,115.02,466036
LEA,NYSE,2020/08/19 16:00:00,114.63,115.95,113.44,113.61,346817
LEA,NYSE,2020/08/20 16:00:00,111.8,114.36,111.63,113.73,366070
LEA,NYSE,2020/08/21 16:00:00,112.65,113.82,111.97,112.08,331360
LEA,NYSE,2020/08/24 16:00:00,113.18,116.21,113.08,115.92,273238
LEA,NYSE,2020/08/25 16:00:00,116.83,117.84,113.92,115.25,303196
LEA,NYSE,2020/08/26 16:00:00,115.38,117.2,115.14,115.96,255298
LEA,NYSE,2020/08/27 16:00:00,117.85,117.85,113.99,114.68,277278
LEA,NYSE,2020/08/28 16:00:00,114.92,117.57,114.66,116.83,253478
LEA,NYSE,2020/08/31 16:00:00,116.33,116.91,113.91,113.93,426943
LEA,NYSE,2020/09/01 16:00:00,113.68,116.21,112.36,116.09,292198
LEA,NYSE,2020/09/02 16:00:00,116.53,122.75,116.39,122.14,678756
LEA,NYSE,2020/09/03 16:00:00,121.95,123.31,119.17,120.04,671350
LEA,NYSE,2020/09/04 16:00:00,122.5,122.5,118.08,120.45,383688
LEA,NYSE,2020/09/08 16:00:00,118.93,121.33,117.61,118.28,388874
LEA,NYSE,2020/09/09 16:00:00,118.94,121.01,117.58,120.25,474191
LEA,NYSE,2020/09/10 16:00:00,121.42,122.62,117.35,117.58,413303
LEA,NYSE,2020/09/11 16:00:00,118,119.77,117.19,119.51,450241
LEA,NYSE,2020/09/14 16:00:00,120.4,121.99,119.13,121.78,348762
LEA,NYSE,2020/09/15 16:00:00,123.26,124.3,121.6,123.55,578126
LEA,NYSE,2020/09/16 16:00:00,123.32,123.44,120.28,120.98,607924
LEA,NYSE,2020/09/17 16:00:00,119.23,120.63,117.87,118.66,525502
LEA,NYSE,2020/09/18 16:00:00,119.45,119.45,115.73,116.66,768560
LEA,NYSE,2020/09/21 16:00:00,113.22,114.02,109.58,111.08,595405
LEA,NYSE,2020/09/22 16:00:00,111.38,111.68,108.76,109.16,535373
LEA,NYSE,2020/09/23 16:00:00,109.4,110.73,107.75,107.83,554499
LEA,NYSE,2020/09/24 16:00:00,107,107.69,104.77,105.64,518807
LEA,NYSE,2020/09/25 16:00:00,105,105.72,103.35,104.41,420429
LEA,NYSE,2020/09/28 16:00:00,107.27,109.76,106.48,107.35,473412
LEA,NYSE,2020/09/29 16:00:00,107.01,109.46,106.56,108.01,438323
LEA,NYSE,2020/09/30 16:00:00,108.49,111.21,108.31,109.05,482760
LEA,NYSE,2020/10/01 16:00:00,110.48,114.05,110.41,113.11,599786
LEA,NYSE,2020/10/02 16:00:00,110.09,115.32,109.96,114.78,393087
LEA,NYSE,2020/10/05 16:00:00,116.96,120.6,115.94,119.91,383318
LEA,NYSE,2020/10/06 16:00:00,122.94,126.15,121.6,123.39,1090138
LEA,NYSE,2020/10/07 16:00:00,125.22,130.48,124.3,128.8,650836
LEA,NYSE,2020/10/08 16:00:00,130.6,131.1,127.86,129.83,662478
LEA,NYSE,2020/10/09 16:00:00,130.49,131.56,129,129.54,781376
LEA,NYSE,2020/10/12 16:00:00,129.64,130.84,128.2,129.19,323707
LEA,NYSE,2020/10/13 16:00:00,128.97,130.33,126.64,129.56,255218
LEA,NYSE,2020/10/14 16:00:00,130.12,131.52,128.59,128.63,422852
LEA,NYSE,2020/10/15 16:00:00,127.24,129.73,126.71,129.53,568820
LEA,NYSE,2020/10/16 16:00:00,130.41,132.24,128.19,130.72,333667
LEA,NYSE,2020/10/19 16:00:00,130.51,131.34,128.82,129.08,227799
LEA,NYSE,2020/10/20 16:00:00,128.98,133,128.98,131.7,480274
LEA,NYSE,2020/10/21 16:00:00,132.09,133.77,131.13,132.26,358316
LEA,NYSE,2020/10/22 16:00:00,133.59,135.36,132.67,134.74,410554
LEA,NYSE,2020/10/23 16:00:00,136,137.87,133.67,134.51,478068
LEA,NYSE,2020/10/26 16:00:00,132.1,133.06,129.82,131.02,332761
LEA,NYSE,2020/10/27 16:00:00,130.35,131.2,127.08,127.09,425648
LEA,NYSE,2020/10/28 16:00:00,123.6,125.1,121.65,122.38,616155
LEA,NYSE,2020/10/29 16:00:00,122.41,125.04,121.7,124.86,627505
LEA,NYSE,2020/10/30 16:00:00,121.97,124.94,119.29,120.81,687000
LEA,NYSE,2020/11/02 16:00:00,122.95,125.98,121.63,122.93,488100
LEA,NYSE,2020/11/03 16:00:00,125.9,127.85,124.67,126.61,728061
LEA,NYSE,2020/11/04 16:00:00,124.31,127.39,122.32,123.47,557083
LEA,NYSE,2020/11/05 16:00:00,125.33,130.89,125.33,130.32,376456
LEA,NYSE,2020/11/06 16:00:00,130.66,131.35,126.1,128.22,358291
LEA,NYSE,2020/11/09 16:00:00,138.52,141,135.04,135.41,490180
LEA,NYSE,2020/11/10 16:00:00,136.49,139.49,135.91,137.39,464511
LEA,NYSE,2020/11/11 16:00:00,139.24,139.24,134.6,136.17,447161
LEA,NYSE,2020/11/12 16:00:00,134.48,136.15,132.32,133.9,681148
LEA,NYSE,2020/11/13 16:00:00,135.76,138.61,135.71,137.98,464635
LEA,NYSE,2020/11/16 16:00:00,141,143.34,138.82,140.87,508843
LEA,NYSE,2020/11/17 16:00:00,139.75,141.37,136.74,141.26,694872
LEA,NYSE,2020/11/18 16:00:00,141.85,144.66,140.86,141.17,499757
LEA,NYSE,2020/11/19 16:00:00,141.12,141.45,139.04,140.07,326989
LEA,NYSE,2020/11/20 16:00:00,139.26,140.21,137.65,139.18,273460
LEA,NYSE,2020/11/23 16:00:00,140.61,143.53,140.04,143.53,540968
LEA,NYSE,2020/11/24 16:00:00,145.99,151,144.72,150.33,674877
LEA,NYSE,2020/11/25 16:00:00,148.7,149.71,143.83,146.04,440410
LEA,NYSE,2020/11/27 13:00:00,146.04,148.09,145.74,146.6,146546
LEA,NYSE,2020/11/30 16:00:00,146.71,147.21,142.43,142.95,657185
LEA,NYSE,2020/12/01 16:00:00,146.62,148.29,145.21,146.82,484711
LEA,NYSE,2020/12/02 16:00:00,145.61,146.67,144.32,144.68,333328
LEA,NYSE,2020/12/03 16:00:00,145.85,149.49,144.5,149.02,559726
LEA,NYSE,2020/12/04 16:00:00,150,157.8,149.82,157.41,681442
LEA,NYSE,2020/12/07 16:00:00,157.46,157.93,154.74,157.51,315315
LEA,NYSE,2020/12/08 16:00:00,156.2,159,155.71,158.43,383589
LEA,NYSE,2020/12/09 16:00:00,160.55,162,156.91,158.64,523124
LEA,NYSE,2020/12/10 16:00:00,156.08,157.48,154.42,156.29,266028
LEA,NYSE,2020/12/11 16:00:00,154.65,156.65,154.62,155.01,507232
LEA,NYSE,2020/12/14 16:00:00,157.43,157.9,155.88,156.07,425866
LEA,NYSE,2020/12/15 16:00:00,158.46,160.71,156.66,160.25,308834
LEA,NYSE,2020/12/16 16:00:00,163.7,163.7,159.68,161.9,514192
LEA,NYSE,2020/12/17 16:00:00,163.52,165,162.01,164.69,360840
LEA,NYSE,2020/12/18 16:00:00,165.67,165.67,158.47,159.69,1010377
LEA,NYSE,2020/12/21 16:00:00,155.21,158.59,154.21,158.53,338844
LEA,NYSE,2020/12/22 16:00:00,158.96,160.03,157.57,158.83,244553
LEA,NYSE,2020/12/23 16:00:00,161.16,163.03,159.86,161.91,360300
LEA,NYSE,2020/12/24 13:00:00,162.87,162.87,158.56,159.86,179526
LEA,NYSE,2020/12/28 16:00:00,161.35,161.6,158.95,159.22,211348
LEA,NYSE,2020/12/29 16:00:00,159.68,159.68,156.81,158.83,228628
LEA,NYSE,2020/12/30 16:00:00,159.09,161.57,159.09,160.49,162172
LEA,NYSE,2020/12/31 16:00:00,160.98,160.98,158.58,159.03,225998
LEA,NYSE,2021/01/04 16:00:00,160.27,160.55,155.25,157.44,358773
LEA,NYSE,2021/01/05 16:00:00,156.09,160.48,156.09,160.17,368917
LEA,NYSE,2021/01/06 16:00:00,162.38,167.51,161.56,165.69,425445
LEA,NYSE,2021/01/07 16:00:00,167.99,170.51,167.13,170.4,453852
LEA,NYSE,2021/01/08 16:00:00,167.57,169.52,164.91,165.89,383176
LEA,NYSE,2021/01/11 16:00:00,163.65,164.52,161.81,163.69,430507
LEA,NYSE,2021/01/12 16:00:00,165.57,170.68,164.37,166.73,434402
LEA,NYSE,2021/01/13 16:00:00,166.25,166.83,162.1,162.73,277230
LEA,NYSE,2021/01/14 16:00:00,165.59,165.85,161.72,164.99,377196
LEA,NYSE,2021/01/15 16:00:00,162.71,165.01,158.38,159.79,509021
LEA,NYSE,2021/01/19 16:00:00,161.9,163.74,158.69,163.05,243694
LEA,NYSE,2021/01/20 16:00:00,165.15,167.64,164.7,167.51,388485
LEA,NYSE,2021/01/21 16:00:00,168.26,169.19,166.93,167.91,474416
LEA,NYSE,2021/01/22 16:00:00,169.11,169.61,166.32,167.08,212255
LEA,NYSE,2021/01/25 16:00:00,166.37,166.38,159.99,162.1,368635
LEA,NYSE,2021/01/26 16:00:00,162.53,163.37,155.8,155.93,376236
LEA,NYSE,2021/01/27 16:00:00,152.85,154.17,146.53,147.37,726557
LEA,NYSE,2021/01/28 16:00:00,149.21,154.25,147.65,153.47,580005
LEA,NYSE,2021/01/29 16:00:00,152.54,154.15,149.1,150.76,461110
LEA,NYSE,2021/02/01 16:00:00,152.8,157.29,152.61,156.83,296472
LEA,NYSE,2021/02/02 16:00:00,159.42,160.42,157,158.75,445419
LEA,NYSE,2021/02/03 16:00:00,159.02,161.42,158.42,160.21,605627
LEA,NYSE,2021/02/04 16:00:00,158,158.17,151.07,153.22,974785
LEA,NYSE,2021/02/05 16:00:00,155.04,156.83,153.94,155.71,620606
LEA,NYSE,2021/02/08 16:00:00,156,160.32,155.91,160.06,503724
LEA,NYSE,2021/02/09 16:00:00,159.35,162.31,159.18,162,499776
LEA,NYSE,2021/02/10 16:00:00,163.02,165.79,161.01,161.52,514800
LEA,NYSE,2021/02/11 16:00:00,161.66,162.93,157.78,160.18,443741
LEA,NYSE,2021/02/12 16:00:00,158.55,160.18,157.92,159.67,538993
LEA,NYSE,2021/02/16 16:00:00,161.22,164.05,161.2,162.49,373524
LEA,NYSE,2021/02/17 16:00:00,161.09,163.73,160.39,163.25,329642
LEA,NYSE,2021/02/18 16:00:00,161.86,164.34,159.82,161.74,605793
LEA,NYSE,2021/02/19 16:00:00,163.58,167.75,163.58,167.66,394650
LEA,NYSE,2021/02/22 16:00:00,166.32,171.66,165.56,169.76,394379
LEA,NYSE,2021/02/23 16:00:00,167,170.13,162.71,169.79,442618
LEA,NYSE,2021/02/24 16:00:00,170.1,171.83,167.88,168.23,461354
LEA,NYSE,2021/02/25 16:00:00,168.6,169.19,161.68,163.58,391107
LEA,NYSE,2021/02/26 16:00:00,164.36,167.84,160.43,166.09,645902
LEA,NYSE,2021/03/01 16:00:00,169.25,171.19,166.48,170.16,437921
LEA,NYSE,2021/03/02 16:00:00,170.01,171.16,167.02,169.77,399626
LEA,NYSE,2021/03/03 16:00:00,170.95,174,170.06,171,743543
LEA,NYSE,2021/03/04 16:00:00,169.68,171.51,163.19,165.77,454914
LEA,NYSE,2021/03/05 16:00:00,168.42,176.83,167.28,176.72,687421
LEA,NYSE,2021/03/08 16:00:00,178.46,182.37,177.06,180.38,526351
LEA,NYSE,2021/03/09 16:00:00,180.69,182.25,178.22,178.96,398895
LEA,NYSE,2021/03/10 16:00:00,180.94,186.28,179.54,183.56,520560
LEA,NYSE,2021/03/11 16:00:00,184.28,187.29,183.14,185.98,347527
LEA,NYSE,2021/03/12 16:00:00,185.88,188.88,184.9,188.76,346177
LEA,NYSE,2021/03/15 16:00:00,188.08,189.79,186.49,189.54,403271
LEA,NYSE,2021/03/16 16:00:00,188.54,190.88,187.29,188.73,446401
LEA,NYSE,2021/03/17 16:00:00,186.65,194.2,186.54,194.2,494883
LEA,NYSE,2021/03/18 16:00:00,192.57,196.26,187.87,188.4,386259
LEA,NYSE,2021/03/19 16:00:00,186.53,188.01,183.18,183.4,1001413
LEA,NYSE,2021/03/22 16:00:00,182.6,182.6,177.64,179.09,407105
LEA,NYSE,2021/03/23 16:00:00,175.64,176.69,169.12,170.02,470716
LEA,NYSE,2021/03/24 16:00:00,173.52,174.72,170.79,170.84,504853
LEA,NYSE,2021/03/25 16:00:00,167.83,175.05,166.48,173.92,376720
LEA,NYSE,2021/03/26 16:00:00,178.06,178.48,172.11,178.48,428774
LEA,NYSE,2021/03/29 16:00:00,178.4,180.62,172.93,173.07,372777
LEA,NYSE,2021/03/30 16:00:00,174.05,178.44,173.07,177.65,329618
LEA,NYSE,2021/03/31 16:00:00,178.28,183.66,176.82,181.25,512145
LEA,NYSE,2021/04/01 16:00:00,182.66,182.66,178.3,180.13,296822
LEA,NYSE,2021/04/05 16:00:00,182.61,184.22,181.29,181.65,259745
LEA,NYSE,2021/04/06 16:00:00,181.13,184.84,180.53,181.23,342872
LEA,NYSE,2021/04/07 16:00:00,181.62,181.62,177.84,179.06,302005
LEA,NYSE,2021/04/08 16:00:00,179.06,180,175.41,178.92,420747
LEA,NYSE,2021/04/09 16:00:00,179.54,180.19,178.26,179.01,262942
KL,NYSE,2019/04/01 16:00:00,30.35,30.75,29.31,29.63,2560899
KL,NYSE,2019/04/02 16:00:00,29.24,31.1,29.15,31.01,1811321
KL,NYSE,2019/04/03 16:00:00,31.05,31.88,30.81,31.35,1321811
KL,NYSE,2019/04/04 16:00:00,31,32.85,30.76,32.6,1180878
KL,NYSE,2019/04/05 16:00:00,32.32,32.78,31.85,32.27,1168359
KL,NYSE,2019/04/08 16:00:00,32.97,33.37,32.06,32.42,1139487
KL,NYSE,2019/04/09 16:00:00,32.43,32.94,32.27,32.53,1123559
KL,NYSE,2019/04/10 16:00:00,32.42,32.48,31.57,31.69,1175603
KL,NYSE,2019/04/11 16:00:00,31.25,31.92,31.05,31.56,767293
KL,NYSE,2019/04/12 16:00:00,31.39,31.82,30.95,31.62,1051108
KL,NYSE,2019/04/15 16:00:00,31.41,32.29,31.08,31.77,933954
KL,NYSE,2019/04/16 16:00:00,31.34,31.56,30.85,30.95,1444235
KL,NYSE,2019/04/17 16:00:00,31.03,31.83,30.94,31.69,1130938
KL,NYSE,2019/04/18 16:00:00,31.57,31.99,30.97,31.32,1172850
KL,NYSE,2019/04/22 16:00:00,31.2,31.93,31.13,31.31,616514
KL,NYSE,2019/04/23 16:00:00,31.03,31.7,31,31.1,1075094
KL,NYSE,2019/04/24 16:00:00,31.24,32.26,30.89,32.08,1195913
KL,NYSE,2019/04/25 16:00:00,32.12,32.56,30.97,31.6,1305331
KL,NYSE,2019/04/26 16:00:00,31.98,32.47,31.86,32.3,912540
KL,NYSE,2019/04/29 16:00:00,32.2,32.22,31.43,31.66,1010159
KL,NYSE,2019/04/30 16:00:00,31.51,32.64,31.51,32.32,851844
KL,NYSE,2019/05/01 16:00:00,32.19,32.33,31.37,31.7,1122824
KL,NYSE,2019/05/02 16:00:00,31.33,32.09,30.71,30.94,1319823
KL,NYSE,2019/05/03 16:00:00,31.48,31.76,30.82,31.01,1293430
KL,NYSE,2019/05/06 16:00:00,30.95,31.13,30.57,30.9,1028000
KL,NYSE,2019/05/07 16:00:00,31.16,32.92,30.99,32.8,2475250
KL,NYSE,2019/05/08 16:00:00,33.5,33.69,32.03,33.56,2677400
KL,NYSE,2019/05/09 16:00:00,33.64,34.51,33.39,33.39,1710279
KL,NYSE,2019/05/10 16:00:00,33.5,33.76,32.32,33.05,1835649
KL,NYSE,2019/05/13 16:00:00,33.97,35.18,33.35,35.17,2281947
KL,NYSE,2019/05/14 16:00:00,34.94,35.02,34.23,34.9,2092984
KL,NYSE,2019/05/15 16:00:00,35.17,35.2,33.49,33.68,1431002
KL,NYSE,2019/05/16 16:00:00,33.3,33.51,32.71,33.31,1068643
KL,NYSE,2019/05/17 16:00:00,33.42,33.91,33.13,33.88,1210212
KL,NYSE,2019/05/20 16:00:00,34.13,34.48,33.91,34.44,1046734
KL,NYSE,2019/05/21 16:00:00,34.2,34.31,32.89,34.22,1614800
KL,NYSE,2019/05/22 16:00:00,34.47,34.76,33.28,33.46,1468698
KL,NYSE,2019/05/23 16:00:00,33.78,34.24,32.95,32.98,1467457
KL,NYSE,2019/05/24 16:00:00,32.83,33.33,32.33,33.25,1053253
KL,NYSE,2019/05/28 16:00:00,32.04,32.47,31.34,32.03,2537001
KL,NYSE,2019/05/29 16:00:00,32.17,32.3,31.81,31.91,1085876
KL,NYSE,2019/05/30 16:00:00,31.86,32.69,31.62,32.54,1252718
KL,NYSE,2019/05/31 16:00:00,33.07,34.72,33.07,34.51,1881506
KL,NYSE,2019/06/03 16:00:00,35.47,36.49,34.7,36.38,3570071
KL,NYSE,2019/06/04 16:00:00,36.12,38.15,36,37.69,2786830
KL,NYSE,2019/06/05 16:00:00,39.01,39.39,36.65,37.84,2493286
KL,NYSE,2019/06/06 16:00:00,38.1,39.04,37.82,38.29,1578953
KL,NYSE,2019/06/07 16:00:00,38.88,38.88,37.31,37.33,1994841
KL,NYSE,2019/06/10 16:00:00,36.89,37.78,35.82,37.61,1794520
KL,NYSE,2019/06/11 16:00:00,37.5,37.99,37.16,37.82,997747
KL,NYSE,2019/06/12 16:00:00,38.12,39.76,38.1,38.93,1934115
KL,NYSE,2019/06/13 16:00:00,38.93,39.45,38.17,38.38,1527474
KL,NYSE,2019/06/14 16:00:00,38.76,38.98,37.81,38.15,1521032
KL,NYSE,2019/06/17 16:00:00,38.25,38.47,37.71,38.41,1222772
KL,NYSE,2019/06/18 16:00:00,38.68,39.43,38.13,39.23,1393238
KL,NYSE,2019/06/19 16:00:00,38.89,40.06,38.8,39.78,1167200
KL,NYSE,2019/06/20 16:00:00,41.6,41.62,40.31,41,1681418
KL,NYSE,2019/06/21 16:00:00,41.04,41.68,40.21,41.48,2344961
KL,NYSE,2019/06/24 16:00:00,42.09,43.18,41.5,42.99,2310936
KL,NYSE,2019/06/25 16:00:00,43.48,44.04,41.32,42.81,2970947
KL,NYSE,2019/06/26 16:00:00,41.95,43.41,41.81,42.87,1654280
KL,NYSE,2019/06/27 16:00:00,42.51,43.12,41.95,42.5,1088210
KL,NYSE,2019/06/28 16:00:00,42.41,43.06,41.72,42.92,1233883
KL,NYSE,2019/07/01 16:00:00,41.28,41.93,40.54,41.51,1532886
KL,NYSE,2019/07/02 16:00:00,41.7,43.28,41.58,43.12,1211862
KL,NYSE,2019/07/03 13:00:00,43.18,43.22,41.73,42.64,1184563
KL,NYSE,2019/07/05 16:00:00,41.5,42.35,40.05,42.07,2016267
KL,NYSE,2019/07/08 16:00:00,42.39,42.65,41.73,41.99,1142421
KL,NYSE,2019/07/09 16:00:00,41.73,42.12,41.2,41.53,1199803
KL,NYSE,2019/07/10 16:00:00,42.05,42.24,40.31,42.13,1954121
KL,NYSE,2019/07/11 16:00:00,42.24,43.14,41.95,42.46,1498287
KL,NYSE,2019/07/12 16:00:00,42.5,42.94,41.93,42.92,953107
KL,NYSE,2019/07/15 16:00:00,43,44.4,42.99,44.34,1440548
KL,NYSE,2019/07/16 16:00:00,44.2,44.5,43.7,44.06,1133996
KL,NYSE,2019/07/17 16:00:00,44.29,46.01,44.15,45.97,1382111
KL,NYSE,2019/07/18 16:00:00,45.79,46.78,45.25,46.54,1505409
KL,NYSE,2019/07/19 16:00:00,46.07,46.8,45.82,46.48,1179238
KL,NYSE,2019/07/22 16:00:00,46.83,47.21,46.01,46.23,1101212
KL,NYSE,2019/07/23 16:00:00,45.96,46.43,44.62,45.49,1396778
KL,NYSE,2019/07/24 16:00:00,45.79,46.02,45.13,45.4,1099428
KL,NYSE,2019/07/25 16:00:00,45.27,45.54,44.66,44.81,973166
KL,NYSE,2019/07/26 16:00:00,44.98,45.25,44.31,44.53,766699
KL,NYSE,2019/07/29 16:00:00,44.78,45.96,44.78,45.93,1273578
KL,NYSE,2019/07/30 16:00:00,46.15,46.34,45.51,45.67,1080891
KL,NYSE,2019/07/31 16:00:00,45.67,45.85,40.78,41.29,3651350
KL,NYSE,2019/08/01 16:00:00,40.66,44.95,40.5,44.66,2656350
KL,NYSE,2019/08/02 16:00:00,44.51,45.24,43.86,44.07,1360853
KL,NYSE,2019/08/05 16:00:00,45.5,47.95,45.45,46.46,2266254
KL,NYSE,2019/08/06 16:00:00,46.34,47.38,45.79,46.75,2058622
KL,NYSE,2019/08/07 16:00:00,48.25,49.13,46.49,46.72,2248118
KL,NYSE,2019/08/08 16:00:00,45.87,47.69,45.11,47.29,1294510
KL,NYSE,2019/08/09 16:00:00,47.14,47.88,45.93,46.03,1219948
KL,NYSE,2019/08/12 16:00:00,46.6,47.07,45.95,46.03,1223834
KL,NYSE,2019/08/13 16:00:00,47,47.11,43.79,45.77,1792356
KL,NYSE,2019/08/14 16:00:00,46.7,46.79,45.31,45.4,1333920
KL,NYSE,2019/08/15 16:00:00,45.14,45.88,44.66,45.1,1206465
KL,NYSE,2019/08/16 16:00:00,44.35,44.6,43.53,44.14,2048105
KL,NYSE,2019/08/19 16:00:00,43.01,45.2,42.2,44.06,1727345
KL,NYSE,2019/08/20 16:00:00,44.25,45.61,43.92,45.5,1074509
KL,NYSE,2019/08/21 16:00:00,45.47,46.3,45.4,45.6,988818
KL,NYSE,2019/08/22 16:00:00,45.18,46.56,45.18,45.49,737111
KL,NYSE,2019/08/23 16:00:00,45.96,47.47,45.55,47.32,1524440
KL,NYSE,2019/08/26 16:00:00,47.45,48.79,46.83,47.68,1813431
KL,NYSE,2019/08/27 16:00:00,47.76,50.16,47.76,49.99,2117258
KL,NYSE,2019/08/28 16:00:00,50.25,51.03,49.19,49.91,1538318
KL,NYSE,2019/08/29 16:00:00,50,50.23,47.78,48.1,2037718
KL,NYSE,2019/08/30 16:00:00,47.91,48.9,47.75,48.76,1086868
KL,NYSE,2019/09/03 16:00:00,49.8,50.27,49.25,49.94,1596255
KL,NYSE,2019/09/04 16:00:00,49.69,51.08,49.69,51.04,1786690
KL,NYSE,2019/09/05 16:00:00,50.3,50.31,47.05,48.28,2123989
KL,NYSE,2019/09/06 16:00:00,48.16,49.47,47.32,47.34,1986222
KL,NYSE,2019/09/09 16:00:00,48.08,49.3,46.34,46.8,2206568
KL,NYSE,2019/09/10 16:00:00,46.24,46.25,44.28,44.52,2925183
KL,NYSE,2019/09/11 16:00:00,44.42,45.39,43.51,44.4,1958269
KL,NYSE,2019/09/12 16:00:00,45.89,46.16,43.79,43.86,1409052
KL,NYSE,2019/09/13 16:00:00,43.86,44.79,42.29,42.38,2066341
KL,NYSE,2019/09/16 16:00:00,43.05,44.95,42.88,44.28,1746616
KL,NYSE,2019/09/17 16:00:00,44.49,46.33,44.48,46.21,1500182
KL,NYSE,2019/09/18 16:00:00,46.45,46.82,44.86,45.98,1611312
KL,NYSE,2019/09/19 16:00:00,46.42,47.5,46.36,47.21,1239846
KL,NYSE,2019/09/20 16:00:00,47.22,47.59,46.81,47.22,1556867
KL,NYSE,2019/09/23 16:00:00,48,49.65,47.65,49.64,1510308
KL,NYSE,2019/09/24 16:00:00,49.18,49.54,48.58,49.45,1326523
KL,NYSE,2019/09/25 16:00:00,49.17,49.53,46.55,47.62,1577332
KL,NYSE,2019/09/26 16:00:00,47.8,48.2,47.18,47.39,706715
KL,NYSE,2019/09/27 16:00:00,46.01,46.42,45.26,45.43,1420749
KL,NYSE,2019/09/30 16:00:00,44.51,45.42,43.76,44.8,1430867
KL,NYSE,2019/10/01 16:00:00,44.2,46.04,44.07,44.94,1349284
KL,NYSE,2019/10/02 16:00:00,45.7,46.5,45.15,46.47,1079491
KL,NYSE,2019/10/03 16:00:00,46.46,47.6,45.93,45.94,939047
KL,NYSE,2019/10/04 16:00:00,45.75,46.95,45.65,46.64,755981
KL,NYSE,2019/10/07 16:00:00,46.1,46.97,46.03,46.2,618398
KL,NYSE,2019/10/08 16:00:00,46.9,47.58,46.33,47.55,977651
KL,NYSE,2019/10/09 16:00:00,47.47,48.17,47.13,47.64,887834
KL,NYSE,2019/10/10 16:00:00,47.38,47.38,44.97,46.12,1529752
KL,NYSE,2019/10/11 16:00:00,45.47,45.88,44.18,44.73,1667003
KL,NYSE,2019/10/14 16:00:00,44.73,45.01,44.3,44.61,583377
KL,NYSE,2019/10/15 16:00:00,44.55,44.91,43.77,43.83,1155140
KL,NYSE,2019/10/16 16:00:00,44.47,44.67,43.15,44.18,977595
KL,NYSE,2019/10/17 16:00:00,43.69,45.2,43.55,44.67,834189
KL,NYSE,2019/10/18 16:00:00,44.61,45.02,44.32,44.76,584517
KL,NYSE,2019/10/21 16:00:00,44.8,45.5,43.77,43.81,839028
KL,NYSE,2019/10/22 16:00:00,43.9,44.73,43.2,43.94,966615
KL,NYSE,2019/10/23 16:00:00,44.15,44.9,43.87,44,572778
KL,NYSE,2019/10/24 16:00:00,44.12,46.24,44.12,46.19,1002699
KL,NYSE,2019/10/25 16:00:00,47.19,47.8,45.6,45.72,1200855
KL,NYSE,2019/10/28 16:00:00,45.24,45.24,44.55,44.59,1295066
KL,NYSE,2019/10/29 16:00:00,44.33,44.44,43.78,44.02,1427671
KL,NYSE,2019/10/30 16:00:00,44.38,45.2,43.66,45.13,1173425
KL,NYSE,2019/10/31 16:00:00,45.4,47.02,45.33,46.95,1248204
KL,NYSE,2019/11/01 16:00:00,46.41,46.75,45.42,45.99,1020244
KL,NYSE,2019/11/04 16:00:00,45.64,45.95,44.94,45.14,965001
KL,NYSE,2019/11/05 16:00:00,44.14,45.55,44.01,45.37,1177647
KL,NYSE,2019/11/06 16:00:00,45.54,47.49,44.87,46.65,2240273
KL,NYSE,2019/11/07 16:00:00,46.4,47.7,45.19,46.32,1769311
KL,NYSE,2019/11/08 16:00:00,45.53,46.07,45.05,45.21,1229303
KL,NYSE,2019/11/11 16:00:00,45.08,45.99,45.08,45.61,927819
KL,NYSE,2019/11/12 16:00:00,45.61,46.16,44.92,45.91,1078998
KL,NYSE,2019/11/13 16:00:00,46.3,47.99,46.2,47.12,1263164
KL,NYSE,2019/11/14 16:00:00,47.47,48.27,47.39,47.76,1288169
KL,NYSE,2019/11/15 16:00:00,47.57,48.3,46.84,46.92,915502
KL,NYSE,2019/11/18 16:00:00,47.09,48.13,46.82,48.08,902697
KL,NYSE,2019/11/19 16:00:00,47.99,49.47,47.81,48.71,1225758
KL,NYSE,2019/11/20 16:00:00,48.82,49.78,48.73,48.9,1212974
KL,NYSE,2019/11/21 16:00:00,48.97,49.58,48.38,48.61,819372
KL,NYSE,2019/11/22 16:00:00,48.75,48.97,47.61,47.62,756958
KL,NYSE,2019/11/25 16:00:00,42.46,42.64,39.11,39.44,9498257
KL,NYSE,2019/11/26 16:00:00,39.26,39.4,37.75,39.15,5096131
KL,NYSE,2019/11/27 16:00:00,39.23,39.98,38.59,39.86,3360480
KL,NYSE,2019/11/29 13:00:00,40.86,42.12,40.44,41.91,2749055
KL,NYSE,2019/12/02 16:00:00,42,42.49,41.41,42.01,1952711
KL,NYSE,2019/12/03 16:00:00,41.9,42.79,41.62,42.09,3045515
KL,NYSE,2019/12/04 16:00:00,42.21,42.22,40.33,41,2247831
KL,NYSE,2019/12/05 16:00:00,40.75,41.78,40.75,41.04,1597999
KL,NYSE,2019/12/06 16:00:00,40.2,41.45,39.94,40.44,1541183
KL,NYSE,2019/12/09 16:00:00,40.78,41.13,40.4,40.67,1467259
KL,NYSE,2019/12/10 16:00:00,41.5,41.5,40.21,41.16,1522155
KL,NYSE,2019/12/11 16:00:00,41.33,42.4,40.9,42.33,1383410
KL,NYSE,2019/12/12 16:00:00,43,43.15,42.05,42.68,1553858
KL,NYSE,2019/12/13 16:00:00,42.3,43.08,42.21,42.85,1519573
KL,NYSE,2019/12/16 16:00:00,42.65,42.81,41.76,41.92,1353295
KL,NYSE,2019/12/17 16:00:00,41.75,42.24,41.27,41.76,1035981
KL,NYSE,2019/12/18 16:00:00,41.65,41.88,41.04,41.63,828168
KL,NYSE,2019/12/19 16:00:00,41.87,41.94,41.27,41.59,819609
KL,NYSE,2019/12/20 16:00:00,41.41,41.8,40.45,40.71,1250064
KL,NYSE,2019/12/23 16:00:00,40.71,42.15,40.71,41.86,913713
KL,NYSE,2019/12/24 13:00:00,42.2,43.33,42.13,43.31,858094
KL,NYSE,2019/12/26 16:00:00,44,44.81,43.78,44.31,1100964
KL,NYSE,2019/12/27 16:00:00,44.33,44.4,43.25,43.35,1034023
KL,NYSE,2019/12/30 16:00:00,43.4,44.27,43.25,43.94,1219206
KL,NYSE,2019/12/31 16:00:00,44.29,44.48,43.87,44.07,918629
KL,NYSE,2020/01/02 16:00:00,44.59,44.75,43.78,44.23,984727
KL,NYSE,2020/01/03 16:00:00,45.2,45.25,43.77,43.99,1625562
KL,NYSE,2020/01/06 16:00:00,44.81,45.08,44.18,44.57,1364885
KL,NYSE,2020/01/07 16:00:00,44.45,45.44,44.28,45.12,1063348
KL,NYSE,2020/01/08 16:00:00,45.2,45.2,43.15,43.42,1451906
KL,NYSE,2020/01/09 16:00:00,43,43.71,42.52,43.11,999294
KL,NYSE,2020/01/10 16:00:00,43.3,44.75,43.3,44.63,1052184
KL,NYSE,2020/01/13 16:00:00,44.18,44.55,43.69,43.7,1082088
KL,NYSE,2020/01/14 16:00:00,43.5,44.44,43.37,44.39,1025303
KL,NYSE,2020/01/15 16:00:00,44.65,45.01,43.81,44.95,1066569
KL,NYSE,2020/01/16 16:00:00,44.72,45.1,44.06,44.15,939792
KL,NYSE,2020/01/17 16:00:00,44.24,44.36,43.37,43.44,1210411
KL,NYSE,2020/01/21 16:00:00,43.09,43.88,42.53,43.68,1224447
KL,NYSE,2020/01/22 16:00:00,43.7,44.16,43.01,43.26,867764
KL,NYSE,2020/01/23 16:00:00,43,44.03,42.59,42.64,1108138
KL,NYSE,2020/01/24 16:00:00,42.55,43.42,42.37,43.06,1236545
KL,NYSE,2020/01/27 16:00:00,43.74,43.78,42.25,42.63,1294588
KL,NYSE,2020/01/28 16:00:00,42.22,42.63,41.03,41.1,1502360
KL,NYSE,2020/01/29 16:00:00,41.25,42.08,40.65,41.89,1392367
KL,NYSE,2020/01/30 16:00:00,42.12,42.3,39.63,40.3,2357527
KL,NYSE,2020/01/31 16:00:00,40.44,41.97,40.44,41.13,1998409
KL,NYSE,2020/02/03 16:00:00,40.88,41.13,39.58,40.25,2170063
KL,NYSE,2020/02/04 16:00:00,39.51,39.9,38.45,38.67,2176134
KL,NYSE,2020/02/05 16:00:00,38.41,38.96,37.23,37.47,2805208
KL,NYSE,2020/02/06 16:00:00,37.4,37.84,36.33,37.31,2579740
KL,NYSE,2020/02/07 16:00:00,37.31,37.83,35.41,35.44,2648405
KL,NYSE,2020/02/10 16:00:00,35.6,36.99,35.42,36.64,3301379
KL,NYSE,2020/02/11 16:00:00,36.82,37.19,36.24,37.1,1981894
KL,NYSE,2020/02/12 16:00:00,37.05,37.06,36.17,36.17,2262263
KL,NYSE,2020/02/13 16:00:00,36.43,37.12,36.42,36.69,2107192
KL,NYSE,2020/02/14 16:00:00,36.72,37.2,36.17,36.98,1902597
KL,NYSE,2020/02/18 16:00:00,37.4,38.28,37.21,38.1,2200227
KL,NYSE,2020/02/19 16:00:00,38.29,38.39,37.11,37.43,2475074
KL,NYSE,2020/02/20 16:00:00,36.26,36.62,34.74,34.79,5859660
KL,NYSE,2020/02/21 16:00:00,35.73,36.92,35.15,36.48,3771448
KL,NYSE,2020/02/24 16:00:00,38.39,38.47,36.59,36.8,3760857
KL,NYSE,2020/02/25 16:00:00,36.21,37.94,36.06,36.84,3275517
KL,NYSE,2020/02/26 16:00:00,36.7,37.29,36.32,36.4,2332911
KL,NYSE,2020/02/27 16:00:00,36.7,36.79,33.7,33.79,3447416
KL,NYSE,2020/02/28 16:00:00,31.75,32.73,30.68,32.08,5647038
KL,NYSE,2020/03/02 16:00:00,32.53,33.07,31.69,32.31,2033945
KL,NYSE,2020/03/03 16:00:00,32.61,35.69,32.36,34.54,3657025
KL,NYSE,2020/03/04 16:00:00,34.88,35.56,34.17,35.5,2179457
KL,NYSE,2020/03/05 16:00:00,35.9,36.31,35.16,35.68,1705499
KL,NYSE,2020/03/06 16:00:00,35.87,36.04,33.39,35.04,2328754
KL,NYSE,2020/03/09 16:00:00,33.01,34.9,31.8,32.9,2243696
KL,NYSE,2020/03/10 16:00:00,33.39,34.08,31.25,32.01,2868391
KL,NYSE,2020/03/11 16:00:00,31.72,32.34,29.95,30.31,3030826
KL,NYSE,2020/03/12 16:00:00,25.31,27.9,23.84,25.22,4088000
KL,NYSE,2020/03/13 16:00:00,26.78,26.79,22.31,23.1,4194732
KL,NYSE,2020/03/16 16:00:00,18.84,28.14,18.02,26.17,4276934
KL,NYSE,2020/03/17 16:00:00,25.59,31.12,25,28.85,4039881
KL,NYSE,2020/03/18 16:00:00,27.54,30.23,23.31,23.78,2784580
KL,NYSE,2020/03/19 16:00:00,25.15,29.98,23.22,26.95,3870258
KL,NYSE,2020/03/20 16:00:00,28.06,28.74,24.2,25.51,3297450
KL,NYSE,2020/03/23 16:00:00,26.1,28.8,24.6,27.4,3340659
KL,NYSE,2020/03/24 16:00:00,31.54,32.3,29.72,31.47,3636697
KL,NYSE,2020/03/25 16:00:00,31.91,33.92,30.45,32.68,3326889
KL,NYSE,2020/03/26 16:00:00,33.81,34.56,30.89,32.88,2727858
KL,NYSE,2020/03/27 16:00:00,31.98,32.92,29.95,31.99,2638258
KL,NYSE,2020/03/30 16:00:00,31.77,32.9,29.6,30.53,1861739
KL,NYSE,2020/03/31 16:00:00,29.69,31.57,29.37,29.6,1740321
KL,NYSE,2020/04/01 16:00:00,29.1,30.46,28.7,29.23,1965087
KL,NYSE,2020/04/02 16:00:00,30.09,32.23,29.58,31.52,2117830
KL,NYSE,2020/04/03 16:00:00,31.82,34.43,31.82,33,2663679
KL,NYSE,2020/04/06 16:00:00,34.26,35.42,33.76,34.6,2936478
KL,NYSE,2020/04/07 16:00:00,35.75,35.75,33.66,33.96,2028226
KL,NYSE,2020/04/08 16:00:00,34.05,34.36,33.23,33.61,1304741
KL,NYSE,2020/04/09 16:00:00,34.9,35.91,34.65,35.86,3218416
KL,NYSE,2020/04/13 16:00:00,36.25,38.6,34.41,38.35,3153806
KL,NYSE,2020/04/14 16:00:00,39,40.06,36.22,37.2,3024652
KL,NYSE,2020/04/15 16:00:00,36.52,37.79,35.39,36.3,1676754
KL,NYSE,2020/04/16 16:00:00,36.47,37.37,35.72,36.73,1346550
KL,NYSE,2020/04/17 16:00:00,35.82,36.66,34.39,34.54,2836603
KL,NYSE,2020/04/20 16:00:00,35.35,36.97,34.61,36.72,2373241
KL,NYSE,2020/04/21 16:00:00,35.65,37.04,35.2,36.67,1921092
KL,NYSE,2020/04/22 16:00:00,38.04,39.98,37.75,39.82,2579542
KL,NYSE,2020/04/23 16:00:00,40.75,42.69,40.74,41.79,3506368
KL,NYSE,2020/04/24 16:00:00,42.62,42.96,41.26,42.87,2078602
KL,NYSE,2020/04/27 16:00:00,43.83,43.83,42.16,43.32,1865978
KL,NYSE,2020/04/28 16:00:00,43.5,43.91,42.51,43.38,2041881
KL,NYSE,2020/04/29 16:00:00,42.98,43.85,41.44,43.82,2446045
KL,NYSE,2020/04/30 16:00:00,43.48,43.77,41.12,41.42,2494014
KL,NYSE,2020/05/01 16:00:00,40.6,41.92,39.72,41.88,2147005
KL,NYSE,2020/05/04 16:00:00,42.86,43.18,41.67,42.98,2348632
KL,NYSE,2020/05/05 16:00:00,42.67,43.44,42.01,43.07,1841258
KL,NYSE,2020/05/06 16:00:00,42.52,42.67,41.34,41.46,2094759
KL,NYSE,2020/05/07 16:00:00,42.3,43.56,41.47,43.09,2523796
KL,NYSE,2020/05/08 16:00:00,43.06,44.23,42.86,43.03,1832725
KL,NYSE,2020/05/11 16:00:00,43.31,43.31,40.75,41.03,1845099
KL,NYSE,2020/05/12 16:00:00,41.67,41.77,39.63,39.66,2612740
KL,NYSE,2020/05/13 16:00:00,40.69,40.91,38.45,39.13,2036045
KL,NYSE,2020/05/14 16:00:00,39.35,40.66,39.22,40.11,2250325
KL,NYSE,2020/05/15 16:00:00,41.22,41.45,40.24,40.97,2341729
KL,NYSE,2020/05/18 16:00:00,41.5,41.6,38.65,39.53,2649773
KL,NYSE,2020/05/19 16:00:00,40.38,41.58,40.13,40.48,2483017
KL,NYSE,2020/05/20 16:00:00,40.8,40.91,39.6,39.6,2247714
KL,NYSE,2020/05/21 16:00:00,39.17,39.39,37.92,39.02,2249440
KL,NYSE,2020/05/22 16:00:00,39.14,39.87,38.35,38.61,1594437
KL,NYSE,2020/05/26 16:00:00,38.16,38.31,37.13,37.51,2117425
KL,NYSE,2020/05/27 16:00:00,36.41,37.81,36.12,37.64,2055475
KL,NYSE,2020/05/28 16:00:00,38.3,38.73,37.21,37.85,1573337
KL,NYSE,2020/05/29 16:00:00,38.84,39.23,38.21,38.46,2032043
KL,NYSE,2020/06/01 16:00:00,38.59,40.98,38.51,40.92,2100720
KL,NYSE,2020/06/02 16:00:00,41.05,41.22,39.44,39.53,2000437
KL,NYSE,2020/06/03 16:00:00,38.37,39.34,36.73,37.09,3579514
KL,NYSE,2020/06/04 16:00:00,37.9,38.05,36.96,37.78,2320142
KL,NYSE,2020/06/05 16:00:00,36.41,38.2,36.2,38.17,1857674
KL,NYSE,2020/06/08 16:00:00,38.2,38.27,37.14,37.73,1720962
KL,NYSE,2020/06/09 16:00:00,38.31,38.43,37.54,38.03,1358818
KL,NYSE,2020/06/10 16:00:00,38.4,39.4,37.2,39.37,2379645
KL,NYSE,2020/06/11 16:00:00,39.43,40.12,36.83,37.32,2631069
KL,NYSE,2020/06/12 16:00:00,37.75,38.58,36.6,36.74,1871130
KL,NYSE,2020/06/15 16:00:00,36,37.43,35.36,37.24,1684434
KL,NYSE,2020/06/16 16:00:00,37,37.73,36.87,37.28,1736374
KL,NYSE,2020/06/17 16:00:00,37.25,37.96,36.94,37.23,1131460
KL,NYSE,2020/06/18 16:00:00,37.06,37.43,36.65,36.91,1243901
KL,NYSE,2020/06/19 16:00:00,37.25,38.53,37.13,38.28,2330106
KL,NYSE,2020/06/22 16:00:00,39.13,39.93,38.61,39.05,2130698
KL,NYSE,2020/06/23 16:00:00,39.77,40.49,39.34,39.51,1655627
KL,NYSE,2020/06/24 16:00:00,39.39,40.09,38.05,38.42,2036494
KL,NYSE,2020/06/25 16:00:00,38.41,38.98,38.07,38.94,1294873
KL,NYSE,2020/06/26 16:00:00,38.81,38.91,37.84,38.72,1255143
KL,NYSE,2020/06/29 16:00:00,38.91,39.37,38.5,39.37,1484974
KL,NYSE,2020/06/30 16:00:00,39.2,41.32,38.65,41.24,2765348
KL,NYSE,2020/07/01 16:00:00,41.22,41.74,40.31,41.64,2104316
KL,NYSE,2020/07/02 16:00:00,41.45,42.37,41.18,41.68,2326922
KL,NYSE,2020/07/06 16:00:00,42.37,42.45,41.28,41.93,1639122
KL,NYSE,2020/07/07 16:00:00,41.75,44.09,41.75,43.87,2866019
KL,NYSE,2020/07/08 16:00:00,45,47.75,44.94,47.53,4188097
KL,NYSE,2020/07/09 16:00:00,48.15,48.22,45.2,46.76,3902855
KL,NYSE,2020/07/10 16:00:00,47,47.25,45.37,45.81,1558857
KL,NYSE,2020/07/13 16:00:00,46.88,46.99,43.81,44.01,2137297
KL,NYSE,2020/07/14 16:00:00,43.82,45,43.35,44.99,1603922
KL,NYSE,2020/07/15 16:00:00,44.73,45.3,43.92,45.11,2047924
KL,NYSE,2020/07/16 16:00:00,44.81,45.24,43.42,44.09,2442777
KL,NYSE,2020/07/17 16:00:00,44.86,45.1,44.18,44.71,1447199
KL,NYSE,2020/07/20 16:00:00,45.43,46.9,45.04,46.23,1764267
KL,NYSE,2020/07/21 16:00:00,47.86,48.69,47.18,48.13,2624901
KL,NYSE,2020/07/22 16:00:00,48.63,49.7,48.03,48.48,2161295
KL,NYSE,2020/07/23 16:00:00,48.28,48.86,46.92,47.54,2051172
KL,NYSE,2020/07/24 16:00:00,48.11,48.53,47.54,48.27,1899629
KL,NYSE,2020/07/27 16:00:00,50,51.37,49.84,50.63,3189843
KL,NYSE,2020/07/28 16:00:00,49.62,50.93,49.01,50.64,1990002
KL,NYSE,2020/07/29 16:00:00,50.8,51.15,49.04,50.49,2689085
KL,NYSE,2020/07/30 16:00:00,49.53,51.11,48.66,50.74,2422261
KL,NYSE,2020/07/31 16:00:00,52.02,54.74,51.8,54.6,3518002
KL,NYSE,2020/08/03 16:00:00,54.68,54.94,52.09,53.7,1890285
KL,NYSE,2020/08/04 16:00:00,53.8,55.69,53.1,55.6,2428040
KL,NYSE,2020/08/05 16:00:00,57.21,57.69,54.46,55.2,2779731
KL,NYSE,2020/08/06 16:00:00,56.67,56.89,53.57,54.11,2207375
KL,NYSE,2020/08/07 16:00:00,52.82,53.57,51.93,52.58,2049393
KL,NYSE,2020/08/10 16:00:00,53.11,54.16,51.16,51.3,1862099
KL,NYSE,2020/08/11 16:00:00,48.5,49.15,47.45,48.16,3764112
KL,NYSE,2020/08/12 16:00:00,49.2,49.61,48.34,48.6,2023731
KL,NYSE,2020/08/13 16:00:00,49.27,51.2,48.94,50.34,1394559
KL,NYSE,2020/08/14 16:00:00,50.29,50.63,49.15,49.91,1147266
KL,NYSE,2020/08/17 16:00:00,52.08,53.47,51.4,53.25,1866745
KL,NYSE,2020/08/18 16:00:00,55.01,55.17,52.71,54.06,2087391
KL,NYSE,2020/08/19 16:00:00,53.41,54,52.53,52.68,1541926
KL,NYSE,2020/08/20 16:00:00,52.49,54.02,52.25,53.94,1267590
KL,NYSE,2020/08/21 16:00:00,53.2,53.59,52.68,53.16,1208710
KL,NYSE,2020/08/24 16:00:00,53.45,53.74,52.21,52.26,956964
KL,NYSE,2020/08/25 16:00:00,52,52.18,50.54,51.7,1403934
KL,NYSE,2020/08/26 16:00:00,51,52.84,50.94,52.8,1305982
KL,NYSE,2020/08/27 16:00:00,53.9,53.92,51.06,51.79,1293409
KL,NYSE,2020/08/28 16:00:00,52.91,53.74,52.37,53.45,1141057
KL,NYSE,2020/08/31 16:00:00,53.73,54.32,53.15,53.21,1214670
KL,NYSE,2020/09/01 16:00:00,54.27,54.3,52.1,52.54,1164010
KL,NYSE,2020/09/02 16:00:00,52.03,53.2,51.36,53.13,961646
KL,NYSE,2020/09/03 16:00:00,52.21,52.82,50.9,52.51,1428105
KL,NYSE,2020/09/04 16:00:00,51.75,52.14,49.44,51.68,1708764
KL,NYSE,2020/09/08 16:00:00,50.12,52.99,49.59,51.79,1385416
KL,NYSE,2020/09/09 16:00:00,52.3,54.64,52.12,54.53,1555225
KL,NYSE,2020/09/10 16:00:00,55,55.29,52.84,52.94,1567058
KL,NYSE,2020/09/11 16:00:00,53.44,54.13,52.06,52.5,1327354
KL,NYSE,2020/09/14 16:00:00,53.54,54.52,53.23,54.31,1728713
KL,NYSE,2020/09/15 16:00:00,54.9,55,53.5,54.04,1187055
KL,NYSE,2020/09/16 16:00:00,54.63,54.93,53.16,53.36,2042686
KL,NYSE,2020/09/17 16:00:00,52.02,52.8,51.29,52.35,1614957
KL,NYSE,2020/09/18 16:00:00,52.5,53.01,51.27,51.32,1438182
KL,NYSE,2020/09/21 16:00:00,49.81,50.88,49.01,49.78,2761466
KL,NYSE,2020/09/22 16:00:00,50.12,50.46,48.39,49.02,1696306
KL,NYSE,2020/09/23 16:00:00,48.05,48.38,47.05,47.22,2385421
KL,NYSE,2020/09/24 16:00:00,46.7,48.94,46.25,48.58,1778577
KL,NYSE,2020/09/25 16:00:00,48.17,48.8,47.31,48.53,1211665
KL,NYSE,2020/09/28 16:00:00,49.13,49.32,47.9,48.69,1367227
KL,NYSE,2020/09/29 16:00:00,48.82,49.45,48.64,48.91,1160382
KL,NYSE,2020/09/30 16:00:00,48.85,49.4,47.64,48.73,1707668
KL,NYSE,2020/10/01 16:00:00,49.33,49.82,48.53,49.32,1837157
KL,NYSE,2020/10/02 16:00:00,48.79,49.32,48.25,48.54,1142267
KL,NYSE,2020/10/05 16:00:00,48.74,50.03,48.64,48.93,1169200
KL,NYSE,2020/10/06 16:00:00,49.3,49.49,46.84,46.91,2076821
KL,NYSE,2020/10/07 16:00:00,47.53,48,47.27,47.64,1612034
KL,NYSE,2020/10/08 16:00:00,48.01,48.5,47.59,48.27,1124414
KL,NYSE,2020/10/09 16:00:00,49.48,51.32,49.42,51.17,1848882
KL,NYSE,2020/10/12 16:00:00,51,51.72,50.62,51.39,753021
KL,NYSE,2020/10/13 16:00:00,51.05,51.13,49.25,50.63,1927253
KL,NYSE,2020/10/14 16:00:00,51.18,51.78,50.71,50.89,1027035
KL,NYSE,2020/10/15 16:00:00,50.1,50.94,49.99,50.72,1019328
KL,NYSE,2020/10/16 16:00:00,50.81,51.01,49.77,49.84,997317
KL,NYSE,2020/10/19 16:00:00,50.31,50.47,48.51,48.58,1310516
KL,NYSE,2020/10/20 16:00:00,48.85,49.22,47.96,48.2,1374863
KL,NYSE,2020/10/21 16:00:00,48.53,49.13,47.93,48.04,1338125
KL,NYSE,2020/10/22 16:00:00,47.5,47.8,46.66,47.08,1277474
KL,NYSE,2020/10/23 16:00:00,46.97,47.25,46.39,46.66,1125816
KL,NYSE,2020/10/26 16:00:00,46.61,47.33,45.78,45.86,1684895
KL,NYSE,2020/10/27 16:00:00,45.84,46.59,45.62,46.54,910045
KL,NYSE,2020/10/28 16:00:00,45.35,45.52,43.76,44.55,2772967
KL,NYSE,2020/10/29 16:00:00,44.1,45.4,43.94,45.35,1201109
KL,NYSE,2020/10/30 16:00:00,45.88,46.31,44.77,45.62,1183397
KL,NYSE,2020/11/02 16:00:00,45.98,46.67,45.24,46.23,1580369
KL,NYSE,2020/11/03 16:00:00,46.81,47.5,46.66,47.14,1534528
KL,NYSE,2020/11/04 16:00:00,47.12,47.45,46.06,46.57,1324697
KL,NYSE,2020/11/05 16:00:00,48.33,49.79,48.2,49.32,2051765
KL,NYSE,2020/11/06 16:00:00,49.88,50.13,48.37,48.64,1439045
KL,NYSE,2020/11/09 16:00:00,46.11,46.17,43.89,45.14,3736288
KL,NYSE,2020/11/10 16:00:00,45.57,45.66,44.05,44.17,2410447
KL,NYSE,2020/11/11 16:00:00,43.91,44.58,43.44,44.56,1837926
KL,NYSE,2020/11/12 16:00:00,44.9,45.59,44.56,45.12,1463400
KL,NYSE,2020/11/13 16:00:00,45.7,45.85,44.95,45.11,942190
KL,NYSE,2020/11/16 16:00:00,44.74,45.17,43.94,43.96,1984465
KL,NYSE,2020/11/17 16:00:00,43.84,44.19,42.69,42.74,2140922
KL,NYSE,2020/11/18 16:00:00,42.45,42.55,40.94,40.94,2752808
KL,NYSE,2020/11/19 16:00:00,40.38,41.48,40.14,40.47,2026935
KL,NYSE,2020/11/20 16:00:00,41.13,42.23,40.86,41.2,1618689
KL,NYSE,2020/11/23 16:00:00,40.82,40.99,39.18,39.44,2221879
KL,NYSE,2020/11/24 16:00:00,38.53,39.67,38.38,38.86,2753022
KL,NYSE,2020/11/25 16:00:00,39.46,39.93,39.24,39.62,1439455
KL,NYSE,2020/11/27 13:00:00,39.19,40.24,38.95,40.22,907422
KL,NYSE,2020/11/30 16:00:00,40.05,41.04,39.45,40.98,2282574
KL,NYSE,2020/12/01 16:00:00,42.37,42.46,40.85,41.28,2439070
KL,NYSE,2020/12/02 16:00:00,41.34,41.55,40.72,41.22,1634576
KL,NYSE,2020/12/03 16:00:00,41.28,41.42,40.12,40.51,1827104
KL,NYSE,2020/12/04 16:00:00,40.4,40.74,39.93,40.42,1464255
KL,NYSE,2020/12/07 16:00:00,40.59,42.52,40.5,41.75,1822311
KL,NYSE,2020/12/08 16:00:00,42.16,42.27,41.13,41.55,1467070
KL,NYSE,2020/12/09 16:00:00,41.12,41.61,40.43,41.13,2192514
KL,NYSE,2020/12/10 16:00:00,41.44,42.09,40.59,40.82,1284557
KL,NYSE,2020/12/11 16:00:00,40.51,41.09,39.86,41.03,2187880
KL,NYSE,2020/12/14 16:00:00,40.98,41.46,38.96,39.03,3439046
KL,NYSE,2020/12/15 16:00:00,39.78,41.09,39.73,40.95,2088210
KL,NYSE,2020/12/16 16:00:00,41.29,41.93,40.91,41.82,1432672
KL,NYSE,2020/12/17 16:00:00,42.7,43.37,41.97,42.09,2069927
KL,NYSE,2020/12/18 16:00:00,42.23,42.6,41.6,41.86,1554966
KL,NYSE,2020/12/21 16:00:00,41.84,42.04,41.18,41.42,1236959
KL,NYSE,2020/12/22 16:00:00,41.29,41.5,40.45,41.08,1597495
KL,NYSE,2020/12/23 16:00:00,41.25,42.28,41.22,41.96,1139863
KL,NYSE,2020/12/24 13:00:00,41.93,42.39,41.58,41.99,572476
KL,NYSE,2020/12/28 16:00:00,42.63,43.15,41.15,41.43,1045652
KL,NYSE,2020/12/29 16:00:00,41.85,42.35,41.52,41.57,1070944
KL,NYSE,2020/12/30 16:00:00,41.5,42.48,41.5,42.37,1139239
KL,NYSE,2020/12/31 16:00:00,42.54,42.57,41.22,41.27,1387524
KL,NYSE,2021/01/04 16:00:00,42.99,44.76,42.39,44.55,3899628
KL,NYSE,2021/01/05 16:00:00,45.04,45.18,43.28,43.77,2408498
KL,NYSE,2021/01/06 16:00:00,43.15,43.49,42.3,43.29,2938555
KL,NYSE,2021/01/07 16:00:00,42.84,43.33,42.59,43.28,2030554
KL,NYSE,2021/01/08 16:00:00,42.48,42.49,40.57,41.3,2452544
KL,NYSE,2021/01/11 16:00:00,40.57,41.06,40.33,40.61,1265544
KL,NYSE,2021/01/12 16:00:00,40.88,41.13,40.16,41.03,1609220
KL,NYSE,2021/01/13 16:00:00,41.12,41.69,40.66,40.72,1286667
KL,NYSE,2021/01/14 16:00:00,40.6,41.07,40.21,40.27,1563342
KL,NYSE,2021/01/15 16:00:00,40.2,40.35,39.32,39.32,2023303
KL,NYSE,2021/01/19 16:00:00,40.19,40.31,39.51,40.2,1541365
KL,NYSE,2021/01/20 16:00:00,40.7,41.24,40.45,40.88,1942503
KL,NYSE,2021/01/21 16:00:00,41,41.12,40.29,40.65,1326630
KL,NYSE,2021/01/22 16:00:00,39.96,40.57,39.49,40.17,1731130
KL,NYSE,2021/01/25 16:00:00,40.32,40.75,39.33,39.65,1931849
KL,NYSE,2021/01/26 16:00:00,39.52,40.15,39.26,39.91,1030171
KL,NYSE,2021/01/27 16:00:00,39.52,39.7,38.21,38.29,2678060
KL,NYSE,2021/01/28 16:00:00,39.16,39.71,38.14,38.59,2426372
KL,NYSE,2021/01/29 16:00:00,39.45,39.83,38.25,38.42,1961549
KL,NYSE,2021/02/01 16:00:00,39.46,39.54,38.36,39.19,2410325
KL,NYSE,2021/02/02 16:00:00,38.75,38.88,38.03,38.47,1650028
KL,NYSE,2021/02/03 16:00:00,38.38,38.88,38.22,38.7,1098032
KL,NYSE,2021/02/04 16:00:00,38.19,38.24,37.34,37.75,2655889
KL,NYSE,2021/02/05 16:00:00,37.99,38.44,37.5,38.34,2103222
KL,NYSE,2021/02/08 16:00:00,38.93,39.77,38.73,39.29,2432037
KL,NYSE,2021/02/09 16:00:00,39.59,39.75,38.7,39.06,1344754
KL,NYSE,2021/02/10 16:00:00,39.38,39.51,38.48,39.21,2245045
KL,NYSE,2021/02/11 16:00:00,39.28,39.47,38.23,38.37,1555843
KL,NYSE,2021/02/12 16:00:00,38.1,38.75,37.61,38.25,1216080
KL,NYSE,2021/02/16 16:00:00,37.84,38.04,37.04,37.05,2247221
KL,NYSE,2021/02/17 16:00:00,36.6,36.74,35.67,36.07,2871978
KL,NYSE,2021/02/18 16:00:00,36.17,36.67,35.55,36.34,1638245
KL,NYSE,2021/02/19 16:00:00,36.64,36.64,35.63,35.73,1670243
KL,NYSE,2021/02/22 16:00:00,36.25,36.87,36.05,36.85,1766273
KL,NYSE,2021/02/23 16:00:00,36.47,36.53,35.31,35.6,1877643
KL,NYSE,2021/02/24 16:00:00,35.28,36.16,35.01,35.71,1482165
KL,NYSE,2021/02/25 16:00:00,35.27,36.37,34.36,34.56,2345783
KL,NYSE,2021/02/26 16:00:00,34.25,34.53,32.58,32.73,3754141
KL,NYSE,2021/03/01 16:00:00,33.09,33.46,32.29,32.54,2237430
KL,NYSE,2021/03/02 16:00:00,32.8,34.28,32.72,33.97,2379027
KL,NYSE,2021/03/03 16:00:00,33.3,33.38,32.16,33.05,2514614
KL,NYSE,2021/03/04 16:00:00,33,34.34,32.77,33.69,3005919
KL,NYSE,2021/03/05 16:00:00,33.72,34.33,33.07,34.22,1886880
KL,NYSE,2021/03/08 16:00:00,34.25,34.47,33.33,33.76,2726787
KL,NYSE,2021/03/09 16:00:00,35.03,35.45,34.13,34.2,1878011
KL,NYSE,2021/03/10 16:00:00,34.44,34.68,33.69,34.5,1819823
KL,NYSE,2021/03/11 16:00:00,34.83,34.93,33.86,34.65,1826172
KL,NYSE,2021/03/12 16:00:00,34.03,34.73,33.84,34.52,949258
KL,NYSE,2021/03/15 16:00:00,35,35.41,34.27,34.72,1911543
KL,NYSE,2021/03/16 16:00:00,34.89,34.9,34.22,34.44,1570804
KL,NYSE,2021/03/17 16:00:00,34.11,35.22,33.52,34.89,2268677
KL,NYSE,2021/03/18 16:00:00,34.23,34.72,33.97,34.28,1543397
KL,NYSE,2021/03/19 16:00:00,34.46,35.25,34.31,35,2195094
KL,NYSE,2021/03/22 16:00:00,34.94,35.12,34.39,34.4,2153410
KL,NYSE,2021/03/23 16:00:00,34.19,34.35,33.22,33.3,2078541
KL,NYSE,2021/03/24 16:00:00,33.3,33.5,32.98,33.1,2266576
KL,NYSE,2021/03/25 16:00:00,32.79,33.49,32.44,32.8,1824428
KL,NYSE,2021/03/26 16:00:00,32.84,33.5,32.65,33.42,1413751
KL,NYSE,2021/03/29 16:00:00,33.29,33.82,32.67,33.78,1434696
KL,NYSE,2021/03/30 16:00:00,32.75,32.97,31.72,31.88,2974841
KL,NYSE,2021/03/31 16:00:00,32.14,34.14,31.99,33.8,3363163
KL,NYSE,2021/04/01 16:00:00,34.35,35.44,34.16,35.41,2104476
KL,NYSE,2021/04/05 16:00:00,35.6,35.88,35.03,35.34,1611709
KL,NYSE,2021/04/06 16:00:00,35.67,35.95,35.4,35.47,1452575
KL,NYSE,2021/04/07 16:00:00,35.57,35.59,34.81,34.91,1224032
KL,NYSE,2021/04/08 16:00:00,35.54,35.81,35.17,35.53,1622912
KL,NYSE,2021/04/09 16:00:00,35.25,36.9,35.04,36.87,3025884
NI,NYSE,2019/04/01 16:00:00,28.32,28.67,28.13,28.18,2947808
NI,NYSE,2019/04/02 16:00:00,28.32,28.36,28.06,28.22,2115295
NI,NYSE,2019/04/03 16:00:00,28.14,28.24,27.91,28.07,2109894
NI,NYSE,2019/04/04 16:00:00,28.18,28.19,27.78,27.91,1684267
NI,NYSE,2019/04/05 16:00:00,27.95,28.28,27.89,28.26,2469709
NI,NYSE,2019/04/08 16:00:00,28.29,28.37,27.96,28.01,2687560
NI,NYSE,2019/04/09 16:00:00,28.04,28.16,27.93,27.96,1776065
NI,NYSE,2019/04/10 16:00:00,28.06,28.19,27.78,27.87,2176296
NI,NYSE,2019/04/11 16:00:00,27.89,28.06,27.81,28.04,2040586
NI,NYSE,2019/04/12 16:00:00,28.07,28.08,27.84,28.07,2055956
NI,NYSE,2019/04/15 16:00:00,28.14,28.21,27.93,27.98,2041278
NI,NYSE,2019/04/16 16:00:00,27.95,28.05,27.51,27.6,2511457
NI,NYSE,2019/04/17 16:00:00,27.66,27.73,27.45,27.59,2158561
NI,NYSE,2019/04/18 16:00:00,27.6,27.76,27.55,27.56,1878833
NI,NYSE,2019/04/22 16:00:00,27.38,27.47,27.11,27.31,2067285
NI,NYSE,2019/04/23 16:00:00,27.37,27.47,27.08,27.3,3440947
NI,NYSE,2019/04/24 16:00:00,27.34,27.61,27.27,27.51,2248542
NI,NYSE,2019/04/25 16:00:00,27.38,27.87,27.29,27.84,2643384
NI,NYSE,2019/04/26 16:00:00,27.96,28.1,27.8,27.88,1893844
NI,NYSE,2019/04/29 16:00:00,27.58,27.61,27.33,27.46,2332034
NI,NYSE,2019/04/30 16:00:00,27.51,27.87,27.41,27.78,7675262
NI,NYSE,2019/05/01 16:00:00,27.42,27.77,27.16,27.4,5158766
NI,NYSE,2019/05/02 16:00:00,27.45,27.83,27.4,27.58,5019863
NI,NYSE,2019/05/03 16:00:00,27.53,28.01,27.52,27.86,2807902
NI,NYSE,2019/05/06 16:00:00,27.89,28.18,27.78,27.88,2968434
NI,NYSE,2019/05/07 16:00:00,27.91,27.93,27.63,27.74,2673966
NI,NYSE,2019/05/08 16:00:00,27.7,27.73,27.42,27.47,3413730
NI,NYSE,2019/05/09 16:00:00,27.53,27.66,27.38,27.51,2568073
NI,NYSE,2019/05/10 16:00:00,27.5,28.1,27.41,28.08,2047168
NI,NYSE,2019/05/13 16:00:00,28.02,28.35,28,28.3,2798724
NI,NYSE,2019/05/14 16:00:00,28.27,28.39,27.99,28.04,2260433
NI,NYSE,2019/05/15 16:00:00,28.11,28.28,27.99,28.06,1732696
NI,NYSE,2019/05/16 16:00:00,28.02,28.33,27.92,28.19,2178575
NI,NYSE,2019/05/17 16:00:00,28.13,28.43,28.12,28.29,8279353
NI,NYSE,2019/05/20 16:00:00,28.37,28.49,28.1,28.16,2863828
NI,NYSE,2019/05/21 16:00:00,28.14,28.34,28.06,28.12,1653054
NI,NYSE,2019/05/22 16:00:00,28.21,28.42,28.09,28.38,1462842
NI,NYSE,2019/05/23 16:00:00,28.4,28.48,28.16,28.46,1973600
NI,NYSE,2019/05/24 16:00:00,28.54,28.72,28.48,28.51,1705794
NI,NYSE,2019/05/28 16:00:00,28.51,28.58,27.86,27.87,2744296
NI,NYSE,2019/05/29 16:00:00,27.97,27.97,27.26,27.44,2757261
NI,NYSE,2019/05/30 16:00:00,27.43,27.63,27.36,27.55,2436434
NI,NYSE,2019/05/31 16:00:00,27.61,27.89,27.43,27.85,4042419
NI,NYSE,2019/06/03 16:00:00,27.95,28.14,27.71,28.13,2800936
NI,NYSE,2019/06/04 16:00:00,28.08,28.11,27.45,28.08,2103865
NI,NYSE,2019/06/05 16:00:00,28.22,28.64,27.99,28.51,2877008
NI,NYSE,2019/06/06 16:00:00,28.57,28.72,28.47,28.62,2108802
NI,NYSE,2019/06/07 16:00:00,28.83,28.89,28.47,28.54,3615926
NI,NYSE,2019/06/10 16:00:00,28.47,28.48,28.2,28.42,1558226
NI,NYSE,2019/06/11 16:00:00,28.42,28.5,28.09,28.17,2084138
NI,NYSE,2019/06/12 16:00:00,28.32,28.62,28.32,28.53,2116224
NI,NYSE,2019/06/13 16:00:00,28.6,28.72,28.39,28.48,2594043
NI,NYSE,2019/06/14 16:00:00,28.52,28.83,28.31,28.75,2390488
NI,NYSE,2019/06/17 16:00:00,28.8,29.35,28.54,29.16,6361296
NI,NYSE,2019/06/18 16:00:00,29.41,29.51,28.86,28.99,2961953
NI,NYSE,2019/06/19 16:00:00,28.89,29.6,28.89,29.44,3563508
NI,NYSE,2019/06/20 16:00:00,29.6,29.75,29.18,29.42,2652199
NI,NYSE,2019/06/21 16:00:00,29.35,29.49,29.15,29.36,3722125
NI,NYSE,2019/06/24 16:00:00,29.46,29.53,29.28,29.33,1575933
NI,NYSE,2019/06/25 16:00:00,29.4,29.53,29.26,29.34,2175635
NI,NYSE,2019/06/26 16:00:00,29.25,29.25,28.65,28.69,2871025
NI,NYSE,2019/06/27 16:00:00,28.75,28.84,28.54,28.61,1933673
NI,NYSE,2019/06/28 16:00:00,28.56,28.92,28.56,28.8,3556870
NI,NYSE,2019/07/01 16:00:00,28.75,28.78,28.33,28.59,2467440
NI,NYSE,2019/07/02 16:00:00,28.63,29.1,28.63,29.08,2648241
NI,NYSE,2019/07/03 13:00:00,29.18,29.62,29.12,29.51,1344275
NI,NYSE,2019/07/05 16:00:00,29.22,29.46,28.94,29.45,1476093
NI,NYSE,2019/07/08 16:00:00,29.46,29.62,29.22,29.4,1758269
NI,NYSE,2019/07/09 16:00:00,29.43,29.57,29.18,29.56,2066847
NI,NYSE,2019/07/10 16:00:00,29.56,29.65,29.43,29.5,1977458
NI,NYSE,2019/07/11 16:00:00,29.56,29.6,29.26,29.52,1218986
NI,NYSE,2019/07/12 16:00:00,29.57,29.57,29.12,29.34,1161184
NI,NYSE,2019/07/15 16:00:00,29.25,29.46,29.14,29.42,1070360
NI,NYSE,2019/07/16 16:00:00,29.31,29.41,28.96,29.14,1646554
NI,NYSE,2019/07/17 16:00:00,29.23,29.47,29.17,29.26,1327221
NI,NYSE,2019/07/18 16:00:00,29.26,29.62,29.08,29.59,1788025
NI,NYSE,2019/07/19 16:00:00,29.55,29.6,29.2,29.2,2245424
NI,NYSE,2019/07/22 16:00:00,29.34,29.35,29.02,29.14,1649313
NI,NYSE,2019/07/23 16:00:00,29.12,29.31,29.01,29.22,2159204
NI,NYSE,2019/07/24 16:00:00,29.61,29.61,29.1,29.46,2921475
NI,NYSE,2019/07/25 16:00:00,29.57,29.67,29.31,29.39,2024979
NI,NYSE,2019/07/26 16:00:00,29.42,29.65,29.32,29.5,2028609
NI,NYSE,2019/07/29 16:00:00,29.65,29.85,29.5,29.81,2258519
NI,NYSE,2019/07/30 16:00:00,29.58,29.8,29.38,29.58,2972771
NI,NYSE,2019/07/31 16:00:00,29.5,29.96,29.33,29.69,3349097
NI,NYSE,2019/08/01 16:00:00,29.73,30.34,29.6,30.04,3812111
NI,NYSE,2019/08/02 16:00:00,29.96,30.18,29.63,29.71,3979412
NI,NYSE,2019/08/05 16:00:00,29.16,29.35,28.05,28.11,7003773
NI,NYSE,2019/08/06 16:00:00,28.17,28.27,27.78,28.1,11314624
NI,NYSE,2019/08/07 16:00:00,28.01,28.01,27.39,27.63,5241976
NI,NYSE,2019/08/08 16:00:00,27.61,28.84,27.44,28.8,8534523
NI,NYSE,2019/08/09 16:00:00,28.84,28.95,28.55,28.57,3227024
NI,NYSE,2019/08/12 16:00:00,28.56,28.91,28.51,28.65,4147616
NI,NYSE,2019/08/13 16:00:00,28.55,28.82,28.46,28.71,4202092
NI,NYSE,2019/08/14 16:00:00,28.8,29.08,28.68,28.69,4260624
NI,NYSE,2019/08/15 16:00:00,28.73,29.16,28.6,29.03,3283223
NI,NYSE,2019/08/16 16:00:00,29.05,29.53,28.96,29.42,9031926
NI,NYSE,2019/08/19 16:00:00,29.4,29.76,29.23,29.63,2716030
NI,NYSE,2019/08/20 16:00:00,29.73,29.73,29.27,29.32,2547276
NI,NYSE,2019/08/21 16:00:00,29.32,29.67,29.13,29.66,1809192
NI,NYSE,2019/08/22 16:00:00,29.69,29.75,29.41,29.64,1563450
NI,NYSE,2019/08/23 16:00:00,29.74,29.78,28.94,29.02,2038969
NI,NYSE,2019/08/26 16:00:00,29.05,29.43,29,29.42,1535416
NI,NYSE,2019/08/27 16:00:00,29.58,29.62,29.22,29.24,1967963
NI,NYSE,2019/08/28 16:00:00,29.22,29.35,29.09,29.1,3951716
NI,NYSE,2019/08/29 16:00:00,29.22,29.53,29.09,29.44,2327004
NI,NYSE,2019/08/30 16:00:00,29.56,29.68,29.33,29.55,1600914
NI,NYSE,2019/09/03 16:00:00,29.68,30.07,29.48,30.06,3530856
NI,NYSE,2019/09/04 16:00:00,30.12,30.33,29.9,30.21,1714575
NI,NYSE,2019/09/05 16:00:00,29.89,30.15,29.65,29.67,2595163
NI,NYSE,2019/09/06 16:00:00,29.67,29.72,29.12,29.33,3532906
NI,NYSE,2019/09/09 16:00:00,29.19,29.32,28.8,28.91,1719704
NI,NYSE,2019/09/10 16:00:00,28.88,28.97,28.56,28.97,3402018
NI,NYSE,2019/09/11 16:00:00,28.89,29.27,28.75,29.14,2775512
NI,NYSE,2019/09/12 16:00:00,29.36,29.51,29.05,29.11,2433962
NI,NYSE,2019/09/13 16:00:00,28.94,29.28,28.86,29.04,2494495
NI,NYSE,2019/09/16 16:00:00,29.18,29.31,28.99,29.04,1561454
NI,NYSE,2019/09/17 16:00:00,29.07,29.62,29.07,29.43,1912270
NI,NYSE,2019/09/18 16:00:00,29.58,29.6,29.29,29.47,2610377
NI,NYSE,2019/09/19 16:00:00,29.6,29.67,29.33,29.44,2221773
NI,NYSE,2019/09/20 16:00:00,29.53,29.62,29.35,29.48,3299202
NI,NYSE,2019/09/23 16:00:00,29.54,29.67,29.45,29.62,1382237
NI,NYSE,2019/09/24 16:00:00,29.74,30.16,29.66,29.96,2417340
NI,NYSE,2019/09/25 16:00:00,29.92,30.17,29.86,30.07,1893632
NI,NYSE,2019/09/26 16:00:00,30.2,30.67,30.16,30.56,2661601
NI,NYSE,2019/09/27 16:00:00,30.57,30.61,29.75,30.03,2917053
NI,NYSE,2019/09/30 16:00:00,30.03,30.11,29.82,29.92,3700614
NI,NYSE,2019/10/01 16:00:00,29.9,29.98,29.68,29.73,2278906
NI,NYSE,2019/10/02 16:00:00,29.61,29.75,29.37,29.41,2529366
NI,NYSE,2019/10/03 16:00:00,29.49,29.49,29.14,29.37,3521650
NI,NYSE,2019/10/04 16:00:00,29.37,29.65,29.19,29.63,2635513
NI,NYSE,2019/10/07 16:00:00,29.59,29.63,29.3,29.33,1874698
NI,NYSE,2019/10/08 16:00:00,29.32,29.32,28.82,28.83,2730903
NI,NYSE,2019/10/09 16:00:00,28.88,29.12,28.73,29.04,2244040
NI,NYSE,2019/10/10 16:00:00,29,29.13,28.78,29.01,1790679
NI,NYSE,2019/10/11 16:00:00,28.96,29.39,28.9,29.14,2204967
NI,NYSE,2019/10/14 16:00:00,29.24,29.24,28.41,28.54,2205431
NI,NYSE,2019/10/15 16:00:00,28.53,28.67,28,28.14,3562791
NI,NYSE,2019/10/16 16:00:00,28.1,28.26,27.8,27.97,9406857
NI,NYSE,2019/10/17 16:00:00,27.97,28.2,27.75,27.95,3537146
NI,NYSE,2019/10/18 16:00:00,27.97,28.12,27.78,27.98,2696351
NI,NYSE,2019/10/21 16:00:00,27.96,28.16,27.92,28.05,3267331
NI,NYSE,2019/10/22 16:00:00,28.22,28.34,28.07,28.27,2687645
NI,NYSE,2019/10/23 16:00:00,28.36,28.46,28.07,28.15,3686338
NI,NYSE,2019/10/24 16:00:00,28.19,28.42,28.08,28.2,3678302
NI,NYSE,2019/10/25 16:00:00,28.23,28.32,27.96,28.04,3278511
NI,NYSE,2019/10/28 16:00:00,27.88,28.01,27.44,27.45,2759738
NI,NYSE,2019/10/29 16:00:00,27.5,27.5,27.3,27.31,4105854
NI,NYSE,2019/10/30 16:00:00,26.99,27.52,26.83,27.51,4860469
NI,NYSE,2019/10/31 16:00:00,27.72,28.21,27.64,28.04,5399649
NI,NYSE,2019/11/01 16:00:00,28.04,28.08,27.64,27.65,3134896
NI,NYSE,2019/11/04 16:00:00,27.68,27.82,27.18,27.31,4059106
NI,NYSE,2019/11/05 16:00:00,27.17,27.24,26.86,26.94,4674279
NI,NYSE,2019/11/06 16:00:00,27.06,27.29,26.9,27.09,3722046
NI,NYSE,2019/11/07 16:00:00,27.05,27.1,26.53,26.68,4038415
NI,NYSE,2019/11/08 16:00:00,26.57,26.71,26.28,26.41,3582815
NI,NYSE,2019/11/11 16:00:00,26.44,26.51,26.05,26.09,2841358
NI,NYSE,2019/11/12 16:00:00,26.05,26.27,25.95,26.09,4460104
NI,NYSE,2019/11/13 16:00:00,26.16,26.61,26.1,26.4,5105572
NI,NYSE,2019/11/14 16:00:00,26.42,26.57,26.23,26.32,4103524
NI,NYSE,2019/11/15 16:00:00,26.3,26.51,26.17,26.5,5107310
NI,NYSE,2019/11/18 16:00:00,26.52,26.65,26.16,26.25,4019429
NI,NYSE,2019/11/19 16:00:00,26.24,26.37,26.03,26.04,4890615
NI,NYSE,2019/11/20 16:00:00,26.04,26.2,25.94,26.06,5497264
NI,NYSE,2019/11/21 16:00:00,26.07,26.28,25.98,26.22,4694644
NI,NYSE,2019/11/22 16:00:00,26.3,26.47,26.17,26.36,4076530
NI,NYSE,2019/11/25 16:00:00,26.41,26.58,26.33,26.55,10147658
NI,NYSE,2019/11/26 16:00:00,26.55,26.7,26.39,26.46,3807979
NI,NYSE,2019/11/27 16:00:00,26.44,26.57,26.37,26.53,5700211
NI,NYSE,2019/11/29 13:00:00,26.58,26.77,26.38,26.45,2098169
NI,NYSE,2019/12/02 16:00:00,26.34,26.37,26.14,26.18,4224524
NI,NYSE,2019/12/03 16:00:00,26.31,26.48,26.27,26.41,3198364
NI,NYSE,2019/12/04 16:00:00,26.37,26.61,26.27,26.5,3245963
NI,NYSE,2019/12/05 16:00:00,26.45,26.66,26.38,26.65,3241218
NI,NYSE,2019/12/06 16:00:00,26.55,26.81,26.55,26.8,3332223
NI,NYSE,2019/12/09 16:00:00,26.85,26.99,26.66,26.72,2528616
NI,NYSE,2019/12/10 16:00:00,26.78,27.03,26.74,27,4389038
NI,NYSE,2019/12/11 16:00:00,27.05,27.11,26.84,26.89,3743848
NI,NYSE,2019/12/12 16:00:00,26.86,26.99,26.57,26.67,3279376
NI,NYSE,2019/12/13 16:00:00,26.58,26.9,26.52,26.88,3408054
NI,NYSE,2019/12/16 16:00:00,26.93,27.17,26.93,27.17,2896112
NI,NYSE,2019/12/17 16:00:00,27.24,27.44,27.12,27.26,2421015
NI,NYSE,2019/12/18 16:00:00,27.36,27.58,27.2,27.55,3915359
NI,NYSE,2019/12/19 16:00:00,27.54,27.67,27.46,27.61,2629849
NI,NYSE,2019/12/20 16:00:00,27.66,27.9,27.49,27.76,6049902
NI,NYSE,2019/12/23 16:00:00,27.81,27.84,27.22,27.45,3109474
NI,NYSE,2019/12/24 13:00:00,27.45,27.51,27.29,27.43,711834
NI,NYSE,2019/12/26 16:00:00,27.45,27.53,27.21,27.35,1472200
NI,NYSE,2019/12/27 16:00:00,27.34,27.38,27.08,27.29,2893520
NI,NYSE,2019/12/30 16:00:00,27.2,27.54,27.17,27.52,5741258
NI,NYSE,2019/12/31 16:00:00,27.55,27.85,27.45,27.84,5308187
NI,NYSE,2020/01/02 16:00:00,27.93,28,27.08,27.18,4197853
NI,NYSE,2020/01/03 16:00:00,27.12,27.43,27.11,27.4,3440360
NI,NYSE,2020/01/06 16:00:00,27.43,27.55,27.37,27.39,4366865
NI,NYSE,2020/01/07 16:00:00,27.64,27.64,27.38,27.63,2937083
NI,NYSE,2020/01/08 16:00:00,27.68,27.9,27.6,27.66,4566451
NI,NYSE,2020/01/09 16:00:00,27.65,27.86,27.56,27.75,3230115
NI,NYSE,2020/01/10 16:00:00,27.76,27.86,27.62,27.64,2632904
NI,NYSE,2020/01/13 16:00:00,27.61,28.05,27.58,27.86,3127413
NI,NYSE,2020/01/14 16:00:00,27.87,28.18,27.75,28.18,2902856
NI,NYSE,2020/01/15 16:00:00,28.35,28.89,28.32,28.69,3251360
NI,NYSE,2020/01/16 16:00:00,28.72,28.92,28.66,28.84,2507361
NI,NYSE,2020/01/17 16:00:00,28.96,29.13,28.82,29.04,2226428
NI,NYSE,2020/01/21 16:00:00,29.02,29.22,28.8,29.19,2562161
NI,NYSE,2020/01/22 16:00:00,29.22,29.25,29.02,29.06,2107073
NI,NYSE,2020/01/23 16:00:00,29.04,29.2,28.89,29.19,3374694
NI,NYSE,2020/01/24 16:00:00,29.15,29.21,28.94,29.08,3224728
NI,NYSE,2020/01/27 16:00:00,29.18,29.34,28.8,28.89,2547244
NI,NYSE,2020/01/28 16:00:00,28.91,29.24,28.84,29.12,2205437
NI,NYSE,2020/01/29 16:00:00,29.11,29.24,28.95,29.19,2303363
NI,NYSE,2020/01/30 16:00:00,29.14,29.27,28.87,29.1,3215863
NI,NYSE,2020/01/31 16:00:00,29,29.34,28.96,29.31,3712437
NI,NYSE,2020/02/03 16:00:00,29.4,29.84,29.31,29.79,3292506
NI,NYSE,2020/02/04 16:00:00,29.78,29.92,29.41,29.48,3965019
NI,NYSE,2020/02/05 16:00:00,29.41,29.82,29.37,29.77,3080430
NI,NYSE,2020/02/06 16:00:00,29.8,30.01,29.69,29.85,2680932
NI,NYSE,2020/02/07 16:00:00,29.95,30.11,29.76,29.8,2802245
NI,NYSE,2020/02/10 16:00:00,29.71,29.86,29.49,29.86,2213719
NI,NYSE,2020/02/11 16:00:00,29.92,30.15,29.84,29.93,2265494
NI,NYSE,2020/02/12 16:00:00,29.72,29.85,29.58,29.83,2272376
NI,NYSE,2020/02/13 16:00:00,29.83,30.19,29.78,30.19,1825317
NI,NYSE,2020/02/14 16:00:00,30.26,30.29,30.06,30.21,3826172
NI,NYSE,2020/02/18 16:00:00,30.35,30.46,30.12,30.21,2740977
NI,NYSE,2020/02/19 16:00:00,30.14,30.24,30.01,30.02,1511740
NI,NYSE,2020/02/20 16:00:00,29.98,30.1,29.87,30.05,1998667
NI,NYSE,2020/02/21 16:00:00,30.02,30.23,29.8,29.88,3735244
NI,NYSE,2020/02/24 16:00:00,29.74,29.82,29.11,29.25,3224675
NI,NYSE,2020/02/25 16:00:00,29.26,29.29,28.38,28.38,4048250
NI,NYSE,2020/02/26 16:00:00,27.66,29.21,26.51,27.75,10577955
NI,NYSE,2020/02/27 16:00:00,27.7,28.73,27.3,27.3,6725876
NI,NYSE,2020/02/28 16:00:00,27.05,27.56,26.21,27.02,12727807
NI,NYSE,2020/03/02 16:00:00,27.02,28.56,26.89,28.56,7194574
NI,NYSE,2020/03/03 16:00:00,28.58,29.1,28.14,28.38,4823067
NI,NYSE,2020/03/04 16:00:00,28.75,29.88,28.71,29.86,3591575
NI,NYSE,2020/03/05 16:00:00,29.38,30.1,29.19,29.63,4713423
NI,NYSE,2020/03/06 16:00:00,28.85,29.63,28.52,29.46,6803996
NI,NYSE,2020/03/09 16:00:00,28.02,28.49,26.85,27.69,7440055
NI,NYSE,2020/03/10 16:00:00,27.91,28.62,27.1,28.52,7176098
NI,NYSE,2020/03/11 16:00:00,27.89,28.05,26.76,27.1,4057353
NI,NYSE,2020/03/12 16:00:00,25.47,26.02,23.94,24.02,5799233
NI,NYSE,2020/03/13 16:00:00,25.16,25.19,23.42,25.18,3373562
NI,NYSE,2020/03/16 16:00:00,20.76,23.74,19.56,20.94,5235900
NI,NYSE,2020/03/17 16:00:00,21.53,24.88,20.43,24.57,6849439
NI,NYSE,2020/03/18 16:00:00,23.31,23.93,22.16,23.6,5782387
NI,NYSE,2020/03/19 16:00:00,23.58,24.03,21.24,23.36,4183289
NI,NYSE,2020/03/20 16:00:00,23.49,24.21,20.79,21,3988134
NI,NYSE,2020/03/23 16:00:00,20.82,21.59,20.25,20.86,5597879
NI,NYSE,2020/03/24 16:00:00,21.46,22.14,20.39,21.94,4950834
NI,NYSE,2020/03/25 16:00:00,21.81,23.5,20.26,22.83,4885522
NI,NYSE,2020/03/26 16:00:00,22.74,24.81,22.74,24.55,3938670
NI,NYSE,2020/03/27 16:00:00,23.79,25.58,23.66,24.76,4955109
NI,NYSE,2020/03/30 16:00:00,25.14,26.25,24.72,26.08,3376558
NI,NYSE,2020/03/31 16:00:00,25.65,25.89,24.83,24.97,3857023
NI,NYSE,2020/04/01 16:00:00,23.99,24.54,22.48,23.06,3460648
NI,NYSE,2020/04/02 16:00:00,22.74,23.95,22.73,23.49,4229432
NI,NYSE,2020/04/03 16:00:00,23.2,23.37,22.34,22.49,4164967
NI,NYSE,2020/04/06 16:00:00,23.36,24.89,23.23,24.55,2894609
NI,NYSE,2020/04/07 16:00:00,25.11,25.28,23.92,24.11,3168653
NI,NYSE,2020/04/08 16:00:00,24.24,25.64,23.94,25.47,1920245
NI,NYSE,2020/04/09 16:00:00,25.76,27.05,25.76,26.58,2784648
NI,NYSE,2020/04/13 16:00:00,26.17,26.44,25.53,25.71,1527698
NI,NYSE,2020/04/14 16:00:00,26.27,26.67,26.01,26.62,2106761
NI,NYSE,2020/04/15 16:00:00,26.07,26.07,25.34,25.45,2286696
NI,NYSE,2020/04/16 16:00:00,25.66,26.2,25.23,25.93,4369550
NI,NYSE,2020/04/17 16:00:00,26.55,26.87,25.89,26.38,2435448
NI,NYSE,2020/04/20 16:00:00,26.14,26.36,25.29,25.48,2644328
NI,NYSE,2020/04/21 16:00:00,24.96,25.69,24.96,25.38,2636299
NI,NYSE,2020/04/22 16:00:00,25.84,26.17,25.41,26.01,2917618
NI,NYSE,2020/04/23 16:00:00,25.91,26.15,25.46,25.85,3341663
NI,NYSE,2020/04/24 16:00:00,25.48,26.11,25.31,26.03,3993112
NI,NYSE,2020/04/27 16:00:00,26.18,26.42,25.95,26.25,2151280
NI,NYSE,2020/04/28 16:00:00,26.81,27.04,26.59,26.85,3014833
NI,NYSE,2020/04/29 16:00:00,27.24,27.24,25.85,25.93,3219721
NI,NYSE,2020/04/30 16:00:00,25.68,25.71,24.98,25.11,2955662
NI,NYSE,2020/05/01 16:00:00,24.87,24.88,24.17,24.47,2207349
NI,NYSE,2020/05/04 16:00:00,24.42,24.66,24.1,24.4,2369543
NI,NYSE,2020/05/05 16:00:00,24.48,24.85,24.43,24.53,3466556
NI,NYSE,2020/05/06 16:00:00,24.63,24.64,22.86,22.92,4410155
NI,NYSE,2020/05/07 16:00:00,23.34,23.62,22.85,22.9,4612803
NI,NYSE,2020/05/08 16:00:00,23.13,23.39,22.97,23.27,3748904
NI,NYSE,2020/05/11 16:00:00,23.12,23.73,22.73,23.49,5410316
NI,NYSE,2020/05/12 16:00:00,23.52,23.57,22.69,22.77,3727612
NI,NYSE,2020/05/13 16:00:00,22.68,22.68,21.99,22.41,4270651
NI,NYSE,2020/05/14 16:00:00,22.27,22.58,21.57,22.49,3434655
NI,NYSE,2020/05/15 16:00:00,22.36,22.6,21.45,22.37,9315567
NI,NYSE,2020/05/18 16:00:00,22.94,23.58,22.92,23.17,3931799
NI,NYSE,2020/05/19 16:00:00,23.07,23.37,22.91,23.05,2647046
NI,NYSE,2020/05/20 16:00:00,23.11,23.48,22.96,23.08,1895159
NI,NYSE,2020/05/21 16:00:00,22.98,23.46,22.93,22.99,2284909
NI,NYSE,2020/05/22 16:00:00,22.93,23.13,22.84,23.09,1899231
NI,NYSE,2020/05/26 16:00:00,23.44,23.83,23.3,23.39,1890702
NI,NYSE,2020/05/27 16:00:00,23.75,23.86,23.02,23.32,4091811
NI,NYSE,2020/05/28 16:00:00,23.69,24.07,23.56,24.02,3594637
NI,NYSE,2020/05/29 16:00:00,23.85,24.09,23.63,23.83,5885783
NI,NYSE,2020/06/01 16:00:00,23.8,24.43,23.69,24.21,2402420
NI,NYSE,2020/06/02 16:00:00,24.47,24.77,24.27,24.72,3544611
NI,NYSE,2020/06/03 16:00:00,24.9,25.62,24.81,25.32,3984020
NI,NYSE,2020/06/04 16:00:00,25.06,25.16,24.33,24.62,3247076
NI,NYSE,2020/06/05 16:00:00,25.04,25.68,25.01,25.08,2665559
NI,NYSE,2020/06/08 16:00:00,25.12,25.67,24.78,25.61,1945240
NI,NYSE,2020/06/09 16:00:00,25.33,25.33,24.66,24.83,2028694
NI,NYSE,2020/06/10 16:00:00,24.84,25.02,24.38,24.41,2504332
NI,NYSE,2020/06/11 16:00:00,23.87,23.98,22.98,23.12,2414892
NI,NYSE,2020/06/12 16:00:00,23.64,23.71,22.72,23.26,2521738
NI,NYSE,2020/06/15 16:00:00,22.84,23.61,22.48,23.48,3139457
NI,NYSE,2020/06/16 16:00:00,24.12,24.42,23.52,23.64,2606408
NI,NYSE,2020/06/17 16:00:00,23.7,23.76,23.29,23.55,2036943
NI,NYSE,2020/06/18 16:00:00,23.37,23.77,23.35,23.73,1997262
NI,NYSE,2020/06/19 16:00:00,24.16,24.16,22.94,22.97,5728310
NI,NYSE,2020/06/22 16:00:00,22.89,23.3,22.66,23.23,2114232
NI,NYSE,2020/06/23 16:00:00,23.55,23.55,22.76,22.85,2729870
NI,NYSE,2020/06/24 16:00:00,22.62,22.75,22.09,22.4,2590022
NI,NYSE,2020/06/25 16:00:00,22.34,22.37,21.51,22.33,3687074
NI,NYSE,2020/06/26 16:00:00,22.34,22.49,22,22.35,7111333
NI,NYSE,2020/06/29 16:00:00,22.57,22.75,22.35,22.69,1892511
NI,NYSE,2020/06/30 16:00:00,22.7,22.96,22.52,22.74,3340312
NI,NYSE,2020/07/01 16:00:00,22.73,23.61,22.72,23.46,3927665
NI,NYSE,2020/07/02 16:00:00,23.6,23.78,23.3,23.36,2353938
NI,NYSE,2020/07/06 16:00:00,23.49,23.78,22.95,23.29,2576426
NI,NYSE,2020/07/07 16:00:00,23.02,23.4,22.91,23.33,3190874
NI,NYSE,2020/07/08 16:00:00,23.3,23.45,23.08,23.38,3755550
NI,NYSE,2020/07/09 16:00:00,23.19,23.29,22.63,22.95,2886076
NI,NYSE,2020/07/10 16:00:00,22.89,23.62,22.89,23.57,3070824
NI,NYSE,2020/07/13 16:00:00,23.58,24.13,23.51,24.02,5628451
NI,NYSE,2020/07/14 16:00:00,24.08,24.26,23.61,23.75,5504811
NI,NYSE,2020/07/15 16:00:00,23.97,24.24,23.69,23.72,3111223
NI,NYSE,2020/07/16 16:00:00,23.74,24.16,23.66,23.85,1749507
NI,NYSE,2020/07/17 16:00:00,23.99,24.41,23.89,24.34,1867324
NI,NYSE,2020/07/20 16:00:00,24.22,24.23,23.72,23.75,2535926
NI,NYSE,2020/07/21 16:00:00,23.7,24.2,23.69,23.81,3085162
NI,NYSE,2020/07/22 16:00:00,23.77,24.82,23.53,24.64,3395339
NI,NYSE,2020/07/23 16:00:00,24.64,24.82,24.46,24.74,3559152
NI,NYSE,2020/07/24 16:00:00,24.88,25.31,24.41,24.54,2722229
NI,NYSE,2020/07/27 16:00:00,24.5,24.5,24.15,24.28,1422696
NI,NYSE,2020/07/28 16:00:00,24.16,24.82,24.15,24.67,1802548
NI,NYSE,2020/07/29 16:00:00,24.76,24.81,24.51,24.76,1764579
NI,NYSE,2020/07/30 16:00:00,24.33,24.5,24.08,24.49,1880907
NI,NYSE,2020/07/31 16:00:00,24.44,24.57,24.04,24.45,2575703
NI,NYSE,2020/08/03 16:00:00,24.36,24.39,23.77,23.98,2249538
NI,NYSE,2020/08/04 16:00:00,23.86,24.35,23.86,24.15,3290554
NI,NYSE,2020/08/05 16:00:00,24.6,25.13,23.98,24.36,4103734
NI,NYSE,2020/08/06 16:00:00,24.19,24.42,23.91,24.34,2846448
NI,NYSE,2020/08/07 16:00:00,24.18,25.08,24.18,24.75,3434000
NI,NYSE,2020/08/10 16:00:00,24.83,24.94,24.53,24.81,2771913
NI,NYSE,2020/08/11 16:00:00,24.95,24.95,24.17,24.29,2918443
NI,NYSE,2020/08/12 16:00:00,24.48,24.78,24.32,24.75,2890266
NI,NYSE,2020/08/13 16:00:00,24.56,24.7,24.23,24.35,2311139
NI,NYSE,2020/08/14 16:00:00,24.33,24.34,24.06,24.12,1504119
NI,NYSE,2020/08/17 16:00:00,24.13,24.29,23.95,23.96,1886845
NI,NYSE,2020/08/18 16:00:00,23.95,24.02,23.44,23.58,2159945
NI,NYSE,2020/08/19 16:00:00,23.62,23.62,23.34,23.44,1960052
NI,NYSE,2020/08/20 16:00:00,23.28,23.38,22.89,22.97,3243320
NI,NYSE,2020/08/21 16:00:00,23.08,23.08,22.59,22.72,2795084
NI,NYSE,2020/08/24 16:00:00,22.74,23.05,22.49,23.03,3208434
NI,NYSE,2020/08/25 16:00:00,23.04,23.04,22.66,22.74,2197009
NI,NYSE,2020/08/26 16:00:00,22.59,22.61,22.09,22.19,2776806
NI,NYSE,2020/08/27 16:00:00,22.29,22.42,21.95,22.18,3324575
NI,NYSE,2020/08/28 16:00:00,22.25,22.39,21.86,22.35,2719850
NI,NYSE,2020/08/31 16:00:00,22.25,22.42,22,22.16,3110175
NI,NYSE,2020/09/01 16:00:00,22.05,22.05,21.31,21.39,3275191
NI,NYSE,2020/09/02 16:00:00,21.4,22.38,21.38,22.27,4552191
NI,NYSE,2020/09/03 16:00:00,22.46,22.87,22.16,22.42,3209312
NI,NYSE,2020/09/04 16:00:00,22.46,22.77,22.15,22.28,2861256
NI,NYSE,2020/09/08 16:00:00,22.31,22.33,21.78,21.97,3051985
NI,NYSE,2020/09/09 16:00:00,22.13,22.43,21.99,22.11,2647420
NI,NYSE,2020/09/10 16:00:00,21.99,22.11,21.86,21.88,2584746
NI,NYSE,2020/09/11 16:00:00,21.91,22.13,21.77,22.04,2269141
NI,NYSE,2020/09/14 16:00:00,22.18,22.56,22.15,22.38,3856449
NI,NYSE,2020/09/15 16:00:00,22.43,22.62,22,22.11,3245219
NI,NYSE,2020/09/16 16:00:00,22.12,22.52,22.1,22.26,4725943
NI,NYSE,2020/09/17 16:00:00,22.18,22.44,21.99,22.42,2979089
NI,NYSE,2020/09/18 16:00:00,22.32,22.65,21.91,21.98,5579589
NI,NYSE,2020/09/21 16:00:00,21.82,22.34,21.47,22.2,3942810
NI,NYSE,2020/09/22 16:00:00,22.23,22.35,21.89,22.08,2580264
NI,NYSE,2020/09/23 16:00:00,22.39,22.52,21.59,21.61,3731529
NI,NYSE,2020/09/24 16:00:00,21.6,21.81,21.29,21.65,2134471
NI,NYSE,2020/09/25 16:00:00,21.51,22.2,21.47,22.14,2787698
NI,NYSE,2020/09/28 16:00:00,22.18,22.28,21.84,21.85,3639908
NI,NYSE,2020/09/29 16:00:00,21.97,22.13,21.61,21.96,2867604
NI,NYSE,2020/09/30 16:00:00,22.13,22.29,21.96,22,3854469
NI,NYSE,2020/10/01 16:00:00,22.03,22.09,21.64,22,6901379
NI,NYSE,2020/10/02 16:00:00,21.79,22.32,21.67,22.14,4625123
NI,NYSE,2020/10/05 16:00:00,22.17,22.25,21.85,21.99,4582531
NI,NYSE,2020/10/06 16:00:00,22.04,22.8,21.95,22.41,2544947
NI,NYSE,2020/10/07 16:00:00,22.43,22.52,21.98,22.05,4345465
NI,NYSE,2020/10/08 16:00:00,22.15,22.49,22.07,22.36,4468213
NI,NYSE,2020/10/09 16:00:00,22.41,22.6,22.22,22.49,2800302
NI,NYSE,2020/10/12 16:00:00,22.49,23.16,22.44,23.08,3341362
NI,NYSE,2020/10/13 16:00:00,22.85,23.13,22.75,23.11,3345732
NI,NYSE,2020/10/14 16:00:00,23.13,23.33,23.03,23.3,3167539
NI,NYSE,2020/10/15 16:00:00,23.11,23.51,22.94,23.39,2257864
NI,NYSE,2020/10/16 16:00:00,23.37,23.69,23.24,23.5,2100189
NI,NYSE,2020/10/19 16:00:00,23.82,23.85,23.36,23.47,2896923
NI,NYSE,2020/10/20 16:00:00,23.59,23.69,23.2,23.6,2354842
NI,NYSE,2020/10/21 16:00:00,23.48,23.79,23.33,23.58,2310991
NI,NYSE,2020/10/22 16:00:00,23.59,24.12,23.43,24.04,3060065
NI,NYSE,2020/10/23 16:00:00,24.2,24.37,24,24.31,2483747
NI,NYSE,2020/10/26 16:00:00,24.13,24.29,23.95,24.25,2611749
NI,NYSE,2020/10/27 16:00:00,24.26,24.52,24.14,24.26,3312362
NI,NYSE,2020/10/28 16:00:00,23.95,24.3,23.12,23.18,4575877
NI,NYSE,2020/10/29 16:00:00,22.84,23.23,22.48,22.96,3324244
NI,NYSE,2020/10/30 16:00:00,22.9,23.12,22.65,22.97,3603889
NI,NYSE,2020/11/02 16:00:00,23.22,23.6,22.95,23.45,3082856
NI,NYSE,2020/11/03 16:00:00,23.79,24.26,23.64,24.03,2863877
NI,NYSE,2020/11/04 16:00:00,23.95,24.35,23.56,23.65,4166546
NI,NYSE,2020/11/05 16:00:00,23.84,24.22,23.64,23.65,3431476
NI,NYSE,2020/11/06 16:00:00,23.62,23.85,23.19,23.22,3809389
NI,NYSE,2020/11/09 16:00:00,24.24,24.99,24.09,24.11,4572562
NI,NYSE,2020/11/10 16:00:00,24.24,25.12,24.11,25.07,4389648
NI,NYSE,2020/11/11 16:00:00,25.17,25.21,24.53,24.64,3017970
NI,NYSE,2020/11/12 16:00:00,24.51,24.51,23.69,23.87,2842603
NI,NYSE,2020/11/13 16:00:00,23.99,24.5,23.89,24.47,2518399
NI,NYSE,2020/11/16 16:00:00,24.92,24.92,24.42,24.62,3528020
NI,NYSE,2020/11/17 16:00:00,24.38,25.05,24.34,24.75,3132392
NI,NYSE,2020/11/18 16:00:00,25.04,25.12,23.93,23.96,2450021
NI,NYSE,2020/11/19 16:00:00,23.86,23.93,23.46,23.6,1795504
NI,NYSE,2020/11/20 16:00:00,23.57,24,23.5,23.9,2645131
NI,NYSE,2020/11/23 16:00:00,23.92,24.47,23.87,24.31,3207897
NI,NYSE,2020/11/24 16:00:00,24.52,25.29,24.34,24.94,3416361
NI,NYSE,2020/11/25 16:00:00,24.95,24.98,24.56,24.9,2049134
NI,NYSE,2020/11/27 13:00:00,24.77,24.78,24.35,24.51,880069
NI,NYSE,2020/11/30 16:00:00,24.36,24.5,24.03,24.2,3601188
NI,NYSE,2020/12/01 16:00:00,24.33,24.69,24.29,24.49,2108485
NI,NYSE,2020/12/02 16:00:00,24.41,24.7,24.31,24.62,1954098
NI,NYSE,2020/12/03 16:00:00,24.53,24.81,24.33,24.36,2566231
NI,NYSE,2020/12/04 16:00:00,24.38,24.47,23.97,24,2529724
NI,NYSE,2020/12/07 16:00:00,23.9,24.06,23.76,23.92,3224180
NI,NYSE,2020/12/08 16:00:00,23.78,23.9,23.19,23.21,4285074
NI,NYSE,2020/12/09 16:00:00,23.26,23.46,23.08,23.2,3286673
NI,NYSE,2020/12/10 16:00:00,23.13,23.19,22.46,22.57,4347193
NI,NYSE,2020/12/11 16:00:00,22.5,22.93,22.5,22.89,3952504
NI,NYSE,2020/12/14 16:00:00,23.13,23.39,22.65,22.65,2694772
NI,NYSE,2020/12/15 16:00:00,22.76,23.25,22.56,23.2,2073287
NI,NYSE,2020/12/16 16:00:00,23.31,23.47,22.77,22.8,1719012
NI,NYSE,2020/12/17 16:00:00,22.9,23.11,22.81,22.81,1731569
NI,NYSE,2020/12/18 16:00:00,22.81,22.93,22.3,22.4,4378886
NI,NYSE,2020/12/21 16:00:00,22.09,22.29,21.42,21.53,4111042
NI,NYSE,2020/12/22 16:00:00,21.54,21.74,21.18,21.71,2859619
NI,NYSE,2020/12/23 16:00:00,21.78,22.16,21.73,21.91,3564207
NI,NYSE,2020/12/24 13:00:00,21.9,22.13,21.63,22.09,1097752
NI,NYSE,2020/12/28 16:00:00,22.18,22.48,22.1,22.3,2392419
NI,NYSE,2020/12/29 16:00:00,22.32,22.57,22.27,22.34,2639232
NI,NYSE,2020/12/30 16:00:00,22.31,22.61,22.16,22.55,2217440
NI,NYSE,2020/12/31 16:00:00,22.59,22.96,22.48,22.94,1812582
NI,NYSE,2021/01/04 16:00:00,22.93,22.95,22.47,22.58,3363250
NI,NYSE,2021/01/05 16:00:00,22.58,22.69,22.32,22.52,2731249
NI,NYSE,2021/01/06 16:00:00,22.65,23.16,22.6,23.02,2350461
NI,NYSE,2021/01/07 16:00:00,23.06,23.14,22.07,22.13,3047935
NI,NYSE,2021/01/08 16:00:00,22.05,22.13,21.66,21.81,3282150
NI,NYSE,2021/01/11 16:00:00,21.71,21.97,21.65,21.88,3242034
NI,NYSE,2021/01/12 16:00:00,21.83,22.06,21.47,21.87,3365186
NI,NYSE,2021/01/13 16:00:00,21.86,22.19,21.64,22.01,2756137
NI,NYSE,2021/01/14 16:00:00,22.01,22.01,21.61,21.86,2586239
NI,NYSE,2021/01/15 16:00:00,21.85,23.05,21.73,22.93,6053232
NI,NYSE,2021/01/19 16:00:00,23.02,23.02,22.3,22.46,3899888
NI,NYSE,2021/01/20 16:00:00,22.29,22.57,22.25,22.38,3170472
NI,NYSE,2021/01/21 16:00:00,22.21,22.35,21.76,21.92,2792403
NI,NYSE,2021/01/22 16:00:00,21.81,22,21.63,21.93,2175834
NI,NYSE,2021/01/25 16:00:00,21.93,22.25,21.67,22.11,3189226
NI,NYSE,2021/01/26 16:00:00,22.09,22.13,21.66,21.71,2439089
NI,NYSE,2021/01/27 16:00:00,21.59,21.8,21.09,21.26,3934089
NI,NYSE,2021/01/28 16:00:00,21.4,22.65,21.27,22.17,4151073
NI,NYSE,2021/01/29 16:00:00,21.7,22.28,21.48,22.15,5158897
NI,NYSE,2021/02/01 16:00:00,22.17,22.31,22.01,22.22,2693550
NI,NYSE,2021/02/02 16:00:00,22.27,22.73,22.08,22.47,3318838
NI,NYSE,2021/02/03 16:00:00,22.43,22.49,22.11,22.26,2117289
NI,NYSE,2021/02/04 16:00:00,22.19,22.77,22.01,22.76,3188187
NI,NYSE,2021/02/05 16:00:00,22.85,22.95,22.64,22.8,2870795
NI,NYSE,2021/02/08 16:00:00,22.61,22.68,22.2,22.32,2065149
NI,NYSE,2021/02/09 16:00:00,22.4,22.44,22.04,22.36,1884190
NI,NYSE,2021/02/10 16:00:00,22.53,22.6,22.29,22.47,2112774
NI,NYSE,2021/02/11 16:00:00,22.4,22.77,22.4,22.75,2797605
NI,NYSE,2021/02/12 16:00:00,22.72,22.89,22.41,22.53,1977552
NI,NYSE,2021/02/16 16:00:00,22.44,22.68,22.33,22.38,3022415
NI,NYSE,2021/02/17 16:00:00,22.62,22.79,22.07,22.67,1996154
NI,NYSE,2021/02/18 16:00:00,22.69,23.04,22.52,22.84,2581981
NI,NYSE,2021/02/19 16:00:00,22.88,23.23,22.67,22.84,3396898
NI,NYSE,2021/02/22 16:00:00,22.8,22.9,22.03,22.38,2662816
NI,NYSE,2021/02/23 16:00:00,22.56,22.81,22.26,22.61,2359897
NI,NYSE,2021/02/24 16:00:00,22.6,22.64,22.17,22.18,3223179
NI,NYSE,2021/02/25 16:00:00,22.19,22.43,22.03,22.11,3503036
NI,NYSE,2021/02/26 16:00:00,22.26,22.26,21.54,21.6,5016323
NI,NYSE,2021/03/01 16:00:00,21.76,22.24,21.76,22,4104646
NI,NYSE,2021/03/02 16:00:00,22.02,22.03,21.65,21.77,3950206
NI,NYSE,2021/03/03 16:00:00,21.67,21.72,21.11,21.57,5396003
NI,NYSE,2021/03/04 16:00:00,21.64,21.95,21.35,21.5,5467114
NI,NYSE,2021/03/05 16:00:00,21.6,21.98,21.51,21.86,4956836
NI,NYSE,2021/03/08 16:00:00,21.98,22.16,21.79,22.04,6788245
NI,NYSE,2021/03/09 16:00:00,22.05,22.11,21.86,22.03,5633382
NI,NYSE,2021/03/10 16:00:00,22.03,22.3,21.94,22.13,5152792
NI,NYSE,2021/03/11 16:00:00,22.05,22.48,22.01,22.2,3592239
NI,NYSE,2021/03/12 16:00:00,22.33,22.74,22.28,22.55,3924151
NI,NYSE,2021/03/15 16:00:00,22.66,23.29,22.58,23.03,4065112
NI,NYSE,2021/03/16 16:00:00,22.98,23.49,22.95,23.45,5562309
NI,NYSE,2021/03/17 16:00:00,23.45,23.82,23.29,23.45,8248581
NI,NYSE,2021/03/18 16:00:00,23.43,23.81,23.27,23.57,6476564
NI,NYSE,2021/03/19 16:00:00,23.59,24,23.44,23.69,10310959
NI,NYSE,2021/03/22 16:00:00,24.04,24.04,23.14,23.42,4649750
NI,NYSE,2021/03/23 16:00:00,23.4,23.71,23.18,23.52,5810708
NI,NYSE,2021/03/24 16:00:00,23.43,24.08,23.37,23.88,6746626
NI,NYSE,2021/03/25 16:00:00,24,24.46,23.86,24.36,3945067
NI,NYSE,2021/03/26 16:00:00,24.37,24.37,23.55,23.8,4625538
NI,NYSE,2021/03/29 16:00:00,23.84,24.28,23.72,24.15,3437820
NI,NYSE,2021/03/30 16:00:00,24.09,24.09,23.73,23.99,2282577
NI,NYSE,2021/03/31 16:00:00,23.92,24.18,23.84,24.11,2941568
NI,NYSE,2021/04/01 16:00:00,24.06,24.11,23.82,24.07,2022365
NI,NYSE,2021/04/05 16:00:00,24.11,24.52,24.11,24.43,2421873
NI,NYSE,2021/04/06 16:00:00,24.29,24.54,24.22,24.52,2042981
NI,NYSE,2021/04/07 16:00:00,24.54,24.68,24.48,24.63,2015820
NI,NYSE,2021/04/08 16:00:00,24.7,24.78,24.51,24.65,3381271
NI,NYSE,2021/04/09 16:00:00,24.72,24.94,24.56,24.71,2135240
PEN,NYSE,2019/04/01 16:00:00,148.43,149.53,140.91,143.63,545551
PEN,NYSE,2019/04/02 16:00:00,143.29,145.14,141.99,144.44,432840
PEN,NYSE,2019/04/03 16:00:00,145.1,145.78,140.49,142.69,710484
PEN,NYSE,2019/04/04 16:00:00,142.69,143.28,139.06,140.32,503379
PEN,NYSE,2019/04/05 16:00:00,140.94,141.68,139.45,140.96,293661
PEN,NYSE,2019/04/08 16:00:00,141.17,142.14,139.52,141.74,268419
PEN,NYSE,2019/04/09 16:00:00,141.06,144.38,140.21,140.44,341350
PEN,NYSE,2019/04/10 16:00:00,140.5,144.52,139.26,143.61,382340
PEN,NYSE,2019/04/11 16:00:00,144.03,146.25,140.86,141.16,229673
PEN,NYSE,2019/04/12 16:00:00,142.52,142.7,137.42,140.73,408882
PEN,NYSE,2019/04/15 16:00:00,139.92,141.2,136.83,137.95,279416
PEN,NYSE,2019/04/16 16:00:00,139.21,139.21,132.95,134.39,297936
PEN,NYSE,2019/04/17 16:00:00,134.5,134.5,122.4,126.83,1042256
PEN,NYSE,2019/04/18 16:00:00,127.11,129.16,124.26,128.97,694376
PEN,NYSE,2019/04/22 16:00:00,128.92,131.69,126.76,129.91,517646
PEN,NYSE,2019/04/23 16:00:00,130.05,131.65,128.93,130.85,282606
PEN,NYSE,2019/04/24 16:00:00,130.72,136.47,130.23,133.35,437383
PEN,NYSE,2019/04/25 16:00:00,134.01,137.7,131.27,136.76,481766
PEN,NYSE,2019/04/26 16:00:00,136.98,138.67,136.04,137.04,607619
PEN,NYSE,2019/04/29 16:00:00,137.2,137.2,133.9,134.68,578763
PEN,NYSE,2019/04/30 16:00:00,134.43,136.35,134.34,134.5,312174
PEN,NYSE,2019/05/01 16:00:00,134.88,135,126.75,127.39,610007
PEN,NYSE,2019/05/02 16:00:00,127.31,131.88,127.24,131.57,578184
PEN,NYSE,2019/05/03 16:00:00,132.44,134.25,130.59,132.09,475461
PEN,NYSE,2019/05/06 16:00:00,129.1,132.03,127.45,131.31,592776
PEN,NYSE,2019/05/07 16:00:00,130.16,130.46,126.74,129.62,752717
PEN,NYSE,2019/05/08 16:00:00,131,140.48,131,135.25,1809501
PEN,NYSE,2019/05/09 16:00:00,134.05,135.2,131.5,132.82,440931
PEN,NYSE,2019/05/10 16:00:00,130.6,133.28,127.48,131.03,300017
PEN,NYSE,2019/05/13 16:00:00,127.94,129.94,123.13,124.65,681439
PEN,NYSE,2019/05/14 16:00:00,125.13,134.89,125.13,133.79,479153
PEN,NYSE,2019/05/15 16:00:00,132.79,136.19,132.79,135.03,246599
PEN,NYSE,2019/05/16 16:00:00,135.33,144.27,135.33,143.41,599839
PEN,NYSE,2019/05/17 16:00:00,142.09,145.95,140.11,142.47,453481
PEN,NYSE,2019/05/20 16:00:00,140.69,140.9,138,139.05,260691
PEN,NYSE,2019/05/21 16:00:00,140.38,140.88,136.59,137.6,347598
PEN,NYSE,2019/05/22 16:00:00,136.23,138.17,135.81,137.3,180691
PEN,NYSE,2019/05/23 16:00:00,135.68,135.68,132.26,134.98,480066
PEN,NYSE,2019/05/24 16:00:00,135.97,138.82,134.51,138.53,236562
PEN,NYSE,2019/05/28 16:00:00,138.25,140,137,137.85,222100
PEN,NYSE,2019/05/29 16:00:00,136.24,137.12,133.54,137.01,291118
PEN,NYSE,2019/05/30 16:00:00,140,147.3,139.43,146.3,477912
PEN,NYSE,2019/05/31 16:00:00,145.25,145.76,141.74,142.7,352619
PEN,NYSE,2019/06/03 16:00:00,142.7,144.65,140,144.32,308009
PEN,NYSE,2019/06/04 16:00:00,145.9,150.84,144.61,150.52,253957
PEN,NYSE,2019/06/05 16:00:00,151.23,154.12,151,152.56,282078
PEN,NYSE,2019/06/06 16:00:00,152.44,155.43,150.85,154.74,175799
PEN,NYSE,2019/06/07 16:00:00,155.92,161.67,154.82,160.81,386978
PEN,NYSE,2019/06/10 16:00:00,160,166.31,160,165.58,492714
PEN,NYSE,2019/06/11 16:00:00,167,169.57,162.28,165.21,504490
PEN,NYSE,2019/06/12 16:00:00,164,164,160.21,163.09,469819
PEN,NYSE,2019/06/13 16:00:00,164.63,164.97,161.27,163.63,209714
PEN,NYSE,2019/06/14 16:00:00,163.6,167.2,162.9,166.83,266556
PEN,NYSE,2019/06/17 16:00:00,166.83,169.47,165.21,166.95,420244
PEN,NYSE,2019/06/18 16:00:00,168.92,170,166.68,167.39,326471
PEN,NYSE,2019/06/19 16:00:00,167.75,168,165.23,166.41,496298
PEN,NYSE,2019/06/20 16:00:00,168.31,170,164.02,165.22,331893
PEN,NYSE,2019/06/21 16:00:00,164.66,166.12,161.9,164.82,315730
PEN,NYSE,2019/06/24 16:00:00,164.39,166.3,163.2,164.59,279434
PEN,NYSE,2019/06/25 16:00:00,164.94,169.34,163.6,166.97,496950
PEN,NYSE,2019/06/26 16:00:00,167.87,169.45,161.69,161.96,218246
PEN,NYSE,2019/06/27 16:00:00,162.68,164.3,159.6,160.02,575648
PEN,NYSE,2019/06/28 16:00:00,160.98,162.25,159.32,160,372719
PEN,NYSE,2019/07/01 16:00:00,161,163,158.55,160.47,513462
PEN,NYSE,2019/07/02 16:00:00,160.31,163.98,158.45,163.43,302914
PEN,NYSE,2019/07/03 13:00:00,164.38,164.38,159.5,159.71,227905
PEN,NYSE,2019/07/05 16:00:00,159.02,163.39,157.93,162.68,161582
PEN,NYSE,2019/07/08 16:00:00,161.82,165.59,160.44,164.54,278109
PEN,NYSE,2019/07/09 16:00:00,163.77,166.3,163.2,165.97,145983
PEN,NYSE,2019/07/10 16:00:00,166.64,171.1,166.64,170.03,319771
PEN,NYSE,2019/07/11 16:00:00,171.22,172.95,170,172.51,196305
PEN,NYSE,2019/07/12 16:00:00,172.77,173.59,168.29,169.69,159926
PEN,NYSE,2019/07/15 16:00:00,169.92,173.95,168.97,172.73,200587
PEN,NYSE,2019/07/16 16:00:00,172.6,173.46,168.86,169.69,197595
PEN,NYSE,2019/07/17 16:00:00,170.86,178.33,169.14,174.05,436690
PEN,NYSE,2019/07/18 16:00:00,173.97,178.77,173.82,176.86,263444
PEN,NYSE,2019/07/19 16:00:00,177.54,178.53,175.37,176.14,456258
PEN,NYSE,2019/07/22 16:00:00,176.64,176.64,170.55,171.19,320590
PEN,NYSE,2019/07/23 16:00:00,171.62,178.67,171.61,177.26,348632
PEN,NYSE,2019/07/24 16:00:00,177.19,183.85,177.19,183.4,433980
PEN,NYSE,2019/07/25 16:00:00,181.98,185.7,180.22,181.62,376036
PEN,NYSE,2019/07/26 16:00:00,182.03,183.88,179.21,180.36,206664
PEN,NYSE,2019/07/29 16:00:00,180.36,181.3,177.62,180.94,171501
PEN,NYSE,2019/07/30 16:00:00,178.52,180.5,177.44,179.49,323054
PEN,NYSE,2019/07/31 16:00:00,175.27,177.04,161.02,167.6,1793064
PEN,NYSE,2019/08/01 16:00:00,168.57,172.73,166.15,167.81,363851
PEN,NYSE,2019/08/02 16:00:00,167.37,167.74,161.02,162.12,382265
PEN,NYSE,2019/08/05 16:00:00,159.65,159.82,155.85,157.84,342422
PEN,NYSE,2019/08/06 16:00:00,159.02,166.25,159.02,165.63,527500
PEN,NYSE,2019/08/07 16:00:00,151.92,154.63,138.39,147.02,2441613
PEN,NYSE,2019/08/08 16:00:00,147.5,149.96,146.63,149.55,458582
PEN,NYSE,2019/08/09 16:00:00,149.32,152.17,147.5,147.56,312480
PEN,NYSE,2019/08/12 16:00:00,146.95,151,146.12,148.85,345303
PEN,NYSE,2019/08/13 16:00:00,148.45,154.21,148.45,151.97,279714
PEN,NYSE,2019/08/14 16:00:00,149.12,150.25,147.53,148.5,292421
PEN,NYSE,2019/08/15 16:00:00,149.06,150.17,144.58,145.25,304833
PEN,NYSE,2019/08/16 16:00:00,146.09,146.56,144.02,145.21,198218
PEN,NYSE,2019/08/19 16:00:00,146.9,146.9,142.62,143.43,456462
PEN,NYSE,2019/08/20 16:00:00,143.46,145.04,142.31,144.4,197577
PEN,NYSE,2019/08/21 16:00:00,145.5,147.09,144.35,144.54,264871
PEN,NYSE,2019/08/22 16:00:00,145.26,145.76,142.51,144.92,181702
PEN,NYSE,2019/08/23 16:00:00,144.55,145.3,139.14,139.74,262164
PEN,NYSE,2019/08/26 16:00:00,141.01,142.91,139.93,142.6,306572
PEN,NYSE,2019/08/27 16:00:00,143.58,146,140.18,141.26,255816
PEN,NYSE,2019/08/28 16:00:00,140.32,143.57,138.02,142.87,312582
PEN,NYSE,2019/08/29 16:00:00,144.32,145.88,142.23,145.14,255609
PEN,NYSE,2019/08/30 16:00:00,145.95,147.24,144.3,145.55,429191
PEN,NYSE,2019/09/03 16:00:00,144.81,149.5,144.23,146.56,467903
PEN,NYSE,2019/09/04 16:00:00,147.37,147.41,139.87,140.28,309385
PEN,NYSE,2019/09/05 16:00:00,141.41,143.11,133.4,134,735823
PEN,NYSE,2019/09/06 16:00:00,134.26,135.66,131.31,131.82,614858
PEN,NYSE,2019/09/09 16:00:00,138.48,143.57,133.58,136.17,1356395
PEN,NYSE,2019/09/10 16:00:00,135.2,141.99,134.23,140.4,672225
PEN,NYSE,2019/09/11 16:00:00,140.38,148.04,140.38,146.43,760355
PEN,NYSE,2019/09/12 16:00:00,147.17,149.99,146.29,149.14,587250
PEN,NYSE,2019/09/13 16:00:00,148.89,150.41,148.05,149,613983
PEN,NYSE,2019/09/16 16:00:00,147.24,151.78,146.28,151.45,459483
PEN,NYSE,2019/09/17 16:00:00,152.17,154.98,149.85,151.62,432691
PEN,NYSE,2019/09/18 16:00:00,151.93,152.45,148.25,150.08,398882
PEN,NYSE,2019/09/19 16:00:00,150.92,151.49,147.77,147.81,570359
PEN,NYSE,2019/09/20 16:00:00,148.14,151.13,146.08,147.9,5203648
PEN,NYSE,2019/09/23 16:00:00,146.74,147.05,141.54,144.01,890778
PEN,NYSE,2019/09/24 16:00:00,144.38,145.56,136.88,140.3,616228
PEN,NYSE,2019/09/25 16:00:00,140.24,140.8,137.12,139.96,363688
PEN,NYSE,2019/09/26 16:00:00,139.12,139.12,134.8,135.08,885219
PEN,NYSE,2019/09/27 16:00:00,136.06,136.07,131.56,132,482324
PEN,NYSE,2019/09/30 16:00:00,132,134.66,130.66,134.49,590841
PEN,NYSE,2019/10/01 16:00:00,134.93,137.83,132.95,134.81,913834
PEN,NYSE,2019/10/02 16:00:00,133.81,136.06,130.8,135.51,572413
PEN,NYSE,2019/10/03 16:00:00,135.29,141.01,134.52,139.2,838518
PEN,NYSE,2019/10/04 16:00:00,139.57,146.8,139.57,146.07,634489
PEN,NYSE,2019/10/07 16:00:00,145.12,145.3,142.43,143.6,388836
PEN,NYSE,2019/10/08 16:00:00,142.64,144.07,137.52,137.79,361415
PEN,NYSE,2019/10/09 16:00:00,138.97,142.64,137.84,142.29,304759
PEN,NYSE,2019/10/10 16:00:00,142.05,144.37,141.7,142.71,216027
PEN,NYSE,2019/10/11 16:00:00,144.7,147.28,143.18,145.94,339669
PEN,NYSE,2019/10/14 16:00:00,145.59,145.59,142.51,144.74,206537
PEN,NYSE,2019/10/15 16:00:00,145.57,147.14,144.17,146.89,296409
PEN,NYSE,2019/10/16 16:00:00,147.24,147.85,145.7,146.19,274058
PEN,NYSE,2019/10/17 16:00:00,147.33,148.83,145.33,146.9,313858
PEN,NYSE,2019/10/18 16:00:00,146.9,148.32,143.99,147.21,178265
PEN,NYSE,2019/10/21 16:00:00,148.05,149.41,146.96,147.63,159671
PEN,NYSE,2019/10/22 16:00:00,147.95,150.78,146.47,150,674689
PEN,NYSE,2019/10/23 16:00:00,150.33,151,148.58,149.64,390333
PEN,NYSE,2019/10/24 16:00:00,150.96,152.31,149.13,150,419997
PEN,NYSE,2019/10/25 16:00:00,149.36,157.74,149.1,157.71,537198
PEN,NYSE,2019/10/28 16:00:00,157.98,159.25,156.32,157.85,524696
PEN,NYSE,2019/10/29 16:00:00,157.6,163.25,156.89,162.86,363616
PEN,NYSE,2019/10/30 16:00:00,162.02,162.76,158.94,160.1,317330
PEN,NYSE,2019/10/31 16:00:00,159.92,161.09,155.31,155.97,501696
PEN,NYSE,2019/11/01 16:00:00,156.95,162.89,156.95,160.17,410745
PEN,NYSE,2019/11/04 16:00:00,161.01,162.05,158.56,160.5,594129
PEN,NYSE,2019/11/05 16:00:00,160.2,164.34,159.62,164.01,390176
PEN,NYSE,2019/11/06 16:00:00,163.92,167.36,163.92,166.04,746328
PEN,NYSE,2019/11/07 16:00:00,167,175.53,165.01,172.93,1008100
PEN,NYSE,2019/11/08 16:00:00,164,168.09,153.28,164.74,1525635
PEN,NYSE,2019/11/11 16:00:00,164.76,171.68,164.63,168.18,768813
PEN,NYSE,2019/11/12 16:00:00,167.43,169.66,166.24,167.03,372023
PEN,NYSE,2019/11/13 16:00:00,165.29,167.14,164.41,166.03,398417
PEN,NYSE,2019/11/14 16:00:00,166.3,168.24,164.78,164.84,378122
PEN,NYSE,2019/11/15 16:00:00,165.66,168.25,165.66,166.76,587918
PEN,NYSE,2019/11/18 16:00:00,167.35,169.36,166.22,166.49,365638
PEN,NYSE,2019/11/19 16:00:00,167.12,169.52,165.02,168.77,509681
PEN,NYSE,2019/11/20 16:00:00,168.83,170.93,166.75,168.16,467669
PEN,NYSE,2019/11/21 16:00:00,168.55,169.18,166.01,167.43,305203
PEN,NYSE,2019/11/22 16:00:00,168.98,169.03,165.81,167.24,434835
PEN,NYSE,2019/11/25 16:00:00,168.11,172.78,167.93,171.83,789164
PEN,NYSE,2019/11/26 16:00:00,171.95,176.48,170.45,176.4,758368
PEN,NYSE,2019/11/27 16:00:00,176.79,178.25,176.18,177.8,280383
PEN,NYSE,2019/11/29 13:00:00,177,178.74,175.95,176.92,187469
PEN,NYSE,2019/12/02 16:00:00,176.9,178.63,173.34,174.11,416257
PEN,NYSE,2019/12/03 16:00:00,172.69,173.51,169.98,171.03,338712
PEN,NYSE,2019/12/04 16:00:00,172.03,175.13,171.98,172.95,454528
PEN,NYSE,2019/12/05 16:00:00,172.61,173.5,169.27,169.57,362218
PEN,NYSE,2019/12/06 16:00:00,170.77,171.61,167.45,167.73,237135
PEN,NYSE,2019/12/09 16:00:00,167.73,167.88,161.01,161.13,357007
PEN,NYSE,2019/12/10 16:00:00,160.63,160.79,156.69,158.48,529093
PEN,NYSE,2019/12/11 16:00:00,158.67,158.67,155.88,156.67,227212
PEN,NYSE,2019/12/12 16:00:00,156.94,160.63,155.41,159.32,500144
PEN,NYSE,2019/12/13 16:00:00,159.8,161.65,158.34,159.32,242242
PEN,NYSE,2019/12/16 16:00:00,159.57,161.42,157.76,158.3,498040
PEN,NYSE,2019/12/17 16:00:00,157.78,158.89,157.26,158.24,421442
PEN,NYSE,2019/12/18 16:00:00,158.64,158.99,157.2,158.33,343854
PEN,NYSE,2019/12/19 16:00:00,159.25,159.64,158.06,159.09,244049
PEN,NYSE,2019/12/20 16:00:00,161.14,161.57,159.1,159.68,511929
PEN,NYSE,2019/12/23 16:00:00,160.22,164.05,159.1,162.8,571999
PEN,NYSE,2019/12/24 13:00:00,163.5,165.23,162.43,162.58,173176
PEN,NYSE,2019/12/26 16:00:00,162.49,164.75,162.03,164.63,138596
PEN,NYSE,2019/12/27 16:00:00,164.99,166.23,162.79,164.1,177558
PEN,NYSE,2019/12/30 16:00:00,164.07,164.85,162.2,163.51,212803
PEN,NYSE,2019/12/31 16:00:00,163.16,167.02,162.72,164.27,291372
PEN,NYSE,2020/01/02 16:00:00,164.16,165.33,162.1,163.79,368385
PEN,NYSE,2020/01/03 16:00:00,161.33,162.6,159.54,160.69,266817
PEN,NYSE,2020/01/06 16:00:00,159.51,161.99,158.06,161.41,359067
PEN,NYSE,2020/01/07 16:00:00,161,161,157.3,158.68,238353
PEN,NYSE,2020/01/08 16:00:00,159.27,159.74,156.03,156.83,338761
PEN,NYSE,2020/01/09 16:00:00,156.93,157.66,155.45,156.87,223770
PEN,NYSE,2020/01/10 16:00:00,157.84,163.5,157.76,161.95,451477
PEN,NYSE,2020/01/13 16:00:00,162.16,162.74,159.66,162.43,364344
PEN,NYSE,2020/01/14 16:00:00,162.08,163.49,157.6,158.09,342976
PEN,NYSE,2020/01/15 16:00:00,158.65,161.07,155.61,159.73,438560
PEN,NYSE,2020/01/16 16:00:00,160.92,161.28,159.42,160.43,280432
PEN,NYSE,2020/01/17 16:00:00,161.09,162.01,159.63,160.36,198591
PEN,NYSE,2020/01/21 16:00:00,160.46,170.28,160.3,168.89,320404
PEN,NYSE,2020/01/22 16:00:00,169.24,172.12,169.19,170.59,212431
PEN,NYSE,2020/01/23 16:00:00,170.67,171.91,168.9,171.32,276267
PEN,NYSE,2020/01/24 16:00:00,171.98,172.99,170.89,171.75,245609
PEN,NYSE,2020/01/27 16:00:00,168.79,174.54,168.23,172.44,267990
PEN,NYSE,2020/01/28 16:00:00,172.76,176,172.21,175.9,193653
PEN,NYSE,2020/01/29 16:00:00,176.2,180,174.93,177.64,241171
PEN,NYSE,2020/01/30 16:00:00,175.71,178.56,174.29,178.13,342754
PEN,NYSE,2020/01/31 16:00:00,178,179.24,173.73,175.46,323059
PEN,NYSE,2020/02/03 16:00:00,176.13,178.42,175.19,177.98,154226
PEN,NYSE,2020/02/04 16:00:00,180,183.29,179.21,181.17,158830
PEN,NYSE,2020/02/05 16:00:00,183,183.21,177.55,178.43,316800
PEN,NYSE,2020/02/06 16:00:00,178.8,181.14,175.86,180.56,186073
PEN,NYSE,2020/02/07 16:00:00,179.55,180.23,175.82,176.35,238480
PEN,NYSE,2020/02/10 16:00:00,176.06,183.38,176.05,183.22,196670
PEN,NYSE,2020/02/11 16:00:00,183.83,186,183.05,185.12,226590
PEN,NYSE,2020/02/12 16:00:00,185.57,186.33,182.69,185.51,163493
PEN,NYSE,2020/02/13 16:00:00,184.78,190.3,183.94,189.69,250153
PEN,NYSE,2020/02/14 16:00:00,190.07,191.66,188.37,190.44,176004
PEN,NYSE,2020/02/18 16:00:00,190.58,191.98,189.25,191.03,175628
PEN,NYSE,2020/02/19 16:00:00,192.01,194.93,191.09,193.76,167276
PEN,NYSE,2020/02/20 16:00:00,193.55,194.6,188,191.14,280315
PEN,NYSE,2020/02/21 16:00:00,190.76,193.18,188.51,192.12,315659
PEN,NYSE,2020/02/24 16:00:00,186.74,188.44,182.89,184.27,407548
PEN,NYSE,2020/02/25 16:00:00,185.35,186.56,173.89,176.16,437908
PEN,NYSE,2020/02/26 16:00:00,162.36,177.22,158,171.69,931687
PEN,NYSE,2020/02/27 16:00:00,168.08,179.15,165.6,174.75,506165
PEN,NYSE,2020/02/28 16:00:00,170.37,171.71,161.8,165.86,716107
PEN,NYSE,2020/03/02 16:00:00,167.84,174.99,166.7,172.27,488938
PEN,NYSE,2020/03/03 16:00:00,172.48,175.91,165.77,169.64,312659
PEN,NYSE,2020/03/04 16:00:00,172.98,177.74,171.14,177.49,184155
PEN,NYSE,2020/03/05 16:00:00,175.74,180.43,172.73,176.09,215759
PEN,NYSE,2020/03/06 16:00:00,171.56,181.65,171.56,180.88,276232
PEN,NYSE,2020/03/09 16:00:00,170.68,177.39,164.79,170.37,473737
PEN,NYSE,2020/03/10 16:00:00,174.24,179.48,166.84,178.92,400583
PEN,NYSE,2020/03/11 16:00:00,174.56,177.96,172.4,176.86,509851
PEN,NYSE,2020/03/12 16:00:00,160,180.39,160,168.89,653213
PEN,NYSE,2020/03/13 16:00:00,175.87,177.3,151.46,167.43,712013
PEN,NYSE,2020/03/16 16:00:00,153.07,159.04,140.88,140.88,603239
PEN,NYSE,2020/03/17 16:00:00,144.34,147.02,132.92,145.4,601328
PEN,NYSE,2020/03/18 16:00:00,136.89,145.6,131.96,141.26,638353
PEN,NYSE,2020/03/19 16:00:00,141.15,145.2,128.4,139.95,666752
PEN,NYSE,2020/03/20 16:00:00,139.14,146.79,131.54,132.23,413576
PEN,NYSE,2020/03/23 16:00:00,132.67,135.54,121.8,124.34,365740
PEN,NYSE,2020/03/24 16:00:00,130.33,148.01,130.33,144.09,358174
PEN,NYSE,2020/03/25 16:00:00,143.76,158.84,140.29,146.96,375249
PEN,NYSE,2020/03/26 16:00:00,149.29,161.54,147.87,159.08,393966
PEN,NYSE,2020/03/27 16:00:00,154.5,158.7,151.82,155.37,293586
PEN,NYSE,2020/03/30 16:00:00,156.31,164.29,152.37,163.2,295437
PEN,NYSE,2020/03/31 16:00:00,162.92,167.77,159.32,161.33,532403
PEN,NYSE,2020/04/01 16:00:00,156.26,161.33,150.57,153.61,294624
PEN,NYSE,2020/04/02 16:00:00,153.37,162.29,149.23,161.83,233753
PEN,NYSE,2020/04/03 16:00:00,160.81,163.4,154.79,158.16,293377
PEN,NYSE,2020/04/06 16:00:00,162.56,166.76,160.29,163.14,246352
PEN,NYSE,2020/04/07 16:00:00,163.59,164.5,152.98,153.32,393601
PEN,NYSE,2020/04/08 16:00:00,154.21,163.15,153.65,160.92,306372
PEN,NYSE,2020/04/09 16:00:00,164.13,164.98,160,162.8,291343
PEN,NYSE,2020/04/13 16:00:00,161.39,162.77,153.79,159.56,277993
PEN,NYSE,2020/04/14 16:00:00,162.7,170.31,162.06,169.84,296994
PEN,NYSE,2020/04/15 16:00:00,167.34,172.14,163.84,171.09,220320
PEN,NYSE,2020/04/16 16:00:00,172.56,175.96,171.41,171.93,226290
PEN,NYSE,2020/04/17 16:00:00,176.51,179.4,171.9,177.93,225801
PEN,NYSE,2020/04/20 16:00:00,175,186.02,171.22,181.07,251060
PEN,NYSE,2020/04/21 16:00:00,178.07,182.39,175.08,181,187899
PEN,NYSE,2020/04/22 16:00:00,183.43,185,179.86,180.74,162048
PEN,NYSE,2020/04/23 16:00:00,182.32,188.74,180.64,187,177845
PEN,NYSE,2020/04/24 16:00:00,189.81,191,186.58,190.02,156683
PEN,NYSE,2020/04/27 16:00:00,191,193.21,188.54,189.29,181674
PEN,NYSE,2020/04/28 16:00:00,191.3,191.88,178.68,179.4,254224
PEN,NYSE,2020/04/29 16:00:00,182.26,184.12,178.66,179.34,262468
PEN,NYSE,2020/04/30 16:00:00,178.44,181.36,174.48,177.32,200214
PEN,NYSE,2020/05/01 16:00:00,174.53,175.35,169,170.62,223438
PEN,NYSE,2020/05/04 16:00:00,169.67,172.36,168.75,171.25,168626
PEN,NYSE,2020/05/05 16:00:00,173.1,178.57,171.83,176.43,209027
PEN,NYSE,2020/05/06 16:00:00,178.55,181.99,173.85,176.6,174849
PEN,NYSE,2020/05/07 16:00:00,179.63,187.99,177.96,184.38,271775
PEN,NYSE,2020/05/08 16:00:00,185,185,177,179.07,364081
PEN,NYSE,2020/05/11 16:00:00,176.87,192.92,176.33,191.72,374594
PEN,NYSE,2020/05/12 16:00:00,190,190.32,179.69,180.84,531839
PEN,NYSE,2020/05/13 16:00:00,180,180.05,162,165.17,445837
PEN,NYSE,2020/05/14 16:00:00,162.26,170.22,161.88,169.05,197924
PEN,NYSE,2020/05/15 16:00:00,168.15,172.37,167.94,171.14,160053
PEN,NYSE,2020/05/18 16:00:00,174.49,178.49,171.42,173.32,166592
PEN,NYSE,2020/05/19 16:00:00,172.95,174.83,168.67,168.86,144199
PEN,NYSE,2020/05/20 16:00:00,170.63,176.59,169.09,175.31,174376
PEN,NYSE,2020/05/21 16:00:00,175.07,176.96,171.15,176.11,223377
PEN,NYSE,2020/05/22 16:00:00,177.53,177.53,174.93,176.99,156319
PEN,NYSE,2020/05/26 16:00:00,180.29,180.29,169.22,169.62,201396
PEN,NYSE,2020/05/27 16:00:00,169.49,171.76,161.11,171.15,204579
PEN,NYSE,2020/05/28 16:00:00,169.35,181.55,169.34,172.72,483579
PEN,NYSE,2020/05/29 16:00:00,173.41,174.44,167.07,172.42,253908
PEN,NYSE,2020/06/01 16:00:00,172.83,177.18,169.12,176.03,203645
PEN,NYSE,2020/06/02 16:00:00,175.83,177.74,173.09,176.29,211132
PEN,NYSE,2020/06/03 16:00:00,177.39,178.3,173.69,176.65,183503
PEN,NYSE,2020/06/04 16:00:00,175.13,179.27,173.08,174.73,246036
PEN,NYSE,2020/06/05 16:00:00,175.89,179.57,173.5,179.04,217722
PEN,NYSE,2020/06/08 16:00:00,179.45,182.13,176.79,178.17,197366
PEN,NYSE,2020/06/09 16:00:00,177.86,177.86,170.48,171.12,188504
PEN,NYSE,2020/06/10 16:00:00,170.97,173.04,169.73,170.81,164029
PEN,NYSE,2020/06/11 16:00:00,168,168.58,165.42,166.88,441312
PEN,NYSE,2020/06/12 16:00:00,170.41,171.9,164.5,167.7,307613
PEN,NYSE,2020/06/15 16:00:00,165.97,173.88,163.48,172.5,220864
PEN,NYSE,2020/06/16 16:00:00,177,177.78,169.41,170.11,250315
PEN,NYSE,2020/06/17 16:00:00,171.74,173.52,169.58,171.4,198477
PEN,NYSE,2020/06/18 16:00:00,171.05,175.58,170.8,173.09,222865
PEN,NYSE,2020/06/19 16:00:00,174.63,181.78,173.73,177.92,456665
PEN,NYSE,2020/06/22 16:00:00,177.81,180.57,175.49,178.29,226460
PEN,NYSE,2020/06/23 16:00:00,179.79,185.04,179.29,182.91,245407
PEN,NYSE,2020/06/24 16:00:00,182.57,182.57,172.41,173,166834
PEN,NYSE,2020/06/25 16:00:00,173.17,174.36,168.54,173.31,210692
PEN,NYSE,2020/06/26 16:00:00,173.52,175.69,169.5,170.67,413841
PEN,NYSE,2020/06/29 16:00:00,172.36,173.89,169.19,172.38,126273
PEN,NYSE,2020/06/30 16:00:00,173.23,179.82,173.23,178.82,309464
PEN,NYSE,2020/07/01 16:00:00,179.07,186.78,178.64,185.27,293257
PEN,NYSE,2020/07/02 16:00:00,186.48,189.23,185.39,187.95,217548
PEN,NYSE,2020/07/06 16:00:00,190,192.87,188.49,191.26,485363
PEN,NYSE,2020/07/07 16:00:00,190.94,193.52,189.52,191.17,215538
PEN,NYSE,2020/07/08 16:00:00,191.8,194.18,191.31,193.98,186958
PEN,NYSE,2020/07/09 16:00:00,195,195,189.95,193.56,138612
PEN,NYSE,2020/07/10 16:00:00,193,193,189.8,191.87,137168
PEN,NYSE,2020/07/13 16:00:00,192.47,195,185.59,185.9,210000
PEN,NYSE,2020/07/14 16:00:00,185.47,187.12,182.3,186.92,124692
PEN,NYSE,2020/07/15 16:00:00,189.94,193.91,189.91,192.86,177927
PEN,NYSE,2020/07/16 16:00:00,192.41,192.97,186.81,188.37,86944
PEN,NYSE,2020/07/17 16:00:00,189.23,196.93,189.13,196.5,313774
PEN,NYSE,2020/07/20 16:00:00,197.69,200.93,195.25,200.53,221525
PEN,NYSE,2020/07/21 16:00:00,202,202.24,198.53,200.79,146695
PEN,NYSE,2020/07/22 16:00:00,200.65,203.65,200.19,203.34,141054
PEN,NYSE,2020/07/23 16:00:00,204.3,212.57,203.16,207.19,246618
PEN,NYSE,2020/07/24 16:00:00,207.47,209.88,202.26,209.54,141671
PEN,NYSE,2020/07/27 16:00:00,209.64,213.11,208.21,212.94,160346
PEN,NYSE,2020/07/28 16:00:00,211.87,213.99,207.22,213,314535
PEN,NYSE,2020/07/29 16:00:00,214.22,222.36,213.6,221,359368
PEN,NYSE,2020/07/30 16:00:00,217.84,225.64,215.66,224.53,208073
PEN,NYSE,2020/07/31 16:00:00,223.31,224.42,216.19,221.91,426650
PEN,NYSE,2020/08/03 16:00:00,223.29,230.86,221.93,229.48,438507
PEN,NYSE,2020/08/04 16:00:00,225,228.02,213.28,227.47,498061
PEN,NYSE,2020/08/05 16:00:00,228.99,237.23,228.99,236.07,196410
PEN,NYSE,2020/08/06 16:00:00,224.22,233.12,224.22,232.75,275510
PEN,NYSE,2020/08/07 16:00:00,232.86,237.96,232.03,234.2,165387
PEN,NYSE,2020/08/10 16:00:00,234,234,231.04,232.49,127548
PEN,NYSE,2020/08/11 16:00:00,233.81,234.62,228.63,232.9,316660
PEN,NYSE,2020/08/12 16:00:00,234,239.14,232.44,237,207017
PEN,NYSE,2020/08/13 16:00:00,237.16,241.81,236.96,238.73,209426
PEN,NYSE,2020/08/14 16:00:00,238.2,238.2,233.06,233.61,120663
PEN,NYSE,2020/08/17 16:00:00,235.09,238.17,234.25,234.31,318748
PEN,NYSE,2020/08/18 16:00:00,234.23,237.06,233.47,233.62,304929
PEN,NYSE,2020/08/19 16:00:00,235.14,236.43,232.47,232.97,278525
PEN,NYSE,2020/08/20 16:00:00,232.1,235.09,230.8,230.81,240470
PEN,NYSE,2020/08/21 16:00:00,229.83,233.17,228.72,232.67,243419
PEN,NYSE,2020/08/24 16:00:00,235.28,235.53,228.89,230.65,142657
PEN,NYSE,2020/08/25 16:00:00,230.67,233.37,230.43,231.56,142280
PEN,NYSE,2020/08/26 16:00:00,231,231.49,229.3,230,162785
PEN,NYSE,2020/08/27 16:00:00,230,232.63,223.68,224.65,465496
PEN,NYSE,2020/08/28 16:00:00,224.64,224.64,216.65,220.95,778385
PEN,NYSE,2020/08/31 16:00:00,220.21,221.03,208.47,209.15,701304
PEN,NYSE,2020/09/01 16:00:00,209.2,213.73,209.2,212.99,260523
PEN,NYSE,2020/09/02 16:00:00,214.22,215.44,208.45,214.22,279901
PEN,NYSE,2020/09/03 16:00:00,212.32,212.32,201.4,206.1,493576
PEN,NYSE,2020/09/04 16:00:00,206.72,208.74,200.49,206.4,266850
PEN,NYSE,2020/09/08 16:00:00,200.92,203.86,197.61,198.15,394386
PEN,NYSE,2020/09/09 16:00:00,199.85,204.71,199.85,203.52,361721
PEN,NYSE,2020/09/10 16:00:00,203.53,207.19,200.61,200.83,164906
PEN,NYSE,2020/09/11 16:00:00,202.19,203.22,198.8,199.43,276137
PEN,NYSE,2020/09/14 16:00:00,200.97,202.67,186.08,193.66,1532681
PEN,NYSE,2020/09/15 16:00:00,195.76,201.59,194.44,197.88,608646
PEN,NYSE,2020/09/16 16:00:00,198.32,199.1,193.74,196,390821
PEN,NYSE,2020/09/17 16:00:00,194.35,199.63,192.83,199.28,428216
PEN,NYSE,2020/09/18 16:00:00,201.6,207.33,200.19,205.98,740708
PEN,NYSE,2020/09/21 16:00:00,200.75,202.68,193.11,202.45,410012
PEN,NYSE,2020/09/22 16:00:00,203.19,204.7,198.64,204.3,231671
PEN,NYSE,2020/09/23 16:00:00,205.48,209.09,202.82,204.47,341590
PEN,NYSE,2020/09/24 16:00:00,203.28,204.9,193.38,193.39,404179
PEN,NYSE,2020/09/25 16:00:00,192.68,195.25,187.43,194.18,332550
PEN,NYSE,2020/09/28 16:00:00,197.16,197.31,191.77,194.46,408666
PEN,NYSE,2020/09/29 16:00:00,198.18,199.51,193.11,193.45,345739
PEN,NYSE,2020/09/30 16:00:00,193.81,198.16,192.86,194.38,422978
PEN,NYSE,2020/10/01 16:00:00,196.06,198.18,190.37,190.4,398412
PEN,NYSE,2020/10/02 16:00:00,188.01,189.73,183.55,186.92,429642
PEN,NYSE,2020/10/05 16:00:00,188.26,191.25,186.92,190,396939
PEN,NYSE,2020/10/06 16:00:00,191.24,192.99,187.85,188.98,295779
PEN,NYSE,2020/10/07 16:00:00,191.98,199.75,191.95,197.9,489670
PEN,NYSE,2020/10/08 16:00:00,199.9,208.22,197.65,207.98,402524
PEN,NYSE,2020/10/09 16:00:00,210.41,216.38,206.03,216.06,508799
PEN,NYSE,2020/10/12 16:00:00,216.8,217.49,208.7,209.94,374852
PEN,NYSE,2020/10/13 16:00:00,207.58,210.88,206.36,207.75,208996
PEN,NYSE,2020/10/14 16:00:00,207.9,209.87,204.28,205.8,262643
PEN,NYSE,2020/10/15 16:00:00,203.04,217.37,202.29,215.4,380958
PEN,NYSE,2020/10/16 16:00:00,215.26,220.12,213.88,214,248791
PEN,NYSE,2020/10/19 16:00:00,214.11,220.03,212.1,213.51,300415
PEN,NYSE,2020/10/20 16:00:00,214.36,218.8,212.17,212.58,285105
PEN,NYSE,2020/10/21 16:00:00,212.07,220.23,211.83,219.41,330458
PEN,NYSE,2020/10/22 16:00:00,220.19,230.4,220.19,230.32,497994
PEN,NYSE,2020/10/23 16:00:00,230.87,236.09,228.47,236,373196
PEN,NYSE,2020/10/26 16:00:00,234.43,237.3,232.15,236.71,548101
PEN,NYSE,2020/10/27 16:00:00,237,241.8,235.03,238.83,420789
PEN,NYSE,2020/10/28 16:00:00,237.81,237.81,227.07,232.72,473243
PEN,NYSE,2020/10/29 16:00:00,252,277,248.51,264.18,1363975
PEN,NYSE,2020/10/30 16:00:00,260.53,265.04,249.75,261.03,549740
PEN,NYSE,2020/11/02 16:00:00,263.07,263.07,241.66,248.17,538194
PEN,NYSE,2020/11/03 16:00:00,249.95,253.36,246.05,249.69,442546
PEN,NYSE,2020/11/04 16:00:00,253.6,256.9,244.08,249,453414
PEN,NYSE,2020/11/05 16:00:00,253.8,256,247.99,248.59,349630
PEN,NYSE,2020/11/06 16:00:00,248.48,252.77,240.36,251.22,311206
PEN,NYSE,2020/11/09 16:00:00,255.99,255.99,241.87,242.46,445597
PEN,NYSE,2020/11/10 16:00:00,233.9,264.89,223.39,261.15,1666541
PEN,NYSE,2020/11/11 16:00:00,256.03,270.46,254.19,263.99,692173
PEN,NYSE,2020/11/12 16:00:00,262.89,273.94,260.58,272.83,578396
PEN,NYSE,2020/11/13 16:00:00,271.46,271.46,256.67,262.81,473543
PEN,NYSE,2020/11/16 16:00:00,262.77,270.66,259,262.38,291042
PEN,NYSE,2020/11/17 16:00:00,263.19,263.19,253.7,260,310318
PEN,NYSE,2020/11/18 16:00:00,261.33,262.65,254.63,258.3,363240
PEN,NYSE,2020/11/19 16:00:00,259.65,261.07,252.08,255.57,354674
PEN,NYSE,2020/11/20 16:00:00,255.97,264,255.53,259.15,346453
PEN,NYSE,2020/11/23 16:00:00,261.57,263.53,253.75,254.71,203809
PEN,NYSE,2020/11/24 16:00:00,255.68,257.08,233.22,234.18,748900
PEN,NYSE,2020/11/25 16:00:00,234.36,234.36,222.85,224.12,614006
PEN,NYSE,2020/11/27 13:00:00,222.83,228.4,219.3,226.59,391482
PEN,NYSE,2020/11/30 16:00:00,227.47,230.13,218.96,221.9,504934
PEN,NYSE,2020/12/01 16:00:00,223.06,223.06,211.17,216.38,1029323
PEN,NYSE,2020/12/02 16:00:00,215.97,215.97,202.09,205.24,1125583
PEN,NYSE,2020/12/03 16:00:00,202.51,208.86,190.16,206.25,1609926
PEN,NYSE,2020/12/04 16:00:00,205.04,210.11,200.99,209.89,612119
PEN,NYSE,2020/12/07 16:00:00,216,230.99,213.93,224.02,1460632
PEN,NYSE,2020/12/08 16:00:00,199.16,206.98,182.62,204.07,6444369
PEN,NYSE,2020/12/09 16:00:00,206.71,214.34,202.13,209.18,1319201
PEN,NYSE,2020/12/10 16:00:00,208,212.6,194.18,196.13,1139377
PEN,NYSE,2020/12/11 16:00:00,197.24,197.57,186.22,190.83,1148241
PEN,NYSE,2020/12/14 16:00:00,190.88,195.87,188.03,189.64,622023
PEN,NYSE,2020/12/15 16:00:00,189.01,190.44,181.86,188.82,1216125
PEN,NYSE,2020/12/16 16:00:00,174,175.72,163.49,174.98,2913197
PEN,NYSE,2020/12/17 16:00:00,176.23,181.62,173.45,180.54,895229
PEN,NYSE,2020/12/18 16:00:00,181.98,182.93,176.74,182,968192
PEN,NYSE,2020/12/21 16:00:00,179.81,186.28,177.32,185.91,642235
PEN,NYSE,2020/12/22 16:00:00,187.03,190.48,186.24,187.23,865779
PEN,NYSE,2020/12/23 16:00:00,188.6,196.1,188.27,194.74,800093
PEN,NYSE,2020/12/24 13:00:00,195,196.18,185.48,187.41,505306
PEN,NYSE,2020/12/28 16:00:00,189.64,190.38,173,175.95,888378
PEN,NYSE,2020/12/29 16:00:00,175,177.46,171.22,175.77,613566
PEN,NYSE,2020/12/30 16:00:00,178.31,179.7,174.5,176.91,434720
PEN,NYSE,2020/12/31 16:00:00,177.89,177.89,174.03,175,318055
PEN,NYSE,2021/01/04 16:00:00,174.32,179,171.56,175.6,507193
PEN,NYSE,2021/01/05 16:00:00,176.4,186.64,174.79,184.28,840151
PEN,NYSE,2021/01/06 16:00:00,182.44,190.28,182.39,189.71,724324
PEN,NYSE,2021/01/07 16:00:00,189.13,195.9,189,195.32,397740
PEN,NYSE,2021/01/08 16:00:00,195.68,201.51,195.42,197.71,501524
PEN,NYSE,2021/01/11 16:00:00,210,214,205.41,206.23,834143
PEN,NYSE,2021/01/12 16:00:00,205.11,216.63,205.11,213.59,597442
PEN,NYSE,2021/01/13 16:00:00,213.36,227.72,212.5,223.01,674623
PEN,NYSE,2021/01/14 16:00:00,222.9,235.44,222.9,233.04,700750
PEN,NYSE,2021/01/15 16:00:00,234.81,239.13,226.02,228.46,510230
PEN,NYSE,2021/01/19 16:00:00,230.69,237.48,228.8,236.88,489366
PEN,NYSE,2021/01/20 16:00:00,239.91,247.05,237.52,242.79,564452
PEN,NYSE,2021/01/21 16:00:00,242.34,248.37,237.31,245.7,271355
PEN,NYSE,2021/01/22 16:00:00,244.65,246.33,240.21,244.04,252643
PEN,NYSE,2021/01/25 16:00:00,245.93,284.93,245.9,255.94,1697878
PEN,NYSE,2021/01/26 16:00:00,250,267.09,250,265.6,822550
PEN,NYSE,2021/01/27 16:00:00,266,314.22,264,271.25,2858143
PEN,NYSE,2021/01/28 16:00:00,269.54,284.92,259.73,263.74,1038193
PEN,NYSE,2021/01/29 16:00:00,264.79,269.81,254.37,261.09,472221
PEN,NYSE,2021/02/01 16:00:00,277.19,277.19,253.85,253.86,760785
PEN,NYSE,2021/02/02 16:00:00,256,258.5,244.1,249.13,616862
PEN,NYSE,2021/02/03 16:00:00,250,251.83,243.25,243.4,505675
PEN,NYSE,2021/02/04 16:00:00,244.9,247.44,242.45,245.15,422930
PEN,NYSE,2021/02/05 16:00:00,246.49,259.96,243.69,259.37,314851
PEN,NYSE,2021/02/08 16:00:00,259.27,269.18,258.49,268.77,313126
PEN,NYSE,2021/02/09 16:00:00,270,280.43,268.92,277.86,311569
PEN,NYSE,2021/02/10 16:00:00,283.11,284.4,267.9,276.58,505944
PEN,NYSE,2021/02/11 16:00:00,281.43,281.43,270.82,273.64,254771
PEN,NYSE,2021/02/12 16:00:00,273.63,282.6,272.48,278.32,349636
PEN,NYSE,2021/02/16 16:00:00,283.48,284,272.93,277.6,211553
PEN,NYSE,2021/02/17 16:00:00,276.17,276.41,266.52,275.52,321082
PEN,NYSE,2021/02/18 16:00:00,274.43,283.48,269.42,277.61,397587
PEN,NYSE,2021/02/19 16:00:00,279.36,281.4,274,280.2,418490
PEN,NYSE,2021/02/22 16:00:00,278.17,282.55,273.22,280.03,447603
PEN,NYSE,2021/02/23 16:00:00,274.66,282.64,266.26,280.61,515131
PEN,NYSE,2021/02/24 16:00:00,300,301.25,285.5,288.94,846996
PEN,NYSE,2021/02/25 16:00:00,284.39,296.32,280.69,284.7,333954
PEN,NYSE,2021/02/26 16:00:00,284.79,289.28,276.95,284.43,471993
PEN,NYSE,2021/03/01 16:00:00,288.11,292.89,285.12,291.43,187380
PEN,NYSE,2021/03/02 16:00:00,292.72,292.72,280.06,283.15,222945
PEN,NYSE,2021/03/03 16:00:00,283.11,283.11,268.87,269.29,363237
PEN,NYSE,2021/03/04 16:00:00,268.73,273.2,253.79,263.24,414807
PEN,NYSE,2021/03/05 16:00:00,266.15,268.09,254.62,266.91,293008
PEN,NYSE,2021/03/08 16:00:00,268.45,273.2,261.53,263.75,209868
PEN,NYSE,2021/03/09 16:00:00,269.23,281.3,269.23,273.74,396921
PEN,NYSE,2021/03/10 16:00:00,276.61,286.72,276.12,276.63,217739
PEN,NYSE,2021/03/11 16:00:00,278.55,280.5,274.56,274.68,336030
PEN,NYSE,2021/03/12 16:00:00,272.5,280.33,265.96,278.74,243018
PEN,NYSE,2021/03/15 16:00:00,283.57,293.55,282.32,286.71,227898
PEN,NYSE,2021/03/16 16:00:00,289.55,292.76,282.98,284.58,296938
PEN,NYSE,2021/03/17 16:00:00,280.15,287.49,276.94,286.74,197476
PEN,NYSE,2021/03/18 16:00:00,284.63,287.93,276.39,278,208463
PEN,NYSE,2021/03/19 16:00:00,279.82,279.82,264.7,266.78,703281
PEN,NYSE,2021/03/22 16:00:00,266.03,270.09,264.9,267.4,319841
PEN,NYSE,2021/03/23 16:00:00,267.6,270.95,262.04,264.74,265164
PEN,NYSE,2021/03/24 16:00:00,265.32,266.63,259.88,262.5,194124
PEN,NYSE,2021/03/25 16:00:00,260.94,273.22,257.88,270.43,187413
PEN,NYSE,2021/03/26 16:00:00,270.09,274.69,256.09,262.97,234018
PEN,NYSE,2021/03/29 16:00:00,260.89,264.3,252.56,254.17,265555
PEN,NYSE,2021/03/30 16:00:00,255.09,260.19,252.03,259.37,184145
PEN,NYSE,2021/03/31 16:00:00,262.91,272.81,262.9,270.58,189261
PEN,NYSE,2021/04/01 16:00:00,272.61,280,270.77,274.31,261063
PEN,NYSE,2021/04/05 16:00:00,276.53,276.53,268.13,275.42,158569
PEN,NYSE,2021/04/06 16:00:00,276.59,278.45,273.56,274.04,295886
PEN,NYSE,2021/04/07 16:00:00,274,275.8,270.33,271.75,135791
PEN,NYSE,2021/04/08 16:00:00,273.61,279.35,270.24,272.06,427266
PEN,NYSE,2021/04/09 16:00:00,274.34,275.66,266.56,272.03,248040
AFG,NYSE,2019/04/01 16:00:00,96.94,97.22,96.05,96.97,546121
AFG,NYSE,2019/04/02 16:00:00,97.01,97.01,95.81,95.99,331267
AFG,NYSE,2019/04/03 16:00:00,96.73,96.76,95.74,96.23,222369
AFG,NYSE,2019/04/04 16:00:00,96.42,96.83,95.79,96.44,185097
AFG,NYSE,2019/04/05 16:00:00,96.45,96.68,96.12,96.61,479582
AFG,NYSE,2019/04/08 16:00:00,96.42,96.76,96.02,96.76,275865
AFG,NYSE,2019/04/09 16:00:00,96.38,96.38,95.6,95.88,337666
AFG,NYSE,2019/04/10 16:00:00,95.99,96.95,95.52,96.82,271816
AFG,NYSE,2019/04/11 16:00:00,97,97.97,96.67,97.76,254594
AFG,NYSE,2019/04/12 16:00:00,97.99,98.24,97.51,98.07,256674
AFG,NYSE,2019/04/15 16:00:00,98.05,98.42,97.7,97.99,135877
AFG,NYSE,2019/04/16 16:00:00,98.43,99.62,98.21,99.61,307845
AFG,NYSE,2019/04/17 16:00:00,99.88,99.96,98.93,99.33,411171
AFG,NYSE,2019/04/18 16:00:00,99.33,101,99.3,100,477863
AFG,NYSE,2019/04/22 16:00:00,99.85,99.85,98.75,99.72,315776
AFG,NYSE,2019/04/23 16:00:00,99.79,101.23,99.69,101.13,356792
AFG,NYSE,2019/04/24 16:00:00,100.98,101.85,100.98,101.31,253792
AFG,NYSE,2019/04/25 16:00:00,100.46,101.74,99.96,101.18,274919
AFG,NYSE,2019/04/26 16:00:00,101.4,101.95,100.98,101.83,229228
AFG,NYSE,2019/04/29 16:00:00,101.9,103.3,101.69,102.81,246587
AFG,NYSE,2019/04/30 16:00:00,102.78,103.58,101.73,103.53,615523
AFG,NYSE,2019/05/01 16:00:00,103.44,104.17,103.06,103.06,376112
AFG,NYSE,2019/05/02 16:00:00,104.47,104.54,101.45,102.49,478594
AFG,NYSE,2019/05/03 16:00:00,102.46,103.64,102.15,103.51,660240
AFG,NYSE,2019/05/06 16:00:00,102.76,104.28,102.72,104.22,390277
AFG,NYSE,2019/05/07 16:00:00,103.62,104.16,102.1,102.42,407431
AFG,NYSE,2019/05/08 16:00:00,101.82,103.28,101.45,102.01,257643
AFG,NYSE,2019/05/09 16:00:00,101.2,102.25,101.16,101.9,208931
AFG,NYSE,2019/05/10 16:00:00,101.61,103.37,101.24,103.13,239147
AFG,NYSE,2019/05/13 16:00:00,101.88,102.11,99.65,100.27,342896
AFG,NYSE,2019/05/14 16:00:00,99.1,99.89,98.49,99.29,306593
AFG,NYSE,2019/05/15 16:00:00,98.76,99.37,98.66,99.28,269928
AFG,NYSE,2019/05/16 16:00:00,99.52,100.35,99.1,99.8,165782
AFG,NYSE,2019/05/17 16:00:00,99.11,100,98.75,99,278868
AFG,NYSE,2019/05/20 16:00:00,99.02,99.66,98.98,99.31,161713
AFG,NYSE,2019/05/21 16:00:00,99.65,100.47,99.52,100.17,266437
AFG,NYSE,2019/05/22 16:00:00,99.83,100.55,99.48,100.5,185826
AFG,NYSE,2019/05/23 16:00:00,99.83,99.94,98.58,99.31,299091
AFG,NYSE,2019/05/24 16:00:00,99.69,99.97,98.91,99.75,242659
AFG,NYSE,2019/05/28 16:00:00,99.86,100,98.34,98.5,391713
AFG,NYSE,2019/05/29 16:00:00,98.49,99.31,98.17,99.07,364860
AFG,NYSE,2019/05/30 16:00:00,99.14,99.98,98.27,98.66,281802
AFG,NYSE,2019/05/31 16:00:00,97.93,98.56,97.54,98.2,416669
AFG,NYSE,2019/06/03 16:00:00,98.01,99.81,98,99.72,613397
AFG,NYSE,2019/06/04 16:00:00,100.5,101.52,100.02,101.46,378371
AFG,NYSE,2019/06/05 16:00:00,101,102.3,100.91,101.8,427376
AFG,NYSE,2019/06/06 16:00:00,101.85,102.14,101.26,101.53,413211
AFG,NYSE,2019/06/07 16:00:00,101.46,101.89,100.8,100.88,231330
AFG,NYSE,2019/06/10 16:00:00,101,101.27,100.26,100.83,589834
AFG,NYSE,2019/06/11 16:00:00,101.42,101.61,100.21,101.06,400058
AFG,NYSE,2019/06/12 16:00:00,101.21,101.88,100.99,101.87,312715
AFG,NYSE,2019/06/13 16:00:00,102.42,104.26,101.97,104.24,541984
AFG,NYSE,2019/06/14 16:00:00,104.51,104.74,103.78,104.43,324384
AFG,NYSE,2019/06/17 16:00:00,104.43,104.51,103.42,103.48,259221
AFG,NYSE,2019/06/18 16:00:00,103.48,104.21,102.8,103.34,239104
AFG,NYSE,2019/06/19 16:00:00,103.26,104.02,103.26,103.59,241523
AFG,NYSE,2019/06/20 16:00:00,104.03,104.26,102.61,103.9,365468
AFG,NYSE,2019/06/21 16:00:00,103.5,103.62,102.8,103,482752
AFG,NYSE,2019/06/24 16:00:00,102.98,103.79,102.43,102.55,165885
AFG,NYSE,2019/06/25 16:00:00,102.34,103,102.12,102.44,403002
AFG,NYSE,2019/06/26 16:00:00,102.64,103,100.98,101,410357
AFG,NYSE,2019/06/27 16:00:00,101.36,102.13,101.25,102.12,341772
AFG,NYSE,2019/06/28 16:00:00,102.28,103.43,101.85,102.47,701267
AFG,NYSE,2019/07/01 16:00:00,103.41,103.5,102.47,103.22,401958
AFG,NYSE,2019/07/02 16:00:00,103.43,103.88,102.78,103.88,362412
AFG,NYSE,2019/07/03 13:00:00,104.23,105.46,104.09,105.37,173686
AFG,NYSE,2019/07/05 16:00:00,105.37,105.75,105.05,105.75,327899
AFG,NYSE,2019/07/08 16:00:00,105.53,105.97,105.17,105.29,285588
AFG,NYSE,2019/07/09 16:00:00,105,105.74,104.87,105.59,497080
AFG,NYSE,2019/07/10 16:00:00,105.82,105.93,105.1,105.4,326565
AFG,NYSE,2019/07/11 16:00:00,105.61,105.85,104.65,105.05,322397
AFG,NYSE,2019/07/12 16:00:00,104.7,105.67,104.53,105.22,532750
AFG,NYSE,2019/07/15 16:00:00,105.54,105.54,104.4,104.99,349579
AFG,NYSE,2019/07/16 16:00:00,105.18,105.82,105.01,105.15,428753
AFG,NYSE,2019/07/17 16:00:00,104.97,105,103.72,103.87,263021
AFG,NYSE,2019/07/18 16:00:00,103.82,104.81,103.82,104.68,278474
AFG,NYSE,2019/07/19 16:00:00,104.92,105.14,103.71,103.79,233625
AFG,NYSE,2019/07/22 16:00:00,103.8,103.98,103.1,103.14,221649
AFG,NYSE,2019/07/23 16:00:00,103.3,103.55,102.87,103.31,239604
AFG,NYSE,2019/07/24 16:00:00,102.96,103.93,102.89,103.57,339652
AFG,NYSE,2019/07/25 16:00:00,103.57,103.76,102.55,102.62,257318
AFG,NYSE,2019/07/26 16:00:00,102.61,103.8,102.1,103.67,398327
AFG,NYSE,2019/07/29 16:00:00,103.56,104.06,102.2,102.63,311725
AFG,NYSE,2019/07/30 16:00:00,102.13,102.97,102.03,102.65,199759
AFG,NYSE,2019/07/31 16:00:00,102.59,103.74,101.9,102.38,451678
AFG,NYSE,2019/08/01 16:00:00,102.4,102.84,100.51,101.02,332606
AFG,NYSE,2019/08/02 16:00:00,100.84,101.62,100.65,100.85,242401
AFG,NYSE,2019/08/05 16:00:00,99.86,100.02,97.72,97.88,553409
AFG,NYSE,2019/08/06 16:00:00,97.92,100.48,97.71,100.04,450117
AFG,NYSE,2019/08/07 16:00:00,98.3,101.15,96.86,100.77,450241
AFG,NYSE,2019/08/08 16:00:00,101.37,103.43,101.37,103.27,434968
AFG,NYSE,2019/08/09 16:00:00,102.96,103.96,102.77,102.83,327637
AFG,NYSE,2019/08/12 16:00:00,102.28,102.89,101.23,101.59,150415
AFG,NYSE,2019/08/13 16:00:00,101.36,102.85,101.29,102.33,335013
AFG,NYSE,2019/08/14 16:00:00,100.95,101.68,98.29,98.58,383615
AFG,NYSE,2019/08/15 16:00:00,98.98,99,98.07,98.26,518392
AFG,NYSE,2019/08/16 16:00:00,98.93,100.55,98.89,99.7,398098
AFG,NYSE,2019/08/19 16:00:00,101.01,101.06,100.19,100.56,469249
AFG,NYSE,2019/08/20 16:00:00,100.4,100.45,99.13,99.18,320275
AFG,NYSE,2019/08/21 16:00:00,99.81,99.9,99.24,99.75,426087
AFG,NYSE,2019/08/22 16:00:00,100.44,101.9,100.26,101.39,328719
AFG,NYSE,2019/08/23 16:00:00,101.12,102.11,99.48,99.93,357710
AFG,NYSE,2019/08/26 16:00:00,100.32,100.58,99.44,100.35,337598
AFG,NYSE,2019/08/27 16:00:00,100.87,101.04,99.43,100.06,466565
AFG,NYSE,2019/08/28 16:00:00,99.69,100.64,99.42,99.8,271626
AFG,NYSE,2019/08/29 16:00:00,100.52,100.93,100.08,100.37,181554
AFG,NYSE,2019/08/30 16:00:00,100.97,101.6,100.6,100.97,219647
AFG,NYSE,2019/09/03 16:00:00,100.19,101.82,99.91,101.6,392429
AFG,NYSE,2019/09/04 16:00:00,102.66,102.74,101.68,102.44,245442
AFG,NYSE,2019/09/05 16:00:00,103.57,104.89,103,103.83,408972
AFG,NYSE,2019/09/06 16:00:00,103.67,104.2,102.97,103.8,328177
AFG,NYSE,2019/09/09 16:00:00,104.48,104.87,103.75,104.84,270761
AFG,NYSE,2019/09/10 16:00:00,104.96,104.96,103.9,104.17,459215
AFG,NYSE,2019/09/11 16:00:00,104.32,104.99,103.37,104.99,293739
AFG,NYSE,2019/09/12 16:00:00,105,106.38,104.51,106.31,427538
AFG,NYSE,2019/09/13 16:00:00,106.37,106.86,105.92,106.56,548560
AFG,NYSE,2019/09/16 16:00:00,105.91,108.17,105.62,108.08,523393
AFG,NYSE,2019/09/17 16:00:00,107.81,108.37,107.71,108.35,401845
AFG,NYSE,2019/09/18 16:00:00,107.82,109.55,107.07,109.25,426554
AFG,NYSE,2019/09/19 16:00:00,109.12,109.8,108.66,108.69,304966
AFG,NYSE,2019/09/20 16:00:00,108.78,109.07,107.63,107.76,889030
AFG,NYSE,2019/09/23 16:00:00,107.09,107.59,106.86,107.1,318835
AFG,NYSE,2019/09/24 16:00:00,107.31,107.75,106.33,106.78,308182
AFG,NYSE,2019/09/25 16:00:00,106.8,107.61,106.35,107.54,288993
AFG,NYSE,2019/09/26 16:00:00,107.5,108.24,107.02,107.69,194318
AFG,NYSE,2019/09/27 16:00:00,108.2,108.2,106.51,106.99,229656
AFG,NYSE,2019/09/30 16:00:00,107.29,108.08,106.73,107.85,310688
AFG,NYSE,2019/10/01 16:00:00,108.09,108.64,105.44,105.47,373648
AFG,NYSE,2019/10/02 16:00:00,105.7,106.41,102.42,102.92,278513
AFG,NYSE,2019/10/03 16:00:00,102.53,103.23,102,102.89,261578
AFG,NYSE,2019/10/04 16:00:00,102.93,104.31,102.55,104.27,185442
AFG,NYSE,2019/10/07 16:00:00,103.96,103.99,103.06,103.06,351187
AFG,NYSE,2019/10/08 16:00:00,102.39,102.67,100.5,100.52,366167
AFG,NYSE,2019/10/09 16:00:00,101.26,101.78,100.32,101.22,346046
AFG,NYSE,2019/10/10 16:00:00,101.41,102.54,101.37,102.13,242860
AFG,NYSE,2019/10/11 16:00:00,102.55,103.93,102.35,102.79,346782
AFG,NYSE,2019/10/14 16:00:00,102.55,103.06,102.49,102.52,224127
AFG,NYSE,2019/10/15 16:00:00,102.75,103.44,102.4,102.46,219596
AFG,NYSE,2019/10/16 16:00:00,102.35,102.5,101.55,102.23,349660
AFG,NYSE,2019/10/17 16:00:00,102.74,103.63,102.39,103.58,403166
AFG,NYSE,2019/10/18 16:00:00,103.27,104.18,102.89,104.03,184610
AFG,NYSE,2019/10/21 16:00:00,104.89,105.18,104.43,104.72,214365
AFG,NYSE,2019/10/22 16:00:00,104.44,104.54,103.34,103.46,234992
AFG,NYSE,2019/10/23 16:00:00,103.52,104.99,103,103.55,141025
AFG,NYSE,2019/10/24 16:00:00,103.73,103.94,101.57,102.36,156370
AFG,NYSE,2019/10/25 16:00:00,102.08,102.33,101.44,102.21,152963
AFG,NYSE,2019/10/28 16:00:00,102.74,103.1,102.12,102.48,225352
AFG,NYSE,2019/10/29 16:00:00,102.28,103.43,102.25,103.37,335164
AFG,NYSE,2019/10/30 16:00:00,100.64,106.49,100,103.45,497991
AFG,NYSE,2019/10/31 16:00:00,103.08,104.2,102.01,104.04,338217
AFG,NYSE,2019/11/01 16:00:00,104.57,105.75,104.2,105.36,279578
AFG,NYSE,2019/11/04 16:00:00,105.55,105.92,103.84,104.5,393227
AFG,NYSE,2019/11/05 16:00:00,105.31,106.82,105.11,106.68,291292
AFG,NYSE,2019/11/06 16:00:00,106.62,108,106.21,107.83,307952
AFG,NYSE,2019/11/07 16:00:00,108,109.79,107.94,109.04,561601
AFG,NYSE,2019/11/08 16:00:00,108.67,110.65,108.36,110.52,441554
AFG,NYSE,2019/11/11 16:00:00,109.81,110.88,109.5,109.82,400722
AFG,NYSE,2019/11/12 16:00:00,109.69,110.6,109.39,110.32,254676
AFG,NYSE,2019/11/13 16:00:00,109.72,110.14,108.99,110.08,397222
AFG,NYSE,2019/11/14 16:00:00,108.14,108.54,107.79,108.53,285774
AFG,NYSE,2019/11/15 16:00:00,108.81,108.83,108.26,108.64,367455
AFG,NYSE,2019/11/18 16:00:00,108.53,108.53,107.79,108,366150
AFG,NYSE,2019/11/19 16:00:00,108.21,108.55,107.84,107.99,409831
AFG,NYSE,2019/11/20 16:00:00,107.76,108.89,107.33,108.83,397464
AFG,NYSE,2019/11/21 16:00:00,108.3,108.72,106.94,107.12,311329
AFG,NYSE,2019/11/22 16:00:00,107.49,107.9,106.53,107.46,666215
AFG,NYSE,2019/11/25 16:00:00,107.36,108.11,107.35,107.83,300708
AFG,NYSE,2019/11/26 16:00:00,108.2,110.28,107.94,110.12,825632
AFG,NYSE,2019/11/27 16:00:00,110.62,110.69,109.59,110.61,270125
AFG,NYSE,2019/11/29 13:00:00,110.34,110.61,109.61,109.71,166784
AFG,NYSE,2019/12/02 16:00:00,110.11,110.11,108.87,109.2,611874
AFG,NYSE,2019/12/03 16:00:00,108.63,109.25,107.65,108.37,446002
AFG,NYSE,2019/12/04 16:00:00,108.47,109.82,108.35,109.33,310698
AFG,NYSE,2019/12/05 16:00:00,109.16,109.55,108.68,109.32,245588
AFG,NYSE,2019/12/06 16:00:00,110.41,110.8,110.01,110.41,302688
AFG,NYSE,2019/12/09 16:00:00,110.28,111.18,109.79,110.79,199370
AFG,NYSE,2019/12/10 16:00:00,110.69,111.14,110.23,110.75,301821
AFG,NYSE,2019/12/11 16:00:00,110.7,111.27,109.61,110.16,274247
AFG,NYSE,2019/12/12 16:00:00,110.41,111.86,110.18,110.87,385446
AFG,NYSE,2019/12/13 16:00:00,110.45,110.97,109.64,109.82,301233
AFG,NYSE,2019/12/16 16:00:00,110.46,111.28,110.08,110.83,539726
AFG,NYSE,2019/12/17 16:00:00,111.02,111.64,111.02,111.58,530447
AFG,NYSE,2019/12/18 16:00:00,111.59,111.61,110.4,110.73,325472
AFG,NYSE,2019/12/19 16:00:00,110.93,110.94,110.1,110.7,324812
AFG,NYSE,2019/12/20 16:00:00,111.44,111.74,110.34,110.6,857253
AFG,NYSE,2019/12/23 16:00:00,110.63,110.71,109,109.41,392821
AFG,NYSE,2019/12/24 13:00:00,109.6,109.67,109.08,109.08,91466
AFG,NYSE,2019/12/26 16:00:00,109.27,109.69,108.91,109.29,102457
AFG,NYSE,2019/12/27 16:00:00,109.51,109.84,109.16,109.18,120887
AFG,NYSE,2019/12/30 16:00:00,109.29,109.57,108.88,109.46,236493
AFG,NYSE,2019/12/31 16:00:00,109.25,110.17,109.23,109.65,216582
AFG,NYSE,2020/01/02 16:00:00,110,111.16,109.51,111.16,539387
AFG,NYSE,2020/01/03 16:00:00,109.9,110.85,109.81,110.65,331987
AFG,NYSE,2020/01/06 16:00:00,109.94,110.38,109.48,109.77,287091
AFG,NYSE,2020/01/07 16:00:00,109.63,110.03,109.04,109.32,266202
AFG,NYSE,2020/01/08 16:00:00,109.69,110.16,109.17,109.52,233391
AFG,NYSE,2020/01/09 16:00:00,109.95,110.46,109.55,110.42,195159
AFG,NYSE,2020/01/10 16:00:00,110.59,110.77,109.43,109.68,235799
AFG,NYSE,2020/01/13 16:00:00,110.06,110.47,109.49,109.92,225018
AFG,NYSE,2020/01/14 16:00:00,109.32,110.44,108.94,110.07,336899
AFG,NYSE,2020/01/15 16:00:00,109.79,110.29,109.42,109.86,247208
AFG,NYSE,2020/01/16 16:00:00,110.19,111.21,110.19,110.69,273760
AFG,NYSE,2020/01/17 16:00:00,110.86,111.76,110.86,111.28,293375
AFG,NYSE,2020/01/21 16:00:00,111,111.47,110.68,110.71,450179
AFG,NYSE,2020/01/22 16:00:00,111.07,111.44,110.2,110.66,451944
AFG,NYSE,2020/01/23 16:00:00,109.9,110.58,109.17,110.24,274842
AFG,NYSE,2020/01/24 16:00:00,110.49,110.88,110.15,110.49,258995
AFG,NYSE,2020/01/27 16:00:00,108.87,109.65,108.48,108.53,359536
AFG,NYSE,2020/01/28 16:00:00,109.04,110.61,108.77,109.2,374993
AFG,NYSE,2020/01/29 16:00:00,109.57,109.87,108.81,108.92,400393
AFG,NYSE,2020/01/30 16:00:00,108.31,110.75,108.01,110.61,424078
AFG,NYSE,2020/01/31 16:00:00,110.27,110.38,108.72,108.79,374686
AFG,NYSE,2020/02/03 16:00:00,109.14,110.58,108.93,109.53,561251
AFG,NYSE,2020/02/04 16:00:00,109.08,111.9,109.08,110.09,606153
AFG,NYSE,2020/02/05 16:00:00,111.28,112.82,110.75,112.31,625083
AFG,NYSE,2020/02/06 16:00:00,112.72,113.13,111.97,112.05,415950
AFG,NYSE,2020/02/07 16:00:00,112.02,113.38,111.74,113.28,309826
AFG,NYSE,2020/02/10 16:00:00,113.26,113.26,112.32,112.94,345049
AFG,NYSE,2020/02/11 16:00:00,113.5,115.03,113.44,114.53,336352
AFG,NYSE,2020/02/12 16:00:00,114.87,114.87,113.26,113.34,298120
AFG,NYSE,2020/02/13 16:00:00,113.07,113.6,112.7,112.81,330238
AFG,NYSE,2020/02/14 16:00:00,112.89,113.8,112.44,112.81,261313
AFG,NYSE,2020/02/18 16:00:00,112.33,112.72,111.38,112.13,227438
AFG,NYSE,2020/02/19 16:00:00,112.39,112.72,111.81,112.15,398949
AFG,NYSE,2020/02/20 16:00:00,111.95,112.4,111.2,112.3,266861
AFG,NYSE,2020/02/21 16:00:00,111.75,111.92,109.68,110.34,460644
AFG,NYSE,2020/02/24 16:00:00,107.87,108.31,106.21,106.4,381768
AFG,NYSE,2020/02/25 16:00:00,106.49,106.77,101.74,101.81,341037
AFG,NYSE,2020/02/26 16:00:00,102.14,103.09,100.25,100.28,395028
AFG,NYSE,2020/02/27 16:00:00,97.7,100.18,97.11,97.19,549834
AFG,NYSE,2020/02/28 16:00:00,95.08,95.82,91.07,92.42,792857
AFG,NYSE,2020/03/02 16:00:00,93.28,97.4,92.36,97.4,924809
AFG,NYSE,2020/03/03 16:00:00,97.11,97.59,91.6,91.75,575504
AFG,NYSE,2020/03/04 16:00:00,93.98,95.78,92.55,95.54,389578
AFG,NYSE,2020/03/05 16:00:00,92.57,93.12,91.32,92.77,711073
AFG,NYSE,2020/03/06 16:00:00,89.8,93.01,89.47,92.79,569135
AFG,NYSE,2020/03/09 16:00:00,86.32,87.2,83.24,84.72,880708
AFG,NYSE,2020/03/10 16:00:00,88.44,88.58,83.28,86.91,556944
AFG,NYSE,2020/03/11 16:00:00,84.13,85.62,82.41,83.31,703224
AFG,NYSE,2020/03/12 16:00:00,76.7,78.58,71.92,71.92,831732
AFG,NYSE,2020/03/13 16:00:00,75.77,76.33,69.05,76.24,706418
AFG,NYSE,2020/03/16 16:00:00,68,68.35,55.41,56.2,805876
AFG,NYSE,2020/03/17 16:00:00,58.03,60.88,54.05,60.78,1051499
AFG,NYSE,2020/03/18 16:00:00,56.42,58.31,44.01,46.98,978067
AFG,NYSE,2020/03/19 16:00:00,47.3,53.56,45.03,52.51,836828
AFG,NYSE,2020/03/20 16:00:00,52.18,54.34,50.37,51.16,1016906
AFG,NYSE,2020/03/23 16:00:00,49,50.54,45.07,48.75,1065451
AFG,NYSE,2020/03/24 16:00:00,51.92,59.13,48.93,59.13,798546
AFG,NYSE,2020/03/25 16:00:00,59.63,74.5,59.63,71.07,2060365
AFG,NYSE,2020/03/26 16:00:00,70.33,72.4,64.59,71.94,1156125
AFG,NYSE,2020/03/27 16:00:00,68.97,73.52,68.32,71.01,635788
AFG,NYSE,2020/03/30 16:00:00,70.81,71.85,66.74,71.56,639324
AFG,NYSE,2020/03/31 16:00:00,70.66,70.96,68.24,70.08,675666
AFG,NYSE,2020/04/01 16:00:00,67.57,68.93,64.61,65.11,808218
AFG,NYSE,2020/04/02 16:00:00,64.54,68.98,64.32,66.35,784173
AFG,NYSE,2020/04/03 16:00:00,65.3,66.78,62.66,64.09,619240
AFG,NYSE,2020/04/06 16:00:00,68.09,69.88,67.15,69.06,624115
AFG,NYSE,2020/04/07 16:00:00,73.12,76.05,71.68,72.13,551703
AFG,NYSE,2020/04/08 16:00:00,72.34,77.28,71.08,76.63,519551
AFG,NYSE,2020/04/09 16:00:00,79.5,81.73,78.43,80.49,472792
AFG,NYSE,2020/04/13 16:00:00,80.79,80.79,76.16,77.65,423441
AFG,NYSE,2020/04/14 16:00:00,78.82,79.66,75.01,75.78,486111
AFG,NYSE,2020/04/15 16:00:00,72.17,73.16,69.95,70.21,582888
AFG,NYSE,2020/04/16 16:00:00,68.33,69.88,64.42,66.81,948736
AFG,NYSE,2020/04/17 16:00:00,67.26,71.74,67.02,71.36,629973
AFG,NYSE,2020/04/20 16:00:00,68.63,69.7,66.38,67.16,819095
AFG,NYSE,2020/04/21 16:00:00,64.5,65.8,62.66,62.8,714927
AFG,NYSE,2020/04/22 16:00:00,65.47,65.71,62.23,62.28,752523
AFG,NYSE,2020/04/23 16:00:00,62.93,63.93,60.92,60.97,502144
AFG,NYSE,2020/04/24 16:00:00,62.39,62.47,60.16,61.65,423179
AFG,NYSE,2020/04/27 16:00:00,62.22,65.12,62.22,64.51,540652
AFG,NYSE,2020/04/28 16:00:00,67.19,68.24,65.98,67.13,666799
AFG,NYSE,2020/04/29 16:00:00,70.64,70.8,69.2,70.3,474260
AFG,NYSE,2020/04/30 16:00:00,68.5,69.77,66.15,66.24,506916
AFG,NYSE,2020/05/01 16:00:00,63.65,64.28,60.78,62.02,593386
AFG,NYSE,2020/05/04 16:00:00,60.98,61.83,59.46,61.66,630049
AFG,NYSE,2020/05/05 16:00:00,63.02,64.13,61.02,61.12,642831
AFG,NYSE,2020/05/06 16:00:00,61.67,61.67,58.48,58.5,520997
AFG,NYSE,2020/05/07 16:00:00,59.43,62.62,59.4,62.28,799941
AFG,NYSE,2020/05/08 16:00:00,64.22,65.81,63.62,65.74,614720
AFG,NYSE,2020/05/11 16:00:00,64.38,65.44,62.14,63.54,761248
AFG,NYSE,2020/05/12 16:00:00,64.41,65.23,58.03,59.85,1431759
AFG,NYSE,2020/05/13 16:00:00,58.99,59.58,54.34,54.57,981299
AFG,NYSE,2020/05/14 16:00:00,54.37,55.81,51.55,55.3,910944
AFG,NYSE,2020/05/15 16:00:00,54.77,54.8,52.3,54.44,1664462
AFG,NYSE,2020/05/18 16:00:00,58.58,59.22,56.71,58.01,711210
AFG,NYSE,2020/05/19 16:00:00,57.36,57.52,55.86,55.88,546598
AFG,NYSE,2020/05/20 16:00:00,56.6,58.36,56.19,58.08,665300
AFG,NYSE,2020/05/21 16:00:00,58.09,60.67,57.86,60.51,861842
AFG,NYSE,2020/05/22 16:00:00,60.5,60.59,58.57,59.81,840867
AFG,NYSE,2020/05/26 16:00:00,63.43,65.13,62.14,64.14,885588
AFG,NYSE,2020/05/27 16:00:00,65.63,67.79,65.12,67.01,1169371
AFG,NYSE,2020/05/28 16:00:00,67.7,67.71,63.22,63.66,1984486
AFG,NYSE,2020/05/29 16:00:00,62.73,62.73,59.78,60.24,3486444
AFG,NYSE,2020/06/01 16:00:00,60.62,61.73,59.19,60.32,972561
AFG,NYSE,2020/06/02 16:00:00,61.04,61.89,60.44,61.61,1431020
AFG,NYSE,2020/06/03 16:00:00,63.84,66.81,63.21,65,848234
AFG,NYSE,2020/06/04 16:00:00,64.65,66.23,62.75,65.9,1100148
AFG,NYSE,2020/06/05 16:00:00,70.77,73.21,69.48,71.53,872964
AFG,NYSE,2020/06/08 16:00:00,72.72,74.95,72.02,74.89,683607
AFG,NYSE,2020/06/09 16:00:00,72.12,73.04,70.63,71.44,805484
AFG,NYSE,2020/06/10 16:00:00,70.58,70.58,66.38,66.63,660766
AFG,NYSE,2020/06/11 16:00:00,61.47,64.28,60.04,60.33,707374
AFG,NYSE,2020/06/12 16:00:00,64.39,64.83,60.53,62.33,816842
AFG,NYSE,2020/06/15 16:00:00,58.57,64.92,58.57,64.28,871017
AFG,NYSE,2020/06/16 16:00:00,68.04,68.39,64.86,65.5,663654
AFG,NYSE,2020/06/17 16:00:00,65.46,66.65,64.06,64.11,625196
AFG,NYSE,2020/06/18 16:00:00,63.1,65.82,63.1,65.1,690711
AFG,NYSE,2020/06/19 16:00:00,66.07,66.67,62.93,63.33,2140814
AFG,NYSE,2020/06/22 16:00:00,62.58,63.9,61.54,63.3,494398
AFG,NYSE,2020/06/23 16:00:00,64.65,65.23,63.11,63.33,494504
AFG,NYSE,2020/06/24 16:00:00,61.98,62.32,59.85,60.34,391702
AFG,NYSE,2020/06/25 16:00:00,59.54,62.29,59.19,61.92,663462
AFG,NYSE,2020/06/26 16:00:00,60.68,61,58.4,58.73,849230
AFG,NYSE,2020/06/29 16:00:00,59.87,61.63,58.81,61.34,834393
AFG,NYSE,2020/06/30 16:00:00,61.11,63.65,61.11,63.46,968299
AFG,NYSE,2020/07/01 16:00:00,63.28,63.75,60.55,60.78,503398
AFG,NYSE,2020/07/02 16:00:00,62.53,63.68,59.54,59.6,681060
AFG,NYSE,2020/07/06 16:00:00,61.73,62.42,60.46,61.06,362962
AFG,NYSE,2020/07/07 16:00:00,60.06,60.36,57.84,57.94,613239
AFG,NYSE,2020/07/08 16:00:00,58.36,61.25,58.23,60.14,482489
AFG,NYSE,2020/07/09 16:00:00,59.65,60.25,56.73,56.83,413292
AFG,NYSE,2020/07/10 16:00:00,56.88,59.42,56.88,59.25,404429
AFG,NYSE,2020/07/13 16:00:00,59.82,60.28,58.38,59.17,393507
AFG,NYSE,2020/07/14 16:00:00,58.65,60.71,58.41,60.11,394383
AFG,NYSE,2020/07/15 16:00:00,61.91,62.65,60.77,62.28,367573
AFG,NYSE,2020/07/16 16:00:00,61.67,64.56,61.67,63.33,411801
AFG,NYSE,2020/07/17 16:00:00,63.5,63.55,61.88,61.96,802893
AFG,NYSE,2020/07/20 16:00:00,61.61,62.33,59.56,60.24,700348
AFG,NYSE,2020/07/21 16:00:00,60.83,62.68,60.83,61.86,772417
AFG,NYSE,2020/07/22 16:00:00,61.07,63.03,60.69,62.74,636299
AFG,NYSE,2020/07/23 16:00:00,62.33,63.25,62.1,63.12,345514
AFG,NYSE,2020/07/24 16:00:00,63.42,63.62,61.76,61.9,188040
AFG,NYSE,2020/07/27 16:00:00,61.12,61.29,59.57,59.99,292496
AFG,NYSE,2020/07/28 16:00:00,59.65,60.7,59.4,59.67,278137
AFG,NYSE,2020/07/29 16:00:00,59.93,62.16,59.46,61.93,398008
AFG,NYSE,2020/07/30 16:00:00,60.01,60.86,58.86,60.8,415526
AFG,NYSE,2020/07/31 16:00:00,60.69,61.03,59.89,60.77,379922
AFG,NYSE,2020/08/03 16:00:00,61.02,62.88,60.72,61.89,380875
AFG,NYSE,2020/08/04 16:00:00,61.89,62.07,60.88,61.33,388405
AFG,NYSE,2020/08/05 16:00:00,62.08,64.8,61.02,62.49,630722
AFG,NYSE,2020/08/06 16:00:00,62.83,63.66,62.4,62.88,393223
AFG,NYSE,2020/08/07 16:00:00,62.52,65.98,62.52,65.92,375571
AFG,NYSE,2020/08/10 16:00:00,66.1,68.67,66.1,68.1,565351
AFG,NYSE,2020/08/11 16:00:00,70.63,72.37,68.86,69.63,749089
AFG,NYSE,2020/08/12 16:00:00,70.86,70.86,67.46,68.2,326392
AFG,NYSE,2020/08/13 16:00:00,68.5,68.5,66.87,67.61,381883
AFG,NYSE,2020/08/14 16:00:00,66.77,68.52,66.76,67.61,357558
AFG,NYSE,2020/08/17 16:00:00,67.36,67.71,65.5,65.53,313924
AFG,NYSE,2020/08/18 16:00:00,65.9,66.67,65.7,65.98,339583
AFG,NYSE,2020/08/19 16:00:00,66.48,67.52,65.76,66.14,331576
AFG,NYSE,2020/08/20 16:00:00,65.16,66.39,65.03,65.83,315702
AFG,NYSE,2020/08/21 16:00:00,65.72,66.37,64.96,65,429178
AFG,NYSE,2020/08/24 16:00:00,65.51,67.39,65.1,67.36,411728
AFG,NYSE,2020/08/25 16:00:00,68.39,68.89,66.75,67.51,374965
AFG,NYSE,2020/08/26 16:00:00,67.37,67.37,65.77,66.18,372659
AFG,NYSE,2020/08/27 16:00:00,66.46,68.9,66.46,67.42,259236
AFG,NYSE,2020/08/28 16:00:00,68.25,68.37,67.35,68.12,347452
AFG,NYSE,2020/08/31 16:00:00,67.83,68.48,65.93,66.85,489774
AFG,NYSE,2020/09/01 16:00:00,66.14,67.87,65.66,66.58,382336
AFG,NYSE,2020/09/02 16:00:00,66.77,67.69,66.45,67.18,362981
AFG,NYSE,2020/09/03 16:00:00,67.84,69.81,66.65,67.13,431040
AFG,NYSE,2020/09/04 16:00:00,69.27,70.18,67.21,68.63,562830
AFG,NYSE,2020/09/08 16:00:00,67.56,68.04,65.48,66.17,598209
AFG,NYSE,2020/09/09 16:00:00,66.91,68.58,66.26,67.75,694878
AFG,NYSE,2020/09/10 16:00:00,67.89,68.96,67.08,67.15,709777
AFG,NYSE,2020/09/11 16:00:00,67.07,68.42,66.7,67.86,549497
AFG,NYSE,2020/09/14 16:00:00,68.54,69.42,68.18,68.6,502107
AFG,NYSE,2020/09/15 16:00:00,68.75,68.93,66.58,66.75,471436
AFG,NYSE,2020/09/16 16:00:00,66.94,69.19,66.89,67.99,540629
AFG,NYSE,2020/09/17 16:00:00,67,67.7,66.46,66.92,1086405
AFG,NYSE,2020/09/18 16:00:00,67.05,67.94,66.37,67.11,1329933
AFG,NYSE,2020/09/21 16:00:00,65.07,66.43,63.98,65.42,766415
AFG,NYSE,2020/09/22 16:00:00,65.35,66.92,65.22,65.77,678485
AFG,NYSE,2020/09/23 16:00:00,65.89,67.11,63.68,63.72,555839
AFG,NYSE,2020/09/24 16:00:00,63.65,65.09,62.3,63.77,511849
AFG,NYSE,2020/09/25 16:00:00,62.9,64.91,62.74,64.61,405220
AFG,NYSE,2020/09/28 16:00:00,65.94,67.54,65.85,66.76,567099
AFG,NYSE,2020/09/29 16:00:00,66.7,66.7,64.75,66.15,563302
AFG,NYSE,2020/09/30 16:00:00,67,67.93,66.25,66.98,448425
AFG,NYSE,2020/10/01 16:00:00,67.5,69.62,67.5,68.95,594031
AFG,NYSE,2020/10/02 16:00:00,67.15,70.18,67.15,69.73,427515
AFG,NYSE,2020/10/05 16:00:00,70.88,71.62,70.27,70.6,442633
AFG,NYSE,2020/10/06 16:00:00,71.59,72.75,70.12,70.6,535701
AFG,NYSE,2020/10/07 16:00:00,71.45,72.16,70.36,71.6,324055
AFG,NYSE,2020/10/08 16:00:00,72.16,73.11,71.8,72.94,278844
AFG,NYSE,2020/10/09 16:00:00,73.8,74.29,72.8,73.4,520235
AFG,NYSE,2020/10/12 16:00:00,73.15,75.88,73.15,75.65,706244
AFG,NYSE,2020/10/13 16:00:00,74.86,75.63,71.35,71.39,724300
AFG,NYSE,2020/10/14 16:00:00,70.39,72.21,70.07,70.16,453827
AFG,NYSE,2020/10/15 16:00:00,69.19,72.07,69.12,71.71,303160
AFG,NYSE,2020/10/16 16:00:00,71.7,72.12,70.94,71.17,304360
AFG,NYSE,2020/10/19 16:00:00,71.82,72.73,70.67,70.79,560998
AFG,NYSE,2020/10/20 16:00:00,71.87,72.87,71.4,72.06,266863
AFG,NYSE,2020/10/21 16:00:00,71.56,74.07,71.29,73.73,561450
AFG,NYSE,2020/10/22 16:00:00,73.5,75.72,72.74,75.72,454256
AFG,NYSE,2020/10/23 16:00:00,76.56,76.75,74.74,75.81,441813
AFG,NYSE,2020/10/26 16:00:00,74.6,74.6,72.31,73.16,388877
AFG,NYSE,2020/10/27 16:00:00,73.23,76,73.11,74,644626
AFG,NYSE,2020/10/28 16:00:00,72.92,74.53,72.09,73.59,578463
AFG,NYSE,2020/10/29 16:00:00,73.05,75.58,71.8,74.38,699533
AFG,NYSE,2020/10/30 16:00:00,73.89,75.32,73.89,74.94,559616
AFG,NYSE,2020/11/02 16:00:00,75.5,77.32,75.1,77.07,620972
AFG,NYSE,2020/11/03 16:00:00,78.55,79.41,77.04,77.47,506190
AFG,NYSE,2020/11/04 16:00:00,75.76,78.1,74.7,76.26,672327
AFG,NYSE,2020/11/05 16:00:00,76.45,78.82,76.14,78.03,391616
AFG,NYSE,2020/11/06 16:00:00,78.43,78.65,77.05,77.47,452474
AFG,NYSE,2020/11/09 16:00:00,85.27,86.45,83.46,84.14,582431
AFG,NYSE,2020/11/10 16:00:00,84.57,87.21,84.02,86.96,643858
AFG,NYSE,2020/11/11 16:00:00,87.12,87.12,85.66,86.77,392711
AFG,NYSE,2020/11/12 16:00:00,85.77,85.81,82.51,83.21,404583
AFG,NYSE,2020/11/13 16:00:00,84.49,86.46,83.96,86.27,378365
AFG,NYSE,2020/11/16 16:00:00,89.62,89.64,87.18,88.8,481842
AFG,NYSE,2020/11/17 16:00:00,87.11,89.6,86.66,89.58,440675
AFG,NYSE,2020/11/18 16:00:00,89.68,91.38,88.87,88.99,377282
AFG,NYSE,2020/11/19 16:00:00,88.17,89.23,87.09,89.02,243736
AFG,NYSE,2020/11/20 16:00:00,88.67,90.29,87.75,89.73,436104
AFG,NYSE,2020/11/23 16:00:00,91.1,92.06,90.2,91.83,312259
AFG,NYSE,2020/11/24 16:00:00,93.94,94.86,92.22,94.76,383889
AFG,NYSE,2020/11/25 16:00:00,93.65,94.12,92.11,93.27,245311
AFG,NYSE,2020/11/27 13:00:00,93,94,92.5,93.13,168334
AFG,NYSE,2020/11/30 16:00:00,91.81,93.1,89.41,89.41,957411
AFG,NYSE,2020/12/01 16:00:00,91.59,92.34,89.95,90.18,400256
AFG,NYSE,2020/12/02 16:00:00,89.71,90.44,88.95,90.15,448091
AFG,NYSE,2020/12/03 16:00:00,90.14,90.41,88.73,89.08,364478
AFG,NYSE,2020/12/04 16:00:00,89.74,91.48,89.13,91.2,329602
AFG,NYSE,2020/12/07 16:00:00,90.45,90.98,86.97,87.43,656198
AFG,NYSE,2020/12/08 16:00:00,86.49,89.78,86.13,89.23,391582
AFG,NYSE,2020/12/09 16:00:00,89.66,89.67,87.66,88.79,236889
AFG,NYSE,2020/12/10 16:00:00,88.8,90.11,87.56,89.92,675271
AFG,NYSE,2020/12/11 16:00:00,88.72,89.8,87.24,88.06,250885
AFG,NYSE,2020/12/14 16:00:00,89.75,89.75,86.5,86.85,312117
AFG,NYSE,2020/12/15 16:00:00,87.94,88.2,85.65,88.16,509682
AFG,NYSE,2020/12/16 16:00:00,88.96,88.96,86.87,87.09,511820
AFG,NYSE,2020/12/17 16:00:00,87.4,87.58,85.67,87.08,593016
AFG,NYSE,2020/12/18 16:00:00,85.95,86.24,84.56,85.35,1057896
AFG,NYSE,2020/12/21 16:00:00,85.28,85.28,82.61,84.89,385409
AFG,NYSE,2020/12/22 16:00:00,84.77,85.37,84.43,84.64,402345
AFG,NYSE,2020/12/23 16:00:00,85.39,86.88,85.39,86.45,1096192
AFG,NYSE,2020/12/24 13:00:00,86.85,87.59,86,87.57,113059
AFG,NYSE,2020/12/28 16:00:00,88.11,88.24,86.45,86.75,231352
AFG,NYSE,2020/12/29 16:00:00,87.03,87.64,85.77,85.82,980033
AFG,NYSE,2020/12/30 16:00:00,85.93,88.75,85.93,87.37,278155
AFG,NYSE,2020/12/31 16:00:00,87.13,88.02,86.41,87.62,346316
AFG,NYSE,2021/01/04 16:00:00,88.54,88.64,84.39,85.16,374288
AFG,NYSE,2021/01/05 16:00:00,85.42,86.32,84.05,86.17,360279
AFG,NYSE,2021/01/06 16:00:00,88.18,92.37,88.18,91.98,441647
AFG,NYSE,2021/01/07 16:00:00,91.94,92.42,91.31,91.64,367932
AFG,NYSE,2021/01/08 16:00:00,92.5,92.5,89.27,91.06,248275
AFG,NYSE,2021/01/11 16:00:00,89.88,91.64,89.88,90.14,254383
AFG,NYSE,2021/01/12 16:00:00,90.81,91.42,90.13,90.51,629090
AFG,NYSE,2021/01/13 16:00:00,90.28,90.64,89.06,89.24,486611
AFG,NYSE,2021/01/14 16:00:00,89.35,89.7,88.26,89.06,388180
AFG,NYSE,2021/01/15 16:00:00,87.77,88.1,86.46,87.7,282703
AFG,NYSE,2021/01/19 16:00:00,88.33,88.33,86.9,87.82,270988
AFG,NYSE,2021/01/20 16:00:00,88.04,89.47,87.49,89.38,755615
AFG,NYSE,2021/01/21 16:00:00,89.45,89.89,86.2,86.22,542920
AFG,NYSE,2021/01/22 16:00:00,85.4,85.7,84.42,84.84,242533
AFG,NYSE,2021/01/25 16:00:00,84.49,86.07,84.02,86.03,564998
AFG,NYSE,2021/01/26 16:00:00,86.8,86.97,84,84.04,369576
AFG,NYSE,2021/01/27 16:00:00,83.13,83.84,79.21,79.44,672594
AFG,NYSE,2021/01/28 16:00:00,87.16,94.27,87.16,93.62,2348723
AFG,NYSE,2021/01/29 16:00:00,92,94.44,90.73,94.14,1320483
AFG,NYSE,2021/02/01 16:00:00,94.39,94.69,92.22,92.23,932694
AFG,NYSE,2021/02/02 16:00:00,92.78,94.07,90.26,93.44,589886
AFG,NYSE,2021/02/03 16:00:00,92.7,93.74,91.62,93.43,422146
AFG,NYSE,2021/02/04 16:00:00,93.83,99.51,92.32,96.4,993311
AFG,NYSE,2021/02/05 16:00:00,96.39,100.58,95.24,100.15,1135119
AFG,NYSE,2021/02/08 16:00:00,100.52,103.36,100.51,103.04,863781
AFG,NYSE,2021/02/09 16:00:00,102.83,105.09,102.25,104.34,498444
AFG,NYSE,2021/02/10 16:00:00,104.89,107.42,103.97,106.44,961651
AFG,NYSE,2021/02/11 16:00:00,106.16,108.3,106,108.03,521738
AFG,NYSE,2021/02/12 16:00:00,108,108.74,107.56,108.04,582707
AFG,NYSE,2021/02/16 16:00:00,108.64,108.7,107.41,108.17,457724
AFG,NYSE,2021/02/17 16:00:00,106.96,108.49,106.96,107.92,423558
AFG,NYSE,2021/02/18 16:00:00,107.01,107.72,105.81,106.76,394620
AFG,NYSE,2021/02/19 16:00:00,107.78,108.02,106.83,107.49,402502
AFG,NYSE,2021/02/22 16:00:00,107.45,111.08,107.1,110.44,531861
AFG,NYSE,2021/02/23 16:00:00,110.32,111.95,110.32,111.43,457102
AFG,NYSE,2021/02/24 16:00:00,111.43,114.6,111.43,112.53,717979
AFG,NYSE,2021/02/25 16:00:00,112.71,113.56,108.58,108.62,840031
AFG,NYSE,2021/02/26 16:00:00,108.64,109.75,106.49,106.7,1397020
AFG,NYSE,2021/03/01 16:00:00,108.35,111.97,108.35,109.24,733303
AFG,NYSE,2021/03/02 16:00:00,109.31,111.14,108.76,110.04,536815
AFG,NYSE,2021/03/03 16:00:00,109.91,111.83,109.91,110.12,381516
AFG,NYSE,2021/03/04 16:00:00,109.92,110.97,108.03,109.18,544295
AFG,NYSE,2021/03/05 16:00:00,110.9,113.8,109.86,113.42,518264
AFG,NYSE,2021/03/08 16:00:00,113.42,117.05,113.38,115.02,463462
AFG,NYSE,2021/03/09 16:00:00,113.64,116.21,111.68,114.12,608645
AFG,NYSE,2021/03/10 16:00:00,114.05,116.88,113.66,116.57,459239
AFG,NYSE,2021/03/11 16:00:00,116.31,117.22,115.81,115.81,453634
AFG,NYSE,2021/03/12 16:00:00,117.29,118.11,116.29,117.77,376202
AFG,NYSE,2021/03/15 16:00:00,117.38,118.25,116.07,117.73,611527
AFG,NYSE,2021/03/16 16:00:00,116.57,118.17,116.1,116.71,644002
AFG,NYSE,2021/03/17 16:00:00,117.53,118.73,116.34,118.42,665701
AFG,NYSE,2021/03/18 16:00:00,119.32,120.63,118.04,118.5,745787
AFG,NYSE,2021/03/19 16:00:00,118.5,118.5,115.84,116.28,1986488
AFG,NYSE,2021/03/22 16:00:00,115.92,116,113.55,114.41,566255
AFG,NYSE,2021/03/23 16:00:00,113.15,114.83,112.9,113.53,593500
AFG,NYSE,2021/03/24 16:00:00,114.54,116.58,113.79,114.47,390809
AFG,NYSE,2021/03/25 16:00:00,114.29,117.34,113.04,116.74,324830
AFG,NYSE,2021/03/26 16:00:00,117.76,118.53,114.99,116.15,372749
AFG,NYSE,2021/03/29 16:00:00,114.79,116.55,113.77,114.72,465495
AFG,NYSE,2021/03/30 16:00:00,115.12,116.99,115.03,116.39,339113
AFG,NYSE,2021/03/31 16:00:00,116.3,116.73,114.09,114.1,464167
AFG,NYSE,2021/04/01 16:00:00,113.45,114.73,113.44,113.94,461616
AFG,NYSE,2021/04/05 16:00:00,114.89,116.14,114.44,115.11,264925
AFG,NYSE,2021/04/06 16:00:00,115.29,116.13,115,115.75,536994
AFG,NYSE,2021/04/07 16:00:00,115.75,116.75,115.28,116.42,283660
AFG,NYSE,2021/04/08 16:00:00,115.74,117.39,115,117.24,317325
AFG,NYSE,2021/04/09 16:00:00,118.05,118.53,117.68,118.24,258079
WFG,NYSE,2019/04/01 16:00:00,49.26,49.26,49.26,49.26,103
WFG,NYSE,2019/04/03 16:00:00,50.35,50.58,50.35,50.58,465
WFG,NYSE,2019/04/08 16:00:00,50.21,50.21,50.21,50.21,140
WFG,NYSE,2019/04/09 16:00:00,49.81,49.81,49.81,49.81,100
WFG,NYSE,2019/04/11 16:00:00,49.91,49.91,49.91,49.91,160
WFG,NYSE,2019/04/12 16:00:00,50.51,50.51,50.43,50.43,2502
WFG,NYSE,2019/04/15 16:00:00,50.49,50.49,50.49,50.49,192
WFG,NYSE,2019/04/16 16:00:00,50.04,50.04,49.8,49.8,855
WFG,NYSE,2019/04/18 16:00:00,50.14,50.14,50.14,50.14,17720
WFG,NYSE,2019/04/22 16:00:00,48.57,48.57,48.57,48.57,2105
WFG,NYSE,2019/04/23 16:00:00,47.94,48.54,47.94,48.54,204
WFG,NYSE,2019/04/25 16:00:00,49.18,49.18,49.18,49.18,20520
WFG,NYSE,2019/04/26 16:00:00,51.1,51.11,51.1,51.11,355
WFG,NYSE,2019/04/29 16:00:00,50.35,50.35,50.35,50.35,2767
WFG,NYSE,2019/04/30 16:00:00,50.76,50.76,50.76,50.76,666
WFG,NYSE,2019/05/01 16:00:00,51.99,52.14,51.84,51.95,2193
WFG,NYSE,2019/05/02 16:00:00,51.53,51.54,51.53,51.54,510
WFG,NYSE,2019/05/03 16:00:00,50.11,50.11,50.11,50.11,9956
WFG,NYSE,2019/05/07 16:00:00,48.28,48.28,47.65,47.65,700
WFG,NYSE,2019/05/08 16:00:00,47.25,47.25,46.2,46.25,3205
WFG,NYSE,2019/05/09 16:00:00,45.22,45.22,45.22,45.22,1365
WFG,NYSE,2019/05/10 16:00:00,46,46,43.94,43.94,385
WFG,NYSE,2019/05/13 16:00:00,43.5,43.64,43.5,43.64,644
WFG,NYSE,2019/05/14 16:00:00,43.36,43.97,43.36,43.97,539
WFG,NYSE,2019/05/15 16:00:00,43.73,43.73,43.33,43.33,803
WFG,NYSE,2019/05/16 16:00:00,43.69,43.69,43.23,43.23,302
WFG,NYSE,2019/05/17 16:00:00,41.99,42,41.9,41.9,17713
WFG,NYSE,2019/05/21 16:00:00,41.9,41.9,41.9,41.9,998
WFG,NYSE,2019/05/22 16:00:00,41.9,41.9,41,41.43,3100
WFG,NYSE,2019/05/23 16:00:00,40.48,40.48,39.31,39.31,1420
WFG,NYSE,2019/05/24 16:00:00,39.07,39.07,38.97,38.97,1000
WFG,NYSE,2019/05/28 16:00:00,39.67,39.81,39.67,39.81,2530
WFG,NYSE,2019/05/29 16:00:00,39.49,39.49,39.49,39.49,2632
WFG,NYSE,2019/05/30 16:00:00,39.15,39.5,39.15,39.5,200
WFG,NYSE,2019/06/03 16:00:00,40.09,40.09,40.09,40.09,200
WFG,NYSE,2019/06/04 16:00:00,42.18,42.18,41.92,41.92,4371
WFG,NYSE,2019/06/05 16:00:00,40.73,41.15,40.73,41.15,1164
WFG,NYSE,2019/06/10 16:00:00,40.97,41.03,40.97,41.03,250
WFG,NYSE,2019/06/12 16:00:00,44.9,46.21,44.9,46.21,8598
WFG,NYSE,2019/06/13 16:00:00,44.98,44.98,44.98,44.98,100
WFG,NYSE,2019/06/14 16:00:00,45.77,45.77,45.77,45.77,7895
WFG,NYSE,2019/06/17 16:00:00,46.46,46.5,46.25,46.5,11182
WFG,NYSE,2019/06/18 16:00:00,46.97,48.19,46.97,48.19,9700
WFG,NYSE,2019/06/19 16:00:00,47.79,47.79,47.15,47.15,353
WFG,NYSE,2019/06/20 16:00:00,47.49,47.63,46.22,46.22,1185
WFG,NYSE,2019/06/21 16:00:00,45.25,45.25,44.93,45.03,16948
WFG,NYSE,2019/06/24 16:00:00,45.69,45.69,45.69,45.69,6012
WFG,NYSE,2019/06/25 16:00:00,45.13,45.78,44.74,44.74,800
WFG,NYSE,2019/06/26 16:00:00,44.79,44.79,44.79,44.79,412
WFG,NYSE,2019/06/27 16:00:00,45.34,45.34,45.34,45.34,6255
WFG,NYSE,2019/06/28 16:00:00,45.66,45.66,45.66,45.66,554
WFG,NYSE,2019/07/01 16:00:00,44.88,44.88,44.88,44.88,800
WFG,NYSE,2019/07/02 16:00:00,47.02,47.02,47.02,47.02,1025
WFG,NYSE,2019/07/03 13:00:00,45.69,45.69,45.68,45.68,282
WFG,NYSE,2019/07/05 16:00:00,46.06,46.39,46.06,46.25,3000
WFG,NYSE,2019/07/08 16:00:00,45.83,45.83,45.83,45.83,225
WFG,NYSE,2019/07/09 16:00:00,43.05,43.05,43.05,43.05,123
WFG,NYSE,2019/07/10 16:00:00,41.99,42.62,41.7,42.62,2800
WFG,NYSE,2019/07/12 16:00:00,42.09,42.09,41.78,41.78,200
WFG,NYSE,2019/07/16 16:00:00,42.26,42.26,42.2,42.2,1409
WFG,NYSE,2019/07/17 16:00:00,41.29,41.29,41.29,41.29,1042
WFG,NYSE,2019/07/19 16:00:00,41.28,42.74,41.28,41.42,653
WFG,NYSE,2019/07/22 16:00:00,41.44,41.44,40.25,40.25,1303
WFG,NYSE,2019/07/23 16:00:00,41.05,41.6,40.1,40.1,500
WFG,NYSE,2019/07/24 16:00:00,39.9,39.9,39.9,39.9,100
WFG,NYSE,2019/07/25 16:00:00,40.99,41,40.5,40.99,1500
WFG,NYSE,2019/07/26 16:00:00,40.51,40.96,40.22,40.96,300
WFG,NYSE,2019/07/29 16:00:00,40.74,40.74,40.26,40.26,12432
WFG,NYSE,2019/07/30 16:00:00,40.15,40.47,40.15,40.45,17135
WFG,NYSE,2019/07/31 16:00:00,39.16,39.24,39.16,39.24,570
WFG,NYSE,2019/08/01 16:00:00,38.38,38.51,38,38,3560
WFG,NYSE,2019/08/02 16:00:00,37.55,37.55,37.02,37.02,350
WFG,NYSE,2019/08/06 16:00:00,37.44,37.44,36.5,36.5,1520
WFG,NYSE,2019/08/07 16:00:00,36.21,36.21,35.88,35.95,942
WFG,NYSE,2019/08/08 16:00:00,35.49,36.5,35.18,36.38,1222
WFG,NYSE,2019/08/12 16:00:00,38.5,38.5,36.18,36.35,99164
WFG,NYSE,2019/08/13 16:00:00,35.99,36.89,35.99,36.89,15731
WFG,NYSE,2019/08/14 16:00:00,35.65,35.65,35.63,35.63,1000
WFG,NYSE,2019/08/15 16:00:00,35.73,36.04,35.67,36.02,3916
WFG,NYSE,2019/08/19 16:00:00,36.89,36.89,36,36.01,1200
WFG,NYSE,2019/08/21 16:00:00,36.58,36.82,36.58,36.7,2388
WFG,NYSE,2019/08/22 16:00:00,36.6,36.6,35.9,35.9,705
WFG,NYSE,2019/08/23 16:00:00,35.81,35.81,35.5,35.5,10543
WFG,NYSE,2019/08/26 16:00:00,34.12,34.12,34.12,34.12,100
WFG,NYSE,2019/08/27 16:00:00,34.35,34.35,33.28,33.43,869
WFG,NYSE,2019/08/28 16:00:00,33.84,34.15,33.84,33.96,1008
WFG,NYSE,2019/08/29 16:00:00,34.74,34.83,34.54,34.83,1481
WFG,NYSE,2019/08/30 16:00:00,35.3,35.3,35.22,35.22,1470
WFG,NYSE,2019/09/04 16:00:00,34.32,34.64,34.32,34.64,340
WFG,NYSE,2019/09/05 16:00:00,34.84,34.84,34.43,34.43,375
WFG,NYSE,2019/09/09 16:00:00,35.31,35.5,35.31,35.5,595
WFG,NYSE,2019/09/10 16:00:00,35.39,37.44,35.39,37.44,700
WFG,NYSE,2019/09/11 16:00:00,37.52,37.65,37.04,37.65,951
WFG,NYSE,2019/09/13 16:00:00,39.1,39.17,39.1,39.17,885
WFG,NYSE,2019/09/16 16:00:00,39.31,39.31,39.31,39.31,100
WFG,NYSE,2019/09/17 16:00:00,38.71,40.21,38.71,40.17,54100
WFG,NYSE,2019/09/18 16:00:00,41.44,42.25,41.44,42.25,634
WFG,NYSE,2019/09/23 16:00:00,41.24,41.24,41.22,41.22,400
WFG,NYSE,2019/09/24 16:00:00,41.35,41.41,41.35,41.41,322
WFG,NYSE,2019/09/26 16:00:00,39.86,39.86,39.86,39.86,110
WFG,NYSE,2019/09/27 16:00:00,39.86,39.86,39.63,39.63,20497
WFG,NYSE,2019/09/30 16:00:00,40,40.03,40,40.03,400
WFG,NYSE,2019/10/02 16:00:00,38.12,38.12,38.09,38.09,200
WFG,NYSE,2019/10/03 16:00:00,38.12,38.45,38.12,38.45,867
WFG,NYSE,2019/10/04 16:00:00,38.38,38.38,38.38,38.38,110
WFG,NYSE,2019/10/15 16:00:00,38.68,38.68,38.68,38.68,406
WFG,NYSE,2019/10/16 16:00:00,39.47,40.36,39.47,40.24,4564
WFG,NYSE,2019/10/21 16:00:00,41.25,41.77,41.25,41.77,410
WFG,NYSE,2019/10/22 16:00:00,41.08,42.56,41.08,42.56,803
WFG,NYSE,2019/10/23 16:00:00,43.14,43.5,43.14,43.23,1177
WFG,NYSE,2019/10/24 16:00:00,44.29,44.29,43.7,43.71,9820
WFG,NYSE,2019/10/25 16:00:00,43.84,45.74,43.84,45.74,200
WFG,NYSE,2019/10/28 16:00:00,46.38,46.38,46.35,46.36,1108
WFG,NYSE,2019/10/29 16:00:00,46.87,46.87,46.29,46.53,7183
WFG,NYSE,2019/10/30 16:00:00,46.02,46.23,46.02,46.23,244
WFG,NYSE,2019/11/01 16:00:00,46.21,46.29,46.21,46.29,419
WFG,NYSE,2019/11/04 16:00:00,47,47,47,47,130
WFG,NYSE,2019/11/06 16:00:00,45.28,45.54,45.28,45.54,500
WFG,NYSE,2019/11/07 16:00:00,45.48,45.48,45.48,45.48,115
WFG,NYSE,2019/11/11 16:00:00,43.35,43.35,43.35,43.35,320
WFG,NYSE,2019/11/13 16:00:00,43.8,43.8,43.8,43.8,125
WFG,NYSE,2019/11/18 16:00:00,44.74,45.1,44.74,45.1,1215
WFG,NYSE,2019/11/20 16:00:00,44.14,44.16,43.32,43.32,901
WFG,NYSE,2019/11/21 16:00:00,43.5,43.5,43.5,43.5,115
WFG,NYSE,2019/11/22 16:00:00,43.38,43.38,43.2,43.2,1754
WFG,NYSE,2019/11/25 16:00:00,45.24,45.24,45.24,45.24,100
WFG,NYSE,2019/11/26 16:00:00,45.31,45.31,44.06,44.26,651
WFG,NYSE,2019/11/27 16:00:00,44.03,44.03,44.03,44.03,314
WFG,NYSE,2019/12/03 16:00:00,42.4,42.4,41.7,41.7,299
WFG,NYSE,2019/12/04 16:00:00,41.89,41.89,41.89,41.89,9060
WFG,NYSE,2019/12/05 16:00:00,41,41,41,41,2012
WFG,NYSE,2019/12/10 16:00:00,41.1,41.1,41.1,41.1,500
WFG,NYSE,2019/12/12 16:00:00,41.46,41.46,41.46,41.46,120
WFG,NYSE,2019/12/16 16:00:00,42.23,42.23,42.23,42.23,103
WFG,NYSE,2019/12/17 16:00:00,43.03,43.03,42.71,42.71,442
WFG,NYSE,2019/12/19 16:00:00,43.73,43.73,43.73,43.73,512
WFG,NYSE,2019/12/20 16:00:00,44.43,44.43,44.43,44.43,3412
WFG,NYSE,2019/12/24 13:00:00,44.49,44.58,43.85,43.85,3900
WFG,NYSE,2019/12/30 16:00:00,44.46,44.46,44.45,44.45,3102
WFG,NYSE,2019/12/31 16:00:00,44.13,44.13,44.13,44.13,1122
WFG,NYSE,2020/01/02 16:00:00,43.5,43.5,43.5,43.5,200
WFG,NYSE,2020/01/03 16:00:00,41.79,41.8,41.79,41.8,555
WFG,NYSE,2020/01/06 16:00:00,43.02,43.02,42.99,42.99,1083
WFG,NYSE,2020/01/14 16:00:00,43.42,44.2,43.42,44.2,1100
WFG,NYSE,2020/01/17 16:00:00,46.5,47.13,46.5,47.07,2188
WFG,NYSE,2020/01/21 16:00:00,46.16,46.16,46.16,46.16,425
WFG,NYSE,2020/01/24 16:00:00,43.74,43.74,43.72,43.72,547
WFG,NYSE,2020/01/27 16:00:00,41.69,41.7,41.69,41.7,250
WFG,NYSE,2020/01/29 16:00:00,42.17,42.17,42.17,42.17,213
WFG,NYSE,2020/01/30 16:00:00,40.55,41.13,40.55,41.13,2240
WFG,NYSE,2020/01/31 16:00:00,39.85,39.85,39.82,39.82,259
WFG,NYSE,2020/02/03 16:00:00,40.24,40.62,39.97,40.62,1675
WFG,NYSE,2020/02/04 16:00:00,41.83,41.94,41.83,41.94,2319
WFG,NYSE,2020/02/05 16:00:00,41.77,42.9,41.77,42.9,1104
WFG,NYSE,2020/02/06 16:00:00,43.29,43.29,43.29,43.29,150
WFG,NYSE,2020/02/07 16:00:00,42.27,42.27,42.27,42.27,700
WFG,NYSE,2020/02/10 16:00:00,42.53,42.76,41.68,42.76,1167
WFG,NYSE,2020/02/11 16:00:00,43.8,44.33,43.78,43.89,1751
WFG,NYSE,2020/02/12 16:00:00,47.84,47.84,47.01,47.6,1750
WFG,NYSE,2020/02/13 16:00:00,48.27,49.04,48.27,48.63,1600
WFG,NYSE,2020/02/18 16:00:00,46.61,46.61,46.61,46.61,551
WFG,NYSE,2020/02/19 16:00:00,46.8,46.8,46.8,46.8,398
WFG,NYSE,2020/02/20 16:00:00,46.7,46.7,46.7,46.7,440
WFG,NYSE,2020/02/21 16:00:00,46.65,46.81,46,46,2080
WFG,NYSE,2020/02/24 16:00:00,44.47,44.5,44.47,44.5,1102
WFG,NYSE,2020/02/25 16:00:00,42.26,42.26,42.26,42.26,206
WFG,NYSE,2020/02/27 16:00:00,39.75,39.75,39.75,39.75,1183
WFG,NYSE,2020/02/28 16:00:00,36.86,36.86,36.86,36.86,171
WFG,NYSE,2020/03/02 16:00:00,36.55,37,36.11,36.99,1704
WFG,NYSE,2020/03/03 16:00:00,37.03,37.03,37.03,37.03,123
WFG,NYSE,2020/03/04 16:00:00,37.16,37.16,36.85,37.1,25813
WFG,NYSE,2020/03/05 16:00:00,36.8,36.8,36.8,36.8,135
WFG,NYSE,2020/03/06 16:00:00,35.69,35.69,34.17,34.26,1332
WFG,NYSE,2020/03/09 16:00:00,29.17,29.22,29.17,29.21,558
WFG,NYSE,2020/03/10 16:00:00,29.14,29.14,27.12,28.4,3690
WFG,NYSE,2020/03/11 16:00:00,28,28,26.25,26.25,4173
WFG,NYSE,2020/03/12 16:00:00,21.68,23.4,21.68,22.2,6173
WFG,NYSE,2020/03/13 16:00:00,24.93,24.93,24.87,24.87,459
WFG,NYSE,2020/03/16 16:00:00,23,24.05,23,23.34,6753
WFG,NYSE,2020/03/17 16:00:00,23.63,23.63,22.8,22.8,2458
WFG,NYSE,2020/03/18 16:00:00,21.55,21.7,19.9,19.9,3127
WFG,NYSE,2020/03/19 16:00:00,19.2,19.29,18.95,18.95,2270
WFG,NYSE,2020/03/20 16:00:00,19.77,19.77,17.33,17.33,7807
WFG,NYSE,2020/03/23 16:00:00,15.75,15.89,15,15.59,3895
WFG,NYSE,2020/03/24 16:00:00,16.71,18.42,16.71,17.32,9616
WFG,NYSE,2020/03/25 16:00:00,19.25,21.17,19.25,21.17,1085
WFG,NYSE,2020/03/26 16:00:00,21.83,21.83,21.2,21.2,2657
WFG,NYSE,2020/03/27 16:00:00,18.48,19.61,18.48,19.61,918
WFG,NYSE,2020/03/30 16:00:00,18.25,18.4,18.25,18.4,1399
WFG,NYSE,2020/03/31 16:00:00,19.02,19.02,18.95,18.95,675
WFG,NYSE,2020/04/01 16:00:00,18,18,18,18,2521
WFG,NYSE,2020/04/02 16:00:00,17.97,17.97,17.97,17.97,202
WFG,NYSE,2020/04/03 16:00:00,17.25,17.25,16.85,16.85,1049
WFG,NYSE,2020/04/06 16:00:00,19,19.01,18.66,18.67,6586
WFG,NYSE,2020/04/07 16:00:00,21.24,21.24,19.64,19.64,8851
WFG,NYSE,2020/04/08 16:00:00,20.11,20.7,20.11,20.65,2068
WFG,NYSE,2020/04/09 16:00:00,21.3,23.27,21.3,23.27,1895
WFG,NYSE,2020/04/13 16:00:00,23.5,23.96,23.5,23.96,1607
WFG,NYSE,2020/04/14 16:00:00,24,24,23.27,23.27,527
WFG,NYSE,2020/04/15 16:00:00,22.55,22.55,21.39,21.39,1329
WFG,NYSE,2020/04/16 16:00:00,20.74,20.8,20,20.8,2426
WFG,NYSE,2020/04/17 16:00:00,21.59,22.26,21.59,21.75,2759
WFG,NYSE,2020/04/20 16:00:00,22.2,22.2,20.81,20.81,972
WFG,NYSE,2020/04/21 16:00:00,20.36,20.36,19.94,19.94,603223
WFG,NYSE,2020/04/22 16:00:00,20.3,20.93,20.3,20.93,575
WFG,NYSE,2020/04/23 16:00:00,21.22,21.41,20.85,20.85,2975
WFG,NYSE,2020/04/24 16:00:00,21.29,21.4,20.53,21.39,7328
WFG,NYSE,2020/04/27 16:00:00,21.92,22.29,21.64,22.14,5536
WFG,NYSE,2020/04/28 16:00:00,23.49,25.38,23.49,25.38,1009
WFG,NYSE,2020/04/29 16:00:00,26.2,28.72,26.2,28.72,2002
WFG,NYSE,2020/04/30 16:00:00,28.2,28.29,27.5,27.52,1540
WFG,NYSE,2020/05/01 16:00:00,26.99,26.99,26.7,26.7,756
WFG,NYSE,2020/05/04 16:00:00,26.88,27.47,26.88,27.47,330
WFG,NYSE,2020/05/05 16:00:00,28.35,28.35,27.86,27.86,1350
WFG,NYSE,2020/05/06 16:00:00,26.42,26.48,26.4,26.48,1769
WFG,NYSE,2020/05/07 16:00:00,26.5,26.5,26.39,26.39,1195
WFG,NYSE,2020/05/08 16:00:00,27.86,27.86,27.86,27.86,175
WFG,NYSE,2020/05/11 16:00:00,27.93,27.93,27.86,27.86,400
WFG,NYSE,2020/05/12 16:00:00,28.29,28.29,27.47,27.47,320
WFG,NYSE,2020/05/13 16:00:00,26.06,26.27,25.34,25.34,1617
WFG,NYSE,2020/05/14 16:00:00,25.4,25.4,25.4,25.4,1026
WFG,NYSE,2020/05/15 16:00:00,24.86,25.67,24.86,25.67,3605
WFG,NYSE,2020/05/18 16:00:00,26.26,28.64,25.78,26.02,5233
WFG,NYSE,2020/05/19 16:00:00,28.65,28.91,28.4,28.9,1446
WFG,NYSE,2020/05/20 16:00:00,28.31,28.51,28.31,28.51,1113
WFG,NYSE,2020/05/21 16:00:00,27.74,27.74,27.6,27.6,6060
WFG,NYSE,2020/05/22 16:00:00,27.69,27.69,27.28,27.28,900
WFG,NYSE,2020/05/26 16:00:00,27.26,27.38,27.03,27.03,638
WFG,NYSE,2020/05/27 16:00:00,28.27,28.95,27.45,28.95,3297
WFG,NYSE,2020/05/28 16:00:00,29.87,30.08,28.5,29.15,29178
WFG,NYSE,2020/05/29 16:00:00,28,28,26.93,26.93,121229
WFG,NYSE,2020/06/01 16:00:00,27.13,28.76,27.13,28.76,1565
WFG,NYSE,2020/06/02 16:00:00,29.98,31.3,29.98,30.31,4193
WFG,NYSE,2020/06/03 16:00:00,30.52,31.04,30.52,31,6463
WFG,NYSE,2020/06/04 16:00:00,31.81,31.81,31.81,31.81,152
WFG,NYSE,2020/06/05 16:00:00,35,36.35,34.13,34.59,4863
WFG,NYSE,2020/06/08 16:00:00,34.99,34.99,34.99,34.99,129
WFG,NYSE,2020/06/09 16:00:00,33.88,34.38,33.33,34.38,2413
WFG,NYSE,2020/06/10 16:00:00,34,34,32.64,32.96,1968
WFG,NYSE,2020/06/11 16:00:00,30.98,30.98,29.01,29.45,1185
WFG,NYSE,2020/06/12 16:00:00,30.2,30.21,30.2,30.21,333
WFG,NYSE,2020/06/15 16:00:00,29.46,30.09,29.46,30.09,375
WFG,NYSE,2020/06/16 16:00:00,31.32,31.81,31.14,31.81,464
WFG,NYSE,2020/06/17 16:00:00,32.19,32.19,32.02,32.04,550
WFG,NYSE,2020/06/18 16:00:00,31.88,32.08,31.88,32.08,431
WFG,NYSE,2020/06/19 16:00:00,33.74,33.92,32.48,32.72,1640
WFG,NYSE,2020/06/22 16:00:00,32.46,33.49,32.46,33.49,1302
WFG,NYSE,2020/06/23 16:00:00,34.37,35.29,34.37,35.13,1410
WFG,NYSE,2020/06/24 16:00:00,33.36,33.6,33.36,33.6,1794
WFG,NYSE,2020/06/25 16:00:00,32.81,33.04,32.38,32.38,10409
WFG,NYSE,2020/06/26 16:00:00,33.08,33.08,33.08,33.08,1082
WFG,NYSE,2020/06/29 16:00:00,33,33,33,33,1232
WFG,NYSE,2020/07/01 16:00:00,36.26,36.26,34.03,34.03,410
WFG,NYSE,2020/07/02 16:00:00,36.98,37.36,36.97,36.99,1602
WFG,NYSE,2020/07/06 16:00:00,37.06,37.18,36.7,36.7,3810
WFG,NYSE,2020/07/07 16:00:00,36.81,36.81,36.46,36.49,1206
WFG,NYSE,2020/07/08 16:00:00,37,37.1,36.63,37.01,7886
WFG,NYSE,2020/07/09 16:00:00,37.44,37.44,36.88,36.95,2330
WFG,NYSE,2020/07/10 16:00:00,38.9,40.01,37.98,40.01,5479
WFG,NYSE,2020/07/13 16:00:00,40.57,40.57,39.36,39.41,1205
WFG,NYSE,2020/07/15 16:00:00,42.54,43.08,42.54,42.81,2118
WFG,NYSE,2020/07/16 16:00:00,42.68,43.43,42.5,43.43,6621
WFG,NYSE,2020/07/17 16:00:00,44.66,45.02,44.45,44.45,3519
WFG,NYSE,2020/07/20 16:00:00,45,45,44.44,44.88,1341
WFG,NYSE,2020/07/21 16:00:00,43.55,43.8,43.35,43.35,1077
WFG,NYSE,2020/07/22 16:00:00,44.04,44.1,43.53,43.68,1718
WFG,NYSE,2020/07/23 16:00:00,43.62,44.03,43.62,43.77,2996
WFG,NYSE,2020/07/24 16:00:00,44.56,44.56,44.56,44.56,314
WFG,NYSE,2020/07/27 16:00:00,45,46.12,45,46.12,2308
WFG,NYSE,2020/07/28 16:00:00,47.36,47.5,46.3,47.1,2391
WFG,NYSE,2020/07/29 16:00:00,47.6,48.5,47.6,48.19,1774
WFG,NYSE,2020/07/30 16:00:00,48.39,49.23,47.81,49.23,3272
WFG,NYSE,2020/07/31 16:00:00,49,50,48.79,50,2701
WFG,NYSE,2020/08/03 16:00:00,54.81,54.99,50,50,4921
WFG,NYSE,2020/08/04 16:00:00,49.68,50.15,49.3,49.3,2353
WFG,NYSE,2020/08/05 16:00:00,50.1,51.21,50.03,51.21,6792
WFG,NYSE,2020/08/07 16:00:00,49.38,50.25,49.38,50.25,1627
WFG,NYSE,2020/08/10 16:00:00,50.71,51.05,50.71,50.99,5126
WFG,NYSE,2020/08/11 16:00:00,49.37,49.37,48.77,48.77,1588
WFG,NYSE,2020/08/12 16:00:00,49.3,49.56,49.24,49.5,9943
WFG,NYSE,2020/08/13 16:00:00,49.4,49.7,49.4,49.7,2957
WFG,NYSE,2020/08/14 16:00:00,51.35,52.14,51.35,52,7530
WFG,NYSE,2020/08/17 16:00:00,52.15,54.11,52.15,53.95,7069
WFG,NYSE,2020/08/18 16:00:00,53.5,54,53.43,53.58,12416
WFG,NYSE,2020/08/19 16:00:00,56,56.52,55.41,56.09,7110
WFG,NYSE,2020/08/20 16:00:00,55.88,56.11,55.25,56.01,7245
WFG,NYSE,2020/08/21 16:00:00,55.82,56.54,55.21,56.5,4488
WFG,NYSE,2020/08/24 16:00:00,57,57,55.93,55.94,3509
WFG,NYSE,2020/08/25 16:00:00,55.71,55.71,53.01,54.03,9646
WFG,NYSE,2020/08/26 16:00:00,56.28,56.28,55.5,55.67,1488
WFG,NYSE,2020/08/27 16:00:00,55.65,55.65,55.2,55.29,1334
WFG,NYSE,2020/08/28 16:00:00,55.98,55.98,54.66,54.92,4876
WFG,NYSE,2020/08/31 16:00:00,54.7,54.73,53.07,53.77,2918
WFG,NYSE,2020/09/01 16:00:00,51.98,55.21,51.98,55.15,7831
WFG,NYSE,2020/09/02 16:00:00,55.49,55.49,55.07,55.07,774
WFG,NYSE,2020/09/03 16:00:00,54.28,54.28,51.75,51.76,3950
WFG,NYSE,2020/09/04 16:00:00,52.26,52.48,50.45,52.28,5351
WFG,NYSE,2020/09/08 16:00:00,50.22,50.83,50.22,50.23,610
WFG,NYSE,2020/09/10 16:00:00,51.74,51.74,51,51,1570
WFG,NYSE,2020/09/11 16:00:00,52.08,52.08,52.08,52.08,314
WFG,NYSE,2020/09/14 16:00:00,51.73,55.52,51.73,55.52,4528
WFG,NYSE,2020/09/15 16:00:00,55.87,55.9,54.75,54.91,4666
WFG,NYSE,2020/09/16 16:00:00,54.27,54.43,53.43,53.43,4242
WFG,NYSE,2020/09/17 16:00:00,52.35,54.17,52.35,53.79,5269
WFG,NYSE,2020/09/18 16:00:00,55,55.12,53.06,53.06,757
WFG,NYSE,2020/09/21 16:00:00,51.66,51.66,48.9,49.5,4334
WFG,NYSE,2020/09/22 16:00:00,49.17,49.83,48.85,49.83,1074
WFG,NYSE,2020/09/23 16:00:00,49.14,49.14,47.4,47.4,2027
WFG,NYSE,2020/09/24 16:00:00,46.94,47.97,46.94,47.35,3810
WFG,NYSE,2020/09/25 16:00:00,45.35,45.75,45.33,45.75,827
WFG,NYSE,2020/09/28 16:00:00,47.16,47.16,46.66,46.66,10771
WFG,NYSE,2020/09/29 16:00:00,46.27,46.27,46.27,46.27,244
WFG,NYSE,2020/09/30 16:00:00,46.65,46.65,45.99,46.3,2118
WFG,NYSE,2020/10/01 16:00:00,47.31,48.3,47.31,47.51,6659
WFG,NYSE,2020/10/02 16:00:00,46.99,48.33,46.99,48.33,338
WFG,NYSE,2020/10/05 16:00:00,50.41,50.54,50.35,50.35,2345
WFG,NYSE,2020/10/06 16:00:00,50.29,50.29,48.31,48.52,8282
WFG,NYSE,2020/10/07 16:00:00,48.6,48.61,48,48,2972
WFG,NYSE,2020/10/08 16:00:00,48.22,48.48,47.2,47.6,1867
WFG,NYSE,2020/10/09 16:00:00,47.02,47.55,46.98,47.04,1853
WFG,NYSE,2020/10/12 16:00:00,47,47,47,47,677
WFG,NYSE,2020/10/13 16:00:00,46.04,46.12,45.03,45.98,2332
WFG,NYSE,2020/10/14 16:00:00,45.79,45.93,45.79,45.91,980
WFG,NYSE,2020/10/16 16:00:00,46.19,46.19,45.79,45.79,1057
WFG,NYSE,2020/10/19 16:00:00,47.57,47.57,47.57,47.57,312
WFG,NYSE,2020/10/20 16:00:00,48.86,49.24,48.86,49.24,1590
WFG,NYSE,2020/10/21 16:00:00,49.5,51.04,49.03,49.03,1214
WFG,NYSE,2020/10/22 16:00:00,48.99,48.99,47.89,47.89,385
WFG,NYSE,2020/10/23 16:00:00,49,49,48.15,48.33,710
WFG,NYSE,2020/10/26 16:00:00,47.1,47.1,46.81,46.88,1092
WFG,NYSE,2020/10/27 16:00:00,47.49,48.19,47.4,47.53,4085
WFG,NYSE,2020/10/28 16:00:00,46.5,47.32,46.5,47.31,8360
WFG,NYSE,2020/10/29 16:00:00,47.72,48.1,47.55,47.93,2139
WFG,NYSE,2020/10/30 16:00:00,47.75,47.75,45.99,46.12,1968
WFG,NYSE,2020/11/02 16:00:00,48.17,49.43,48.17,49.41,2797
WFG,NYSE,2020/11/03 16:00:00,50,52.13,50,52.1,11027
WFG,NYSE,2020/11/04 16:00:00,51.05,51.28,51.05,51.18,9232
WFG,NYSE,2020/11/05 16:00:00,53.2,53.5,53.12,53.12,9514
WFG,NYSE,2020/11/06 16:00:00,53.5,55.39,53.48,55,11957
WFG,NYSE,2020/11/09 16:00:00,56.23,56.23,51.76,51.87,1529
WFG,NYSE,2020/11/10 16:00:00,52.81,52.84,52.81,52.84,1030
WFG,NYSE,2020/11/11 16:00:00,53.62,53.95,53.39,53.95,8452
WFG,NYSE,2020/11/12 16:00:00,53.95,53.95,51.76,51.76,505
WFG,NYSE,2020/11/13 16:00:00,52.33,53.17,52.33,53.17,261
WFG,NYSE,2020/11/16 16:00:00,54.45,55.42,54.45,54.48,4936
WFG,NYSE,2020/11/17 16:00:00,54.55,54.55,54.55,54.55,255
WFG,NYSE,2020/11/18 16:00:00,55.8,56.26,55.8,55.91,10355
WFG,NYSE,2020/11/19 16:00:00,55.25,55.25,53.13,54.81,4443
WFG,NYSE,2020/11/20 16:00:00,54.75,54.75,53.83,53.84,3159
WFG,NYSE,2020/11/23 16:00:00,54.99,55.38,54.76,55.32,3437
WFG,NYSE,2020/11/24 16:00:00,55.72,57.66,55.72,57.43,6919
WFG,NYSE,2020/11/25 16:00:00,57.95,58.1,56.37,56.59,2792
WFG,NYSE,2020/11/27 13:00:00,56.57,56.57,54.75,55.11,1230
WFG,NYSE,2020/11/30 16:00:00,54.64,55.83,54.43,55.57,4587
WFG,NYSE,2020/12/01 16:00:00,56.74,59.06,56.74,58.52,8318
WFG,NYSE,2020/12/02 16:00:00,57.67,58.53,57.18,58.53,2421
WFG,NYSE,2020/12/03 16:00:00,58.64,60.7,58.64,60.7,6290
WFG,NYSE,2020/12/04 16:00:00,60.96,63.17,60.86,63.11,2477
WFG,NYSE,2020/12/07 16:00:00,62.48,63.13,61.97,62.18,2057
WFG,NYSE,2020/12/08 16:00:00,62.53,62.75,62.37,62.55,1465
WFG,NYSE,2020/12/09 16:00:00,63.95,65,63.86,64.64,7781
WFG,NYSE,2020/12/10 16:00:00,66,66,64.93,65.34,2044
WFG,NYSE,2020/12/11 16:00:00,66.39,66.39,64.95,65.97,1740
WFG,NYSE,2020/12/14 16:00:00,66.39,66.39,65.2,65.2,1083
WFG,NYSE,2020/12/15 16:00:00,65.84,66.88,65.44,66.88,1897
WFG,NYSE,2020/12/16 16:00:00,66.46,66.46,65.62,66,4493
WFG,NYSE,2020/12/17 16:00:00,66.21,67.34,66.06,66.38,3389
WFG,NYSE,2020/12/18 16:00:00,66.38,66.38,64.29,64.7,3042
WFG,NYSE,2020/12/21 16:00:00,62.96,65.01,62.96,64.73,4306
WFG,NYSE,2020/12/22 16:00:00,64.15,64.21,63.63,63.65,4365
WFG,NYSE,2020/12/23 16:00:00,66.68,67.04,64.98,64.98,3830
WFG,NYSE,2020/12/24 13:00:00,64.89,64.89,64.72,64.72,1114
WFG,NYSE,2020/12/28 16:00:00,65,65,65,65,322
WFG,NYSE,2020/12/29 16:00:00,65.11,65.11,63.28,63.29,2163
WFG,NYSE,2020/12/30 16:00:00,64.56,64.56,63.6,63.75,1724
WFG,NYSE,2020/12/31 16:00:00,63.45,64.26,63.45,64.26,430
WFG,NYSE,2021/01/04 16:00:00,64.93,64.93,62.76,62.84,5411
WFG,NYSE,2021/01/05 16:00:00,62.98,63.4,61.91,63.4,4530
WFG,NYSE,2021/01/06 16:00:00,63,65.05,63,63.46,4236
WFG,NYSE,2021/01/07 16:00:00,63.5,64.18,63,64.06,2036
WFG,NYSE,2021/01/08 16:00:00,64.19,64.19,62.38,62.55,4202
WFG,NYSE,2021/01/11 16:00:00,60.8,62.34,60.8,62.13,2949
WFG,NYSE,2021/01/12 16:00:00,61.58,61.95,59.76,60.91,2497
WFG,NYSE,2021/01/13 16:00:00,60.4,60.41,60.01,60.14,1920
WFG,NYSE,2021/01/14 16:00:00,60,61.38,60,60.27,3998
WFG,NYSE,2021/01/15 16:00:00,58.99,59.68,58.99,59.67,1437
WFG,NYSE,2021/01/19 16:00:00,60,60.62,59.5,60.09,3500
WFG,NYSE,2021/01/20 16:00:00,62.91,63.13,61.99,62.44,7501
WFG,NYSE,2021/01/21 16:00:00,63.29,64.09,63.24,63.9,2387
WFG,NYSE,2021/01/22 16:00:00,63.24,64.36,62.69,63.76,13236
WFG,NYSE,2021/01/25 16:00:00,64.3,66.11,63.8,66.11,9200
WFG,NYSE,2021/01/26 16:00:00,66.51,67.96,66.15,67.17,4658
WFG,NYSE,2021/01/27 16:00:00,65,66.16,63.56,64.79,1487
WFG,NYSE,2021/01/28 16:00:00,64.8,67,64.12,66.35,7290
WFG,NYSE,2021/01/29 16:00:00,66.23,66.23,64.06,64.06,4260
WFG,NYSE,2021/02/01 16:00:00,62,69.67,62,66.85,64441
WFG,NYSE,2021/02/02 16:00:00,66.85,68.94,62.49,62.49,58633
WFG,NYSE,2021/02/03 16:00:00,65.33,67.43,64.41,66.36,72707
WFG,NYSE,2021/02/04 16:00:00,66.38,67.65,65.78,67.08,102947
WFG,NYSE,2021/02/05 16:00:00,68.35,69.97,68.06,68.94,128501
WFG,NYSE,2021/02/08 16:00:00,70.2,70.73,67.98,70.52,101906
WFG,NYSE,2021/02/09 16:00:00,70.52,70.72,69.24,69.79,59097
WFG,NYSE,2021/02/10 16:00:00,69.49,71.3,68.85,71.3,47243
WFG,NYSE,2021/02/11 16:00:00,71.76,71.83,70.68,71.75,51525
WFG,NYSE,2021/02/12 16:00:00,71.7,74.48,70.74,74.4,146896
WFG,NYSE,2021/02/16 16:00:00,75.02,78.83,72.54,73.14,116338
WFG,NYSE,2021/02/17 16:00:00,73.2,74.58,69.68,70.7,109825
WFG,NYSE,2021/02/18 16:00:00,70.5,70.5,67.3,68.72,174264
WFG,NYSE,2021/02/19 16:00:00,69.02,70.32,68.66,69.59,98265
WFG,NYSE,2021/02/22 16:00:00,69.91,69.91,67.7,68.73,119985
WFG,NYSE,2021/02/23 16:00:00,68.44,68.67,65.63,66.74,162628
WFG,NYSE,2021/02/24 16:00:00,67.63,68.6,66.31,67.94,137925
WFG,NYSE,2021/02/25 16:00:00,68.42,69.46,67.58,68.08,182368
WFG,NYSE,2021/02/26 16:00:00,68,69.69,66.19,68.31,151646
WFG,NYSE,2021/03/01 16:00:00,69.59,70.4,67.51,67.67,102575
WFG,NYSE,2021/03/02 16:00:00,67.58,68.8,63.01,63.69,223467
WFG,NYSE,2021/03/03 16:00:00,64,66.24,63.98,65.49,159660
WFG,NYSE,2021/03/04 16:00:00,65.5,65.5,62.56,63.53,184652
WFG,NYSE,2021/03/05 16:00:00,64.26,65.23,61.65,65.23,138894
WFG,NYSE,2021/03/08 16:00:00,65.23,67.17,65.23,65.48,136039
WFG,NYSE,2021/03/09 16:00:00,66.97,68.14,66.16,66.36,76749
WFG,NYSE,2021/03/10 16:00:00,66.25,66.66,64.48,64.59,146303
WFG,NYSE,2021/03/11 16:00:00,65.53,66.33,64.89,66.01,142124
WFG,NYSE,2021/03/12 16:00:00,66.02,66.8,65.25,66.8,145979
WFG,NYSE,2021/03/15 16:00:00,66.87,67.54,65.21,66.58,116750
WFG,NYSE,2021/03/16 16:00:00,67,68.98,66.47,67.01,178834
WFG,NYSE,2021/03/17 16:00:00,66.8,67.61,65.19,65.34,255407
WFG,NYSE,2021/03/18 16:00:00,65.76,67.74,64.76,65.17,260739
WFG,NYSE,2021/03/19 16:00:00,65.02,66.06,64.49,65.57,146334
WFG,NYSE,2021/03/22 16:00:00,65.85,67.92,65.85,66.03,168825
WFG,NYSE,2021/03/23 16:00:00,65.68,66.43,63.73,63.98,236600
WFG,NYSE,2021/03/24 16:00:00,63.86,64.78,62.09,62.12,199556
WFG,NYSE,2021/03/25 16:00:00,61.83,64.16,61.36,64.16,210974
WFG,NYSE,2021/03/26 16:00:00,65.44,67.13,65.08,66.28,242136
WFG,NYSE,2021/03/29 16:00:00,66.79,67.24,64.88,65.21,189695
WFG,NYSE,2021/03/30 16:00:00,64.82,66.58,64.14,66.2,187922
WFG,NYSE,2021/03/31 16:00:00,66.95,72.46,66.81,72.04,581902
WFG,NYSE,2021/04/01 16:00:00,72.37,74.38,70.83,73.94,362049
WFG,NYSE,2021/04/05 16:00:00,75,76.64,74.46,76.11,320272
WFG,NYSE,2021/04/06 16:00:00,75.52,77.83,74.97,75.54,211721
WFG,NYSE,2021/04/07 16:00:00,76.2,79.9,76.2,79.45,507891
WFG,NYSE,2021/04/08 16:00:00,80.12,81.96,79.93,81.96,353913
WFG,NYSE,2021/04/09 16:00:00,82.32,82.55,80.18,80.84,219469
MMP,NYSE,2019/04/01 16:00:00,60.87,61.45,60.83,61.07,487503
MMP,NYSE,2019/04/02 16:00:00,61.14,61.58,60.89,61.24,762416
MMP,NYSE,2019/04/03 16:00:00,61.43,61.54,61.12,61.46,435751
MMP,NYSE,2019/04/04 16:00:00,61.54,62.08,61.5,62.07,630975
MMP,NYSE,2019/04/05 16:00:00,62.15,62.77,62.07,62.5,591775
MMP,NYSE,2019/04/08 16:00:00,62.42,62.77,62.39,62.67,755513
MMP,NYSE,2019/04/09 16:00:00,62.82,62.91,62.11,62.58,1051592
MMP,NYSE,2019/04/10 16:00:00,62.59,62.93,62.07,62.86,918886
MMP,NYSE,2019/04/11 16:00:00,62.82,63.03,62.51,62.88,1036865
MMP,NYSE,2019/04/12 16:00:00,63.23,63.24,62.6,63,611320
MMP,NYSE,2019/04/15 16:00:00,63.1,63.1,62.43,62.49,654487
MMP,NYSE,2019/04/16 16:00:00,62.69,62.79,61.92,62.56,479795
MMP,NYSE,2019/04/17 16:00:00,62.75,62.86,61.92,61.92,796895
MMP,NYSE,2019/04/18 16:00:00,61.89,62.22,61.02,61.63,619884
MMP,NYSE,2019/04/22 16:00:00,62.04,62.3,61.56,61.9,461311
MMP,NYSE,2019/04/23 16:00:00,62.09,62.47,61.48,61.48,656218
MMP,NYSE,2019/04/24 16:00:00,61.69,61.69,61.16,61.37,922381
MMP,NYSE,2019/04/25 16:00:00,61.74,61.77,61.02,61.12,475527
MMP,NYSE,2019/04/26 16:00:00,61,61.45,60.76,61.36,578457
MMP,NYSE,2019/04/29 16:00:00,61.36,62.14,61.33,61.91,619459
MMP,NYSE,2019/04/30 16:00:00,62.34,62.39,61.81,62.01,880978
MMP,NYSE,2019/05/01 16:00:00,63.09,63.09,62.11,62.5,795294
MMP,NYSE,2019/05/02 16:00:00,62.76,62.76,61.02,61.21,685627
MMP,NYSE,2019/05/03 16:00:00,61.51,61.91,60.65,61.62,1097812
MMP,NYSE,2019/05/06 16:00:00,61.14,62.29,60.89,61.77,771139
MMP,NYSE,2019/05/07 16:00:00,60.75,60.95,59.96,60.71,680975
MMP,NYSE,2019/05/08 16:00:00,60.44,60.8,60.21,60.46,439933
MMP,NYSE,2019/05/09 16:00:00,60.16,60.68,59.7,59.97,714135
MMP,NYSE,2019/05/10 16:00:00,60.14,61.15,60,61.08,1031257
MMP,NYSE,2019/05/13 16:00:00,60.66,61,59.83,60.36,930730
MMP,NYSE,2019/05/14 16:00:00,60.58,61.32,60.37,60.46,669231
MMP,NYSE,2019/05/15 16:00:00,60.76,61.58,60.31,61.45,658444
MMP,NYSE,2019/05/16 16:00:00,61.66,62.43,61.55,61.65,537622
MMP,NYSE,2019/05/17 16:00:00,61.45,62.15,61.33,61.64,486555
MMP,NYSE,2019/05/20 16:00:00,61.45,61.95,61.27,61.82,505996
MMP,NYSE,2019/05/21 16:00:00,61.94,63.04,61.79,62.78,701103
MMP,NYSE,2019/05/22 16:00:00,62.62,63.16,62.32,62.9,965982
MMP,NYSE,2019/05/23 16:00:00,62.36,62.61,61.17,61.87,928666
MMP,NYSE,2019/05/24 16:00:00,62.01,62.63,61.94,62.38,1136682
MMP,NYSE,2019/05/28 16:00:00,62.52,62.52,61.18,61.43,912661
MMP,NYSE,2019/05/29 16:00:00,61.05,61.73,60.29,61.58,674942
MMP,NYSE,2019/05/30 16:00:00,61.82,62.44,61.64,61.89,876732
MMP,NYSE,2019/05/31 16:00:00,61.32,61.94,61.01,61.5,903291
MMP,NYSE,2019/06/03 16:00:00,61.56,62.72,61.56,62.14,638262
MMP,NYSE,2019/06/04 16:00:00,62.39,62.69,61.84,61.98,599466
MMP,NYSE,2019/06/05 16:00:00,62.16,62.45,61.7,62.36,640637
MMP,NYSE,2019/06/06 16:00:00,62.05,63.23,62.05,63.09,822538
MMP,NYSE,2019/06/07 16:00:00,63.28,63.87,63.16,63.35,1103261
MMP,NYSE,2019/06/10 16:00:00,63.46,64.61,63.26,63.98,833157
MMP,NYSE,2019/06/11 16:00:00,63.87,63.92,63.05,63.29,738429
MMP,NYSE,2019/06/12 16:00:00,63.03,63.32,62.76,63.05,666828
MMP,NYSE,2019/06/13 16:00:00,63.38,64.36,63.36,63.48,1049168
MMP,NYSE,2019/06/14 16:00:00,63.47,63.47,62.31,62.64,751398
MMP,NYSE,2019/06/17 16:00:00,62.7,62.7,62.2,62.66,577806
MMP,NYSE,2019/06/18 16:00:00,62.66,62.96,62.34,62.36,677281
MMP,NYSE,2019/06/19 16:00:00,62.21,62.36,61.59,61.81,899666
MMP,NYSE,2019/06/20 16:00:00,62.11,62.57,61.76,61.87,726302
MMP,NYSE,2019/06/21 16:00:00,61.85,62.94,61.85,62.22,1149036
MMP,NYSE,2019/06/24 16:00:00,62.37,62.37,61.29,62.13,767905
MMP,NYSE,2019/06/25 16:00:00,62.01,63.4,61.81,62.92,1459643
MMP,NYSE,2019/06/26 16:00:00,62.86,63.92,62.86,63.41,548108
MMP,NYSE,2019/06/27 16:00:00,63.48,63.71,63.13,63.2,573673
MMP,NYSE,2019/06/28 16:00:00,63.2,64.02,63.12,64,850238
MMP,NYSE,2019/07/01 16:00:00,64.57,64.94,64,64.05,747359
MMP,NYSE,2019/07/02 16:00:00,63.94,64.18,63.54,64.12,586844
MMP,NYSE,2019/07/03 13:00:00,64.13,64.87,63.96,64.68,285349
MMP,NYSE,2019/07/05 16:00:00,64.68,65.01,64.43,64.84,317997
MMP,NYSE,2019/07/08 16:00:00,64.66,65.04,64.42,64.78,840605
MMP,NYSE,2019/07/09 16:00:00,64.67,65.08,64.33,65.03,764037
MMP,NYSE,2019/07/10 16:00:00,65.15,65.79,65.07,65.62,732410
MMP,NYSE,2019/07/11 16:00:00,65.79,66.11,65.67,66.02,817692
MMP,NYSE,2019/07/12 16:00:00,65.95,66.29,65.74,65.9,671690
MMP,NYSE,2019/07/15 16:00:00,66.07,66.5,65.86,66.05,599992
MMP,NYSE,2019/07/16 16:00:00,66.05,66.37,65.79,66.08,525043
MMP,NYSE,2019/07/17 16:00:00,66.21,66.21,65.54,65.63,602026
MMP,NYSE,2019/07/18 16:00:00,65.6,65.65,65.02,65.3,1297940
MMP,NYSE,2019/07/19 16:00:00,65.31,65.9,65.21,65.42,616603
MMP,NYSE,2019/07/22 16:00:00,65.44,66,65.44,65.69,726440
MMP,NYSE,2019/07/23 16:00:00,65.75,66.39,65.57,66.39,388167
MMP,NYSE,2019/07/24 16:00:00,66.41,66.87,66.17,66.66,592153
MMP,NYSE,2019/07/25 16:00:00,66.63,67.08,66.47,66.74,744139
MMP,NYSE,2019/07/26 16:00:00,66.61,66.82,66.08,66.17,739762
MMP,NYSE,2019/07/29 16:00:00,66.17,66.26,65.5,65.5,1649322
MMP,NYSE,2019/07/30 16:00:00,65.44,65.88,65.19,65.47,752741
MMP,NYSE,2019/07/31 16:00:00,65.35,66.77,65.34,66.14,832659
MMP,NYSE,2019/08/01 16:00:00,66.45,67.27,65.54,66.77,1278716
MMP,NYSE,2019/08/02 16:00:00,66.79,66.98,65.98,66.64,905125
MMP,NYSE,2019/08/05 16:00:00,66.27,66.46,65.08,66,1350221
MMP,NYSE,2019/08/06 16:00:00,65.3,65.55,64.66,65.06,954845
MMP,NYSE,2019/08/07 16:00:00,64.27,64.75,63.87,64.22,779764
MMP,NYSE,2019/08/08 16:00:00,64.48,64.89,64.06,64.53,1171457
MMP,NYSE,2019/08/09 16:00:00,64.56,65.16,64.34,64.76,678341
MMP,NYSE,2019/08/12 16:00:00,64.94,65.22,64.45,65,452191
MMP,NYSE,2019/08/13 16:00:00,64.79,65.88,64.71,65.81,745043
MMP,NYSE,2019/08/14 16:00:00,65.77,65.91,64.89,65.22,1088402
MMP,NYSE,2019/08/15 16:00:00,65.15,65.7,64.93,65.55,624678
MMP,NYSE,2019/08/16 16:00:00,65.73,66.83,65.67,66.59,788408
MMP,NYSE,2019/08/19 16:00:00,66.8,67.45,66.6,67.33,847118
MMP,NYSE,2019/08/20 16:00:00,67.3,67.47,66.75,67.33,428355
MMP,NYSE,2019/08/21 16:00:00,67.48,67.75,66.83,67.2,878739
MMP,NYSE,2019/08/22 16:00:00,67.1,67.2,66.25,66.48,571569
MMP,NYSE,2019/08/23 16:00:00,66.11,67,65.71,65.84,503632
MMP,NYSE,2019/08/26 16:00:00,65.86,66.28,65.35,65.56,586711
MMP,NYSE,2019/08/27 16:00:00,65.56,65.8,65.04,65.32,476115
MMP,NYSE,2019/08/28 16:00:00,65.5,65.97,65.15,65.63,683040
MMP,NYSE,2019/08/29 16:00:00,65.82,66.29,65.67,66.04,884652
MMP,NYSE,2019/08/30 16:00:00,66.05,66.76,65.76,66.68,774714
MMP,NYSE,2019/09/03 16:00:00,66.05,66.54,65.51,66.26,475287
MMP,NYSE,2019/09/04 16:00:00,66.51,66.75,65.96,66.16,610969
MMP,NYSE,2019/09/05 16:00:00,66.23,66.62,65.52,65.55,1034184
MMP,NYSE,2019/09/06 16:00:00,65.49,65.95,65,65.04,606662
MMP,NYSE,2019/09/09 16:00:00,65.25,65.73,65.12,65.72,752594
MMP,NYSE,2019/09/10 16:00:00,65.86,66.04,65.13,65.34,658146
MMP,NYSE,2019/09/11 16:00:00,65.46,65.7,65.16,65.57,676159
MMP,NYSE,2019/09/12 16:00:00,65.51,65.81,65.33,65.61,516395
MMP,NYSE,2019/09/13 16:00:00,65.65,65.91,65.17,65.47,1193487
MMP,NYSE,2019/09/16 16:00:00,66.06,66.66,65.41,66.28,1301786
MMP,NYSE,2019/09/17 16:00:00,66.2,66.94,66.05,66.58,855156
MMP,NYSE,2019/09/18 16:00:00,66.4,66.55,65.81,66.26,684446
MMP,NYSE,2019/09/19 16:00:00,66.39,66.58,65.5,66.18,855752
MMP,NYSE,2019/09/20 16:00:00,66.11,67.62,65.98,67.36,3731263
MMP,NYSE,2019/09/23 16:00:00,67.19,67.47,66.8,67.09,587258
MMP,NYSE,2019/09/24 16:00:00,67.21,67.21,66.18,66.61,850138
MMP,NYSE,2019/09/25 16:00:00,66.6,66.73,66,66.06,913932
MMP,NYSE,2019/09/26 16:00:00,66,66.29,65.7,66.04,652651
MMP,NYSE,2019/09/27 16:00:00,65.97,66.68,65.75,66.37,778414
MMP,NYSE,2019/09/30 16:00:00,66.45,66.64,66.11,66.27,803551
MMP,NYSE,2019/10/01 16:00:00,66.29,66.41,65.52,65.75,715610
MMP,NYSE,2019/10/02 16:00:00,65.58,65.67,65.04,65.17,626277
MMP,NYSE,2019/10/03 16:00:00,65.11,65.52,64.24,65.33,551461
MMP,NYSE,2019/10/04 16:00:00,65.35,65.84,64.93,65.4,370007
MMP,NYSE,2019/10/07 16:00:00,65.5,66.05,65.23,65.45,622933
MMP,NYSE,2019/10/08 16:00:00,65.35,65.74,65.03,65.4,729222
MMP,NYSE,2019/10/09 16:00:00,65.45,66.25,65.31,65.47,843449
MMP,NYSE,2019/10/10 16:00:00,65.5,66.11,65.3,65.59,806919
MMP,NYSE,2019/10/11 16:00:00,65.85,66.48,65.72,65.77,843460
MMP,NYSE,2019/10/14 16:00:00,65.66,65.74,65.15,65.15,626870
MMP,NYSE,2019/10/15 16:00:00,65.22,65.87,64.91,65.28,488289
MMP,NYSE,2019/10/16 16:00:00,65.25,65.51,64.62,64.68,525008
MMP,NYSE,2019/10/17 16:00:00,64.7,65.19,64.52,64.99,476852
MMP,NYSE,2019/10/18 16:00:00,64.66,65.63,64.6,65.04,649329
MMP,NYSE,2019/10/21 16:00:00,65.08,65.48,64.75,64.77,648675
MMP,NYSE,2019/10/22 16:00:00,64.82,65.07,64.24,64.24,672378
MMP,NYSE,2019/10/23 16:00:00,64.09,64.43,63.08,63.26,921345
MMP,NYSE,2019/10/24 16:00:00,63.31,63.54,63.03,63.25,537851
MMP,NYSE,2019/10/25 16:00:00,63.17,64.35,62.81,63.93,818957
MMP,NYSE,2019/10/28 16:00:00,64,64.54,63.38,63.42,505157
MMP,NYSE,2019/10/29 16:00:00,63.16,64,63.01,63.73,781441
MMP,NYSE,2019/10/30 16:00:00,63.73,64.47,63.66,64.12,885250
MMP,NYSE,2019/10/31 16:00:00,64.12,64.47,62.08,62.32,1506352
MMP,NYSE,2019/11/01 16:00:00,62.39,62.82,61.82,62.68,768792
MMP,NYSE,2019/11/04 16:00:00,62.55,63.3,62.39,62.74,1029291
MMP,NYSE,2019/11/05 16:00:00,63,63.03,61.14,62.09,1102877
MMP,NYSE,2019/11/06 16:00:00,60.95,61.13,60.1,60.48,943516
MMP,NYSE,2019/11/07 16:00:00,60.53,60.66,58.77,59.55,200
MMP,NYSE,2019/11/08 16:00:00,59.47,60.83,58.81,60.62,1168733
MMP,NYSE,2019/11/11 16:00:00,60.52,60.84,60.16,60.46,627245
MMP,NYSE,2019/11/12 16:00:00,60.4,61.17,60.29,60.59,605325
MMP,NYSE,2019/11/13 16:00:00,60.53,61.45,60.43,60.84,886947
MMP,NYSE,2019/11/14 16:00:00,61.25,61.38,60.17,60.28,821001
MMP,NYSE,2019/11/15 16:00:00,60.3,61.02,60.3,60.78,821100
MMP,NYSE,2019/11/18 16:00:00,60.62,60.77,59.86,59.94,601174
MMP,NYSE,2019/11/19 16:00:00,59.95,60.02,59.06,59.16,706573
MMP,NYSE,2019/11/20 16:00:00,59.13,60.35,59.13,60.08,575190
MMP,NYSE,2019/11/21 16:00:00,60.37,61.25,59.83,61.17,790898
MMP,NYSE,2019/11/22 16:00:00,61.25,61.77,60.95,61.19,636103
MMP,NYSE,2019/11/25 16:00:00,61.21,61.79,60.87,61.16,726824
MMP,NYSE,2019/11/26 16:00:00,61.23,61.48,59.78,59.91,761672
MMP,NYSE,2019/11/27 16:00:00,59.99,60.11,58.79,59.03,942934
MMP,NYSE,2019/11/29 13:00:00,58.86,59.03,58.19,58.47,368508
MMP,NYSE,2019/12/02 16:00:00,58.56,58.91,57.72,58.75,980673
MMP,NYSE,2019/12/03 16:00:00,58.37,59.35,58.13,58.59,656199
MMP,NYSE,2019/12/04 16:00:00,58.83,59.22,58.21,58.88,710470
MMP,NYSE,2019/12/05 16:00:00,58.85,59.56,58.84,58.96,727754
MMP,NYSE,2019/12/06 16:00:00,58.92,59.51,58.92,59.15,748393
MMP,NYSE,2019/12/09 16:00:00,59.15,60.25,58.95,60.16,1289429
MMP,NYSE,2019/12/10 16:00:00,60.56,60.95,60.19,60.55,1361197
MMP,NYSE,2019/12/11 16:00:00,60.5,61.75,60.44,61.75,1268342
MMP,NYSE,2019/12/12 16:00:00,61.44,62.78,61.41,62.46,1645433
MMP,NYSE,2019/12/13 16:00:00,62.57,62.72,61.57,62.69,1172218
MMP,NYSE,2019/12/16 16:00:00,62.6,63.52,62.52,63.27,1100012
MMP,NYSE,2019/12/17 16:00:00,63.45,64.34,62.66,62.87,1440299
MMP,NYSE,2019/12/18 16:00:00,63,63.65,62.72,63.08,1119046
MMP,NYSE,2019/12/19 16:00:00,62.95,63.36,62.13,62.45,1367054
MMP,NYSE,2019/12/20 16:00:00,62.5,62.64,62.12,62.51,1841999
MMP,NYSE,2019/12/23 16:00:00,62.51,62.84,61.71,62.15,1035966
MMP,NYSE,2019/12/24 13:00:00,61.95,62.09,61.43,61.9,621599
MMP,NYSE,2019/12/26 16:00:00,61.81,62.23,61.71,62.02,1101212
MMP,NYSE,2019/12/27 16:00:00,62.02,62.36,61.72,61.78,796692
MMP,NYSE,2019/12/30 16:00:00,61.8,62.2,61.16,61.31,1081273
MMP,NYSE,2019/12/31 16:00:00,61,62.87,61,62.87,2005764
MMP,NYSE,2020/01/02 16:00:00,63,63.14,62.59,62.83,718776
MMP,NYSE,2020/01/03 16:00:00,62.96,63.06,61.95,62.75,928305
MMP,NYSE,2020/01/06 16:00:00,62.71,63.41,62.68,63.12,993659
MMP,NYSE,2020/01/07 16:00:00,63.42,63.42,62.42,63.21,1004562
MMP,NYSE,2020/01/08 16:00:00,63.21,63.61,63.06,63.55,928382
MMP,NYSE,2020/01/09 16:00:00,63.6,63.85,63.06,63.65,912888
MMP,NYSE,2020/01/10 16:00:00,63.64,64.15,63.36,64.13,1111332
MMP,NYSE,2020/01/13 16:00:00,64.25,65.23,63.92,64.86,1651641
MMP,NYSE,2020/01/14 16:00:00,65,65.34,64.8,65.08,1772634
MMP,NYSE,2020/01/15 16:00:00,65,65.34,64.65,64.66,1087517
MMP,NYSE,2020/01/16 16:00:00,64.84,65.16,64.41,65,626248
MMP,NYSE,2020/01/17 16:00:00,64.91,65,64.2,64.37,1087827
MMP,NYSE,2020/01/21 16:00:00,64.55,65.33,64.09,64.85,1459961
MMP,NYSE,2020/01/22 16:00:00,65,65,64.19,64.23,1757300
MMP,NYSE,2020/01/23 16:00:00,64.2,64.93,63.4,64.7,911342
MMP,NYSE,2020/01/24 16:00:00,64.75,64.89,63.53,63.94,650641
MMP,NYSE,2020/01/27 16:00:00,63.43,63.5,62.93,63.36,848255
MMP,NYSE,2020/01/28 16:00:00,63.43,64.71,63.43,63.91,1158221
MMP,NYSE,2020/01/29 16:00:00,64.08,64.39,63.72,64.04,849989
MMP,NYSE,2020/01/30 16:00:00,63.39,63.39,61.27,61.9,2153236
MMP,NYSE,2020/01/31 16:00:00,61.75,62.53,61.29,61.38,1388906
MMP,NYSE,2020/02/03 16:00:00,61.39,61.69,59.8,59.87,1123128
MMP,NYSE,2020/02/04 16:00:00,60.19,61.19,60.19,60.36,1001595
MMP,NYSE,2020/02/05 16:00:00,60.89,62.1,60.33,60.55,2082410
MMP,NYSE,2020/02/06 16:00:00,59.74,60.3,59.3,59.45,1275319
MMP,NYSE,2020/02/07 16:00:00,59.25,59.9,58.85,59.3,1135332
MMP,NYSE,2020/02/10 16:00:00,59,59.54,58.91,59.04,969976
MMP,NYSE,2020/02/11 16:00:00,59.39,59.56,58.41,58.88,831391
MMP,NYSE,2020/02/12 16:00:00,59.31,60.2,59.13,59.54,675961
MMP,NYSE,2020/02/13 16:00:00,59.5,59.79,59.09,59.23,1425490
MMP,NYSE,2020/02/14 16:00:00,59.79,60.39,59.32,60.06,959035
MMP,NYSE,2020/02/18 16:00:00,59.8,60.61,59.71,60.43,2062042
MMP,NYSE,2020/02/19 16:00:00,60.57,60.85,60.36,60.71,936783
MMP,NYSE,2020/02/20 16:00:00,60.98,60.98,60.23,60.8,1461285
MMP,NYSE,2020/02/21 16:00:00,60.58,60.78,60.16,60.45,1212722
MMP,NYSE,2020/02/24 16:00:00,59.58,60.17,58.9,59.96,1335232
MMP,NYSE,2020/02/25 16:00:00,60,60.1,57.78,57.8,2243982
MMP,NYSE,2020/02/26 16:00:00,57.75,58.49,56.77,57,2696646
MMP,NYSE,2020/02/27 16:00:00,56.15,56.69,54.03,55.14,2854664
MMP,NYSE,2020/02/28 16:00:00,54.16,55,52.3,54.55,2919802
MMP,NYSE,2020/03/02 16:00:00,54.9,57.75,54.9,56.74,2547896
MMP,NYSE,2020/03/03 16:00:00,56.97,58.13,55.4,56.51,1731573
MMP,NYSE,2020/03/04 16:00:00,57.36,57.74,56.27,57.03,1745810
MMP,NYSE,2020/03/05 16:00:00,56.21,56.93,54.44,54.97,1208793
MMP,NYSE,2020/03/06 16:00:00,53.61,53.76,51.81,52.14,2115195
MMP,NYSE,2020/03/09 16:00:00,45.15,48.83,39.9,40.12,4849859
MMP,NYSE,2020/03/10 16:00:00,44.14,47.75,39.15,46.25,5239777
MMP,NYSE,2020/03/11 16:00:00,44.66,46.68,43.62,44.25,2787585
MMP,NYSE,2020/03/12 16:00:00,39.89,41.23,37.68,38,3856964
MMP,NYSE,2020/03/13 16:00:00,39.75,41.37,37.47,40.08,2528366
MMP,NYSE,2020/03/16 16:00:00,35.2,36.05,33.37,33.37,3917193
MMP,NYSE,2020/03/17 16:00:00,33.58,33.7,30.5,31.51,4616392
MMP,NYSE,2020/03/18 16:00:00,29.38,30.38,22.02,29.17,5076251
MMP,NYSE,2020/03/19 16:00:00,29.04,32.31,27.12,28.61,4670824
MMP,NYSE,2020/03/20 16:00:00,30.48,34.11,24.27,29.73,7091407
MMP,NYSE,2020/03/23 16:00:00,29.51,29.76,26.26,27.78,4447010
MMP,NYSE,2020/03/24 16:00:00,28.78,30.77,28.78,29.46,2524136
MMP,NYSE,2020/03/25 16:00:00,29.84,33.75,29.33,32.82,3581214
MMP,NYSE,2020/03/26 16:00:00,32.85,36.47,31.66,34.52,3318834
MMP,NYSE,2020/03/27 16:00:00,33.26,35.22,32.5,33.61,3148708
MMP,NYSE,2020/03/30 16:00:00,33.65,34.67,31.68,33.31,2086191
MMP,NYSE,2020/03/31 16:00:00,35.87,36.72,33.68,36.49,3079349
MMP,NYSE,2020/04/01 16:00:00,34.65,35.56,33.6,34.76,2152868
MMP,NYSE,2020/04/02 16:00:00,36.55,38.89,34.71,35.37,2662818
MMP,NYSE,2020/04/03 16:00:00,36.03,36.5,32.64,35.61,2258984
MMP,NYSE,2020/04/06 16:00:00,35.6,37.45,35.01,36.84,2071572
MMP,NYSE,2020/04/07 16:00:00,38.03,38.54,35.81,35.93,1789234
MMP,NYSE,2020/04/08 16:00:00,36.44,37.53,36.05,37.36,1213209
MMP,NYSE,2020/04/09 16:00:00,38.46,40.22,37.8,39.24,2201626
MMP,NYSE,2020/04/13 16:00:00,40,40.82,37.85,38.66,1294123
MMP,NYSE,2020/04/14 16:00:00,39.83,39.98,38.52,39.12,1602387
MMP,NYSE,2020/04/15 16:00:00,37.82,37.95,36.27,37.76,2993609
MMP,NYSE,2020/04/16 16:00:00,37.8,37.84,36.77,37.38,1294885
MMP,NYSE,2020/04/17 16:00:00,37.63,40.16,37.41,40.02,2561639
MMP,NYSE,2020/04/20 16:00:00,37.5,40.86,37.5,39.69,2208319
MMP,NYSE,2020/04/21 16:00:00,38.15,39.95,37.08,39.71,2007457
MMP,NYSE,2020/04/22 16:00:00,40.01,40.67,39.29,39.57,1834784
MMP,NYSE,2020/04/23 16:00:00,40.17,40.4,38.72,39.23,2182004
MMP,NYSE,2020/04/24 16:00:00,39.5,40.99,39.47,40.55,2011176
MMP,NYSE,2020/04/27 16:00:00,40,41.96,39.91,41.8,1685308
MMP,NYSE,2020/04/28 16:00:00,42.44,42.72,40.84,40.99,2073061
MMP,NYSE,2020/04/29 16:00:00,42.2,43.79,41.73,42.67,2041505
MMP,NYSE,2020/04/30 16:00:00,42.87,42.88,40.76,41.13,2954667
MMP,NYSE,2020/05/01 16:00:00,41.13,41.71,39.86,41.21,2323851
MMP,NYSE,2020/05/04 16:00:00,40.59,44.37,39.8,43.93,2410423
MMP,NYSE,2020/05/05 16:00:00,45.05,45.7,42.39,43.1,1814804
MMP,NYSE,2020/05/06 16:00:00,43.4,44.6,42.08,42.66,1417355
MMP,NYSE,2020/05/07 16:00:00,42.36,42.69,40.81,41.18,1632856
MMP,NYSE,2020/05/08 16:00:00,42,43.13,41.8,42.95,857480
MMP,NYSE,2020/05/11 16:00:00,42.47,42.91,42.13,42.72,704865
MMP,NYSE,2020/05/12 16:00:00,42.99,43.83,41.47,41.47,1102124
MMP,NYSE,2020/05/13 16:00:00,41.57,42.16,40.28,40.87,1175031
MMP,NYSE,2020/05/14 16:00:00,39.97,42.3,39.02,41.49,980829
MMP,NYSE,2020/05/15 16:00:00,41.73,42.18,40.8,41.84,1482144
MMP,NYSE,2020/05/18 16:00:00,43.26,44.52,42.67,43.1,1187184
MMP,NYSE,2020/05/19 16:00:00,43.53,44.39,43.02,43.9,712827
MMP,NYSE,2020/05/20 16:00:00,44.17,45.49,43.28,44.42,1298122
MMP,NYSE,2020/05/21 16:00:00,44.71,44.85,43.51,44.1,931464
MMP,NYSE,2020/05/22 16:00:00,43.72,44.73,43.14,44.36,482465
MMP,NYSE,2020/05/26 16:00:00,45.17,45.56,44.59,44.88,757294
MMP,NYSE,2020/05/27 16:00:00,45.38,45.8,44.53,44.9,1051782
MMP,NYSE,2020/05/28 16:00:00,45.21,45.32,44.15,44.57,782292
MMP,NYSE,2020/05/29 16:00:00,43.96,45.35,42.7,45.34,1640115
MMP,NYSE,2020/06/01 16:00:00,45.57,45.57,44.35,44.53,780123
MMP,NYSE,2020/06/02 16:00:00,44.99,45.24,44.24,44.7,688626
MMP,NYSE,2020/06/03 16:00:00,45.15,46.37,44.86,46.18,778149
MMP,NYSE,2020/06/04 16:00:00,45.68,47.33,45.68,47.15,683977
MMP,NYSE,2020/06/05 16:00:00,48.46,48.94,47.75,47.92,1141378
MMP,NYSE,2020/06/08 16:00:00,49.41,49.91,48.53,49.42,1384229
MMP,NYSE,2020/06/09 16:00:00,48.58,48.87,46.08,46.97,1711277
MMP,NYSE,2020/06/10 16:00:00,47.01,47.02,45.41,45.83,2043455
MMP,NYSE,2020/06/11 16:00:00,43.03,44.74,42.5,42.62,1684364
MMP,NYSE,2020/06/12 16:00:00,44.79,44.79,42.66,43.56,1911422
MMP,NYSE,2020/06/15 16:00:00,42.25,45.68,42.12,45.35,1606451
MMP,NYSE,2020/06/16 16:00:00,47.33,47.39,45.09,45.96,1714514
MMP,NYSE,2020/06/17 16:00:00,45.88,46.63,44.81,45.59,1377268
MMP,NYSE,2020/06/18 16:00:00,44.91,46.04,44.49,44.77,2101515
MMP,NYSE,2020/06/19 16:00:00,45.71,46.17,44.28,44.28,1844253
MMP,NYSE,2020/06/22 16:00:00,44.05,44.98,43.92,44.41,2010984
MMP,NYSE,2020/06/23 16:00:00,44.75,45.07,43.96,44.1,916230
MMP,NYSE,2020/06/24 16:00:00,43.61,43.83,41.83,42.43,1170736
MMP,NYSE,2020/06/25 16:00:00,41.97,43.65,41.9,42.68,904532
MMP,NYSE,2020/06/26 16:00:00,42.44,42.67,40.55,41.15,1530163
MMP,NYSE,2020/06/29 16:00:00,42.5,42.99,41.78,42.03,1716321
MMP,NYSE,2020/06/30 16:00:00,42.11,43.49,41.15,43.17,1504683
MMP,NYSE,2020/07/01 16:00:00,43.45,43.86,42.28,42.9,845714
MMP,NYSE,2020/07/02 16:00:00,43.42,43.56,42.21,43.02,1203414
MMP,NYSE,2020/07/06 16:00:00,44.02,44.59,42.41,43.33,1292387
MMP,NYSE,2020/07/07 16:00:00,42.65,43.85,42.32,43.1,919709
MMP,NYSE,2020/07/08 16:00:00,43.01,43.56,41.86,42.51,1130271
MMP,NYSE,2020/07/09 16:00:00,42.42,42.49,40.29,40.39,1983272
MMP,NYSE,2020/07/10 16:00:00,40.29,41.48,40.02,41.02,921508
MMP,NYSE,2020/07/13 16:00:00,41.47,41.47,39.67,40.77,2323513
MMP,NYSE,2020/07/14 16:00:00,40.76,40.9,40.17,40.65,1429882
MMP,NYSE,2020/07/15 16:00:00,41.62,42.78,41.28,42.75,1246387
MMP,NYSE,2020/07/16 16:00:00,42.75,43.12,41.63,43.04,910612
MMP,NYSE,2020/07/17 16:00:00,43,43.44,42.21,42.53,639391
MMP,NYSE,2020/07/20 16:00:00,42.37,42.79,41.11,41.13,906181
MMP,NYSE,2020/07/21 16:00:00,41.38,42.59,41.34,42.31,873907
MMP,NYSE,2020/07/22 16:00:00,42.09,42.12,41.48,42.01,580070
MMP,NYSE,2020/07/23 16:00:00,41.92,42.65,41.56,42.33,799326
MMP,NYSE,2020/07/24 16:00:00,42.39,42.59,41.71,41.88,999095
MMP,NYSE,2020/07/27 16:00:00,41.88,41.95,41.15,41.68,1005940
MMP,NYSE,2020/07/28 16:00:00,41.55,41.86,41.13,41.23,634872
MMP,NYSE,2020/07/29 16:00:00,41.65,42.57,41.34,42.44,1343839
MMP,NYSE,2020/07/30 16:00:00,41.84,42,40.3,41.34,2118856
MMP,NYSE,2020/07/31 16:00:00,41.05,41.45,39.72,40.49,1500800
MMP,NYSE,2020/08/03 16:00:00,40.5,41.19,39.9,40.54,1103486
MMP,NYSE,2020/08/04 16:00:00,41,41.06,40.12,40.68,1249577
MMP,NYSE,2020/08/05 16:00:00,41.08,41.38,40.3,40.76,1606771
MMP,NYSE,2020/08/06 16:00:00,40.04,41.15,39.99,40.35,1622692
MMP,NYSE,2020/08/07 16:00:00,40,40.89,40,40.7,1295766
MMP,NYSE,2020/08/10 16:00:00,40.61,41.06,40.28,40.99,1396933
MMP,NYSE,2020/08/11 16:00:00,41.5,41.75,40.73,40.92,1269471
MMP,NYSE,2020/08/12 16:00:00,41.6,41.85,41.14,41.52,905018
MMP,NYSE,2020/08/13 16:00:00,41.17,41.82,41.1,41.46,725864
MMP,NYSE,2020/08/14 16:00:00,41.77,42.28,41.3,41.39,742972
MMP,NYSE,2020/08/17 16:00:00,41.53,42.29,41.03,41.81,1267560
MMP,NYSE,2020/08/18 16:00:00,41.64,41.85,40.95,41.18,951820
MMP,NYSE,2020/08/19 16:00:00,41.14,41.72,41,41.37,962049
MMP,NYSE,2020/08/20 16:00:00,41,41.22,40.34,40.88,964754
MMP,NYSE,2020/08/21 16:00:00,40.55,41.63,39.87,40.11,1762618
MMP,NYSE,2020/08/24 16:00:00,40.23,40.38,39.27,39.48,1375937
MMP,NYSE,2020/08/25 16:00:00,39.75,39.91,38.5,39,1610562
MMP,NYSE,2020/08/26 16:00:00,38.99,39.13,37.57,37.78,1704084
MMP,NYSE,2020/08/27 16:00:00,37.64,38.75,37.64,38.49,1245892
MMP,NYSE,2020/08/28 16:00:00,38.57,39.26,38.47,39.18,674633
MMP,NYSE,2020/08/31 16:00:00,39.1,39.1,38.01,38.01,933398
MMP,NYSE,2020/09/01 16:00:00,37.96,38.32,37.31,38.11,684962
MMP,NYSE,2020/09/02 16:00:00,38,38.65,37.7,37.81,795604
MMP,NYSE,2020/09/03 16:00:00,37.83,38.69,37.76,37.97,1024480
MMP,NYSE,2020/09/04 16:00:00,38.17,38.38,37.37,37.64,829883
MMP,NYSE,2020/09/08 16:00:00,37.25,37.4,36.7,37.36,791857
MMP,NYSE,2020/09/09 16:00:00,37.6,38.39,36.99,36.99,993713
MMP,NYSE,2020/09/10 16:00:00,37.02,37.38,36.86,36.92,1258521
MMP,NYSE,2020/09/11 16:00:00,36.92,37.5,36.75,37.16,827534
MMP,NYSE,2020/09/14 16:00:00,37.3,37.67,36.92,37.44,1263903
MMP,NYSE,2020/09/15 16:00:00,37.49,38.05,36.87,36.88,1355865
MMP,NYSE,2020/09/16 16:00:00,37.23,38.18,37.1,37.4,939479
MMP,NYSE,2020/09/17 16:00:00,36.83,37.43,36.38,37,1103268
MMP,NYSE,2020/09/18 16:00:00,36.85,37.02,36.31,36.92,1609007
MMP,NYSE,2020/09/21 16:00:00,36.65,37.02,36.07,36.81,1322829
MMP,NYSE,2020/09/22 16:00:00,36.83,37.3,35.52,35.65,1978549
MMP,NYSE,2020/09/23 16:00:00,35.8,36.3,34.19,34.23,1881249
MMP,NYSE,2020/09/24 16:00:00,34.15,34.39,33.23,33.75,2093134
MMP,NYSE,2020/09/25 16:00:00,33.81,34.03,33.17,33.89,2140965
MMP,NYSE,2020/09/28 16:00:00,34.11,35.45,34.02,35.01,1929026
MMP,NYSE,2020/09/29 16:00:00,34.95,35.59,34.57,34.9,1134006
MMP,NYSE,2020/09/30 16:00:00,35.01,35.52,34.1,34.2,1549289
MMP,NYSE,2020/10/01 16:00:00,34.15,34.63,33.37,33.63,1253784
MMP,NYSE,2020/10/02 16:00:00,33,34.84,32.61,34.67,1092806
MMP,NYSE,2020/10/05 16:00:00,35.18,35.82,34.93,35.7,834777
MMP,NYSE,2020/10/06 16:00:00,36.17,36.38,35.04,35.22,1611814
MMP,NYSE,2020/10/07 16:00:00,35.22,35.84,35.11,35.4,980252
MMP,NYSE,2020/10/08 16:00:00,35.52,36.97,35.46,36.93,1028793
MMP,NYSE,2020/10/09 16:00:00,37.09,37.33,36.35,37.06,884021
MMP,NYSE,2020/10/12 16:00:00,37,37.58,36.95,37.26,631000
MMP,NYSE,2020/10/13 16:00:00,37.06,37.55,36.35,36.52,922002
MMP,NYSE,2020/10/14 16:00:00,36.47,37.57,36.47,36.96,1013056
MMP,NYSE,2020/10/15 16:00:00,36.48,37.41,36.21,37.24,620134
MMP,NYSE,2020/10/16 16:00:00,37.06,37.32,36.7,36.72,436644
MMP,NYSE,2020/10/19 16:00:00,36.75,37.31,36.14,36.15,772743
MMP,NYSE,2020/10/20 16:00:00,36.52,36.77,36.07,36.55,556036
MMP,NYSE,2020/10/21 16:00:00,36.37,36.64,35.72,36.02,682386
MMP,NYSE,2020/10/22 16:00:00,36.12,37.37,36.03,37.34,815974
MMP,NYSE,2020/10/23 16:00:00,37.5,37.72,37.08,37.48,677526
MMP,NYSE,2020/10/26 16:00:00,37.2,37.2,35.56,36.21,1138436
MMP,NYSE,2020/10/27 16:00:00,36.06,36.43,35.55,35.81,1117019
MMP,NYSE,2020/10/28 16:00:00,35.32,35.51,34.34,34.78,1078337
MMP,NYSE,2020/10/29 16:00:00,34.51,35.66,34.02,35.52,1245026
MMP,NYSE,2020/10/30 16:00:00,35.52,36.1,35.16,35.54,1233812
MMP,NYSE,2020/11/02 16:00:00,36.15,36.37,34.9,35.83,974567
MMP,NYSE,2020/11/03 16:00:00,36.44,36.93,35.98,35.98,973185
MMP,NYSE,2020/11/04 16:00:00,36.16,37.45,35.46,36.69,1427075
MMP,NYSE,2020/11/05 16:00:00,35.92,36.09,35.15,35.61,1070133
MMP,NYSE,2020/11/06 16:00:00,35.48,35.69,33.95,34.25,1779320
MMP,NYSE,2020/11/09 16:00:00,36,37.72,35.76,37.12,2423768
MMP,NYSE,2020/11/10 16:00:00,37.5,38.49,36.97,38.35,1682413
MMP,NYSE,2020/11/11 16:00:00,38.67,39.13,38.44,38.61,2614051
MMP,NYSE,2020/11/12 16:00:00,38.23,38.98,37.92,38.58,1343055
MMP,NYSE,2020/11/13 16:00:00,39.2,39.98,38.51,39.89,1378262
MMP,NYSE,2020/11/16 16:00:00,41.1,42.21,40.65,41.04,2683258
MMP,NYSE,2020/11/17 16:00:00,40.53,41.56,40.26,41.38,1251486
MMP,NYSE,2020/11/18 16:00:00,41.5,42.78,40.71,40.8,1996380
MMP,NYSE,2020/11/19 16:00:00,40.57,42.05,39.97,42,1138370
MMP,NYSE,2020/11/20 16:00:00,42.03,42.57,41.32,41.7,1089673
MMP,NYSE,2020/11/23 16:00:00,42,43.18,41.89,43.03,1080156
MMP,NYSE,2020/11/24 16:00:00,43.36,44.37,43.33,44.07,1794393
MMP,NYSE,2020/11/25 16:00:00,44.02,44.03,43.11,43.26,1132271
MMP,NYSE,2020/11/27 13:00:00,43.05,43.43,42.22,42.51,611973
MMP,NYSE,2020/11/30 16:00:00,41.9,42.64,40.92,41.15,1561682
MMP,NYSE,2020/12/01 16:00:00,41.63,41.98,40.69,41.15,1232368
MMP,NYSE,2020/12/02 16:00:00,41.14,42.19,41,42.07,1252783
MMP,NYSE,2020/12/03 16:00:00,42.2,43.84,41.75,43.48,1218518
MMP,NYSE,2020/12/04 16:00:00,43.95,44.8,43.86,44.71,1014506
MMP,NYSE,2020/12/07 16:00:00,44.44,44.9,43.78,44.22,1008955
MMP,NYSE,2020/12/08 16:00:00,44.22,45.4,44.22,44.81,1074503
MMP,NYSE,2020/12/09 16:00:00,45.03,45.97,44.06,44.38,1416486
MMP,NYSE,2020/12/10 16:00:00,44.58,46.07,44.58,46.07,809479
MMP,NYSE,2020/12/11 16:00:00,46,46.7,45.35,46.58,1056999
MMP,NYSE,2020/12/14 16:00:00,46.71,46.81,45.25,45.57,1203407
MMP,NYSE,2020/12/15 16:00:00,45.63,46.25,44.9,46.06,833758
MMP,NYSE,2020/12/16 16:00:00,46.18,46.18,45.15,45.59,766431
MMP,NYSE,2020/12/17 16:00:00,45.14,45.86,45.01,45.32,853636
MMP,NYSE,2020/12/18 16:00:00,45.7,45.77,43.87,44.38,1666037
MMP,NYSE,2020/12/21 16:00:00,43.16,43.7,42.81,43.25,2046111
MMP,NYSE,2020/12/22 16:00:00,42.98,43.64,42.65,43.12,765319
MMP,NYSE,2020/12/23 16:00:00,43.33,44.12,43.14,43.58,1494334
MMP,NYSE,2020/12/24 13:00:00,43.35,43.43,42.3,42.78,640792
MMP,NYSE,2020/12/28 16:00:00,42.84,42.94,41.77,42.41,1526355
MMP,NYSE,2020/12/29 16:00:00,42.8,43,41.9,42.34,969539
MMP,NYSE,2020/12/30 16:00:00,42.19,42.82,42.03,42.16,758677
MMP,NYSE,2020/12/31 16:00:00,42.1,42.65,41.69,42.44,769980
MMP,NYSE,2021/01/04 16:00:00,42.8,43.07,41.16,41.37,1304012
MMP,NYSE,2021/01/05 16:00:00,41.78,44.29,41.74,42.96,1525959
MMP,NYSE,2021/01/06 16:00:00,43.82,44.5,42.64,44.34,1693677
MMP,NYSE,2021/01/07 16:00:00,44.56,45.67,44.25,45.39,1200492
MMP,NYSE,2021/01/08 16:00:00,45.87,45.87,44.44,44.86,837224
MMP,NYSE,2021/01/11 16:00:00,44.45,45.76,44.32,45.25,850172
MMP,NYSE,2021/01/12 16:00:00,45.76,46.74,45.39,46.36,1198101
MMP,NYSE,2021/01/13 16:00:00,46.49,46.8,46.01,46.1,680065
MMP,NYSE,2021/01/14 16:00:00,46.19,46.37,45.52,46.07,1055053
MMP,NYSE,2021/01/15 16:00:00,45.75,45.96,44.77,45.53,791404
MMP,NYSE,2021/01/19 16:00:00,45.81,46.22,45.25,45.85,1216736
MMP,NYSE,2021/01/20 16:00:00,46.3,47.02,46.02,46.45,1197229
MMP,NYSE,2021/01/21 16:00:00,46.92,47.13,45.55,46.38,1413164
MMP,NYSE,2021/01/22 16:00:00,45.6,46.45,45.02,45.84,1188005
MMP,NYSE,2021/01/25 16:00:00,45.73,45.87,44.96,45.33,1651284
MMP,NYSE,2021/01/26 16:00:00,45.61,46.2,44.89,45.46,1421485
MMP,NYSE,2021/01/27 16:00:00,45.54,46.03,44.29,44.41,1683005
MMP,NYSE,2021/01/28 16:00:00,44.62,45.58,44.62,45.07,1403002
MMP,NYSE,2021/01/29 16:00:00,44.87,45.69,44.11,44.46,985457
MMP,NYSE,2021/02/01 16:00:00,44.78,44.97,43.27,43.74,1886725
MMP,NYSE,2021/02/02 16:00:00,44.24,44.44,41.51,41.72,3950113
MMP,NYSE,2021/02/03 16:00:00,41.75,42.73,40.85,42.38,3550862
MMP,NYSE,2021/02/04 16:00:00,41.25,41.5,40.31,40.51,2119878
MMP,NYSE,2021/02/05 16:00:00,40.84,41.2,40.28,40.59,1456806
MMP,NYSE,2021/02/08 16:00:00,40.85,40.91,39.93,40.6,2142953
MMP,NYSE,2021/02/09 16:00:00,40.66,41.21,40.18,41.17,1926156
MMP,NYSE,2021/02/10 16:00:00,41.35,41.41,40.54,41.12,1953359
MMP,NYSE,2021/02/11 16:00:00,41.08,41.25,40.52,40.76,1916523
MMP,NYSE,2021/02/12 16:00:00,40.71,41.81,40.55,41.69,2064929
MMP,NYSE,2021/02/16 16:00:00,42.16,42.43,41.6,41.64,1370353
MMP,NYSE,2021/02/17 16:00:00,41.75,41.95,41.08,41.78,1336214
MMP,NYSE,2021/02/18 16:00:00,41.6,41.78,40.3,40.34,3411418
MMP,NYSE,2021/02/19 16:00:00,40.5,41.72,40.34,41.49,1531338
MMP,NYSE,2021/02/22 16:00:00,41.86,43.41,41.71,42.58,3277905
MMP,NYSE,2021/02/23 16:00:00,43.4,43.59,41.8,43.09,2454120
MMP,NYSE,2021/02/24 16:00:00,43.41,43.89,42.81,43.86,2067622
MMP,NYSE,2021/02/25 16:00:00,43.95,44,42.04,42.58,1967913
MMP,NYSE,2021/02/26 16:00:00,42.4,42.51,41.45,41.67,1752229
MMP,NYSE,2021/03/01 16:00:00,42.23,43.42,42.12,42.97,2378738
MMP,NYSE,2021/03/02 16:00:00,43.01,43.78,42.78,43.62,1076543
MMP,NYSE,2021/03/03 16:00:00,44,45.04,43.87,44.03,1653615
MMP,NYSE,2021/03/04 16:00:00,44.58,45.4,43.9,44.63,2349700
MMP,NYSE,2021/03/05 16:00:00,45.31,45.6,44.29,44.88,1827479
MMP,NYSE,2021/03/08 16:00:00,45.55,45.59,44.6,45,1984308
MMP,NYSE,2021/03/09 16:00:00,45.1,45.46,44.64,44.64,1546595
MMP,NYSE,2021/03/10 16:00:00,44.8,45.06,44.38,44.97,2344185
MMP,NYSE,2021/03/11 16:00:00,45.45,45.67,44.98,45.1,1453767
MMP,NYSE,2021/03/12 16:00:00,45.07,45.44,44.72,45.38,1950770
MMP,NYSE,2021/03/15 16:00:00,45.6,46.52,45.47,46.52,2201848
MMP,NYSE,2021/03/16 16:00:00,46.27,46.32,45.61,45.66,2083005
MMP,NYSE,2021/03/17 16:00:00,45.83,46.11,45.17,45.48,1647416
MMP,NYSE,2021/03/18 16:00:00,45.27,45.6,44.53,44.71,1614430
MMP,NYSE,2021/03/19 16:00:00,44.63,45.68,44,44.08,3597590
MMP,NYSE,2021/03/22 16:00:00,44.1,44.42,43.63,43.86,1084376
MMP,NYSE,2021/03/23 16:00:00,43.26,43.79,42.47,42.51,1924571
MMP,NYSE,2021/03/24 16:00:00,42.75,43.28,42.52,42.57,1160543
MMP,NYSE,2021/03/25 16:00:00,42.18,42.7,41.77,42.59,1814600
MMP,NYSE,2021/03/26 16:00:00,42.9,43.84,42.6,43.8,1334973
MMP,NYSE,2021/03/29 16:00:00,43.8,43.93,42.97,43.43,1016996
MMP,NYSE,2021/03/30 16:00:00,43.01,43.32,42.7,42.79,853373
MMP,NYSE,2021/03/31 16:00:00,42.93,43.79,42.81,43.36,1747514
MMP,NYSE,2021/04/01 16:00:00,43.88,44.19,43.08,44.19,1195306
MMP,NYSE,2021/04/05 16:00:00,44.22,44.71,44.05,44.58,1191575
MMP,NYSE,2021/04/06 16:00:00,44.78,45.38,44.63,45.05,1107245
MMP,NYSE,2021/04/07 16:00:00,45.28,45.39,45,45.23,1059043
MMP,NYSE,2021/04/08 16:00:00,45.35,45.46,44.91,45.25,1013919
MMP,NYSE,2021/04/09 16:00:00,45.47,45.82,44.45,44.69,1068436
DLB,NYSE,2019/04/01 16:00:00,63.25,64.22,63.11,63.9,612711
DLB,NYSE,2019/04/02 16:00:00,64.07,64.09,62.99,63.28,408016
DLB,NYSE,2019/04/03 16:00:00,63.57,64.07,63.36,63.65,520085
DLB,NYSE,2019/04/04 16:00:00,63.81,64.16,63.22,63.43,279482
DLB,NYSE,2019/04/05 16:00:00,63.56,64.16,63.5,64.06,193717
DLB,NYSE,2019/04/08 16:00:00,63.98,64.57,63.71,64.57,253317
DLB,NYSE,2019/04/09 16:00:00,64.21,64.28,63.48,63.71,745744
DLB,NYSE,2019/04/10 16:00:00,63.65,64.29,63.47,64.24,344575
DLB,NYSE,2019/04/11 16:00:00,64.25,65.07,64.19,64.99,546412
DLB,NYSE,2019/04/12 16:00:00,65.1,66,64.92,65.78,332628
DLB,NYSE,2019/04/15 16:00:00,65.76,65.91,65.39,65.77,413856
DLB,NYSE,2019/04/16 16:00:00,65.84,65.99,65.5,65.7,487530
DLB,NYSE,2019/04/17 16:00:00,65.83,65.86,64.41,64.61,331744
DLB,NYSE,2019/04/18 16:00:00,64.6,64.79,64.13,64.6,321931
DLB,NYSE,2019/04/22 16:00:00,64.41,64.55,63.44,63.73,242639
DLB,NYSE,2019/04/23 16:00:00,63.82,64.28,63.82,64.15,614486
DLB,NYSE,2019/04/24 16:00:00,64.19,65.09,64.15,64.98,332542
DLB,NYSE,2019/04/25 16:00:00,64.98,64.98,63.8,64.15,261408
DLB,NYSE,2019/04/26 16:00:00,63.9,64.4,63.83,64.38,235250
DLB,NYSE,2019/04/29 16:00:00,64.34,64.98,64.08,64.1,314785
DLB,NYSE,2019/04/30 16:00:00,64.1,64.77,63.77,64.69,373168
DLB,NYSE,2019/05/01 16:00:00,64.72,65.4,64.09,64.5,586553
DLB,NYSE,2019/05/02 16:00:00,64.4,65.31,62.72,65.2,1066145
DLB,NYSE,2019/05/03 16:00:00,65.37,65.96,65.35,65.84,483949
DLB,NYSE,2019/05/06 16:00:00,64.75,65.55,64.71,65.28,507126
DLB,NYSE,2019/05/07 16:00:00,64.9,65.61,64.7,64.96,534877
DLB,NYSE,2019/05/08 16:00:00,64.96,65.46,64.07,64.09,321219
DLB,NYSE,2019/05/09 16:00:00,63.56,64.01,62.39,63.83,455310
DLB,NYSE,2019/05/10 16:00:00,63.42,64.82,63.29,64.5,422652
DLB,NYSE,2019/05/13 16:00:00,63.31,63.42,62.67,63.23,543331
DLB,NYSE,2019/05/14 16:00:00,63.36,64.42,63.3,64.02,507646
DLB,NYSE,2019/05/15 16:00:00,63.63,65.21,63.63,65.05,461618
DLB,NYSE,2019/05/16 16:00:00,65.07,65.16,64.48,64.59,583485
DLB,NYSE,2019/05/17 16:00:00,63.94,63.94,62.01,62.19,696280
DLB,NYSE,2019/05/20 16:00:00,61.72,62.23,61.31,61.74,376931
DLB,NYSE,2019/05/21 16:00:00,62.07,62.49,61.89,62.22,267855
DLB,NYSE,2019/05/22 16:00:00,61.86,62.62,61.86,62,278190
DLB,NYSE,2019/05/23 16:00:00,61.36,62.12,61.19,62.08,382311
DLB,NYSE,2019/05/24 16:00:00,62.45,63.01,62.13,62.26,362178
DLB,NYSE,2019/05/28 16:00:00,62.55,63.03,62.3,62.37,413123
DLB,NYSE,2019/05/29 16:00:00,61.81,62.11,61.14,61.18,270390
DLB,NYSE,2019/05/30 16:00:00,61.38,62.03,61.12,61.99,266901
DLB,NYSE,2019/05/31 16:00:00,61.55,62.2,61.51,61.97,402283
DLB,NYSE,2019/06/03 16:00:00,61.97,61.97,60,60.16,365414
DLB,NYSE,2019/06/04 16:00:00,60.83,62.23,60.75,62.11,228044
DLB,NYSE,2019/06/05 16:00:00,62.61,62.83,61.53,62.65,236316
DLB,NYSE,2019/06/06 16:00:00,62.86,63.32,61.93,62.4,382941
DLB,NYSE,2019/06/07 16:00:00,62.76,63.55,62.42,63.2,430010
DLB,NYSE,2019/06/10 16:00:00,63.52,63.8,62.53,62.75,334922
DLB,NYSE,2019/06/11 16:00:00,63.35,63.55,62.36,62.46,195634
DLB,NYSE,2019/06/12 16:00:00,62.28,62.8,61.53,62.69,408314
DLB,NYSE,2019/06/13 16:00:00,62.81,63.02,62.62,62.99,501877
DLB,NYSE,2019/06/14 16:00:00,62.77,62.96,62.18,62.63,244914
DLB,NYSE,2019/06/17 16:00:00,62.68,63.44,62.55,63,173982
DLB,NYSE,2019/06/18 16:00:00,63.33,64.38,63.33,63.96,229554
DLB,NYSE,2019/06/19 16:00:00,64.06,64.6,63.97,64.33,190875
DLB,NYSE,2019/06/20 16:00:00,64.88,65.37,64.63,65.2,498073
DLB,NYSE,2019/06/21 16:00:00,65,65.31,64.52,64.92,443729
DLB,NYSE,2019/06/24 16:00:00,64.93,65.05,64.75,64.85,257146
DLB,NYSE,2019/06/25 16:00:00,64.88,65.46,64.62,64.62,281529
DLB,NYSE,2019/06/26 16:00:00,64.84,65.21,64.4,64.59,217786
DLB,NYSE,2019/06/27 16:00:00,64.68,65.33,64.39,64.9,241915
DLB,NYSE,2019/06/28 16:00:00,64.93,65.35,64.09,64.6,500391
DLB,NYSE,2019/07/01 16:00:00,65.2,65.62,64.76,65.13,404545
DLB,NYSE,2019/07/02 16:00:00,65,65.22,64.6,65,341721
DLB,NYSE,2019/07/03 13:00:00,65.2,65.57,65.08,65.18,412813
DLB,NYSE,2019/07/05 16:00:00,64.75,65.11,64.24,65.03,235135
DLB,NYSE,2019/07/08 16:00:00,64.69,64.69,63.21,63.44,261480
DLB,NYSE,2019/07/09 16:00:00,63.31,63.64,62.92,63.44,278442
DLB,NYSE,2019/07/10 16:00:00,63.58,64.4,63.36,63.61,409310
DLB,NYSE,2019/07/11 16:00:00,63.77,64.02,63.25,63.96,266939
DLB,NYSE,2019/07/12 16:00:00,64.08,65.11,63.81,64.96,240870
DLB,NYSE,2019/07/15 16:00:00,65.13,65.3,64.82,65.28,241570
DLB,NYSE,2019/07/16 16:00:00,65.08,65.54,64.61,65.31,254842
DLB,NYSE,2019/07/17 16:00:00,65.27,65.6,64.87,65.19,286020
DLB,NYSE,2019/07/18 16:00:00,65.13,65.21,64.86,65.11,279555
DLB,NYSE,2019/07/19 16:00:00,65.33,65.6,65.16,65.2,333491
DLB,NYSE,2019/07/22 16:00:00,65.36,65.61,65.01,65.05,463408
DLB,NYSE,2019/07/23 16:00:00,65.33,65.81,65.16,65.78,262324
DLB,NYSE,2019/07/24 16:00:00,65.58,66.25,65.37,66.16,213813
DLB,NYSE,2019/07/25 16:00:00,65.9,66.35,65.63,66.12,290145
DLB,NYSE,2019/07/26 16:00:00,66.35,67.38,66.15,66.25,333663
DLB,NYSE,2019/07/29 16:00:00,66.15,66.75,65.71,66.58,256600
DLB,NYSE,2019/07/30 16:00:00,66.28,67.42,66.22,67.27,353923
DLB,NYSE,2019/07/31 16:00:00,67.4,68.73,67.16,68.1,795892
DLB,NYSE,2019/08/01 16:00:00,67.73,68.81,67.65,68.08,815867
DLB,NYSE,2019/08/02 16:00:00,66,66,58.72,58.81,2620957
DLB,NYSE,2019/08/05 16:00:00,57.56,58.55,56.39,57.38,1209346
DLB,NYSE,2019/08/06 16:00:00,56.09,58.85,56.09,58.48,695756
DLB,NYSE,2019/08/07 16:00:00,57.88,58.83,57.28,58.44,420601
DLB,NYSE,2019/08/08 16:00:00,58.9,60.12,58.53,60,328537
DLB,NYSE,2019/08/09 16:00:00,59.63,59.63,58.97,59.14,259523
DLB,NYSE,2019/08/12 16:00:00,58.8,58.95,58.28,58.33,360008
DLB,NYSE,2019/08/13 16:00:00,58.16,60.27,58.16,60.2,317378
DLB,NYSE,2019/08/14 16:00:00,59.02,59.2,57.81,58.14,367006
DLB,NYSE,2019/08/15 16:00:00,58.52,58.52,57.86,58.32,298471
DLB,NYSE,2019/08/16 16:00:00,58.83,59.62,58.7,59.37,308042
DLB,NYSE,2019/08/19 16:00:00,60.01,60.41,59.78,60.25,293954
DLB,NYSE,2019/08/20 16:00:00,60.25,60.68,60.06,60.24,432441
DLB,NYSE,2019/08/21 16:00:00,60.8,61.28,60.39,61.12,308329
DLB,NYSE,2019/08/22 16:00:00,61.41,61.49,60.66,61.23,359435
DLB,NYSE,2019/08/23 16:00:00,60.84,61.44,60.5,60.66,723123
DLB,NYSE,2019/08/26 16:00:00,61.26,61.39,60.12,60.57,425165
DLB,NYSE,2019/08/27 16:00:00,61,61.32,60.58,61.16,321807
DLB,NYSE,2019/08/28 16:00:00,60.87,61.56,60.5,61.32,282916
DLB,NYSE,2019/08/29 16:00:00,61.86,62.64,61.54,61.61,520741
DLB,NYSE,2019/08/30 16:00:00,62.12,62.21,61.28,61.56,446211
DLB,NYSE,2019/09/03 16:00:00,61.22,61.33,60.24,60.26,317039
DLB,NYSE,2019/09/04 16:00:00,60.8,61.28,60.54,60.91,154881
DLB,NYSE,2019/09/05 16:00:00,61.41,62.62,61.41,62.47,230893
DLB,NYSE,2019/09/06 16:00:00,62.63,62.84,61.9,62.37,296362
DLB,NYSE,2019/09/09 16:00:00,62.62,62.88,61.89,62.36,291387
DLB,NYSE,2019/09/10 16:00:00,62.1,63.27,61.52,63.13,389548
DLB,NYSE,2019/09/11 16:00:00,63.45,64.76,62.51,64.74,351579
DLB,NYSE,2019/09/12 16:00:00,64.74,65.66,64.33,64.88,211234
DLB,NYSE,2019/09/13 16:00:00,64.98,65,64.36,64.6,308154
DLB,NYSE,2019/09/16 16:00:00,64.31,64.7,63.99,64.47,261673
DLB,NYSE,2019/09/17 16:00:00,64.45,64.45,63.71,63.8,343778
DLB,NYSE,2019/09/18 16:00:00,63.96,64.13,62.39,63.16,394752
DLB,NYSE,2019/09/19 16:00:00,63.35,63.63,62.73,63.02,267461
DLB,NYSE,2019/09/20 16:00:00,63.09,63.15,61.83,61.92,390081
DLB,NYSE,2019/09/23 16:00:00,61.65,62.9,61.57,62.57,309125
DLB,NYSE,2019/09/24 16:00:00,62.83,63.26,62.23,62.31,305501
DLB,NYSE,2019/09/25 16:00:00,62.26,63.53,61.97,63.25,359937
DLB,NYSE,2019/09/26 16:00:00,63.42,64.67,63.25,64.27,496332
DLB,NYSE,2019/09/27 16:00:00,64.41,64.46,63.42,63.79,217970
DLB,NYSE,2019/09/30 16:00:00,64.15,64.91,63.73,64.64,288346
DLB,NYSE,2019/10/01 16:00:00,65,65.89,64.85,64.96,406360
DLB,NYSE,2019/10/02 16:00:00,64.55,64.6,63.29,63.57,425433
DLB,NYSE,2019/10/03 16:00:00,63.44,64.14,63.12,63.6,376952
DLB,NYSE,2019/10/04 16:00:00,63.73,63.96,63.07,63.94,297242
DLB,NYSE,2019/10/07 16:00:00,63.87,63.88,63.05,63.11,463004
DLB,NYSE,2019/10/08 16:00:00,62.57,62.58,60.67,60.69,671908
DLB,NYSE,2019/10/09 16:00:00,61.19,61.96,61.1,61.82,339407
DLB,NYSE,2019/10/10 16:00:00,61.92,62.38,61.16,61.42,292905
DLB,NYSE,2019/10/11 16:00:00,62,63.35,61.99,62.9,215674
DLB,NYSE,2019/10/14 16:00:00,62.59,62.81,62.15,62.46,156623
DLB,NYSE,2019/10/15 16:00:00,62.78,63.5,62.58,63.3,250489
DLB,NYSE,2019/10/16 16:00:00,63.16,63.87,63,63.32,187351
DLB,NYSE,2019/10/17 16:00:00,63.72,64.58,63.72,64.53,321730
DLB,NYSE,2019/10/18 16:00:00,64.48,64.83,64.16,64.6,272633
DLB,NYSE,2019/10/21 16:00:00,65,65.36,64.26,64.45,429495
DLB,NYSE,2019/10/22 16:00:00,64.48,65.14,63.91,64.45,292999
DLB,NYSE,2019/10/23 16:00:00,64.44,64.68,62.93,63.25,246624
DLB,NYSE,2019/10/24 16:00:00,63.42,63.6,63.02,63.35,188815
DLB,NYSE,2019/10/25 16:00:00,63.13,64.21,63.09,63.91,165101
DLB,NYSE,2019/10/28 16:00:00,64.21,64.55,63.87,64.24,185577
DLB,NYSE,2019/10/29 16:00:00,64.13,64.58,63.86,63.95,157480
DLB,NYSE,2019/10/30 16:00:00,64.01,64.42,63.53,64.4,214054
DLB,NYSE,2019/10/31 16:00:00,64.3,64.72,63.72,64.33,221799
DLB,NYSE,2019/11/01 16:00:00,64.83,65.72,64.65,65.35,239965
DLB,NYSE,2019/11/04 16:00:00,65.62,65.81,64.92,65.19,218078
DLB,NYSE,2019/11/05 16:00:00,65.29,65.96,65.14,65.7,227894
DLB,NYSE,2019/11/06 16:00:00,65.57,65.92,65.39,65.79,205702
DLB,NYSE,2019/11/07 16:00:00,66,66.58,65.69,65.94,224224
DLB,NYSE,2019/11/08 16:00:00,66.07,66.46,65.91,66.34,181626
DLB,NYSE,2019/11/11 16:00:00,65.99,66.41,65.35,65.7,290070
DLB,NYSE,2019/11/12 16:00:00,65.85,66.08,64.83,65.08,298258
DLB,NYSE,2019/11/13 16:00:00,64.93,65.99,64.93,65.68,275488
DLB,NYSE,2019/11/14 16:00:00,65.3,65.88,64.92,65.54,323905
DLB,NYSE,2019/11/15 16:00:00,63.5,69.43,62.21,69.36,1047424
DLB,NYSE,2019/11/18 16:00:00,68.01,69.66,67.35,69.25,963686
DLB,NYSE,2019/11/19 16:00:00,69,69.98,68.45,69.79,783624
DLB,NYSE,2019/11/20 16:00:00,69.66,70.17,69.37,69.91,583893
DLB,NYSE,2019/11/21 16:00:00,70.04,70.09,68.94,69.17,475653
DLB,NYSE,2019/11/22 16:00:00,69.3,69.69,68.89,69.38,344950
DLB,NYSE,2019/11/25 16:00:00,69.35,69.44,69.01,69.3,371959
DLB,NYSE,2019/11/26 16:00:00,69.28,69.66,68.86,69.4,286533
DLB,NYSE,2019/11/27 16:00:00,69.35,69.5,69.16,69.48,216263
DLB,NYSE,2019/11/29 13:00:00,69.53,69.53,68.8,68.88,136674
DLB,NYSE,2019/12/02 16:00:00,68.99,68.99,67.34,67.39,272504
DLB,NYSE,2019/12/03 16:00:00,66.75,66.99,66.05,66.8,383062
DLB,NYSE,2019/12/04 16:00:00,67.07,67.59,66.77,66.77,234197
DLB,NYSE,2019/12/05 16:00:00,66.98,67.47,66.21,66.89,348738
DLB,NYSE,2019/12/06 16:00:00,67.51,67.81,67.17,67.76,266002
DLB,NYSE,2019/12/09 16:00:00,67.76,67.87,66.97,66.99,270222
DLB,NYSE,2019/12/10 16:00:00,66.85,67.48,66.55,66.65,251966
DLB,NYSE,2019/12/11 16:00:00,66.81,67.73,66.81,67.42,235944
DLB,NYSE,2019/12/12 16:00:00,67.7,68.36,67.44,68.13,245658
DLB,NYSE,2019/12/13 16:00:00,68.02,68.23,66.72,67.75,410141
DLB,NYSE,2019/12/16 16:00:00,68.23,69.09,68.11,68.4,329852
DLB,NYSE,2019/12/17 16:00:00,68.61,69.16,68.3,68.47,468193
DLB,NYSE,2019/12/18 16:00:00,68.46,69.22,68.14,68.65,518731
DLB,NYSE,2019/12/19 16:00:00,68.43,68.72,67.61,67.85,429177
DLB,NYSE,2019/12/20 16:00:00,68.27,68.27,67.16,67.78,505764
DLB,NYSE,2019/12/23 16:00:00,68,68.58,67.79,68.11,264908
DLB,NYSE,2019/12/24 13:00:00,68.11,68.24,67.56,67.87,101589
DLB,NYSE,2019/12/26 16:00:00,67.98,68.54,67.76,68.38,156031
DLB,NYSE,2019/12/27 16:00:00,68.36,69.08,68.3,68.34,327383
DLB,NYSE,2019/12/30 16:00:00,68.47,69,67.93,68.55,411237
DLB,NYSE,2019/12/31 16:00:00,68.36,69.09,68.36,68.8,182598
DLB,NYSE,2020/01/02 16:00:00,69.16,69.47,68.09,69.46,315898
DLB,NYSE,2020/01/03 16:00:00,68.5,69.46,68.43,69.43,335756
DLB,NYSE,2020/01/06 16:00:00,68.89,69.25,68.62,69.01,558284
DLB,NYSE,2020/01/07 16:00:00,69.16,69.16,68.54,69.06,248720
DLB,NYSE,2020/01/08 16:00:00,68.93,69.24,68.36,68.61,308388
DLB,NYSE,2020/01/09 16:00:00,69.08,69.52,68.54,69.38,413305
DLB,NYSE,2020/01/10 16:00:00,68.2,68.76,67.62,68.48,306724
DLB,NYSE,2020/01/13 16:00:00,68.7,69.14,68.51,69.14,203427
DLB,NYSE,2020/01/14 16:00:00,69.08,69.45,68.86,69.25,219966
DLB,NYSE,2020/01/15 16:00:00,69.3,69.86,68.95,69.08,220845
DLB,NYSE,2020/01/16 16:00:00,69.39,69.9,69.14,69.6,230763
DLB,NYSE,2020/01/17 16:00:00,69.75,69.75,68.91,69.25,242773
DLB,NYSE,2020/01/21 16:00:00,68.79,69.16,68.38,68.87,291041
DLB,NYSE,2020/01/22 16:00:00,68.91,69.38,68.63,69.28,370913
DLB,NYSE,2020/01/23 16:00:00,68.99,69.61,68.84,69.55,305283
DLB,NYSE,2020/01/24 16:00:00,69.81,69.81,68.92,69.25,393609
DLB,NYSE,2020/01/27 16:00:00,68.16,69.08,67.83,68.84,349287
DLB,NYSE,2020/01/28 16:00:00,69.17,69.77,68.95,69.35,344074
DLB,NYSE,2020/01/29 16:00:00,69.68,69.85,68.69,68.84,400781
DLB,NYSE,2020/01/30 16:00:00,69.52,69.56,67.31,69,908261
DLB,NYSE,2020/01/31 16:00:00,68.63,69.5,68.61,69.34,891418
DLB,NYSE,2020/02/03 16:00:00,69.34,70.34,69.23,70.04,947020
DLB,NYSE,2020/02/04 16:00:00,70.48,71.48,70.38,70.94,765866
DLB,NYSE,2020/02/05 16:00:00,71.65,72.36,71.55,72.14,638653
DLB,NYSE,2020/02/06 16:00:00,72.25,72.37,71.66,71.77,379071
DLB,NYSE,2020/02/07 16:00:00,71.31,71.33,70.78,70.8,314217
DLB,NYSE,2020/02/10 16:00:00,70.42,70.77,70.11,70.65,369932
DLB,NYSE,2020/02/11 16:00:00,70.99,71.86,70.9,71.37,446674
DLB,NYSE,2020/02/12 16:00:00,71.69,72.17,71.51,72.01,435939
DLB,NYSE,2020/02/13 16:00:00,70.55,72.29,70.51,72.03,364135
DLB,NYSE,2020/02/14 16:00:00,72.1,72.54,71.84,72.32,409499
DLB,NYSE,2020/02/18 16:00:00,72,72.48,71.78,72.06,452708
DLB,NYSE,2020/02/19 16:00:00,72.34,73.11,72.34,73,366242
DLB,NYSE,2020/02/20 16:00:00,72.63,73.2,72.41,72.96,415224
DLB,NYSE,2020/02/21 16:00:00,72.63,72.89,72.26,72.54,397984
DLB,NYSE,2020/02/24 16:00:00,70.63,71.29,70.26,70.67,577073
DLB,NYSE,2020/02/25 16:00:00,70.98,71.07,68.87,68.91,655536
DLB,NYSE,2020/02/26 16:00:00,69.08,70.28,68.7,68.95,407260
DLB,NYSE,2020/02/27 16:00:00,67.71,68.12,66.33,66.44,898657
DLB,NYSE,2020/02/28 16:00:00,64.62,65.85,63.78,65.7,697650
DLB,NYSE,2020/03/02 16:00:00,66.05,68.46,65.2,68.43,452071
DLB,NYSE,2020/03/03 16:00:00,68.83,69.98,67.16,67.96,570579
DLB,NYSE,2020/03/04 16:00:00,68.82,70.05,67.92,69.98,252930
DLB,NYSE,2020/03/05 16:00:00,68.44,69.31,66.93,67.64,406068
DLB,NYSE,2020/03/06 16:00:00,65.75,66.32,64.62,66.07,360805
DLB,NYSE,2020/03/09 16:00:00,62.21,63.15,60.15,60.42,521046
DLB,NYSE,2020/03/10 16:00:00,62.18,63.69,60.32,63.69,330572
DLB,NYSE,2020/03/11 16:00:00,61.93,62,59,60.23,555235
DLB,NYSE,2020/03/12 16:00:00,56.2,57.73,53.32,53.54,697039
DLB,NYSE,2020/03/13 16:00:00,56.48,60.08,54.28,60.07,494326
DLB,NYSE,2020/03/16 16:00:00,52.11,56.06,51.19,51.59,560660
DLB,NYSE,2020/03/17 16:00:00,52.44,52.86,48.34,49.68,729686
DLB,NYSE,2020/03/18 16:00:00,46.66,47.91,44.68,46.94,639489
DLB,NYSE,2020/03/19 16:00:00,46.43,51.03,45.78,50.57,500689
DLB,NYSE,2020/03/20 16:00:00,51.44,56.09,48.93,49.46,974926
DLB,NYSE,2020/03/23 16:00:00,48.8,50.01,47.3,48.81,692091
DLB,NYSE,2020/03/24 16:00:00,51.46,56.45,50.67,56.3,702410
DLB,NYSE,2020/03/25 16:00:00,56.24,57.49,53.45,53.58,803922
DLB,NYSE,2020/03/26 16:00:00,53.92,57.54,53.59,57.12,406593
DLB,NYSE,2020/03/27 16:00:00,55.09,55.7,53.39,53.94,441179
DLB,NYSE,2020/03/30 16:00:00,53.92,55.24,53.46,55,512998
DLB,NYSE,2020/03/31 16:00:00,54.6,55.62,54.19,54.21,590053
DLB,NYSE,2020/04/01 16:00:00,52.34,53.74,51.8,52.36,347179
DLB,NYSE,2020/04/02 16:00:00,52.31,53.73,51.6,52.98,1057677
DLB,NYSE,2020/04/03 16:00:00,52.72,52.92,50.38,51.85,753028
DLB,NYSE,2020/04/06 16:00:00,54.04,55.62,53.8,55.11,323011
DLB,NYSE,2020/04/07 16:00:00,57.37,57.95,54.64,54.74,364489
DLB,NYSE,2020/04/08 16:00:00,55.71,56.66,54.69,56.18,316791
DLB,NYSE,2020/04/09 16:00:00,56.95,58.31,56.47,57.26,415258
DLB,NYSE,2020/04/13 16:00:00,57.27,57.27,55.64,56,383680
DLB,NYSE,2020/04/14 16:00:00,57.41,58.57,57.3,58.33,347634
DLB,NYSE,2020/04/15 16:00:00,57.97,58.31,56.82,58.04,282759
DLB,NYSE,2020/04/16 16:00:00,58.2,58.29,56.09,57.2,545860
DLB,NYSE,2020/04/17 16:00:00,57.89,59.17,57.54,58.26,280657
DLB,NYSE,2020/04/20 16:00:00,57.35,58.54,57.1,57.59,301075
DLB,NYSE,2020/04/21 16:00:00,56.64,56.9,54.3,54.36,458042
DLB,NYSE,2020/04/22 16:00:00,55.76,57.52,55.1,56.87,583727
DLB,NYSE,2020/04/23 16:00:00,56.79,58.71,56.79,58.05,585525
DLB,NYSE,2020/04/24 16:00:00,58.5,59.09,57.21,58.8,747760
DLB,NYSE,2020/04/27 16:00:00,59.33,60.92,59.09,60.05,286271
DLB,NYSE,2020/04/28 16:00:00,61.25,61.52,59.87,60.2,328116
DLB,NYSE,2020/04/29 16:00:00,61.08,61.84,60.6,60.94,370723
DLB,NYSE,2020/04/30 16:00:00,60.25,60.62,59.49,60.03,461622
DLB,NYSE,2020/05/01 16:00:00,58.79,59.18,57.7,58.13,446252
DLB,NYSE,2020/05/04 16:00:00,57.26,58.61,57.1,58.52,412338
DLB,NYSE,2020/05/05 16:00:00,55.9,56.38,52.69,55.15,1024598
DLB,NYSE,2020/05/06 16:00:00,55.45,56.49,55.03,55.09,520141
DLB,NYSE,2020/05/07 16:00:00,56.23,57.42,55.93,56.82,320999
DLB,NYSE,2020/05/08 16:00:00,57.64,58.31,57.51,58.08,282485
DLB,NYSE,2020/05/11 16:00:00,57.4,58.46,57.03,57.87,376310
DLB,NYSE,2020/05/12 16:00:00,58.32,58.32,55.25,55.54,342621
DLB,NYSE,2020/05/13 16:00:00,55.53,55.53,53.05,53.61,446007
DLB,NYSE,2020/05/14 16:00:00,52.74,54.31,52.13,54.21,358371
DLB,NYSE,2020/05/15 16:00:00,53.28,53.85,53.09,53.65,338509
DLB,NYSE,2020/05/18 16:00:00,54.54,56,54.46,55.44,242587
DLB,NYSE,2020/05/19 16:00:00,55.53,56.43,55.49,55.75,337740
DLB,NYSE,2020/05/20 16:00:00,56.4,58.37,56.39,58.31,1170226
DLB,NYSE,2020/05/21 16:00:00,58.3,58.87,58,58.65,662005
DLB,NYSE,2020/05/22 16:00:00,58.72,59.09,58.37,58.76,453497
DLB,NYSE,2020/05/26 16:00:00,59.68,61.16,59.58,60.66,540945
DLB,NYSE,2020/05/27 16:00:00,61.38,61.75,60.77,61.25,407953
DLB,NYSE,2020/05/28 16:00:00,61.36,61.67,60.78,61.15,580499
DLB,NYSE,2020/05/29 16:00:00,61.01,61.01,59.37,60.73,502242
DLB,NYSE,2020/06/01 16:00:00,60.55,60.99,59.96,60.8,209221
DLB,NYSE,2020/06/02 16:00:00,61.26,62.1,60.76,61.97,508440
DLB,NYSE,2020/06/03 16:00:00,62.71,63.46,62.41,63.19,234575
DLB,NYSE,2020/06/04 16:00:00,62.8,63.56,62.29,63.23,326903
DLB,NYSE,2020/06/05 16:00:00,64.67,64.95,64.08,64.93,285144
DLB,NYSE,2020/06/08 16:00:00,65,66.68,64.67,66.68,571598
DLB,NYSE,2020/06/09 16:00:00,65.92,66.16,65.33,66.1,460582
DLB,NYSE,2020/06/10 16:00:00,66.21,66.21,63.98,64.53,485760
DLB,NYSE,2020/06/11 16:00:00,62.67,63.29,61.21,61.42,521392
DLB,NYSE,2020/06/12 16:00:00,62.28,63.56,61.77,63.22,564326
DLB,NYSE,2020/06/15 16:00:00,61.51,64.36,61.32,64.21,377463
DLB,NYSE,2020/06/16 16:00:00,66,66.79,65.39,66.28,967958
DLB,NYSE,2020/06/17 16:00:00,66.65,66.65,65.16,65.5,345676
DLB,NYSE,2020/06/18 16:00:00,65.15,66.16,64.8,66.06,324034
DLB,NYSE,2020/06/19 16:00:00,67.11,67.51,65.86,66.25,453809
DLB,NYSE,2020/06/22 16:00:00,65.83,67.25,65.37,67.16,387860
DLB,NYSE,2020/06/23 16:00:00,67.82,68.59,67.39,68.05,477383
DLB,NYSE,2020/06/24 16:00:00,66.49,68,65.19,65.99,644110
DLB,NYSE,2020/06/25 16:00:00,65.67,66.23,64.43,66.23,287695
DLB,NYSE,2020/06/26 16:00:00,66.12,66.31,65.25,65.76,499580
DLB,NYSE,2020/06/29 16:00:00,66.26,66.37,65.4,66.12,239556
DLB,NYSE,2020/06/30 16:00:00,66.27,66.36,65.3,65.87,533411
DLB,NYSE,2020/07/01 16:00:00,66.35,66.67,65,66.13,456398
DLB,NYSE,2020/07/02 16:00:00,66.88,67.17,65.89,65.97,227730
DLB,NYSE,2020/07/06 16:00:00,67.06,67.45,66.56,66.69,263988
DLB,NYSE,2020/07/07 16:00:00,66.36,66.51,65,65.04,269220
DLB,NYSE,2020/07/08 16:00:00,65.38,65.91,65.04,65.71,279479
DLB,NYSE,2020/07/09 16:00:00,65.89,66.04,64.85,65.48,453085
DLB,NYSE,2020/07/10 16:00:00,65.52,65.96,64.95,65.82,191951
DLB,NYSE,2020/07/13 16:00:00,66.18,66.35,64.58,64.65,239611
DLB,NYSE,2020/07/14 16:00:00,64.37,65.67,64.37,65.61,205508
DLB,NYSE,2020/07/15 16:00:00,66.63,66.67,65.59,66,423604
DLB,NYSE,2020/07/16 16:00:00,65.81,66.45,65.66,66.01,423156
DLB,NYSE,2020/07/17 16:00:00,66.4,66.4,65.53,66.1,313419
DLB,NYSE,2020/07/20 16:00:00,66.14,67.31,65.94,67.27,299899
DLB,NYSE,2020/07/21 16:00:00,67.5,67.5,66.84,67.15,315594
DLB,NYSE,2020/07/22 16:00:00,67.44,67.85,67.05,67.76,285574
DLB,NYSE,2020/07/23 16:00:00,68,68.59,67.64,68.53,281387
DLB,NYSE,2020/07/24 16:00:00,68.13,68.38,67.4,68.01,288714
DLB,NYSE,2020/07/27 16:00:00,68.32,69.83,68.31,69.6,273924
DLB,NYSE,2020/07/28 16:00:00,69.26,69.49,68.28,68.28,245043
DLB,NYSE,2020/07/29 16:00:00,68.49,69.07,68.22,68.8,187800
DLB,NYSE,2020/07/30 16:00:00,68.13,69.09,67.77,69.01,312322
DLB,NYSE,2020/07/31 16:00:00,69.14,69.63,68.36,69.6,323188
DLB,NYSE,2020/08/03 16:00:00,69.84,70.58,69.35,69.96,452641
DLB,NYSE,2020/08/04 16:00:00,72,73.94,70.25,70.95,549209
DLB,NYSE,2020/08/05 16:00:00,70.33,70.69,69.3,69.94,633412
DLB,NYSE,2020/08/06 16:00:00,69.75,70.35,69.62,69.87,404863
DLB,NYSE,2020/08/07 16:00:00,69.7,70.22,69.6,70.17,478132
DLB,NYSE,2020/08/10 16:00:00,70.25,70.76,69.54,69.95,356499
DLB,NYSE,2020/08/11 16:00:00,70.01,70.55,69.51,69.65,536418
DLB,NYSE,2020/08/12 16:00:00,70.14,70.8,69.99,70.74,330186
DLB,NYSE,2020/08/13 16:00:00,70.5,70.99,70.28,70.8,302799
DLB,NYSE,2020/08/14 16:00:00,70.21,70.46,69.6,69.7,297216
DLB,NYSE,2020/08/17 16:00:00,69.82,70.67,69.82,70.36,282671
DLB,NYSE,2020/08/18 16:00:00,70.5,70.5,69.8,69.95,324392
DLB,NYSE,2020/08/19 16:00:00,70.11,70.11,68.9,69.11,319646
DLB,NYSE,2020/08/20 16:00:00,68.78,69.06,68.76,68.86,232438
DLB,NYSE,2020/08/21 16:00:00,68.89,69.42,68.54,69.36,327403
DLB,NYSE,2020/08/24 16:00:00,69.16,70.53,69.16,70.36,420347
DLB,NYSE,2020/08/25 16:00:00,70.67,70.67,69.86,70.17,239731
DLB,NYSE,2020/08/26 16:00:00,70.24,70.82,70.24,70.59,263394
DLB,NYSE,2020/08/27 16:00:00,70.78,70.91,69.62,69.93,314088
DLB,NYSE,2020/08/28 16:00:00,70.8,71,70.18,70.34,363700
DLB,NYSE,2020/08/31 16:00:00,70.46,70.74,69.67,69.85,420866
DLB,NYSE,2020/09/01 16:00:00,69.9,70.39,69.53,69.99,741286
DLB,NYSE,2020/09/02 16:00:00,70.29,71.28,70.1,71,521296
DLB,NYSE,2020/09/03 16:00:00,70.85,70.86,67.37,67.84,672155
DLB,NYSE,2020/09/04 16:00:00,68.11,68.55,65.16,66.43,584485
DLB,NYSE,2020/09/08 16:00:00,65.28,65.87,64.42,64.96,397961
DLB,NYSE,2020/09/09 16:00:00,65.92,66.75,65.43,66.03,392720
DLB,NYSE,2020/09/10 16:00:00,66.46,66.57,64.59,64.77,380388
DLB,NYSE,2020/09/11 16:00:00,65.21,65.97,64.46,65.18,442703
DLB,NYSE,2020/09/14 16:00:00,66.08,66.25,65.24,65.55,266637
DLB,NYSE,2020/09/15 16:00:00,65.97,66.41,65.13,65.67,287890
DLB,NYSE,2020/09/16 16:00:00,65.92,66.51,65.58,66.13,546472
DLB,NYSE,2020/09/17 16:00:00,65.25,66.18,65.06,66.05,587641
DLB,NYSE,2020/09/18 16:00:00,66.49,66.5,64.72,65,564938
DLB,NYSE,2020/09/21 16:00:00,64.02,65.64,63.45,65.45,575363
DLB,NYSE,2020/09/22 16:00:00,65.78,66.09,65.13,65.89,425533
DLB,NYSE,2020/09/23 16:00:00,65.88,66.21,64.79,64.9,1006455
DLB,NYSE,2020/09/24 16:00:00,64.38,65.03,63.77,64.06,740813
DLB,NYSE,2020/09/25 16:00:00,64.06,65.1,63.68,64.99,531771
DLB,NYSE,2020/09/28 16:00:00,65.65,66.33,65.48,65.99,262127
DLB,NYSE,2020/09/29 16:00:00,65.98,66.54,65.78,66.07,350635
DLB,NYSE,2020/09/30 16:00:00,66.39,66.88,65.95,66.28,380292
DLB,NYSE,2020/10/01 16:00:00,66.66,67.15,66.19,66.52,535685
DLB,NYSE,2020/10/02 16:00:00,65.37,66.26,65.33,65.61,407096
DLB,NYSE,2020/10/05 16:00:00,65.99,66.47,65.58,65.93,223520
DLB,NYSE,2020/10/06 16:00:00,66.1,66.34,64.07,64.29,276302
DLB,NYSE,2020/10/07 16:00:00,64.73,67.1,64.64,66.86,796238
DLB,NYSE,2020/10/08 16:00:00,67.12,68.72,66.93,68.71,778802
DLB,NYSE,2020/10/09 16:00:00,69.05,69.24,68.32,68.5,461122
DLB,NYSE,2020/10/12 16:00:00,68.94,70.71,68.76,70.48,314600
DLB,NYSE,2020/10/13 16:00:00,70.35,72.44,69.44,71.8,771581
DLB,NYSE,2020/10/14 16:00:00,71.6,71.86,68.13,68.16,527903
DLB,NYSE,2020/10/15 16:00:00,67.17,69.52,67.17,69.31,327347
DLB,NYSE,2020/10/16 16:00:00,69.81,69.86,68.83,68.94,201680
DLB,NYSE,2020/10/19 16:00:00,69.35,69.84,67.52,67.75,235863
DLB,NYSE,2020/10/20 16:00:00,68.08,68.54,67.84,68.04,218921
DLB,NYSE,2020/10/21 16:00:00,68.37,70.32,68.18,70.3,452774
DLB,NYSE,2020/10/22 16:00:00,70.19,71.12,69.95,71,336999
DLB,NYSE,2020/10/23 16:00:00,71.12,71.91,70.71,71.72,285176
DLB,NYSE,2020/10/26 16:00:00,70.91,71.51,70.75,71.28,307727
DLB,NYSE,2020/10/27 16:00:00,71.25,71.66,71.07,71.51,288400
DLB,NYSE,2020/10/28 16:00:00,70.1,72.29,70.1,71.92,641730
DLB,NYSE,2020/10/29 16:00:00,71.92,73.92,71.5,73.87,687129
DLB,NYSE,2020/10/30 16:00:00,73.5,75.15,73.4,75.08,1121639
DLB,NYSE,2020/11/02 16:00:00,75.86,77.9,75.14,77.9,1199639
DLB,NYSE,2020/11/03 16:00:00,78.55,80.49,78,80.15,734316
DLB,NYSE,2020/11/04 16:00:00,80.36,82.25,80.35,81.7,751215
DLB,NYSE,2020/11/05 16:00:00,82.45,85.01,82.01,84.92,933948
DLB,NYSE,2020/11/06 16:00:00,84.6,84.97,84.08,84.83,438918
DLB,NYSE,2020/11/09 16:00:00,85.34,87.13,85.34,86.08,737148
DLB,NYSE,2020/11/10 16:00:00,85.7,86.8,83.75,84.11,750556
DLB,NYSE,2020/11/11 16:00:00,84.92,85.2,83.78,84.03,395370
DLB,NYSE,2020/11/12 16:00:00,84.19,84.24,81.02,81.74,648945
DLB,NYSE,2020/11/13 16:00:00,83.39,87.63,83,87.2,934224
DLB,NYSE,2020/11/16 16:00:00,85.97,88.96,85.5,88.95,1098238
DLB,NYSE,2020/11/17 16:00:00,88.53,89.86,88,89.33,601233
DLB,NYSE,2020/11/18 16:00:00,89.4,90.09,88.62,88.81,486398
DLB,NYSE,2020/11/19 16:00:00,87.57,89.4,87.57,87.84,656630
DLB,NYSE,2020/11/20 16:00:00,87.77,88.86,87.39,87.8,618144
DLB,NYSE,2020/11/23 16:00:00,88,89.11,86.91,87.62,752546
DLB,NYSE,2020/11/24 16:00:00,88.59,90.07,87.78,89.68,698900
DLB,NYSE,2020/11/25 16:00:00,89.16,89.41,88.53,88.84,689575
DLB,NYSE,2020/11/27 13:00:00,89,90.77,88.94,90.57,405455
DLB,NYSE,2020/11/30 16:00:00,90.23,90.36,88.01,88.45,814367
DLB,NYSE,2020/12/01 16:00:00,89.54,90.03,88.98,89.57,772232
DLB,NYSE,2020/12/02 16:00:00,89.73,90.5,89.2,90.09,401577
DLB,NYSE,2020/12/03 16:00:00,89.94,90.82,89.9,90.21,308822
DLB,NYSE,2020/12/04 16:00:00,90.63,91.82,90.35,91.43,340366
DLB,NYSE,2020/12/07 16:00:00,91.38,91.88,90.71,91.16,306830
DLB,NYSE,2020/12/08 16:00:00,90.78,92.29,90.78,92.06,423614
DLB,NYSE,2020/12/09 16:00:00,92.2,92.41,90.44,91.04,484049
DLB,NYSE,2020/12/10 16:00:00,90.21,91.63,89.66,91.08,332569
DLB,NYSE,2020/12/11 16:00:00,91.27,92.01,90.1,91.11,281370
DLB,NYSE,2020/12/14 16:00:00,91.79,92.32,90.86,90.86,248242
DLB,NYSE,2020/12/15 16:00:00,91.66,92.33,91.29,92.08,1579494
DLB,NYSE,2020/12/16 16:00:00,92,92.1,90.15,91.03,438976
DLB,NYSE,2020/12/17 16:00:00,91.65,92.5,91.03,92.39,478258
DLB,NYSE,2020/12/18 16:00:00,92.24,92.85,91.4,92.75,1057716
DLB,NYSE,2020/12/21 16:00:00,91.84,93.11,91.1,93.02,361755
DLB,NYSE,2020/12/22 16:00:00,92.85,93.35,92.27,92.73,640388
DLB,NYSE,2020/12/23 16:00:00,93,95.08,92.94,94.76,370176
DLB,NYSE,2020/12/24 13:00:00,94.64,95.31,94.42,95.28,95129
DLB,NYSE,2020/12/28 16:00:00,96.2,96.81,95.85,96.17,229721
DLB,NYSE,2020/12/29 16:00:00,96.48,96.6,95.27,95.5,293524
DLB,NYSE,2020/12/30 16:00:00,95.83,97.5,95.7,97.08,335461
DLB,NYSE,2020/12/31 16:00:00,97.27,97.5,96.82,97.13,207909
DLB,NYSE,2021/01/04 16:00:00,97.66,97.66,92.7,94.87,475996
DLB,NYSE,2021/01/05 16:00:00,94.16,95.84,94.16,94.95,250576
DLB,NYSE,2021/01/06 16:00:00,95.19,95.69,94.3,95.19,461902
DLB,NYSE,2021/01/07 16:00:00,95.99,97.78,95.81,97.19,369407
DLB,NYSE,2021/01/08 16:00:00,97.33,97.58,95.03,96.06,377793
DLB,NYSE,2021/01/11 16:00:00,95.5,96.79,95.05,96.31,202865
DLB,NYSE,2021/01/12 16:00:00,96.16,96.51,95.2,95.67,269870
DLB,NYSE,2021/01/13 16:00:00,95.97,96.33,94.73,95.12,290711
DLB,NYSE,2021/01/14 16:00:00,95.29,95.55,94.27,94.57,215201
DLB,NYSE,2021/01/15 16:00:00,94.57,94.93,93,93.62,471499
DLB,NYSE,2021/01/19 16:00:00,94.29,94.61,92.55,93.58,525484
DLB,NYSE,2021/01/20 16:00:00,95.45,96.03,94,95.12,292314
DLB,NYSE,2021/01/21 16:00:00,95.54,95.59,94.16,94.2,220553
DLB,NYSE,2021/01/22 16:00:00,94.06,94.46,93.6,94.03,212758
DLB,NYSE,2021/01/25 16:00:00,94.31,96.39,93.65,94.58,989484
DLB,NYSE,2021/01/26 16:00:00,94.64,94.86,93.07,93.22,903662
DLB,NYSE,2021/01/27 16:00:00,91.71,91.91,86.06,86.59,519470
DLB,NYSE,2021/01/28 16:00:00,87.74,90.21,87.05,89.2,402419
DLB,NYSE,2021/01/29 16:00:00,89.9,90.34,87.14,88.03,785604
DLB,NYSE,2021/02/01 16:00:00,88.8,89.72,88.21,89.39,590598
DLB,NYSE,2021/02/02 16:00:00,90,91.67,89.56,91.19,1032456
DLB,NYSE,2021/02/03 16:00:00,91.66,92.98,90.67,91.18,639748
DLB,NYSE,2021/02/04 16:00:00,91.24,92.31,91,91.88,528218
DLB,NYSE,2021/02/05 16:00:00,92.23,92.23,91.02,91.33,338787
DLB,NYSE,2021/02/08 16:00:00,91.61,92.46,91.3,92.03,900182
DLB,NYSE,2021/02/09 16:00:00,92.01,92.44,91.37,92,448505
DLB,NYSE,2021/02/10 16:00:00,92.32,94.27,92.01,93.17,877765
DLB,NYSE,2021/02/11 16:00:00,93.76,94.13,92.93,93.35,447728
DLB,NYSE,2021/02/12 16:00:00,92.81,94.86,92.81,94.44,353757
DLB,NYSE,2021/02/16 16:00:00,95,95.68,94.26,94.85,450552
DLB,NYSE,2021/02/17 16:00:00,94.7,94.81,93.47,94.5,348419
DLB,NYSE,2021/02/18 16:00:00,93.52,94.66,93.2,93.79,329714
DLB,NYSE,2021/02/19 16:00:00,94.13,94.96,93.68,93.78,311374
DLB,NYSE,2021/02/22 16:00:00,92.8,94.42,92.8,93.68,353108
DLB,NYSE,2021/02/23 16:00:00,93.56,97.63,92.37,97.49,866183
DLB,NYSE,2021/02/24 16:00:00,97.12,97.69,96.68,96.88,478305
DLB,NYSE,2021/02/25 16:00:00,96.4,98.07,96.27,96.75,446859
DLB,NYSE,2021/02/26 16:00:00,97.77,99.62,97.48,97.63,770814
DLB,NYSE,2021/03/01 16:00:00,98.83,101.14,98.71,100.61,731206
DLB,NYSE,2021/03/02 16:00:00,100.71,101.52,99.76,100.06,878921
DLB,NYSE,2021/03/03 16:00:00,99.46,100.7,99.1,99.77,672835
DLB,NYSE,2021/03/04 16:00:00,99.53,99.87,95.93,96.62,1129968
DLB,NYSE,2021/03/05 16:00:00,97.65,98.8,93.73,98.56,489958
DLB,NYSE,2021/03/08 16:00:00,98.63,99.58,97.99,98.7,468712
DLB,NYSE,2021/03/09 16:00:00,99.66,100.44,98.91,99.07,575420
DLB,NYSE,2021/03/10 16:00:00,99.67,99.67,97.32,97.89,504015
DLB,NYSE,2021/03/11 16:00:00,98.84,99.89,97.95,98.38,501103
DLB,NYSE,2021/03/12 16:00:00,97.56,99.02,96.49,98.97,375017
DLB,NYSE,2021/03/15 16:00:00,99.03,100.23,98.48,100.22,367710
DLB,NYSE,2021/03/16 16:00:00,100.61,101.53,100.2,100.81,341137
DLB,NYSE,2021/03/17 16:00:00,100.53,100.65,99.18,99.66,319664
DLB,NYSE,2021/03/18 16:00:00,99,100.5,98.03,98.45,400864
DLB,NYSE,2021/03/19 16:00:00,98.2,99.71,97.66,99.24,521353
DLB,NYSE,2021/03/22 16:00:00,99.54,100.37,99.27,99.65,258578
DLB,NYSE,2021/03/23 16:00:00,99.36,99.68,96.88,97.55,408266
DLB,NYSE,2021/03/24 16:00:00,98.1,98.22,95.96,96.09,338423
DLB,NYSE,2021/03/25 16:00:00,95.54,97.11,94.09,96.94,333593
DLB,NYSE,2021/03/26 16:00:00,97.42,98.22,96.07,98.22,289638
DLB,NYSE,2021/03/29 16:00:00,98.01,98.85,97.17,98.38,463313
DLB,NYSE,2021/03/30 16:00:00,98.41,98.89,96.79,98.5,401882
DLB,NYSE,2021/03/31 16:00:00,98.27,100.07,98,98.72,472934
DLB,NYSE,2021/04/01 16:00:00,99.73,102.48,98.92,102,573572
DLB,NYSE,2021/04/05 16:00:00,103.05,103.88,102.06,103.19,326888
DLB,NYSE,2021/04/06 16:00:00,102.91,103.76,101.75,102.41,899548
DLB,NYSE,2021/04/07 16:00:00,102.17,102.37,100.7,101.71,428127
DLB,NYSE,2021/04/08 16:00:00,102.09,103.49,101.54,102.36,325561
DLB,NYSE,2021/04/09 16:00:00,102.12,102.21,100.99,101.52,915044
BHC,NYSE,2019/04/01 16:00:00,24.9,25.22,24.78,25.07,3142637
BHC,NYSE,2019/04/02 16:00:00,25.18,25.32,24.85,24.92,3169413
BHC,NYSE,2019/04/03 16:00:00,24.98,25.3,24.73,24.8,2147801
BHC,NYSE,2019/04/04 16:00:00,24.84,25.05,24.67,24.96,1972167
BHC,NYSE,2019/04/05 16:00:00,24.98,25.28,24.9,25.12,2040290
BHC,NYSE,2019/04/08 16:00:00,25.11,25.83,25.05,25.82,3111556
BHC,NYSE,2019/04/09 16:00:00,26,26.77,25.69,26.15,6045543
BHC,NYSE,2019/04/10 16:00:00,26.19,26.41,25.79,26.12,2029495
BHC,NYSE,2019/04/11 16:00:00,26,26.4,25.73,26.01,2996063
BHC,NYSE,2019/04/12 16:00:00,26.01,26.14,24.67,24.77,5851032
BHC,NYSE,2019/04/15 16:00:00,24.8,24.96,23.99,24.34,3421653
BHC,NYSE,2019/04/16 16:00:00,24.53,24.71,24.04,24.13,2306234
BHC,NYSE,2019/04/17 16:00:00,24.15,24.27,22.99,23.05,7382071
BHC,NYSE,2019/04/18 16:00:00,23.08,23.3,22.68,23.13,4216700
BHC,NYSE,2019/04/22 16:00:00,22.82,23.29,22.65,22.92,3500388
BHC,NYSE,2019/04/23 16:00:00,22.99,23.5,22.77,23.47,3772643
BHC,NYSE,2019/04/24 16:00:00,23.46,23.46,23.01,23.01,3700536
BHC,NYSE,2019/04/25 16:00:00,23.09,23.98,22.69,23.72,4484396
BHC,NYSE,2019/04/26 16:00:00,23.89,24.06,23.6,23.8,2216062
BHC,NYSE,2019/04/29 16:00:00,23.8,23.96,23.48,23.63,2265505
BHC,NYSE,2019/04/30 16:00:00,23.7,23.7,23.08,23.09,2692948
BHC,NYSE,2019/05/01 16:00:00,23.14,23.55,22.76,22.78,3965636
BHC,NYSE,2019/05/02 16:00:00,22.68,23.54,22.56,23.51,3943774
BHC,NYSE,2019/05/03 16:00:00,23.61,23.96,23.24,23.44,4009807
BHC,NYSE,2019/05/06 16:00:00,23.38,25.68,23.26,25.48,11994367
BHC,NYSE,2019/05/07 16:00:00,25.31,25.74,24.79,25.49,9884414
BHC,NYSE,2019/05/08 16:00:00,25.73,26.79,25.58,26.45,7384847
BHC,NYSE,2019/05/09 16:00:00,26.01,26.31,25.54,26.09,3526323
BHC,NYSE,2019/05/10 16:00:00,26,26,24.5,25.32,5104217
BHC,NYSE,2019/05/13 16:00:00,24.75,25.05,24.08,24.57,4919501
BHC,NYSE,2019/05/14 16:00:00,24.5,25.05,24.48,24.93,3710638
BHC,NYSE,2019/05/15 16:00:00,24.69,25.36,24.46,25.28,3816219
BHC,NYSE,2019/05/16 16:00:00,25.48,25.5,25.13,25.24,2541692
BHC,NYSE,2019/05/17 16:00:00,24.89,25.21,24.76,25.06,3193658
BHC,NYSE,2019/05/20 16:00:00,24.92,25,24.12,24.23,3377125
BHC,NYSE,2019/05/21 16:00:00,24.24,24.54,24.05,24.49,4095121
BHC,NYSE,2019/05/22 16:00:00,24.51,24.65,24.33,24.44,2648993
BHC,NYSE,2019/05/23 16:00:00,24.12,24.15,23.58,23.67,3180398
BHC,NYSE,2019/05/24 16:00:00,23.82,23.94,23.51,23.52,1695670
BHC,NYSE,2019/05/28 16:00:00,23.64,24.1,22.54,22.57,4850249
BHC,NYSE,2019/05/29 16:00:00,22.41,22.44,21.5,22.08,5173080
BHC,NYSE,2019/05/30 16:00:00,22,22.21,21.2,21.45,5373565
BHC,NYSE,2019/05/31 16:00:00,21,21.09,20.45,20.73,5578832
BHC,NYSE,2019/06/03 16:00:00,20.69,21.09,20.27,20.52,4108555
BHC,NYSE,2019/06/04 16:00:00,20.86,21.4,20.76,21.36,4319245
BHC,NYSE,2019/06/05 16:00:00,21.43,21.65,21,21.32,3054196
BHC,NYSE,2019/06/06 16:00:00,21.25,21.4,21.01,21.11,2500393
BHC,NYSE,2019/06/07 16:00:00,21.25,21.48,21.03,21.24,3530241
BHC,NYSE,2019/06/10 16:00:00,21.41,21.95,21.29,21.68,2699542
BHC,NYSE,2019/06/11 16:00:00,21.89,22.38,21.89,22.13,3816618
BHC,NYSE,2019/06/12 16:00:00,22.02,22.13,21.13,21.61,3206522
BHC,NYSE,2019/06/13 16:00:00,21.6,22.05,21.6,21.82,2018463
BHC,NYSE,2019/06/14 16:00:00,21.72,21.89,21.39,21.47,1626291
BHC,NYSE,2019/06/17 16:00:00,21.45,22.05,21.45,22,2331286
BHC,NYSE,2019/06/18 16:00:00,22.04,22.81,21.92,22.44,2145205
BHC,NYSE,2019/06/19 16:00:00,22.59,23.16,22.51,22.88,2674649
BHC,NYSE,2019/06/20 16:00:00,23.66,24.55,23.37,24.3,8616739
BHC,NYSE,2019/06/21 16:00:00,24.16,24.22,23.49,23.82,2860657
BHC,NYSE,2019/06/24 16:00:00,23.82,23.89,23.35,23.76,2478209
BHC,NYSE,2019/06/25 16:00:00,24.27,25.32,24.07,24.38,7709288
BHC,NYSE,2019/06/26 16:00:00,24.97,25.16,24.4,25,6175222
BHC,NYSE,2019/06/27 16:00:00,24.94,25.41,24.61,24.84,5173902
BHC,NYSE,2019/06/28 16:00:00,24.95,25.28,24.64,25.22,4016210
BHC,NYSE,2019/07/01 16:00:00,25.58,25.85,25.05,25.06,3901541
BHC,NYSE,2019/07/02 16:00:00,25.05,25.27,24.61,25.23,3871007
BHC,NYSE,2019/07/03 13:00:00,25.32,25.9,25.28,25.66,3219308
BHC,NYSE,2019/07/05 16:00:00,25.51,25.84,25.19,25.28,2235061
BHC,NYSE,2019/07/08 16:00:00,25.1,25.42,24.64,24.89,3350235
BHC,NYSE,2019/07/09 16:00:00,24.69,25.14,24.5,24.99,1578829
BHC,NYSE,2019/07/10 16:00:00,25.06,25.21,24.75,24.92,1594713
BHC,NYSE,2019/07/11 16:00:00,24.81,24.99,23.6,23.87,4948204
BHC,NYSE,2019/07/12 16:00:00,23.79,24,23.4,23.61,2967667
BHC,NYSE,2019/07/15 16:00:00,23.61,23.72,23.13,23.44,2037909
BHC,NYSE,2019/07/16 16:00:00,23.6,23.6,23.15,23.17,1665551
BHC,NYSE,2019/07/17 16:00:00,23.18,23.29,22.73,22.91,2726566
BHC,NYSE,2019/07/18 16:00:00,22.96,23.34,22.79,23.1,1897311
BHC,NYSE,2019/07/19 16:00:00,23.09,23.25,22.9,23.18,2414482
BHC,NYSE,2019/07/22 16:00:00,23.33,23.67,23.13,23.26,2297774
BHC,NYSE,2019/07/23 16:00:00,23.37,23.73,23.3,23.65,2066566
BHC,NYSE,2019/07/24 16:00:00,23.63,23.88,23.48,23.79,1759595
BHC,NYSE,2019/07/25 16:00:00,23.92,23.95,23.46,23.51,1955097
BHC,NYSE,2019/07/26 16:00:00,23.56,23.93,23.4,23.81,1481330
BHC,NYSE,2019/07/29 16:00:00,24.11,24.75,24.04,24.44,3253547
BHC,NYSE,2019/07/30 16:00:00,24.34,24.67,24.06,24.65,2373633
BHC,NYSE,2019/07/31 16:00:00,24.56,24.73,23.87,23.97,2792889
BHC,NYSE,2019/08/01 16:00:00,24.32,24.4,23.67,23.85,3216538
BHC,NYSE,2019/08/02 16:00:00,23.72,23.95,23.36,23.9,2697066
BHC,NYSE,2019/08/05 16:00:00,22.45,23.36,22.31,23.32,4824471
BHC,NYSE,2019/08/06 16:00:00,23.61,24.07,21.53,22.58,11401042
BHC,NYSE,2019/08/07 16:00:00,22.23,22.64,21.28,22.39,4996484
BHC,NYSE,2019/08/08 16:00:00,22.66,22.98,22.08,22.75,3780040
BHC,NYSE,2019/08/09 16:00:00,22.74,22.87,22.36,22.62,2039206
BHC,NYSE,2019/08/12 16:00:00,22.51,22.66,22.18,22.3,1201806
BHC,NYSE,2019/08/13 16:00:00,22.06,22.76,21.99,22.69,2380060
BHC,NYSE,2019/08/14 16:00:00,22.24,22.32,21.08,21.08,3843567
BHC,NYSE,2019/08/15 16:00:00,21.52,21.53,20.64,20.88,3841361
BHC,NYSE,2019/08/16 16:00:00,21.01,21.48,20.9,21.3,2716392
BHC,NYSE,2019/08/19 16:00:00,21.66,21.9,21.28,21.83,1981687
BHC,NYSE,2019/08/20 16:00:00,21.71,22.03,21.22,21.26,2294641
BHC,NYSE,2019/08/21 16:00:00,21.68,22.61,21.67,22.4,3521520
BHC,NYSE,2019/08/22 16:00:00,22.45,22.48,21.88,22.1,2855403
BHC,NYSE,2019/08/23 16:00:00,21.88,22.13,21.25,21.33,2141237
BHC,NYSE,2019/08/26 16:00:00,21.34,21.66,21.34,21.48,2267232
BHC,NYSE,2019/08/27 16:00:00,21.68,21.7,20.91,20.98,2156537
BHC,NYSE,2019/08/28 16:00:00,20.8,21.29,20.74,21,1932989
BHC,NYSE,2019/08/29 16:00:00,21.08,21.52,21.08,21.51,2074996
BHC,NYSE,2019/08/30 16:00:00,21.62,21.72,21.13,21.34,1789673
BHC,NYSE,2019/09/03 16:00:00,21.17,21.6,21.04,21.55,2788538
BHC,NYSE,2019/09/04 16:00:00,21.71,21.91,21.28,21.33,2136897
BHC,NYSE,2019/09/05 16:00:00,21.35,21.87,21.26,21.72,2067720
BHC,NYSE,2019/09/06 16:00:00,21.75,22.52,21.75,22.18,2136866
BHC,NYSE,2019/09/09 16:00:00,22.18,22.38,21.94,22.09,2176787
BHC,NYSE,2019/09/10 16:00:00,21.69,22.55,21.69,22.49,3859884
BHC,NYSE,2019/09/11 16:00:00,22.23,23.1,22.23,23.09,5018053
BHC,NYSE,2019/09/12 16:00:00,23.14,24.01,23.08,23.75,4872657
BHC,NYSE,2019/09/13 16:00:00,23.89,24.09,23.18,23.24,2890184
BHC,NYSE,2019/09/16 16:00:00,23.33,23.53,23.16,23.37,2299079
BHC,NYSE,2019/09/17 16:00:00,23.21,23.44,22.68,23.08,3552023
BHC,NYSE,2019/09/18 16:00:00,23,23.19,22.83,23.19,2356588
BHC,NYSE,2019/09/19 16:00:00,23.2,23.36,22.95,23.15,2454026
BHC,NYSE,2019/09/20 16:00:00,23.16,23.37,22.81,22.86,2667985
BHC,NYSE,2019/09/23 16:00:00,22.66,22.94,22.53,22.56,2502445
BHC,NYSE,2019/09/24 16:00:00,22.51,22.75,21.79,22.02,4056483
BHC,NYSE,2019/09/25 16:00:00,21.97,22.25,21.73,21.79,4087605
BHC,NYSE,2019/09/26 16:00:00,21.93,22.23,21.52,21.85,3124813
BHC,NYSE,2019/09/27 16:00:00,21.98,22.03,21.62,21.7,2014254
BHC,NYSE,2019/09/30 16:00:00,21.64,21.88,21.56,21.85,2702081
BHC,NYSE,2019/10/01 16:00:00,21.58,21.58,19.12,19.67,10342260
BHC,NYSE,2019/10/02 16:00:00,19.31,19.35,18.84,18.89,5974589
BHC,NYSE,2019/10/03 16:00:00,18.94,19.55,18.8,19.5,4048910
BHC,NYSE,2019/10/04 16:00:00,19.62,19.74,19.09,19.1,3466787
BHC,NYSE,2019/10/07 16:00:00,19.04,19.43,18.72,19.29,2569254
BHC,NYSE,2019/10/08 16:00:00,19.08,19.71,18.88,19.4,3377248
BHC,NYSE,2019/10/09 16:00:00,19.6,19.69,19.13,19.22,2376441
BHC,NYSE,2019/10/10 16:00:00,19.14,19.57,19.14,19.28,2891991
BHC,NYSE,2019/10/11 16:00:00,19.58,21.01,19.42,20.62,5336819
BHC,NYSE,2019/10/14 16:00:00,20.5,21.09,20.43,20.9,2712502
BHC,NYSE,2019/10/15 16:00:00,21,22.04,20.81,21.34,8720771
BHC,NYSE,2019/10/16 16:00:00,21.57,22.48,21.5,22.17,7333411
BHC,NYSE,2019/10/17 16:00:00,22.37,22.85,22.31,22.8,6130779
BHC,NYSE,2019/10/18 16:00:00,22.68,22.77,22.24,22.54,2997980
BHC,NYSE,2019/10/21 16:00:00,22.57,23.12,22.46,22.86,3162984
BHC,NYSE,2019/10/22 16:00:00,22.98,23.09,22.5,22.58,2786381
BHC,NYSE,2019/10/23 16:00:00,22.5,22.68,22.41,22.56,2026864
BHC,NYSE,2019/10/24 16:00:00,22.66,22.81,22.41,22.66,2192825
BHC,NYSE,2019/10/25 16:00:00,22.88,24.06,22.78,23.53,5424260
BHC,NYSE,2019/10/28 16:00:00,23.61,24.26,23.59,24.05,3908037
BHC,NYSE,2019/10/29 16:00:00,24.02,24.59,23.92,24.47,2925969
BHC,NYSE,2019/10/30 16:00:00,24.46,24.95,24.17,24.89,3113049
BHC,NYSE,2019/10/31 16:00:00,24.86,25.07,24.53,24.84,2781977
BHC,NYSE,2019/11/01 16:00:00,24.96,26,24.94,25.92,9342877
BHC,NYSE,2019/11/04 16:00:00,26.07,26.63,25.51,26.19,10281919
BHC,NYSE,2019/11/05 16:00:00,26.45,26.88,26.01,26.13,5040544
BHC,NYSE,2019/11/06 16:00:00,25.98,26,25.1,25.67,5067427
BHC,NYSE,2019/11/07 16:00:00,25.8,26.14,25.74,26.01,3304483
BHC,NYSE,2019/11/08 16:00:00,25.93,26.3,25.78,26.2,2765318
BHC,NYSE,2019/11/11 16:00:00,26.1,26.57,25.9,26.52,3634656
BHC,NYSE,2019/11/12 16:00:00,26.59,27.09,26.53,27.01,3750137
BHC,NYSE,2019/11/13 16:00:00,26.98,27.44,26.74,27.38,2771647
BHC,NYSE,2019/11/14 16:00:00,27.36,27.82,27.17,27.75,5223133
BHC,NYSE,2019/11/15 16:00:00,27.9,28.64,27.83,28.48,5232654
BHC,NYSE,2019/11/18 16:00:00,28.45,28.56,28.24,28.4,3547900
BHC,NYSE,2019/11/19 16:00:00,28.33,28.52,27.93,28.21,2806615
BHC,NYSE,2019/11/20 16:00:00,28.01,28.14,27.37,27.73,3586005
BHC,NYSE,2019/11/21 16:00:00,27.73,27.82,27.23,27.75,2624480
BHC,NYSE,2019/11/22 16:00:00,27.75,27.99,27.47,27.58,2827694
BHC,NYSE,2019/11/25 16:00:00,27.75,27.92,27.59,27.7,2968514
BHC,NYSE,2019/11/26 16:00:00,27.69,28.16,27.5,27.96,4688929
BHC,NYSE,2019/11/27 16:00:00,28.14,28.58,28.02,28.17,3097880
BHC,NYSE,2019/11/29 13:00:00,28.25,28.46,28.11,28.24,1455683
BHC,NYSE,2019/12/02 16:00:00,28.55,28.79,28.34,28.54,3840351
BHC,NYSE,2019/12/03 16:00:00,28.03,28.32,27.7,28.27,3300740
BHC,NYSE,2019/12/04 16:00:00,28.5,29.03,28.47,28.68,3719985
BHC,NYSE,2019/12/05 16:00:00,28.7,28.96,28.41,28.95,3514540
BHC,NYSE,2019/12/06 16:00:00,29.05,29.2,28.53,29.11,4074414
BHC,NYSE,2019/12/09 16:00:00,29.39,29.39,28.9,29.21,4677499
BHC,NYSE,2019/12/10 16:00:00,29.2,29.47,29.07,29.24,4565808
BHC,NYSE,2019/12/11 16:00:00,29.25,29.49,29.13,29.33,5611660
BHC,NYSE,2019/12/12 16:00:00,29.8,31.97,29.66,31.89,13209415
BHC,NYSE,2019/12/13 16:00:00,31.85,31.97,30.94,31,4951002
BHC,NYSE,2019/12/16 16:00:00,30.46,30.88,29.97,30.32,5526532
BHC,NYSE,2019/12/17 16:00:00,30.28,30.3,29.3,29.5,4125432
BHC,NYSE,2019/12/18 16:00:00,29.31,29.64,28.92,29.12,3407494
BHC,NYSE,2019/12/19 16:00:00,29.15,30.19,29.08,29.9,3817007
BHC,NYSE,2019/12/20 16:00:00,29.99,30.36,29.56,30,2947471
BHC,NYSE,2019/12/23 16:00:00,30.1,30.27,29.72,29.91,1659579
BHC,NYSE,2019/12/24 13:00:00,29.9,29.98,29.63,29.87,778317
BHC,NYSE,2019/12/26 16:00:00,29.84,29.91,29.56,29.69,1427474
BHC,NYSE,2019/12/27 16:00:00,30,30,29.5,29.7,1808230
BHC,NYSE,2019/12/30 16:00:00,29.73,29.88,29.34,29.44,3153372
BHC,NYSE,2019/12/31 16:00:00,29.41,30.02,29.24,29.92,2200470
BHC,NYSE,2020/01/02 16:00:00,30.23,30.34,29.55,29.91,2833292
BHC,NYSE,2020/01/03 16:00:00,29.39,29.74,29.35,29.42,2704547
BHC,NYSE,2020/01/06 16:00:00,29.21,29.38,28.7,28.86,2493813
BHC,NYSE,2020/01/07 16:00:00,28.75,28.98,28.53,28.57,3837588
BHC,NYSE,2020/01/08 16:00:00,28.57,28.66,28.04,28.5,3122394
BHC,NYSE,2020/01/09 16:00:00,28.66,28.75,27.86,28.01,3549165
BHC,NYSE,2020/01/10 16:00:00,28,28.15,27.55,27.65,2782120
BHC,NYSE,2020/01/13 16:00:00,27.8,28.23,27.34,28.12,3071221
BHC,NYSE,2020/01/14 16:00:00,28.09,28.7,28.03,28.52,3914427
BHC,NYSE,2020/01/15 16:00:00,28.5,29.26,28.5,29.05,2751531
BHC,NYSE,2020/01/16 16:00:00,29.1,29.76,29.1,29.75,4836789
BHC,NYSE,2020/01/17 16:00:00,29.94,30.39,29.77,30.25,5212621
BHC,NYSE,2020/01/21 16:00:00,30.12,30.38,29.66,29.73,4093776
BHC,NYSE,2020/01/22 16:00:00,30.05,30.15,29.51,29.51,2654006
BHC,NYSE,2020/01/23 16:00:00,29.5,29.51,29.05,29.19,1997932
BHC,NYSE,2020/01/24 16:00:00,29.19,29.31,28.13,28.4,4813102
BHC,NYSE,2020/01/27 16:00:00,27.65,28.4,27.42,28.35,2189145
BHC,NYSE,2020/01/28 16:00:00,28.53,29.29,28.44,29.21,2438275
BHC,NYSE,2020/01/29 16:00:00,29.16,29.44,29.04,29.15,1880639
BHC,NYSE,2020/01/30 16:00:00,28.87,29.01,28.3,28.35,2394339
BHC,NYSE,2020/01/31 16:00:00,28.2,28.2,27.4,27.43,4708224
BHC,NYSE,2020/02/03 16:00:00,27.47,28.17,27.47,27.92,2371570
BHC,NYSE,2020/02/04 16:00:00,28.2,28.94,28.05,28.82,3472632
BHC,NYSE,2020/02/05 16:00:00,29.22,29.68,28.98,29.06,2037498
BHC,NYSE,2020/02/06 16:00:00,29.31,29.39,28.77,28.92,1382090
BHC,NYSE,2020/02/07 16:00:00,28.72,28.83,28.07,28.15,2318869
BHC,NYSE,2020/02/10 16:00:00,27.99,28.35,27.91,28.19,1730753
BHC,NYSE,2020/02/11 16:00:00,28.17,28.68,27.58,28.17,3825711
BHC,NYSE,2020/02/12 16:00:00,28.5,28.83,28.32,28.55,1925050
BHC,NYSE,2020/02/13 16:00:00,28.3,28.43,27.36,27.43,4603576
BHC,NYSE,2020/02/14 16:00:00,27.5,28.01,27.23,27.74,3621051
BHC,NYSE,2020/02/18 16:00:00,27.75,28.09,27.64,28.05,3462853
BHC,NYSE,2020/02/19 16:00:00,26.46,26.54,25.16,26.46,13545948
BHC,NYSE,2020/02/20 16:00:00,26.22,26.44,25.75,26.41,6885151
BHC,NYSE,2020/02/21 16:00:00,26.33,26.52,25.93,26.5,4197526
BHC,NYSE,2020/02/24 16:00:00,25.5,26.03,25.18,26,5075964
BHC,NYSE,2020/02/25 16:00:00,26.19,26.37,24.43,24.77,6098991
BHC,NYSE,2020/02/26 16:00:00,24.68,24.92,24.27,24.44,7018088
BHC,NYSE,2020/02/27 16:00:00,23.83,23.91,22.37,22.52,7963365
BHC,NYSE,2020/02/28 16:00:00,21.73,22.92,21.54,22.13,8332685
BHC,NYSE,2020/03/02 16:00:00,22.25,23.1,21.46,23.09,7152741
BHC,NYSE,2020/03/03 16:00:00,23.1,24.12,22.68,23.02,8672069
BHC,NYSE,2020/03/04 16:00:00,23.53,23.55,22.48,23.13,4211747
BHC,NYSE,2020/03/05 16:00:00,22.4,22.75,22,22.45,4654685
BHC,NYSE,2020/03/06 16:00:00,21.76,21.83,20.62,20.96,7639076
BHC,NYSE,2020/03/09 16:00:00,19.13,19.54,17.87,18.27,7891996
BHC,NYSE,2020/03/10 16:00:00,19.18,19.37,17.63,19.36,6628200
BHC,NYSE,2020/03/11 16:00:00,18.61,19.11,18.17,18.45,6336810
BHC,NYSE,2020/03/12 16:00:00,16.9,17,15.22,16.22,10725819
BHC,NYSE,2020/03/13 16:00:00,17.32,18.8,15.81,18.8,6963370
BHC,NYSE,2020/03/16 16:00:00,15.81,16.73,14.68,14.96,7643604
BHC,NYSE,2020/03/17 16:00:00,15.48,15.86,14.12,14.71,6972186
BHC,NYSE,2020/03/18 16:00:00,13.6,13.66,11.15,12.98,10129260
BHC,NYSE,2020/03/19 16:00:00,12.44,15.38,12.21,14.13,7162576
BHC,NYSE,2020/03/20 16:00:00,14.59,15.57,13.5,13.66,10121136
BHC,NYSE,2020/03/23 16:00:00,13.52,13.94,12.49,13.27,6983643
BHC,NYSE,2020/03/24 16:00:00,14.31,14.92,13.83,14.91,4898301
BHC,NYSE,2020/03/25 16:00:00,14.95,16.31,14.21,15.77,7518179
BHC,NYSE,2020/03/26 16:00:00,15.96,16.6,15.24,15.44,6341814
BHC,NYSE,2020/03/27 16:00:00,15.04,15.2,13.85,14.51,5141710
BHC,NYSE,2020/03/30 16:00:00,14.48,15.37,13.39,15.25,5998797
BHC,NYSE,2020/03/31 16:00:00,15.33,16.27,15.1,15.5,4296457
BHC,NYSE,2020/04/01 16:00:00,14.63,14.91,13.59,13.75,4360799
BHC,NYSE,2020/04/02 16:00:00,13.34,14.23,13.31,13.58,4162554
BHC,NYSE,2020/04/03 16:00:00,13.55,14.06,12.97,13.31,6869580
BHC,NYSE,2020/04/06 16:00:00,13.98,14.82,13.88,14.62,6191344
BHC,NYSE,2020/04/07 16:00:00,15.5,16.08,14.78,14.85,7380206
BHC,NYSE,2020/04/08 16:00:00,15.04,15.83,14.86,15.68,5413504
BHC,NYSE,2020/04/09 16:00:00,16.35,18.89,16.25,18.01,10867937
BHC,NYSE,2020/04/13 16:00:00,18.27,18.82,17.7,17.84,5593622
BHC,NYSE,2020/04/14 16:00:00,18.34,18.67,17.76,18.36,4268122
BHC,NYSE,2020/04/15 16:00:00,17.46,17.77,17.22,17.54,3219466
BHC,NYSE,2020/04/16 16:00:00,17.62,17.63,16.62,16.92,3285591
BHC,NYSE,2020/04/17 16:00:00,17.7,17.7,16.81,17.41,3713250
BHC,NYSE,2020/04/20 16:00:00,16.8,17.6,16.63,17.24,3829952
BHC,NYSE,2020/04/21 16:00:00,16.66,16.99,16.22,16.24,3997212
BHC,NYSE,2020/04/22 16:00:00,16.64,16.89,16.29,16.36,4321846
BHC,NYSE,2020/04/23 16:00:00,16.43,16.78,16.29,16.32,8244845
BHC,NYSE,2020/04/24 16:00:00,16.84,17.58,16.68,16.92,7142864
BHC,NYSE,2020/04/27 16:00:00,17.13,18.29,17.13,18.11,6147497
BHC,NYSE,2020/04/28 16:00:00,18.65,18.81,17.47,17.52,5312676
BHC,NYSE,2020/04/29 16:00:00,18,18.99,17.83,18.39,5189728
BHC,NYSE,2020/04/30 16:00:00,18.15,18.38,17.71,18.12,4748938
BHC,NYSE,2020/05/01 16:00:00,17.6,17.69,16.77,17.16,3486503
BHC,NYSE,2020/05/04 16:00:00,16.95,17.35,16.6,16.68,5841837
BHC,NYSE,2020/05/05 16:00:00,16.92,17.37,16.77,16.78,4938572
BHC,NYSE,2020/05/06 16:00:00,17.42,17.56,16.67,17.12,8051527
BHC,NYSE,2020/05/07 16:00:00,16.86,16.97,15.53,15.87,16839213
BHC,NYSE,2020/05/08 16:00:00,15.81,16.88,15.8,16.81,9562263
BHC,NYSE,2020/05/11 16:00:00,16.75,17.03,16.02,16.88,6332795
BHC,NYSE,2020/05/12 16:00:00,16.8,17.55,16.76,17.16,8471514
BHC,NYSE,2020/05/13 16:00:00,17.27,17.3,16.1,16.37,6800127
BHC,NYSE,2020/05/14 16:00:00,16.06,16.22,15.5,15.95,6218411
BHC,NYSE,2020/05/15 16:00:00,16.43,16.54,15.66,15.74,7652677
BHC,NYSE,2020/05/18 16:00:00,16.19,17.64,16.17,17.36,9117140
BHC,NYSE,2020/05/19 16:00:00,17.33,18.18,16.82,17.93,6641524
BHC,NYSE,2020/05/20 16:00:00,18.26,18.68,17.97,18.31,5066003
BHC,NYSE,2020/05/21 16:00:00,18.17,18.35,17.69,18.18,3145461
BHC,NYSE,2020/05/22 16:00:00,18.03,18.11,17.55,17.76,3777307
BHC,NYSE,2020/05/26 16:00:00,18.47,18.88,18.11,18.15,5411233
BHC,NYSE,2020/05/27 16:00:00,18.5,18.81,17.95,18.52,5499722
BHC,NYSE,2020/05/28 16:00:00,18.65,18.93,18.22,18.58,7139558
BHC,NYSE,2020/05/29 16:00:00,18.45,18.73,18.04,18.48,6500908
BHC,NYSE,2020/06/01 16:00:00,18.43,19.64,18.21,19.16,6619517
BHC,NYSE,2020/06/02 16:00:00,19.35,19.49,18.76,18.93,6046831
BHC,NYSE,2020/06/03 16:00:00,19.17,19.35,18.82,19.1,4372128
BHC,NYSE,2020/06/04 16:00:00,19.16,19.9,19.14,19.37,6762164
BHC,NYSE,2020/06/05 16:00:00,20.21,20.34,19.1,19.24,4685900
BHC,NYSE,2020/06/08 16:00:00,19.57,20.69,19.46,20.51,6097362
BHC,NYSE,2020/06/09 16:00:00,19.96,20.19,19.51,19.86,4900224
BHC,NYSE,2020/06/10 16:00:00,20,20.01,18.72,18.78,5537521
BHC,NYSE,2020/06/11 16:00:00,18,18.26,16.8,17.02,6780189
BHC,NYSE,2020/06/12 16:00:00,17.69,17.94,16.75,17.12,4599098
BHC,NYSE,2020/06/15 16:00:00,16.65,17.97,16.4,17.86,3775319
BHC,NYSE,2020/06/16 16:00:00,18.69,19.54,17.78,19.38,8297449
BHC,NYSE,2020/06/17 16:00:00,20,20.36,19.42,19.8,8215615
BHC,NYSE,2020/06/18 16:00:00,19.55,20.23,19.34,20.07,4613341
BHC,NYSE,2020/06/19 16:00:00,20.35,20.39,19.29,19.58,5166759
BHC,NYSE,2020/06/22 16:00:00,19.27,19.73,18.97,19.64,2716364
BHC,NYSE,2020/06/23 16:00:00,19.74,19.89,19.51,19.58,1853881
BHC,NYSE,2020/06/24 16:00:00,19.23,19.3,18.33,18.56,3015847
BHC,NYSE,2020/06/25 16:00:00,18.41,19.08,18.27,18.99,2309308
BHC,NYSE,2020/06/26 16:00:00,18.84,18.95,18.12,18.2,2491120
BHC,NYSE,2020/06/29 16:00:00,18.34,18.68,17.95,18.19,1770854
BHC,NYSE,2020/06/30 16:00:00,18.01,18.38,17.55,18.29,3752940
BHC,NYSE,2020/07/01 16:00:00,18.34,18.64,18.26,18.42,2460200
BHC,NYSE,2020/07/02 16:00:00,18.56,18.9,18.27,18.34,3237005
BHC,NYSE,2020/07/06 16:00:00,18.46,19.2,18.38,19,3608873
BHC,NYSE,2020/07/07 16:00:00,18.71,18.96,18.43,18.43,3242365
BHC,NYSE,2020/07/08 16:00:00,18.45,18.45,17.22,17.55,5897311
BHC,NYSE,2020/07/09 16:00:00,17.5,17.59,16.79,17.15,3963721
BHC,NYSE,2020/07/10 16:00:00,17.05,17.33,16.93,17.19,2692473
BHC,NYSE,2020/07/13 16:00:00,17.38,17.9,17.28,17.41,2436201
BHC,NYSE,2020/07/14 16:00:00,17.35,17.49,16.97,17.4,3542789
BHC,NYSE,2020/07/15 16:00:00,17.81,18.73,17.81,18.65,4074073
BHC,NYSE,2020/07/16 16:00:00,18.54,18.54,17.61,18.31,4895869
BHC,NYSE,2020/07/17 16:00:00,18.37,18.52,18.03,18.06,2377518
BHC,NYSE,2020/07/20 16:00:00,18.11,18.14,17.71,17.84,2206839
BHC,NYSE,2020/07/21 16:00:00,18,18.22,17.66,17.7,2167843
BHC,NYSE,2020/07/22 16:00:00,17.73,17.85,17.29,17.33,2769859
BHC,NYSE,2020/07/23 16:00:00,17.39,17.43,16.99,17.02,2945860
BHC,NYSE,2020/07/24 16:00:00,17,17.16,16.79,17.05,3311323
BHC,NYSE,2020/07/27 16:00:00,17.07,18.05,17.06,18,5016112
BHC,NYSE,2020/07/28 16:00:00,18.5,19.36,18.35,18.79,6032590
BHC,NYSE,2020/07/29 16:00:00,18.56,19.04,18.27,19.04,3219781
BHC,NYSE,2020/07/30 16:00:00,18.59,18.93,18.55,18.85,2188693
BHC,NYSE,2020/07/31 16:00:00,18.68,18.8,18.18,18.27,2600902
BHC,NYSE,2020/08/03 16:00:00,18.49,19.49,18.29,19.13,2832672
BHC,NYSE,2020/08/04 16:00:00,18.99,19.46,18.93,18.99,2203627
BHC,NYSE,2020/08/05 16:00:00,19.25,19.54,19.12,19.46,3010512
BHC,NYSE,2020/08/06 16:00:00,21.62,22.97,20.11,20.13,18027716
BHC,NYSE,2020/08/07 16:00:00,19.72,19.76,17.94,18.05,9941766
BHC,NYSE,2020/08/10 16:00:00,18.33,18.68,17.65,17.72,5247534
BHC,NYSE,2020/08/11 16:00:00,17.96,18.73,17.59,17.66,7426420
BHC,NYSE,2020/08/12 16:00:00,17.96,18,17.14,17.39,4467479
BHC,NYSE,2020/08/13 16:00:00,17.3,17.74,17.15,17.19,5227618
BHC,NYSE,2020/08/14 16:00:00,17.2,17.53,16.95,17.48,4525190
BHC,NYSE,2020/08/17 16:00:00,17.61,17.94,17.41,17.87,3496808
BHC,NYSE,2020/08/18 16:00:00,17.89,17.95,17.11,17.33,5049399
BHC,NYSE,2020/08/19 16:00:00,17.23,17.26,16.81,16.87,6013753
BHC,NYSE,2020/08/20 16:00:00,16.8,17.02,16.55,16.88,5592473
BHC,NYSE,2020/08/21 16:00:00,16.99,17.08,16.31,16.39,5394165
BHC,NYSE,2020/08/24 16:00:00,16.74,17.14,16.46,16.95,4831716
BHC,NYSE,2020/08/25 16:00:00,17.13,17.13,16.63,16.95,3264319
BHC,NYSE,2020/08/26 16:00:00,16.88,17.35,16.82,17.26,4204731
BHC,NYSE,2020/08/27 16:00:00,17.3,17.3,16.64,17,3475654
BHC,NYSE,2020/08/28 16:00:00,16.98,17.14,16.74,16.91,3253869
BHC,NYSE,2020/08/31 16:00:00,16.86,16.89,16.53,16.62,3890414
BHC,NYSE,2020/09/01 16:00:00,16.68,16.76,16.04,16.19,5409684
BHC,NYSE,2020/09/02 16:00:00,16.28,16.42,15.95,16.39,3622492
BHC,NYSE,2020/09/03 16:00:00,16.34,16.74,15.88,15.97,3899039
BHC,NYSE,2020/09/04 16:00:00,16.13,16.34,15.53,16.29,4239485
BHC,NYSE,2020/09/08 16:00:00,16.17,16.4,15.91,16.13,2958794
BHC,NYSE,2020/09/09 16:00:00,16.25,16.3,15.92,16.16,3688108
BHC,NYSE,2020/09/10 16:00:00,16.2,16.25,15.59,15.65,3967321
BHC,NYSE,2020/09/11 16:00:00,15.7,15.71,15.18,15.4,3749020
BHC,NYSE,2020/09/14 16:00:00,15.5,15.92,15.41,15.91,2663408
BHC,NYSE,2020/09/15 16:00:00,16.04,16.33,15.87,16.26,3181403
BHC,NYSE,2020/09/16 16:00:00,16.5,17.17,16.35,16.88,9115282
BHC,NYSE,2020/09/17 16:00:00,16.94,17.68,16.59,17.38,10330654
BHC,NYSE,2020/09/18 16:00:00,17.44,17.57,16.88,17.19,4021568
BHC,NYSE,2020/09/21 16:00:00,16.72,16.75,16.2,16.52,3387698
BHC,NYSE,2020/09/22 16:00:00,16.57,16.72,15.85,16.04,3722361
BHC,NYSE,2020/09/23 16:00:00,16.02,16.22,15.62,15.74,4937193
BHC,NYSE,2020/09/24 16:00:00,15.62,15.64,15.02,15.22,5019440
BHC,NYSE,2020/09/25 16:00:00,15.12,15.51,15.02,15.3,3501190
BHC,NYSE,2020/09/28 16:00:00,15.55,15.67,15.16,15.27,3803227
BHC,NYSE,2020/09/29 16:00:00,15.21,15.26,14.88,14.88,4037092
BHC,NYSE,2020/09/30 16:00:00,14.87,15.69,14.86,15.54,5066608
BHC,NYSE,2020/10/01 16:00:00,15.62,16.18,15.62,15.89,4032085
BHC,NYSE,2020/10/02 16:00:00,15.42,15.89,15.27,15.78,3452500
BHC,NYSE,2020/10/05 16:00:00,15.95,16.36,15.83,16.17,2789673
BHC,NYSE,2020/10/06 16:00:00,16.49,16.49,15.28,15.31,4274929
BHC,NYSE,2020/10/07 16:00:00,15.5,16.17,15.45,16.08,2512285
BHC,NYSE,2020/10/08 16:00:00,17.06,18.34,16.99,18.04,11488624
BHC,NYSE,2020/10/09 16:00:00,17.96,18.05,17.39,17.48,3753531
BHC,NYSE,2020/10/12 16:00:00,17.45,17.61,17.14,17.28,2620815
BHC,NYSE,2020/10/13 16:00:00,17.13,17.31,16.73,16.83,2643569
BHC,NYSE,2020/10/14 16:00:00,16.82,17.01,16.65,16.76,2695000
BHC,NYSE,2020/10/15 16:00:00,16.57,17.45,16.48,17.36,4517721
BHC,NYSE,2020/10/16 16:00:00,17.35,17.65,17.03,17.11,2924379
BHC,NYSE,2020/10/19 16:00:00,17.29,17.62,17,17.21,2774364
BHC,NYSE,2020/10/20 16:00:00,17.4,17.46,16.98,17.02,2059057
BHC,NYSE,2020/10/21 16:00:00,17.1,17.86,16.91,17.57,3830284
BHC,NYSE,2020/10/22 16:00:00,17.65,18.05,17.45,18,2811754
BHC,NYSE,2020/10/23 16:00:00,18.13,18.42,17.81,18.36,3187188
BHC,NYSE,2020/10/26 16:00:00,18.5,18.5,17.55,17.83,3129358
BHC,NYSE,2020/10/27 16:00:00,17.55,18.23,17.55,17.74,3907249
BHC,NYSE,2020/10/28 16:00:00,17.26,17.36,16.75,16.76,5071424
BHC,NYSE,2020/10/29 16:00:00,16.8,16.99,16.57,16.85,2596431
BHC,NYSE,2020/10/30 16:00:00,16.64,16.91,16.26,16.5,3035927
BHC,NYSE,2020/11/02 16:00:00,16.75,17.36,16.51,17.34,5035385
BHC,NYSE,2020/11/03 16:00:00,17.45,17.55,16.08,16.29,13032449
BHC,NYSE,2020/11/04 16:00:00,16.47,17.13,16.4,16.81,5421580
BHC,NYSE,2020/11/05 16:00:00,17.05,17.11,16.46,16.73,3487356
BHC,NYSE,2020/11/06 16:00:00,16.66,16.9,16.51,16.64,3231094
BHC,NYSE,2020/11/09 16:00:00,17.9,19.51,17.77,19.16,12157946
BHC,NYSE,2020/11/10 16:00:00,19.11,19.52,18.8,19.49,4754977
BHC,NYSE,2020/11/11 16:00:00,19.7,19.74,19.17,19.41,2921123
BHC,NYSE,2020/11/12 16:00:00,19.22,19.24,18.8,18.94,2241258
BHC,NYSE,2020/11/13 16:00:00,19.1,19.63,19,19.6,3125535
BHC,NYSE,2020/11/16 16:00:00,19.91,20.13,19.45,19.92,3787781
BHC,NYSE,2020/11/17 16:00:00,19.59,19.78,19.33,19.45,3309151
BHC,NYSE,2020/11/18 16:00:00,19.57,19.98,19.3,19.31,2018335
BHC,NYSE,2020/11/19 16:00:00,19.31,19.66,19.1,19.63,2224406
BHC,NYSE,2020/11/20 16:00:00,19.73,20.04,19.55,19.68,2666690
BHC,NYSE,2020/11/23 16:00:00,19.75,19.78,19.3,19.31,4296290
BHC,NYSE,2020/11/24 16:00:00,19.58,19.67,19.17,19.24,4641434
BHC,NYSE,2020/11/25 16:00:00,19.08,19.32,18.84,19.17,3679726
BHC,NYSE,2020/11/27 13:00:00,19.32,19.64,19.23,19.53,1033373
BHC,NYSE,2020/11/30 16:00:00,19.52,19.53,18.49,18.57,4148796
BHC,NYSE,2020/12/01 16:00:00,18.66,19.02,18.52,18.64,2469619
BHC,NYSE,2020/12/02 16:00:00,18.59,19.1,18.56,19.05,2076072
BHC,NYSE,2020/12/03 16:00:00,19.15,19.41,18.92,19.24,1872830
BHC,NYSE,2020/12/04 16:00:00,19.37,19.98,19.18,19.91,3094614
BHC,NYSE,2020/12/07 16:00:00,19.77,20.32,19.77,20.08,2101112
BHC,NYSE,2020/12/08 16:00:00,19.95,20.64,19.88,20.59,3304752
BHC,NYSE,2020/12/09 16:00:00,20.75,20.76,20.31,20.56,3446816
BHC,NYSE,2020/12/10 16:00:00,20.38,20.96,20.34,20.95,1883095
BHC,NYSE,2020/12/11 16:00:00,20.77,20.95,20.35,20.55,2731610
BHC,NYSE,2020/12/14 16:00:00,20.76,21.07,20.6,20.61,2991379
BHC,NYSE,2020/12/15 16:00:00,20.79,21.06,20.47,21.05,1846773
BHC,NYSE,2020/12/16 16:00:00,21.1,21.11,20.76,20.81,2564917
BHC,NYSE,2020/12/17 16:00:00,20.86,21.15,20.65,21.12,2282753
BHC,NYSE,2020/12/18 16:00:00,21.1,21.12,20.63,20.73,2300182
BHC,NYSE,2020/12/21 16:00:00,20.25,21.06,20.04,20.69,2862885
BHC,NYSE,2020/12/22 16:00:00,20.79,20.79,19.94,19.98,3213746
BHC,NYSE,2020/12/23 16:00:00,20.07,20.3,19.78,20.18,2943291
BHC,NYSE,2020/12/24 13:00:00,20.33,20.43,20.09,20.27,832621
BHC,NYSE,2020/12/28 16:00:00,20.37,20.59,19.83,19.86,2142551
BHC,NYSE,2020/12/29 16:00:00,20,20.19,19.52,19.91,2240614
BHC,NYSE,2020/12/30 16:00:00,19.93,20.32,19.81,20.06,1796226
BHC,NYSE,2020/12/31 16:00:00,20.05,20.92,19.95,20.8,2938079
BHC,NYSE,2021/01/04 16:00:00,21,21.84,20.92,21.37,4039385
BHC,NYSE,2021/01/05 16:00:00,21.33,21.99,20.98,21.82,2928726
BHC,NYSE,2021/01/06 16:00:00,21.68,23.22,21.26,22.34,3909908
BHC,NYSE,2021/01/07 16:00:00,22.47,22.95,22.36,22.83,2519375
BHC,NYSE,2021/01/08 16:00:00,22.89,23.75,22.79,23.06,4247821
BHC,NYSE,2021/01/11 16:00:00,22.94,23.54,22.69,23.5,2424653
BHC,NYSE,2021/01/12 16:00:00,23.72,23.85,23.29,23.47,3270009
BHC,NYSE,2021/01/13 16:00:00,24.5,26.02,24.04,25.8,13071554
BHC,NYSE,2021/01/14 16:00:00,25.86,26.55,25.5,26.41,6965240
BHC,NYSE,2021/01/15 16:00:00,26.18,26.75,25.65,26.37,4554643
BHC,NYSE,2021/01/19 16:00:00,26.52,27.81,26.52,27.52,4498072
BHC,NYSE,2021/01/20 16:00:00,27.36,27.51,26.63,27.01,3941769
BHC,NYSE,2021/01/21 16:00:00,26.94,27.01,26.24,26.68,2643654
BHC,NYSE,2021/01/22 16:00:00,26.15,27.04,25.9,26.66,3723833
BHC,NYSE,2021/01/25 16:00:00,26.65,27.21,26.36,27,5824440
BHC,NYSE,2021/01/26 16:00:00,27.3,27.37,26.45,26.45,5463431
BHC,NYSE,2021/01/27 16:00:00,26.01,26.14,24.57,24.79,8264616
BHC,NYSE,2021/01/28 16:00:00,24.84,25.97,24.56,25.7,4638167
BHC,NYSE,2021/01/29 16:00:00,25.74,26.12,25.16,25.5,2762498
BHC,NYSE,2021/02/01 16:00:00,25.69,26.08,25.45,25.83,3227513
BHC,NYSE,2021/02/02 16:00:00,26.38,27.06,26.04,26.99,3143896
BHC,NYSE,2021/02/03 16:00:00,26.93,27.35,26.7,27.3,3023907
BHC,NYSE,2021/02/04 16:00:00,27.26,27.67,26.99,27.63,3601934
BHC,NYSE,2021/02/05 16:00:00,27.73,28.15,27.46,28.13,3384347
BHC,NYSE,2021/02/08 16:00:00,28.25,28.89,28.12,28.86,2524476
BHC,NYSE,2021/02/09 16:00:00,28.79,29.55,28.4,29.2,4101954
BHC,NYSE,2021/02/10 16:00:00,29.28,29.59,28.69,29.58,3129409
BHC,NYSE,2021/02/11 16:00:00,29.5,30.14,29.06,30.11,7192303
BHC,NYSE,2021/02/12 16:00:00,32,32.25,30.63,31.23,8582704
BHC,NYSE,2021/02/16 16:00:00,31.85,31.89,31,31.32,7624751
BHC,NYSE,2021/02/17 16:00:00,32,32.5,31.27,32.03,7367628
BHC,NYSE,2021/02/18 16:00:00,31.77,31.87,31.26,31.58,4024957
BHC,NYSE,2021/02/19 16:00:00,31.58,32.37,31.46,31.93,3165500
BHC,NYSE,2021/02/22 16:00:00,31.95,32.08,31.49,31.63,2852097
BHC,NYSE,2021/02/23 16:00:00,31.38,31.66,30.35,31.57,2785331
BHC,NYSE,2021/02/24 16:00:00,31.39,31.9,30.87,31.05,5445982
BHC,NYSE,2021/02/25 16:00:00,31.31,31.57,30.64,31.28,5109054
BHC,NYSE,2021/02/26 16:00:00,31.42,31.87,30.63,31.42,7557729
BHC,NYSE,2021/03/01 16:00:00,31.9,32.46,31.6,31.75,6049486
BHC,NYSE,2021/03/02 16:00:00,31.95,32.44,31.71,32.28,4338869
BHC,NYSE,2021/03/03 16:00:00,32.28,32.84,31.8,32.56,5456438
BHC,NYSE,2021/03/04 16:00:00,32.54,33.11,31.33,31.9,5108111
BHC,NYSE,2021/03/05 16:00:00,32.12,33.11,30.92,32.97,4145167
BHC,NYSE,2021/03/08 16:00:00,32.93,33.68,32.58,33.08,9881590
BHC,NYSE,2021/03/09 16:00:00,33.47,34.8,33.22,33.93,7464095
BHC,NYSE,2021/03/10 16:00:00,34.19,34.3,32.75,32.82,9561923
BHC,NYSE,2021/03/11 16:00:00,31.99,34.57,31.85,34.38,14905515
BHC,NYSE,2021/03/12 16:00:00,34.14,34.19,33.27,33.34,5394463
BHC,NYSE,2021/03/15 16:00:00,33.35,34.09,33.28,33.8,2046537
BHC,NYSE,2021/03/16 16:00:00,34.01,34.34,33.04,33.38,12166155
BHC,NYSE,2021/03/17 16:00:00,33.13,33.62,32.8,33.31,13973106
BHC,NYSE,2021/03/18 16:00:00,33.46,33.77,32.62,32.84,11463653
BHC,NYSE,2021/03/19 16:00:00,32.78,33.33,32.52,33,11126634
BHC,NYSE,2021/03/22 16:00:00,32.99,33.22,32.6,32.96,2085393
BHC,NYSE,2021/03/23 16:00:00,32.58,32.72,31.6,31.66,2949510
BHC,NYSE,2021/03/24 16:00:00,30.55,31.72,30.52,30.71,3488795
BHC,NYSE,2021/03/25 16:00:00,30.5,31.19,30.05,31.1,2509478
BHC,NYSE,2021/03/26 16:00:00,31.36,31.44,30.47,31,1505749
BHC,NYSE,2021/03/29 16:00:00,30.8,31.06,30.38,30.69,1656147
BHC,NYSE,2021/03/30 16:00:00,30.62,31.25,30.53,31.04,1417042
BHC,NYSE,2021/03/31 16:00:00,31.39,32.09,31.29,31.74,2631260
BHC,NYSE,2021/04/01 16:00:00,31.82,32,31.37,31.71,2098014
BHC,NYSE,2021/04/05 16:00:00,31.92,32,31.2,31.52,1489239
BHC,NYSE,2021/04/06 16:00:00,31.47,31.72,31.11,31.24,2611890
BHC,NYSE,2021/04/07 16:00:00,31.21,31.63,31.09,31.55,1622408
BHC,NYSE,2021/04/08 16:00:00,31.8,31.81,30.67,30.77,2060770
BHC,NYSE,2021/04/09 16:00:00,30.92,31.09,30.53,30.78,1536931
BAP,NYSE,2019/04/01 16:00:00,243.18,244.18,241.06,242.56,152725
BAP,NYSE,2019/04/02 16:00:00,242.01,243.56,240.72,243.1,224739
BAP,NYSE,2019/04/03 16:00:00,244.18,245.3,242.23,243.54,162103
BAP,NYSE,2019/04/04 16:00:00,243.07,245.23,242.4,243.47,144405
BAP,NYSE,2019/04/05 16:00:00,244.58,246.15,242.71,245.28,187225
BAP,NYSE,2019/04/08 16:00:00,244.61,246.37,243.14,245.47,374409
BAP,NYSE,2019/04/09 16:00:00,243.01,244.13,240,240.05,221728
BAP,NYSE,2019/04/10 16:00:00,239.76,242.22,239.16,241.63,195570
BAP,NYSE,2019/04/11 16:00:00,241.8,242.55,240.41,241,127129
BAP,NYSE,2019/04/12 16:00:00,242.64,242.81,239,241.85,167344
BAP,NYSE,2019/04/15 16:00:00,235,235.87,233.04,233.99,203323
BAP,NYSE,2019/04/16 16:00:00,234.7,235.34,232.69,234.6,202343
BAP,NYSE,2019/04/17 16:00:00,234.72,235.24,231.7,232.36,241333
BAP,NYSE,2019/04/18 16:00:00,232.69,232.85,228.03,231.34,198433
BAP,NYSE,2019/04/22 16:00:00,229.81,233.3,229.27,233.18,215696
BAP,NYSE,2019/04/23 16:00:00,233.55,235.39,231.96,233.76,225117
BAP,NYSE,2019/04/24 16:00:00,232.96,233.53,230.05,233.27,323676
BAP,NYSE,2019/04/25 16:00:00,233,234.4,231.57,233.7,147823
BAP,NYSE,2019/04/26 16:00:00,232.84,236.55,231.67,236.39,198780
BAP,NYSE,2019/04/29 16:00:00,236.94,239.17,235.81,237.39,168751
BAP,NYSE,2019/04/30 16:00:00,237.34,238.43,235.76,236.9,250285
BAP,NYSE,2019/05/01 16:00:00,238.06,239.51,236.42,236.8,104325
BAP,NYSE,2019/05/02 16:00:00,236.16,239.53,235.82,237.8,198646
BAP,NYSE,2019/05/03 16:00:00,239.36,239.94,235.94,238.17,203068
BAP,NYSE,2019/05/06 16:00:00,237.53,238.89,234,237.44,174621
BAP,NYSE,2019/05/07 16:00:00,235.73,238.05,233.43,234.26,436114
BAP,NYSE,2019/05/08 16:00:00,234.06,234.06,226.39,226.47,439343
BAP,NYSE,2019/05/09 16:00:00,223.93,226.18,220.59,225.23,204508
BAP,NYSE,2019/05/10 16:00:00,225.28,225.53,220.25,223.85,259718
BAP,NYSE,2019/05/13 16:00:00,220.04,221.41,215.67,215.78,251548
BAP,NYSE,2019/05/14 16:00:00,217.94,220.09,214.66,218.59,399756
BAP,NYSE,2019/05/15 16:00:00,217.78,218.81,215.76,216.38,264069
BAP,NYSE,2019/05/16 16:00:00,216.6,218.39,216.38,217.51,247432
BAP,NYSE,2019/05/17 16:00:00,217.05,218.71,216.02,217.83,440883
BAP,NYSE,2019/05/20 16:00:00,217.45,220.76,215.77,220.29,530594
BAP,NYSE,2019/05/21 16:00:00,220.3,224.55,219.98,223.93,1009472
BAP,NYSE,2019/05/22 16:00:00,223.98,226.24,222.39,225.54,440763
BAP,NYSE,2019/05/23 16:00:00,225,226.3,220.9,223.76,379104
BAP,NYSE,2019/05/24 16:00:00,224.68,225,220.87,221.08,332624
BAP,NYSE,2019/05/28 16:00:00,221.3,222.45,219.38,219.6,678834
BAP,NYSE,2019/05/29 16:00:00,218.42,220.39,216.55,219.71,383194
BAP,NYSE,2019/05/30 16:00:00,219.59,223.37,219.59,221.78,218205
BAP,NYSE,2019/05/31 16:00:00,220.83,224.38,218.64,223.8,406957
BAP,NYSE,2019/06/03 16:00:00,224.59,225.38,221.42,222.33,168501
BAP,NYSE,2019/06/04 16:00:00,223.76,224.65,221.17,223.84,414890
BAP,NYSE,2019/06/05 16:00:00,223.82,224.53,221.55,222.39,164764
BAP,NYSE,2019/06/06 16:00:00,223.08,225.15,223.07,224.74,430525
BAP,NYSE,2019/06/07 16:00:00,224.99,229.41,224.99,228.97,244274
BAP,NYSE,2019/06/10 16:00:00,230.12,230.57,226.73,228.88,146859
BAP,NYSE,2019/06/11 16:00:00,230.43,232.4,227.09,227.93,168791
BAP,NYSE,2019/06/12 16:00:00,226.96,227.72,222.8,223.6,289800
BAP,NYSE,2019/06/13 16:00:00,223.15,224.09,220.25,220.58,309784
BAP,NYSE,2019/06/14 16:00:00,220.1,221.05,218.16,220.92,197476
BAP,NYSE,2019/06/17 16:00:00,221.22,221.32,218.41,218.5,425590
BAP,NYSE,2019/06/18 16:00:00,219.55,221.22,218.3,220.25,367819
BAP,NYSE,2019/06/19 16:00:00,220.5,222.03,218.84,219.55,477989
BAP,NYSE,2019/06/20 16:00:00,222.45,225.48,220.01,222.66,608049
BAP,NYSE,2019/06/21 16:00:00,222,227.61,220.77,225.87,3298383
BAP,NYSE,2019/06/24 16:00:00,224.37,227.86,224.37,227,264300
BAP,NYSE,2019/06/25 16:00:00,226.66,230.91,226.3,227.06,804484
BAP,NYSE,2019/06/26 16:00:00,227.27,228.94,226.19,228.87,874848
BAP,NYSE,2019/06/27 16:00:00,229.57,231.47,227.94,231,403616
BAP,NYSE,2019/06/28 16:00:00,231.87,231.87,227.36,228.91,558600
BAP,NYSE,2019/07/01 16:00:00,231.04,231.69,228.5,230.86,179107
BAP,NYSE,2019/07/02 16:00:00,230.98,233.61,229.7,232.53,333107
BAP,NYSE,2019/07/03 13:00:00,232.11,235.1,231.75,234.77,183885
BAP,NYSE,2019/07/05 16:00:00,235.1,238.73,235.07,238.37,434314
BAP,NYSE,2019/07/08 16:00:00,237.97,240.88,236.47,238.19,390064
BAP,NYSE,2019/07/09 16:00:00,237.23,239.04,235.82,238.79,398323
BAP,NYSE,2019/07/10 16:00:00,239.57,239.57,235.51,235.82,216941
BAP,NYSE,2019/07/11 16:00:00,235.5,238.06,234.58,236.28,205081
BAP,NYSE,2019/07/12 16:00:00,237.04,237.04,234.78,235.86,232654
BAP,NYSE,2019/07/15 16:00:00,236.09,238.18,233.16,233.3,379478
BAP,NYSE,2019/07/16 16:00:00,233,236.96,231.19,236.28,374886
BAP,NYSE,2019/07/17 16:00:00,236.34,238.19,235.01,235.26,204626
BAP,NYSE,2019/07/18 16:00:00,234.62,237.38,233.9,236.38,366187
BAP,NYSE,2019/07/19 16:00:00,236.6,238.24,230.05,230.55,260046
BAP,NYSE,2019/07/22 16:00:00,230.86,231.37,227.82,227.99,607923
BAP,NYSE,2019/07/23 16:00:00,227.94,228.84,225.61,226.48,438180
BAP,NYSE,2019/07/24 16:00:00,226.01,229.16,226.01,228.53,172707
BAP,NYSE,2019/07/25 16:00:00,228.6,228.89,226.74,228.14,152937
BAP,NYSE,2019/07/26 16:00:00,228.5,230.48,228.06,229.59,164185
BAP,NYSE,2019/07/29 16:00:00,228.97,229.64,222.65,224.42,308019
BAP,NYSE,2019/07/30 16:00:00,222.83,223.34,218.5,218.96,188674
BAP,NYSE,2019/07/31 16:00:00,218.84,219.66,217.3,217.99,491889
BAP,NYSE,2019/08/01 16:00:00,218.16,221.2,216,217.19,220339
BAP,NYSE,2019/08/02 16:00:00,216.24,216.96,212.73,214.6,209389
BAP,NYSE,2019/08/05 16:00:00,211.83,212.59,208.03,209.16,277119
BAP,NYSE,2019/08/06 16:00:00,210.57,212.19,208.36,210.11,337034
BAP,NYSE,2019/08/07 16:00:00,207.43,214.35,206.25,213.54,238461
BAP,NYSE,2019/08/08 16:00:00,213.63,215.5,212.52,214.84,271622
BAP,NYSE,2019/08/09 16:00:00,216.99,216.99,206.77,207.4,561397
BAP,NYSE,2019/08/12 16:00:00,205.79,207.42,201.97,202.15,404100
BAP,NYSE,2019/08/13 16:00:00,203.41,209.88,202.07,207.93,525946
BAP,NYSE,2019/08/14 16:00:00,204.65,206.69,201.19,201.19,300294
BAP,NYSE,2019/08/15 16:00:00,202.4,203.43,200.34,202.18,450378
BAP,NYSE,2019/08/16 16:00:00,204.17,207.83,204.02,206.25,568798
BAP,NYSE,2019/08/19 16:00:00,207.97,208.4,205.36,206.47,323198
BAP,NYSE,2019/08/20 16:00:00,205.75,207.37,204.89,205.53,357605
BAP,NYSE,2019/08/21 16:00:00,206.57,207.87,205.23,206.15,328478
BAP,NYSE,2019/08/22 16:00:00,206.65,208.85,203.59,203.71,236804
BAP,NYSE,2019/08/23 16:00:00,203.54,205.76,201.11,201.33,350333
BAP,NYSE,2019/08/26 16:00:00,202.33,203.46,199.83,200.78,142729
BAP,NYSE,2019/08/27 16:00:00,200.23,203.73,200.2,201.2,481713
BAP,NYSE,2019/08/28 16:00:00,200.15,202.2,200.15,201.6,238996
BAP,NYSE,2019/08/29 16:00:00,202.91,204.62,202.59,203.34,207518
BAP,NYSE,2019/08/30 16:00:00,204.11,207.12,203.16,207.12,269004
BAP,NYSE,2019/09/03 16:00:00,206.06,206.48,204.38,205.01,252073
BAP,NYSE,2019/09/04 16:00:00,206.8,207.48,204.14,205.38,276951
BAP,NYSE,2019/09/05 16:00:00,208.75,212.67,207.24,211.61,406371
BAP,NYSE,2019/09/06 16:00:00,212.55,214.44,210.67,212.73,247564
BAP,NYSE,2019/09/09 16:00:00,213.68,213.95,209.36,211.72,405703
BAP,NYSE,2019/09/10 16:00:00,211.47,212.94,210.47,212.24,201368
BAP,NYSE,2019/09/11 16:00:00,213.42,213.8,211.83,213.8,187718
BAP,NYSE,2019/09/12 16:00:00,213.53,215.13,211.82,214.41,138185
BAP,NYSE,2019/09/13 16:00:00,215.74,216.71,213.45,215.45,175500
BAP,NYSE,2019/09/16 16:00:00,215.15,216.69,214.18,216.61,170471
BAP,NYSE,2019/09/17 16:00:00,215.78,215.78,211.88,214.2,228110
BAP,NYSE,2019/09/18 16:00:00,213.67,214.91,212.8,214.22,174988
BAP,NYSE,2019/09/19 16:00:00,213.99,214.81,210.18,212.12,212136
BAP,NYSE,2019/09/20 16:00:00,212.29,213.89,209.17,209.37,559475
BAP,NYSE,2019/09/23 16:00:00,209.95,210.57,206.32,207.7,309901
BAP,NYSE,2019/09/24 16:00:00,206.28,207.76,203.4,207.26,978248
BAP,NYSE,2019/09/25 16:00:00,207.26,210.38,206.23,209.97,400781
BAP,NYSE,2019/09/26 16:00:00,209.8,212.33,208.72,212.12,236047
BAP,NYSE,2019/09/27 16:00:00,213.81,214.98,211.22,212.65,635964
BAP,NYSE,2019/09/30 16:00:00,212.57,212.9,208.44,208.44,364923
BAP,NYSE,2019/10/01 16:00:00,205.37,205.67,200.79,204.11,601925
BAP,NYSE,2019/10/02 16:00:00,204.15,204.15,200.22,202.04,475025
BAP,NYSE,2019/10/03 16:00:00,202.1,205.37,200.47,203.56,176379
BAP,NYSE,2019/10/04 16:00:00,203.99,208.33,203.99,207.65,284172
BAP,NYSE,2019/10/07 16:00:00,206.71,210.12,206.23,207.03,247950
BAP,NYSE,2019/10/08 16:00:00,205.79,208.28,204.85,205.14,329372
BAP,NYSE,2019/10/09 16:00:00,206.41,206.75,203.96,204,239291
BAP,NYSE,2019/10/10 16:00:00,203.65,205.17,203,203.13,380924
BAP,NYSE,2019/10/11 16:00:00,204.6,210.86,204.23,208.78,144388
BAP,NYSE,2019/10/14 16:00:00,207.62,209.55,207.22,208.56,152409
BAP,NYSE,2019/10/15 16:00:00,209.4,210.52,208.28,209.97,443758
BAP,NYSE,2019/10/16 16:00:00,209.88,211.04,206.5,209.28,213312
BAP,NYSE,2019/10/17 16:00:00,210.35,211.81,209.14,209.25,161156
BAP,NYSE,2019/10/18 16:00:00,209.21,213.2,209.21,209.83,174318
BAP,NYSE,2019/10/21 16:00:00,211.21,211.34,207.94,209.96,170049
BAP,NYSE,2019/10/22 16:00:00,208.15,209.77,206.38,207.66,180859
BAP,NYSE,2019/10/23 16:00:00,207.44,212.42,207.21,212.05,244592
BAP,NYSE,2019/10/24 16:00:00,213,215.54,211.73,214.97,561087
BAP,NYSE,2019/10/25 16:00:00,215.15,215.58,211.52,212.64,168430
BAP,NYSE,2019/10/28 16:00:00,212.76,214.74,212.23,213.84,164866
BAP,NYSE,2019/10/29 16:00:00,213.86,214.8,212.27,213.72,182039
BAP,NYSE,2019/10/30 16:00:00,213.55,213.78,209.35,211.99,229708
BAP,NYSE,2019/10/31 16:00:00,211.34,214.16,209.38,214.04,299241
BAP,NYSE,2019/11/01 16:00:00,215,216.56,213.19,216.56,200019
BAP,NYSE,2019/11/04 16:00:00,218.69,219.12,213.88,214.94,208808
BAP,NYSE,2019/11/05 16:00:00,214.43,215.64,210.22,212.54,284546
BAP,NYSE,2019/11/06 16:00:00,211.61,212.63,210.23,212.52,171508
BAP,NYSE,2019/11/07 16:00:00,213.9,217.52,213.33,217.33,314666
BAP,NYSE,2019/11/08 16:00:00,217.57,217.57,204.41,206.75,351130
BAP,NYSE,2019/11/11 16:00:00,205.25,207.52,204.68,205.82,406295
BAP,NYSE,2019/11/12 16:00:00,206.52,206.52,203.54,203.77,349786
BAP,NYSE,2019/11/13 16:00:00,203.05,206.1,202.5,204.67,259393
BAP,NYSE,2019/11/14 16:00:00,204.76,204.98,202.96,203.94,166490
BAP,NYSE,2019/11/15 16:00:00,204.41,210.85,204.41,210.61,231144
BAP,NYSE,2019/11/18 16:00:00,210.66,212.16,209.37,210.82,173919
BAP,NYSE,2019/11/19 16:00:00,210.86,210.86,205.6,208.19,200736
BAP,NYSE,2019/11/20 16:00:00,207.7,208.18,205.74,207.08,155121
BAP,NYSE,2019/11/21 16:00:00,208.18,208.4,205.29,208.02,160778
BAP,NYSE,2019/11/22 16:00:00,208.81,209.29,206.11,207.76,159759
BAP,NYSE,2019/11/25 16:00:00,208.48,210.46,207.8,209.67,149035
BAP,NYSE,2019/11/26 16:00:00,208.98,209.35,206.63,207.64,433696
BAP,NYSE,2019/11/27 16:00:00,208.08,211.14,206.42,210.53,259682
BAP,NYSE,2019/11/29 13:00:00,209.55,211.6,207.99,211.19,128956
BAP,NYSE,2019/12/02 16:00:00,211.54,212.97,208.87,211.58,211579
BAP,NYSE,2019/12/03 16:00:00,209.66,209.89,206.17,206.51,195689
BAP,NYSE,2019/12/04 16:00:00,206.28,208.63,205.45,207.12,160716
BAP,NYSE,2019/12/05 16:00:00,207.26,207.33,203.64,206.43,276516
BAP,NYSE,2019/12/06 16:00:00,207.21,209.32,206.8,207.73,195468
BAP,NYSE,2019/12/09 16:00:00,207.7,208.9,206.9,207.58,137455
BAP,NYSE,2019/12/10 16:00:00,207.02,208.17,203.28,203.89,486686
BAP,NYSE,2019/12/11 16:00:00,204.32,205.44,203.25,204.67,459378
BAP,NYSE,2019/12/12 16:00:00,204.81,210.62,204.81,208.38,169715
BAP,NYSE,2019/12/13 16:00:00,208.41,210.35,206.56,207.9,289307
BAP,NYSE,2019/12/16 16:00:00,208.81,209.91,207.08,207.2,209202
BAP,NYSE,2019/12/17 16:00:00,207.98,210.8,206.78,210.56,276132
BAP,NYSE,2019/12/18 16:00:00,211.07,212.17,210.59,211.98,316191
BAP,NYSE,2019/12/19 16:00:00,211.84,214.9,211.21,214.63,195896
BAP,NYSE,2019/12/20 16:00:00,213.5,215.46,212.85,214.33,439965
BAP,NYSE,2019/12/23 16:00:00,214.35,216.42,212.72,215.55,149941
BAP,NYSE,2019/12/24 13:00:00,215.5,215.64,213.25,213.6,45205
BAP,NYSE,2019/12/26 16:00:00,213.76,215.8,213.61,215.03,73738
BAP,NYSE,2019/12/27 16:00:00,215.21,215.96,214.34,215.34,71984
BAP,NYSE,2019/12/30 16:00:00,215.38,215.38,213.46,214.03,104144
BAP,NYSE,2019/12/31 16:00:00,213.56,214.26,212.24,213.13,107630
BAP,NYSE,2020/01/02 16:00:00,213.69,219.44,213.69,219.23,173411
BAP,NYSE,2020/01/03 16:00:00,216.64,218.35,215.51,217.9,142664
BAP,NYSE,2020/01/06 16:00:00,216.63,216.78,214.61,216.61,189461
BAP,NYSE,2020/01/07 16:00:00,215.24,216.05,209.49,209.5,309839
BAP,NYSE,2020/01/08 16:00:00,208.85,212.43,208.85,210.51,193200
BAP,NYSE,2020/01/09 16:00:00,211.69,213.19,209.79,212.78,326118
BAP,NYSE,2020/01/10 16:00:00,213.34,213.43,209.83,210.57,193411
BAP,NYSE,2020/01/13 16:00:00,211.03,212.77,208.63,211.56,236061
BAP,NYSE,2020/01/14 16:00:00,211.2,212.8,208.84,210.95,228228
BAP,NYSE,2020/01/15 16:00:00,211.35,214.83,209.97,213.58,313209
BAP,NYSE,2020/01/16 16:00:00,214.59,219.81,213.9,215.85,274663
BAP,NYSE,2020/01/17 16:00:00,215.88,217.18,212.41,216.85,262129
BAP,NYSE,2020/01/21 16:00:00,216.32,218.5,214.74,218,187460
BAP,NYSE,2020/01/22 16:00:00,218.8,220.25,218.44,219.48,265329
BAP,NYSE,2020/01/23 16:00:00,218.85,219.93,217.51,219.22,122924
BAP,NYSE,2020/01/24 16:00:00,219.76,219.76,216.32,217.47,147527
BAP,NYSE,2020/01/27 16:00:00,214.32,214.32,211.13,211.13,166674
BAP,NYSE,2020/01/28 16:00:00,212.37,214.23,211.95,213.38,166961
BAP,NYSE,2020/01/29 16:00:00,214.04,214.69,212.48,213.13,238688
BAP,NYSE,2020/01/30 16:00:00,211.74,212.54,207.24,210.39,295612
BAP,NYSE,2020/01/31 16:00:00,208.9,209.17,205.16,206.58,328936
BAP,NYSE,2020/02/03 16:00:00,207.89,210.4,206.89,208.84,151619
BAP,NYSE,2020/02/04 16:00:00,211.18,214.63,210.65,214.39,170935
BAP,NYSE,2020/02/05 16:00:00,216.34,219.5,215.09,215.63,233790
BAP,NYSE,2020/02/06 16:00:00,215.57,215.57,198.93,203.01,989259
BAP,NYSE,2020/02/07 16:00:00,203,203.96,199.54,201.25,280352
BAP,NYSE,2020/02/10 16:00:00,200.88,205.39,200.6,204.49,242024
BAP,NYSE,2020/02/11 16:00:00,205.61,207.68,204.35,204.82,274382
BAP,NYSE,2020/02/12 16:00:00,204.06,211.01,204,208.56,348565
BAP,NYSE,2020/02/13 16:00:00,208.57,209.01,206.69,206.83,221309
BAP,NYSE,2020/02/14 16:00:00,207,207.12,203,204.05,250324
BAP,NYSE,2020/02/18 16:00:00,202.58,203.42,201.23,201.41,395325
BAP,NYSE,2020/02/19 16:00:00,202.76,203.37,200.76,201.24,216243
BAP,NYSE,2020/02/20 16:00:00,201.09,201.51,198.88,199.01,293970
BAP,NYSE,2020/02/21 16:00:00,198.99,200.79,198.35,199.22,313846
BAP,NYSE,2020/02/24 16:00:00,195.53,196.89,192.87,193.92,359903
BAP,NYSE,2020/02/25 16:00:00,194.47,195.22,187.55,187.85,249678
BAP,NYSE,2020/02/26 16:00:00,189.62,191.53,188.3,189.38,350183
BAP,NYSE,2020/02/27 16:00:00,187.85,189.67,182.8,182.81,221169
BAP,NYSE,2020/02/28 16:00:00,180.14,182.03,175.04,181.27,570576
BAP,NYSE,2020/03/02 16:00:00,181.96,191.14,180.94,190.14,356081
BAP,NYSE,2020/03/03 16:00:00,190.35,193.48,184.9,187.3,306419
BAP,NYSE,2020/03/04 16:00:00,189.86,198.99,188.63,198.98,314100
BAP,NYSE,2020/03/05 16:00:00,194.4,196.92,190,192.26,397806
BAP,NYSE,2020/03/06 16:00:00,188.37,189.01,181.96,186.55,455087
BAP,NYSE,2020/03/09 16:00:00,175,177.82,172.71,174.62,318302
BAP,NYSE,2020/03/10 16:00:00,180.5,182.6,173.21,181.98,488543
BAP,NYSE,2020/03/11 16:00:00,177.67,178.63,170.72,170.96,407466
BAP,NYSE,2020/03/12 16:00:00,147.5,159.18,147.1,153.37,507061
BAP,NYSE,2020/03/13 16:00:00,165.01,174.83,156.43,173.85,481036
BAP,NYSE,2020/03/16 16:00:00,155.88,162.53,148.56,149.41,442670
BAP,NYSE,2020/03/17 16:00:00,151.89,155.68,145.78,146.7,332398
BAP,NYSE,2020/03/18 16:00:00,138.72,139.96,126.91,135.29,374776
BAP,NYSE,2020/03/19 16:00:00,134.19,138.49,128.09,135.07,395518
BAP,NYSE,2020/03/20 16:00:00,137.95,145,131.37,132.83,759988
BAP,NYSE,2020/03/23 16:00:00,131.6,134.6,121.24,124.16,430789
BAP,NYSE,2020/03/24 16:00:00,129.7,131.75,125.18,128.25,596280
BAP,NYSE,2020/03/25 16:00:00,128.76,131.95,126.75,128,1213673
BAP,NYSE,2020/03/26 16:00:00,128.67,134.74,126.65,129.62,1710041
BAP,NYSE,2020/03/27 16:00:00,125.27,129.6,118,125.85,830838
BAP,NYSE,2020/03/30 16:00:00,126.62,133.91,123.23,133.1,433997
BAP,NYSE,2020/03/31 16:00:00,131.48,147.48,131.11,143.07,726991
BAP,NYSE,2020/04/01 16:00:00,138.28,139.91,131.35,133.88,479275
BAP,NYSE,2020/04/02 16:00:00,133.88,139.5,132.9,136.64,619727
BAP,NYSE,2020/04/03 16:00:00,135.44,136.86,129.41,129.55,322243
BAP,NYSE,2020/04/06 16:00:00,134.58,137.41,132.56,133.84,678913
BAP,NYSE,2020/04/07 16:00:00,138.99,141.55,132.07,132.32,409671
BAP,NYSE,2020/04/08 16:00:00,133.21,137.22,130.98,136.36,365840
BAP,NYSE,2020/04/09 16:00:00,131.68,136.22,129.75,135.62,439148
BAP,NYSE,2020/04/13 16:00:00,136.03,136.03,129.18,134.29,179281
BAP,NYSE,2020/04/14 16:00:00,138.44,138.44,132.72,137.75,995183
BAP,NYSE,2020/04/15 16:00:00,133.72,141.02,131.86,138.93,690783
BAP,NYSE,2020/04/16 16:00:00,138.93,142.48,138.5,141.51,583379
BAP,NYSE,2020/04/17 16:00:00,145.4,146.97,140.79,144.02,622151
BAP,NYSE,2020/04/20 16:00:00,141.74,145.15,141.04,142.87,562539
BAP,NYSE,2020/04/21 16:00:00,138.95,141.59,136.06,138.21,456802
BAP,NYSE,2020/04/22 16:00:00,140.65,141.52,136.34,138.62,427012
BAP,NYSE,2020/04/23 16:00:00,138.66,141.03,135.75,137.04,384610
BAP,NYSE,2020/04/24 16:00:00,136.77,137.49,133.62,134.21,339518
BAP,NYSE,2020/04/27 16:00:00,135.04,139.16,134.2,137.65,298478
BAP,NYSE,2020/04/28 16:00:00,141,141.9,139.32,139.93,272462
BAP,NYSE,2020/04/29 16:00:00,143.04,150.2,142.84,149.09,543861
BAP,NYSE,2020/04/30 16:00:00,147.34,149.5,147.13,149.02,525892
BAP,NYSE,2020/05/01 16:00:00,146.25,147.11,138.67,139.57,184171
BAP,NYSE,2020/05/04 16:00:00,137.67,142.33,135.27,141.8,214501
BAP,NYSE,2020/05/05 16:00:00,142.9,147.88,141.65,142.57,498900
BAP,NYSE,2020/05/06 16:00:00,143.09,144.22,140.39,142.21,155896
BAP,NYSE,2020/05/07 16:00:00,144.39,146.98,141.37,143.62,362913
BAP,NYSE,2020/05/08 16:00:00,147.86,148.47,145,145.66,366605
BAP,NYSE,2020/05/11 16:00:00,143.63,144.06,140.1,141.92,318834
BAP,NYSE,2020/05/12 16:00:00,143.11,144.3,140.73,141.01,469737
BAP,NYSE,2020/05/13 16:00:00,141.29,141.29,134.93,135.6,346436
BAP,NYSE,2020/05/14 16:00:00,134.16,138.18,131.89,135.99,418708
BAP,NYSE,2020/05/15 16:00:00,135.02,136.35,132.55,133.65,224619
BAP,NYSE,2020/05/18 16:00:00,137.16,140.41,133.95,135.81,436854
BAP,NYSE,2020/05/19 16:00:00,135.59,136.42,132.65,132.91,605156
BAP,NYSE,2020/05/20 16:00:00,134.9,135.86,132.5,133.01,343566
BAP,NYSE,2020/05/21 16:00:00,133.43,134.52,132.9,134.34,294935
BAP,NYSE,2020/05/22 16:00:00,133.35,134.19,131.37,132.51,252104
BAP,NYSE,2020/05/26 16:00:00,136.57,138.89,134.54,136.26,360049
BAP,NYSE,2020/05/27 16:00:00,140.57,143.95,139.07,141.64,480214
BAP,NYSE,2020/05/28 16:00:00,142.63,142.84,139.53,142.43,457586
BAP,NYSE,2020/05/29 16:00:00,140.77,141.22,134.5,137.82,808992
BAP,NYSE,2020/06/01 16:00:00,138.92,142.65,138.68,140.55,391565
BAP,NYSE,2020/06/02 16:00:00,142.5,144.5,141.6,144.05,303477
BAP,NYSE,2020/06/03 16:00:00,146.91,152.72,145.97,151.95,457237
BAP,NYSE,2020/06/04 16:00:00,151.11,156.57,149.84,155.17,449424
BAP,NYSE,2020/06/05 16:00:00,161.31,166.83,159.89,166.35,1060958
BAP,NYSE,2020/06/08 16:00:00,168.72,172.12,167.61,169.65,398853
BAP,NYSE,2020/06/09 16:00:00,165,166.68,161.42,165.98,461761
BAP,NYSE,2020/06/10 16:00:00,164.42,165.89,160.09,160.34,653564
BAP,NYSE,2020/06/11 16:00:00,154.85,158.09,153.66,154.01,483808
BAP,NYSE,2020/06/12 16:00:00,158.71,158.95,152.47,156.38,380413
BAP,NYSE,2020/06/15 16:00:00,152.13,159.74,151.49,157.72,397180
BAP,NYSE,2020/06/16 16:00:00,162.58,163.53,155.44,156.33,484687
BAP,NYSE,2020/06/17 16:00:00,155.57,157.95,151.63,154.47,981648
BAP,NYSE,2020/06/18 16:00:00,153.73,155.39,149.4,149.92,359941
BAP,NYSE,2020/06/19 16:00:00,152.29,152.29,147.65,147.93,1102762
BAP,NYSE,2020/06/22 16:00:00,147.49,147.49,144.83,145.21,361777
BAP,NYSE,2020/06/23 16:00:00,146.32,147.05,141.63,142.87,622835
BAP,NYSE,2020/06/24 16:00:00,140.88,140.88,137.09,139.77,508789
BAP,NYSE,2020/06/25 16:00:00,138.74,139.74,136.18,136.79,592035
BAP,NYSE,2020/06/26 16:00:00,135.6,137.29,134.75,135.1,301086
BAP,NYSE,2020/06/29 16:00:00,135.3,136.13,133.49,135.3,253588
BAP,NYSE,2020/06/30 16:00:00,134.29,135.4,132.94,133.67,269981
BAP,NYSE,2020/07/01 16:00:00,133.44,137.28,133.21,133.89,270273
BAP,NYSE,2020/07/02 16:00:00,135.39,137.6,131.54,132.13,425983
BAP,NYSE,2020/07/06 16:00:00,135,135.42,132.25,133.24,881614
BAP,NYSE,2020/07/07 16:00:00,132.23,133.34,130.47,133.29,809942
BAP,NYSE,2020/07/08 16:00:00,133.83,134.72,129.41,129.58,700510
BAP,NYSE,2020/07/09 16:00:00,129.08,129.16,125,125.1,358601
BAP,NYSE,2020/07/10 16:00:00,125.41,129.21,124.72,128.74,421322
BAP,NYSE,2020/07/13 16:00:00,129.82,130.36,125.59,127.69,599112
BAP,NYSE,2020/07/14 16:00:00,127.53,127.68,124.3,127,444045
BAP,NYSE,2020/07/15 16:00:00,129.17,131.43,127.98,130.51,335305
BAP,NYSE,2020/07/16 16:00:00,129.69,132.23,128.54,128.82,240671
BAP,NYSE,2020/07/17 16:00:00,129.01,129.01,126.29,128.51,249754
BAP,NYSE,2020/07/20 16:00:00,127.4,128.73,126.24,126.25,201314
BAP,NYSE,2020/07/21 16:00:00,127.34,129.59,126.71,127.99,739299
BAP,NYSE,2020/07/22 16:00:00,126.9,129.35,125.41,126.83,372680
BAP,NYSE,2020/07/23 16:00:00,126.67,129.42,126.5,128.69,460001
BAP,NYSE,2020/07/24 16:00:00,128.41,129.25,126.75,127.27,116951
BAP,NYSE,2020/07/27 16:00:00,126.33,126.63,123.88,126.42,200592
BAP,NYSE,2020/07/28 16:00:00,126.5,127.74,124.9,125.92,305538
BAP,NYSE,2020/07/29 16:00:00,126.33,129.19,125.99,129.14,572668
BAP,NYSE,2020/07/30 16:00:00,127.85,129.23,126.02,129.11,328165
BAP,NYSE,2020/07/31 16:00:00,128.94,128.94,124.95,127.17,352333
BAP,NYSE,2020/08/03 16:00:00,126.93,128.66,125.25,127.27,358576
BAP,NYSE,2020/08/04 16:00:00,127.74,127.74,124.56,124.61,305782
BAP,NYSE,2020/08/05 16:00:00,125.83,127.34,124.82,125.08,458977
BAP,NYSE,2020/08/06 16:00:00,123.48,125.15,122.36,124.2,372169
BAP,NYSE,2020/08/07 16:00:00,124.24,129.42,122.63,128.45,551148
BAP,NYSE,2020/08/10 16:00:00,128.28,129.33,126.39,128.84,280369
BAP,NYSE,2020/08/11 16:00:00,130.85,132.38,129.15,129.23,269591
BAP,NYSE,2020/08/12 16:00:00,130.81,131.88,128.66,130.88,248188
BAP,NYSE,2020/08/13 16:00:00,130.64,132.7,127.7,131.83,264102
BAP,NYSE,2020/08/14 16:00:00,130.62,132.37,130.55,131.86,232183
BAP,NYSE,2020/08/17 16:00:00,131.59,131.87,128.69,129.25,841930
BAP,NYSE,2020/08/18 16:00:00,128.8,130.93,128.8,130.28,255534
BAP,NYSE,2020/08/19 16:00:00,130.07,131.43,129.35,129.43,305403
BAP,NYSE,2020/08/20 16:00:00,128.35,129.77,127,128.03,538567
BAP,NYSE,2020/08/21 16:00:00,127.03,127.39,125.32,126.15,271694
BAP,NYSE,2020/08/24 16:00:00,126.42,128.96,126.42,128.75,192766
BAP,NYSE,2020/08/25 16:00:00,129.78,130.17,128.64,130,160233
BAP,NYSE,2020/08/26 16:00:00,130.21,130.21,128.21,129.63,224533
BAP,NYSE,2020/08/27 16:00:00,129.47,131.58,129.03,130.39,192073
BAP,NYSE,2020/08/28 16:00:00,130.33,131.04,128.7,130,260085
BAP,NYSE,2020/08/31 16:00:00,130.25,130.68,128.56,130.48,239125
BAP,NYSE,2020/09/01 16:00:00,130.11,132.44,129.04,131.24,207931
BAP,NYSE,2020/09/02 16:00:00,131.75,132.62,131,131.51,246010
BAP,NYSE,2020/09/03 16:00:00,131.39,134.24,131.39,132.78,196839
BAP,NYSE,2020/09/04 16:00:00,133.75,133.96,129.54,132.39,188078
BAP,NYSE,2020/09/08 16:00:00,130.99,131.98,129,129.69,413955
BAP,NYSE,2020/09/09 16:00:00,130.51,133.13,129.3,130.84,262173
BAP,NYSE,2020/09/10 16:00:00,130.98,132.51,128.65,128.65,218113
BAP,NYSE,2020/09/11 16:00:00,128.8,129.31,126.58,127.76,186621
BAP,NYSE,2020/09/14 16:00:00,128.61,130.51,127.68,129.72,239230
BAP,NYSE,2020/09/15 16:00:00,130.12,131.57,129.08,129.79,277305
BAP,NYSE,2020/09/16 16:00:00,129.77,132,129.77,130.08,394114
BAP,NYSE,2020/09/17 16:00:00,129.13,132.16,129.13,131.48,213325
BAP,NYSE,2020/09/18 16:00:00,131.08,131.54,128.42,128.85,577510
BAP,NYSE,2020/09/21 16:00:00,126.78,127.99,125.54,126.08,237641
BAP,NYSE,2020/09/22 16:00:00,126.07,127.56,124.64,125.14,238994
BAP,NYSE,2020/09/23 16:00:00,125.14,126.73,123.15,123.27,255993
BAP,NYSE,2020/09/24 16:00:00,123.3,126.92,121.13,125.28,388627
BAP,NYSE,2020/09/25 16:00:00,124.22,125.16,122.09,123.29,145035
BAP,NYSE,2020/09/28 16:00:00,124.55,126.67,123.28,123.53,211111
BAP,NYSE,2020/09/29 16:00:00,123.15,123.7,121.64,123.25,328342
BAP,NYSE,2020/09/30 16:00:00,124.16,125.69,123.41,123.99,198788
BAP,NYSE,2020/10/01 16:00:00,123.84,125.94,122.16,123.46,290479
BAP,NYSE,2020/10/02 16:00:00,122.98,124.55,122.42,124.03,212123
BAP,NYSE,2020/10/05 16:00:00,125.23,125.25,123.64,124.15,215524
BAP,NYSE,2020/10/06 16:00:00,125,130.35,124.62,128.67,475416
BAP,NYSE,2020/10/07 16:00:00,129,129.82,125.13,125.43,356771
BAP,NYSE,2020/10/08 16:00:00,125.99,127.89,125.4,127.71,1047575
BAP,NYSE,2020/10/09 16:00:00,128.15,129.71,126.4,126.51,493754
BAP,NYSE,2020/10/12 16:00:00,126.05,126.29,123.73,124.21,403659
BAP,NYSE,2020/10/13 16:00:00,125,125,121.94,121.99,297982
BAP,NYSE,2020/10/14 16:00:00,121.81,123.01,120.07,120.78,276227
BAP,NYSE,2020/10/15 16:00:00,119.84,121.05,119.47,120.71,206235
BAP,NYSE,2020/10/16 16:00:00,120.71,121.13,119.4,120.04,176326
BAP,NYSE,2020/10/19 16:00:00,120.82,122.2,120.15,120.46,301115
BAP,NYSE,2020/10/20 16:00:00,121.91,122.38,120.1,120.48,406592
BAP,NYSE,2020/10/21 16:00:00,120.95,124.98,120.51,123.47,417693
BAP,NYSE,2020/10/22 16:00:00,123.86,126.41,121.59,121.77,717477
BAP,NYSE,2020/10/23 16:00:00,122.74,123.37,120.3,121.43,1108174
BAP,NYSE,2020/10/26 16:00:00,120.91,121.29,118.86,120.22,300727
BAP,NYSE,2020/10/27 16:00:00,121.57,121.57,119.36,119.96,465152
BAP,NYSE,2020/10/28 16:00:00,118.72,118.72,113.64,115.2,479340
BAP,NYSE,2020/10/29 16:00:00,114.36,115,111.4,114.21,378119
BAP,NYSE,2020/10/30 16:00:00,114.16,114.76,112.32,114.68,493464
BAP,NYSE,2020/11/02 16:00:00,115.76,118.76,114.1,117.36,311598
BAP,NYSE,2020/11/03 16:00:00,119.02,120.28,118.49,119.74,404546
BAP,NYSE,2020/11/04 16:00:00,117.99,122.06,117.99,118.86,663165
BAP,NYSE,2020/11/05 16:00:00,120,122.33,119.02,121.69,486769
BAP,NYSE,2020/11/06 16:00:00,122.76,122.78,117.8,118.75,398830
BAP,NYSE,2020/11/09 16:00:00,125.14,141.54,123.89,137.5,1026263
BAP,NYSE,2020/11/10 16:00:00,126,126,110.47,112.92,2112376
BAP,NYSE,2020/11/11 16:00:00,114.04,119.7,114,119.42,1034396
BAP,NYSE,2020/11/12 16:00:00,118.05,122.92,116.44,119.9,645641
BAP,NYSE,2020/11/13 16:00:00,120.94,126.43,120.94,125.18,939437
BAP,NYSE,2020/11/16 16:00:00,122,128.49,121.02,127.53,441382
BAP,NYSE,2020/11/17 16:00:00,126.41,134.4,124.41,134.08,832444
BAP,NYSE,2020/11/18 16:00:00,135.19,137.4,133.29,135.01,492209
BAP,NYSE,2020/11/19 16:00:00,134.41,134.89,131.02,133.59,307430
BAP,NYSE,2020/11/20 16:00:00,132.89,134.58,132.06,133.23,205465
BAP,NYSE,2020/11/23 16:00:00,135,136.52,132.81,136.36,590290
BAP,NYSE,2020/11/24 16:00:00,139.07,146.98,137.8,146.39,475203
BAP,NYSE,2020/11/25 16:00:00,145.07,151.91,144.27,151.63,649426
BAP,NYSE,2020/11/27 13:00:00,152.56,155.1,151,155.05,282475
BAP,NYSE,2020/11/30 16:00:00,154.03,154.96,151.23,153.91,1235110
BAP,NYSE,2020/12/01 16:00:00,156.57,157.62,153.32,157.3,548727
BAP,NYSE,2020/12/02 16:00:00,157.52,161.34,155.73,161.3,479101
BAP,NYSE,2020/12/03 16:00:00,162.33,166.96,161.32,164.56,635866
BAP,NYSE,2020/12/04 16:00:00,166.11,168.68,163.67,166.4,450710
BAP,NYSE,2020/12/07 16:00:00,165.16,166.13,161.95,163.95,343345
BAP,NYSE,2020/12/08 16:00:00,162.74,164.67,161.6,163.72,264508
BAP,NYSE,2020/12/09 16:00:00,164.91,165,160.76,162.86,263009
BAP,NYSE,2020/12/10 16:00:00,162.03,165.81,161.18,162.72,412522
BAP,NYSE,2020/12/11 16:00:00,161.07,164.05,160.15,160.63,222501
BAP,NYSE,2020/12/14 16:00:00,162.71,164.79,161.09,161.54,419586
BAP,NYSE,2020/12/15 16:00:00,162.15,166,161.4,164.14,365755
BAP,NYSE,2020/12/16 16:00:00,163.53,163.53,158.49,162.4,241847
BAP,NYSE,2020/12/17 16:00:00,163.54,163.79,160.72,161.63,230988
BAP,NYSE,2020/12/18 16:00:00,161.41,162.93,159.8,161.57,456034
BAP,NYSE,2020/12/21 16:00:00,160.95,161.63,156.89,158.3,267084
BAP,NYSE,2020/12/22 16:00:00,159.02,162.29,158.4,161.9,436342
BAP,NYSE,2020/12/23 16:00:00,163,165.59,162.76,165.13,284952
BAP,NYSE,2020/12/24 13:00:00,166,166,163.3,165,72570
BAP,NYSE,2020/12/28 16:00:00,165.12,166,163.71,165,166109
BAP,NYSE,2020/12/29 16:00:00,165.97,166.99,164.35,164.9,158975
BAP,NYSE,2020/12/30 16:00:00,166,167.3,163.01,163.65,203958
BAP,NYSE,2020/12/31 16:00:00,164.24,164.3,159.55,164.02,242773
BAP,NYSE,2021/01/04 16:00:00,164.47,164.5,156.55,157.6,309506
BAP,NYSE,2021/01/05 16:00:00,157.75,159.46,156.02,156.81,368348
BAP,NYSE,2021/01/06 16:00:00,158.81,164.67,158.81,162.67,274245
BAP,NYSE,2021/01/07 16:00:00,164.39,165.4,161.94,164.34,287957
BAP,NYSE,2021/01/08 16:00:00,164.34,166.52,162.51,165.8,336060
BAP,NYSE,2021/01/11 16:00:00,164.61,167.48,164,164.98,232889
BAP,NYSE,2021/01/12 16:00:00,166,166.21,163.72,165.28,170755
BAP,NYSE,2021/01/13 16:00:00,164.51,165.99,158.49,159.53,580108
BAP,NYSE,2021/01/14 16:00:00,159.94,162.45,158.5,158.57,308317
BAP,NYSE,2021/01/15 16:00:00,157.05,157.84,151.86,153.9,509299
BAP,NYSE,2021/01/19 16:00:00,154.1,157.43,154.1,155.49,271251
BAP,NYSE,2021/01/20 16:00:00,155.68,156.9,154.9,155.67,205182
BAP,NYSE,2021/01/21 16:00:00,154.76,155.88,151.83,154.05,260375
BAP,NYSE,2021/01/22 16:00:00,152.48,155.05,151.91,154.84,461599
BAP,NYSE,2021/01/25 16:00:00,154.02,154.76,153.19,154.02,321440
BAP,NYSE,2021/01/26 16:00:00,154.74,155.54,151.76,155.06,266055
BAP,NYSE,2021/01/27 16:00:00,153.37,154.2,150.79,152.69,810759
BAP,NYSE,2021/01/28 16:00:00,152.67,153.35,150,152.1,533443
BAP,NYSE,2021/01/29 16:00:00,152.12,155.16,150.13,150.33,630931
BAP,NYSE,2021/02/01 16:00:00,152.06,152.95,151.02,152,385898
BAP,NYSE,2021/02/02 16:00:00,154.18,154.97,152.63,153.64,173768
BAP,NYSE,2021/02/03 16:00:00,153.94,157.34,153.65,155.5,299160
BAP,NYSE,2021/02/04 16:00:00,156.56,156.99,155.13,155.9,222825
BAP,NYSE,2021/02/05 16:00:00,156.99,158.57,156.11,158.09,137982
BAP,NYSE,2021/02/08 16:00:00,158.34,159.51,157.78,159.06,204172
BAP,NYSE,2021/02/09 16:00:00,157.93,166.28,156.61,165.89,361127
BAP,NYSE,2021/02/10 16:00:00,165.75,168.55,165.75,167.42,506306
BAP,NYSE,2021/02/11 16:00:00,166.66,166.87,161.87,162.67,269239
BAP,NYSE,2021/02/12 16:00:00,163.34,165.97,161.71,165.73,125691
BAP,NYSE,2021/02/16 16:00:00,167.41,169.5,164.91,165.19,202100
BAP,NYSE,2021/02/17 16:00:00,165.7,168.48,164.19,167.94,307011
BAP,NYSE,2021/02/18 16:00:00,167.31,168.21,162.01,162.25,724419
BAP,NYSE,2021/02/19 16:00:00,162.44,164.19,161.06,163.71,396708
BAP,NYSE,2021/02/22 16:00:00,163.62,165.15,161.65,162.94,335153
BAP,NYSE,2021/02/23 16:00:00,163.82,164.8,162.27,164.08,236671
BAP,NYSE,2021/02/24 16:00:00,164.46,165.09,163.65,164.38,330226
BAP,NYSE,2021/02/25 16:00:00,165.29,165.29,160.98,162.02,369510
BAP,NYSE,2021/02/26 16:00:00,162.12,163.01,158.59,160.01,397819
BAP,NYSE,2021/03/01 16:00:00,162.47,163.71,158.71,158.76,316739
BAP,NYSE,2021/03/02 16:00:00,158.4,159.81,157.5,158.94,239447
BAP,NYSE,2021/03/03 16:00:00,159.48,159.91,157.26,158.32,475222
BAP,NYSE,2021/03/04 16:00:00,159.46,159.78,154.91,156.02,287219
BAP,NYSE,2021/03/05 16:00:00,158.31,158.56,152.35,155.51,574280
BAP,NYSE,2021/03/08 16:00:00,155.82,157.89,152.34,152.7,407192
BAP,NYSE,2021/03/09 16:00:00,152.23,155.58,150.39,152.34,536897
BAP,NYSE,2021/03/10 16:00:00,152.57,155.2,151.93,153.32,325753
BAP,NYSE,2021/03/11 16:00:00,153.47,155.19,152.39,152.99,354184
BAP,NYSE,2021/03/12 16:00:00,153.56,154.39,150.72,151.91,347600
BAP,NYSE,2021/03/15 16:00:00,151.89,153.91,151.62,153.01,450861
BAP,NYSE,2021/03/16 16:00:00,152.58,154.12,151.4,151.64,200594
BAP,NYSE,2021/03/17 16:00:00,151.86,152.94,147.91,149.56,637758
BAP,NYSE,2021/03/18 16:00:00,149.94,150.61,147.34,147.66,357774
BAP,NYSE,2021/03/19 16:00:00,146.72,148.2,145.26,146.79,535363
BAP,NYSE,2021/03/22 16:00:00,146.67,146.67,143.5,144.38,431852
BAP,NYSE,2021/03/23 16:00:00,143.35,144.24,140.1,140.75,263166
BAP,NYSE,2021/03/24 16:00:00,138.15,141.86,138.1,138.75,479357
BAP,NYSE,2021/03/25 16:00:00,138.12,139.42,135.46,137.92,390825
BAP,NYSE,2021/03/26 16:00:00,138.99,141.44,136.85,139.23,345948
BAP,NYSE,2021/03/29 16:00:00,137.54,139.37,136.1,137.07,196604
BAP,NYSE,2021/03/30 16:00:00,137.27,138.77,136.64,138.77,224063
BAP,NYSE,2021/03/31 16:00:00,138,139,136.43,136.57,414608
BAP,NYSE,2021/04/01 16:00:00,136.47,138.38,136.47,137.54,281084
BAP,NYSE,2021/04/05 16:00:00,139.08,140.4,136.95,140.01,259995
BAP,NYSE,2021/04/06 16:00:00,139.68,146.77,138.96,146.55,547253
BAP,NYSE,2021/04/07 16:00:00,146.54,148,143.99,145.39,616681
BAP,NYSE,2021/04/08 16:00:00,145.67,153.41,145.35,153.21,474389
BAP,NYSE,2021/04/09 16:00:00,152.77,154,148.53,150,730491
HUBB,NYSE,2019/04/01 16:00:00,119.45,120.58,119.17,119.46,329559
HUBB,NYSE,2019/04/02 16:00:00,119.54,120.25,118.06,120.17,411866
HUBB,NYSE,2019/04/03 16:00:00,121.27,122.78,121.03,121.67,342069
HUBB,NYSE,2019/04/04 16:00:00,121.98,123,121.75,122.95,225609
HUBB,NYSE,2019/04/05 16:00:00,123.34,125.36,123,125.04,254546
HUBB,NYSE,2019/04/08 16:00:00,124.72,126.41,124.11,126.02,277904
HUBB,NYSE,2019/04/09 16:00:00,125.54,125.54,124.13,124.25,236861
HUBB,NYSE,2019/04/10 16:00:00,124.69,125.03,122.89,123.48,266951
HUBB,NYSE,2019/04/11 16:00:00,123.93,125,122.84,124.74,218664
HUBB,NYSE,2019/04/12 16:00:00,125.45,125.96,124.48,125.02,231745
HUBB,NYSE,2019/04/15 16:00:00,125.07,125.13,123.18,124.38,318621
HUBB,NYSE,2019/04/16 16:00:00,125.07,125.95,124.13,125.4,292278
HUBB,NYSE,2019/04/17 16:00:00,126.53,127.35,124.72,125.16,258549
HUBB,NYSE,2019/04/18 16:00:00,125.72,127.22,124.95,126.17,349745
HUBB,NYSE,2019/04/22 16:00:00,125.39,126.4,124.51,125.66,198182
HUBB,NYSE,2019/04/23 16:00:00,125.82,125.97,124.78,125.46,351655
HUBB,NYSE,2019/04/24 16:00:00,125.31,126.23,124.84,125.21,284189
HUBB,NYSE,2019/04/25 16:00:00,124.6,124.6,122.6,122.93,286703
HUBB,NYSE,2019/04/26 16:00:00,123.24,124.03,122.67,123.27,261424
HUBB,NYSE,2019/04/29 16:00:00,123.61,123.97,122.83,123.26,339620
HUBB,NYSE,2019/04/30 16:00:00,128,129.03,125.33,127.6,768679
HUBB,NYSE,2019/05/01 16:00:00,127.88,128.99,126.77,127.03,375480
HUBB,NYSE,2019/05/02 16:00:00,126.96,129.33,126.05,128.71,366269
HUBB,NYSE,2019/05/03 16:00:00,129.6,130.57,129.37,129.68,359003
HUBB,NYSE,2019/05/06 16:00:00,127.13,128.52,125.46,128.5,322161
HUBB,NYSE,2019/05/07 16:00:00,126.91,127.84,125.19,126.29,390722
HUBB,NYSE,2019/05/08 16:00:00,126.25,127.83,125.45,126.32,293130
HUBB,NYSE,2019/05/09 16:00:00,125.46,126.64,123.26,125.4,370268
HUBB,NYSE,2019/05/10 16:00:00,124.77,126.02,122.87,125.82,322614
HUBB,NYSE,2019/05/13 16:00:00,123.25,123.88,117.36,119.25,410537
HUBB,NYSE,2019/05/14 16:00:00,119.9,121.37,119.31,120.56,322768
HUBB,NYSE,2019/05/15 16:00:00,120.74,121.61,119.29,120.84,401366
HUBB,NYSE,2019/05/16 16:00:00,120.99,123.08,120.99,122.75,280904
HUBB,NYSE,2019/05/17 16:00:00,121.17,122.62,120.85,121.39,205095
HUBB,NYSE,2019/05/20 16:00:00,120.35,120.7,118.78,118.9,249728
HUBB,NYSE,2019/05/21 16:00:00,119.6,121.14,119.01,120.74,160139
HUBB,NYSE,2019/05/22 16:00:00,120.33,120.69,118.79,118.86,164667
HUBB,NYSE,2019/05/23 16:00:00,117.01,117.78,114.14,117.16,395171
HUBB,NYSE,2019/05/24 16:00:00,118.48,118.48,116.97,118,189548
HUBB,NYSE,2019/05/28 16:00:00,118.77,119.79,117.41,117.41,202318
HUBB,NYSE,2019/05/29 16:00:00,116.91,117.5,116.21,117.31,340159
HUBB,NYSE,2019/05/30 16:00:00,116.45,118.08,116.08,117.11,250990
HUBB,NYSE,2019/05/31 16:00:00,115.66,116.14,113.59,114.54,547509
HUBB,NYSE,2019/06/03 16:00:00,114.43,116.91,114.43,116.6,302571
HUBB,NYSE,2019/06/04 16:00:00,118.17,122.12,117.65,121.87,422522
HUBB,NYSE,2019/06/05 16:00:00,122.2,123.03,118.47,122.98,338096
HUBB,NYSE,2019/06/06 16:00:00,122.65,124.11,122.15,123.72,272221
HUBB,NYSE,2019/06/07 16:00:00,124.79,125.25,123.38,123.96,341034
HUBB,NYSE,2019/06/10 16:00:00,124.94,125.9,124.29,124.68,311653
HUBB,NYSE,2019/06/11 16:00:00,125.98,126.62,123.18,123.89,295132
HUBB,NYSE,2019/06/12 16:00:00,123.83,123.83,122.25,122.56,278331
HUBB,NYSE,2019/06/13 16:00:00,123.2,123.43,122.05,123.34,339983
HUBB,NYSE,2019/06/14 16:00:00,123.05,123.29,121.48,122.71,235899
HUBB,NYSE,2019/06/17 16:00:00,122.36,122.8,120.43,120.98,195547
HUBB,NYSE,2019/06/18 16:00:00,121.54,124.68,120.99,123.8,222013
HUBB,NYSE,2019/06/19 16:00:00,124.28,124.55,122.21,123.7,203052
HUBB,NYSE,2019/06/20 16:00:00,125.82,126.6,123.36,126.4,236494
HUBB,NYSE,2019/06/21 16:00:00,125.99,126.89,125.61,125.66,276158
HUBB,NYSE,2019/06/24 16:00:00,125.93,126.37,125.11,125.5,106727
HUBB,NYSE,2019/06/25 16:00:00,126.11,126.92,125.31,126.3,249428
HUBB,NYSE,2019/06/26 16:00:00,127.01,128.51,125.89,127.47,276119
HUBB,NYSE,2019/06/27 16:00:00,128.02,128.97,127.74,128.44,253979
HUBB,NYSE,2019/06/28 16:00:00,128.33,130.4,128.15,130.4,677073
HUBB,NYSE,2019/07/01 16:00:00,132.14,132.57,129.94,131.13,348846
HUBB,NYSE,2019/07/02 16:00:00,130.46,131.36,128.89,129.77,325400
HUBB,NYSE,2019/07/03 13:00:00,130.03,130.99,129.63,130.62,170671
HUBB,NYSE,2019/07/05 16:00:00,129.58,129.59,127.66,129.14,203522
HUBB,NYSE,2019/07/08 16:00:00,128.29,129.5,128.29,128.86,224449
HUBB,NYSE,2019/07/09 16:00:00,128.95,129.02,126.89,127.7,204928
HUBB,NYSE,2019/07/10 16:00:00,128.28,128.82,126.19,126.38,265580
HUBB,NYSE,2019/07/11 16:00:00,126.17,126.7,124.65,125.23,233032
HUBB,NYSE,2019/07/12 16:00:00,126.08,128.55,126.08,128,189637
HUBB,NYSE,2019/07/15 16:00:00,128.23,128.74,126.74,127.25,223668
HUBB,NYSE,2019/07/16 16:00:00,127.15,128.61,127.06,128.38,265620
HUBB,NYSE,2019/07/17 16:00:00,128.15,128.25,125.22,125.28,134028
HUBB,NYSE,2019/07/18 16:00:00,125.76,126.01,124.1,124.82,160853
HUBB,NYSE,2019/07/19 16:00:00,125.73,126.91,124.81,125.48,178399
HUBB,NYSE,2019/07/22 16:00:00,125.54,126.13,123.8,124.38,207515
HUBB,NYSE,2019/07/23 16:00:00,125.32,126.47,124.22,126.46,232080
HUBB,NYSE,2019/07/24 16:00:00,125.53,127.76,124.24,127.54,318908
HUBB,NYSE,2019/07/25 16:00:00,127.7,127.99,126.18,126.59,209276
HUBB,NYSE,2019/07/26 16:00:00,126.64,126.93,125.76,125.97,298779
HUBB,NYSE,2019/07/29 16:00:00,125.85,125.85,124.39,125.37,299369
HUBB,NYSE,2019/07/30 16:00:00,128.94,133.88,126.69,131.62,692478
HUBB,NYSE,2019/07/31 16:00:00,131.15,132.38,128.75,129.88,495701
HUBB,NYSE,2019/08/01 16:00:00,129.87,132.21,126.98,127.68,500172
HUBB,NYSE,2019/08/02 16:00:00,126.61,128.42,125.54,127.92,353835
HUBB,NYSE,2019/08/05 16:00:00,124.95,125.31,122.51,123.69,314772
HUBB,NYSE,2019/08/06 16:00:00,124.16,126.36,123.99,126.08,285291
HUBB,NYSE,2019/08/07 16:00:00,125.18,126.81,123.52,126.59,288170
HUBB,NYSE,2019/08/08 16:00:00,127.21,129.41,127.21,129.1,360585
HUBB,NYSE,2019/08/09 16:00:00,128.26,128.58,126.1,126.62,211749
HUBB,NYSE,2019/08/12 16:00:00,126.37,127.18,125.2,125.71,157100
HUBB,NYSE,2019/08/13 16:00:00,125.35,130.18,124.81,127.26,278340
HUBB,NYSE,2019/08/14 16:00:00,125.09,125.73,122.77,122.97,185915
HUBB,NYSE,2019/08/15 16:00:00,122.99,123.99,122.28,123.09,210216
HUBB,NYSE,2019/08/16 16:00:00,124.17,126.74,123.9,126.08,151362
HUBB,NYSE,2019/08/19 16:00:00,128.17,128.7,127.3,127.81,160062
HUBB,NYSE,2019/08/20 16:00:00,127.65,128.43,126.55,127.71,188613
HUBB,NYSE,2019/08/21 16:00:00,129.99,129.99,128.17,128.6,133166
HUBB,NYSE,2019/08/22 16:00:00,128.92,129.54,127.48,128.13,103231
HUBB,NYSE,2019/08/23 16:00:00,127.52,128.1,123.29,123.73,232546
HUBB,NYSE,2019/08/26 16:00:00,124.96,124.96,122.92,123.87,155915
HUBB,NYSE,2019/08/27 16:00:00,125.09,125.12,122.73,123.79,194212
HUBB,NYSE,2019/08/28 16:00:00,123.32,127.09,122.72,126.95,228581
HUBB,NYSE,2019/08/29 16:00:00,127.49,129.58,127.17,129.32,209204
HUBB,NYSE,2019/08/30 16:00:00,129.95,131.2,129.72,131.14,197769
HUBB,NYSE,2019/09/03 16:00:00,129.45,130.12,126.77,127.65,254253
HUBB,NYSE,2019/09/04 16:00:00,129.24,130.99,129.02,129.68,257054
HUBB,NYSE,2019/09/05 16:00:00,131.45,133.81,131.29,132.31,199180
HUBB,NYSE,2019/09/06 16:00:00,132.5,134.86,132.19,134.08,287341
HUBB,NYSE,2019/09/09 16:00:00,134.44,134.92,132.76,134.66,406023
HUBB,NYSE,2019/09/10 16:00:00,134.7,135.51,133.15,135.51,283013
HUBB,NYSE,2019/09/11 16:00:00,136,136.89,135.02,136.81,293447
HUBB,NYSE,2019/09/12 16:00:00,137.25,137.7,135.42,135.81,259046
HUBB,NYSE,2019/09/13 16:00:00,137.03,137.97,135.38,137.88,205413
HUBB,NYSE,2019/09/16 16:00:00,136.47,137.04,132.59,133.52,367815
HUBB,NYSE,2019/09/17 16:00:00,132.74,134.32,130.45,133.97,595721
HUBB,NYSE,2019/09/18 16:00:00,133.11,134.27,131.5,133.37,243297
HUBB,NYSE,2019/09/19 16:00:00,133.85,134.82,131.14,131.41,171744
HUBB,NYSE,2019/09/20 16:00:00,131.93,133.06,131.1,131.2,568213
HUBB,NYSE,2019/09/23 16:00:00,130.35,133.3,130.35,132.68,256549
HUBB,NYSE,2019/09/24 16:00:00,133.17,133.54,131.43,132.58,286963
HUBB,NYSE,2019/09/25 16:00:00,132.17,134.56,132.06,133.61,242413
HUBB,NYSE,2019/09/26 16:00:00,133.63,134.12,132.76,133.07,199559
HUBB,NYSE,2019/09/27 16:00:00,134.11,134.2,131.78,132.14,256922
HUBB,NYSE,2019/09/30 16:00:00,132.3,133.53,129.98,131.4,349202
HUBB,NYSE,2019/10/01 16:00:00,132.36,133.18,129.28,130.06,294877
HUBB,NYSE,2019/10/02 16:00:00,128.04,128.04,123.82,125.97,404151
HUBB,NYSE,2019/10/03 16:00:00,125.03,128.17,124.05,127.93,280096
HUBB,NYSE,2019/10/04 16:00:00,128.5,130.99,128.27,130.8,291216
HUBB,NYSE,2019/10/07 16:00:00,130.35,130.87,128.81,129.2,276940
HUBB,NYSE,2019/10/08 16:00:00,128.46,130.37,127.51,128.92,410738
HUBB,NYSE,2019/10/09 16:00:00,130.16,131.3,129.11,129.71,239847
HUBB,NYSE,2019/10/10 16:00:00,129.78,131.99,129.74,131.5,253546
HUBB,NYSE,2019/10/11 16:00:00,133.77,135.07,132.04,132.15,267837
HUBB,NYSE,2019/10/14 16:00:00,131.54,133.37,130.69,133.13,162712
HUBB,NYSE,2019/10/15 16:00:00,133.43,135.24,133.01,134.44,276369
HUBB,NYSE,2019/10/16 16:00:00,133.34,134.33,131.31,131.35,440960
HUBB,NYSE,2019/10/17 16:00:00,132.86,134.7,132.49,134.24,262053
HUBB,NYSE,2019/10/18 16:00:00,134.07,135.4,133.32,135.11,247075
HUBB,NYSE,2019/10/21 16:00:00,136.07,136.29,134.93,135.9,154162
HUBB,NYSE,2019/10/22 16:00:00,135.86,138,135.17,137,196637
HUBB,NYSE,2019/10/23 16:00:00,137.96,139.21,137.05,139.15,201858
HUBB,NYSE,2019/10/24 16:00:00,139.23,139.7,138.04,138.76,245683
HUBB,NYSE,2019/10/25 16:00:00,139.12,139.42,138.57,138.77,233580
HUBB,NYSE,2019/10/28 16:00:00,140,141.58,139.98,140.2,404969
HUBB,NYSE,2019/10/29 16:00:00,139.3,144.06,138.15,142,462450
HUBB,NYSE,2019/10/30 16:00:00,142.1,144.36,140.6,143.63,360199
HUBB,NYSE,2019/10/31 16:00:00,143.51,143.51,140.69,141.7,241177
HUBB,NYSE,2019/11/01 16:00:00,142.81,143.82,141.64,143.8,267167
HUBB,NYSE,2019/11/04 16:00:00,145.25,146.81,144.69,145.71,212509
HUBB,NYSE,2019/11/05 16:00:00,146.28,146.38,144.84,145.14,169459
HUBB,NYSE,2019/11/06 16:00:00,144.77,144.77,142.93,144.01,279692
HUBB,NYSE,2019/11/07 16:00:00,144.77,144.77,142.93,144.01,279692
HUBB,NYSE,2019/11/08 16:00:00,143.81,145.64,143.1,145.5,208558
HUBB,NYSE,2019/11/11 16:00:00,144.48,145.43,144.25,145.04,164947
HUBB,NYSE,2019/11/12 16:00:00,145.92,146.5,144.74,146.13,231373
HUBB,NYSE,2019/11/13 16:00:00,145.08,146.73,145.08,146.33,227374
HUBB,NYSE,2019/11/14 16:00:00,145.84,147.77,145.84,147.57,243525
HUBB,NYSE,2019/11/15 16:00:00,148.45,149.31,147.76,148.71,177473
HUBB,NYSE,2019/11/18 16:00:00,148.03,148.69,146.84,147.75,149683
HUBB,NYSE,2019/11/19 16:00:00,148.44,148.88,147.39,148.27,165370
HUBB,NYSE,2019/11/20 16:00:00,147.82,148.27,145.43,146.15,253835
HUBB,NYSE,2019/11/21 16:00:00,147,147,144.77,145.3,241125
HUBB,NYSE,2019/11/22 16:00:00,146.05,146.57,144.95,145.71,193970
HUBB,NYSE,2019/11/25 16:00:00,146.33,148.22,145.52,148.04,219388
HUBB,NYSE,2019/11/26 16:00:00,148.19,149.01,147.06,148.84,223798
HUBB,NYSE,2019/11/27 16:00:00,148.25,148.57,147.17,148.31,220589
HUBB,NYSE,2019/11/29 13:00:00,147.94,148.21,146.64,147.02,89452
HUBB,NYSE,2019/12/02 16:00:00,147.5,147.99,146.29,146.79,293501
HUBB,NYSE,2019/12/03 16:00:00,144.89,145.77,143.38,145.52,201128
HUBB,NYSE,2019/12/04 16:00:00,146.69,147.8,145.36,145.66,268171
HUBB,NYSE,2019/12/05 16:00:00,146.36,146.95,145.62,146.74,184333
HUBB,NYSE,2019/12/06 16:00:00,148.32,148.5,146.97,147.04,208882
HUBB,NYSE,2019/12/09 16:00:00,146.81,147.57,146.56,147.32,194054
HUBB,NYSE,2019/12/10 16:00:00,147.22,147.59,146.23,146.54,149053
HUBB,NYSE,2019/12/11 16:00:00,147,147.97,146.23,146.46,302964
HUBB,NYSE,2019/12/12 16:00:00,146.54,147.87,146.31,147.66,264136
HUBB,NYSE,2019/12/13 16:00:00,147.21,148.05,145.44,146.45,170855
HUBB,NYSE,2019/12/16 16:00:00,147.3,147.97,146.83,147.38,207189
HUBB,NYSE,2019/12/17 16:00:00,147.71,148.23,146.81,147.56,187002
HUBB,NYSE,2019/12/18 16:00:00,148,148.39,145.96,148.2,219701
HUBB,NYSE,2019/12/19 16:00:00,147.78,148.11,146.95,147.24,135735
HUBB,NYSE,2019/12/20 16:00:00,147.81,148.74,146.81,148.62,627716
HUBB,NYSE,2019/12/23 16:00:00,148.85,148.95,147.34,148.78,171030
HUBB,NYSE,2019/12/24 13:00:00,148.6,148.6,147.51,147.77,59305
HUBB,NYSE,2019/12/26 16:00:00,147.97,148.18,147.25,148.08,135253
HUBB,NYSE,2019/12/27 16:00:00,148.81,148.85,147.87,148.33,102182
HUBB,NYSE,2019/12/30 16:00:00,148.68,148.99,147.63,148.04,100846
HUBB,NYSE,2019/12/31 16:00:00,147.89,148.62,147.75,147.82,181305
HUBB,NYSE,2020/01/02 16:00:00,149.12,149.26,146.78,148.5,240903
HUBB,NYSE,2020/01/03 16:00:00,146.73,148.77,146.31,148.53,156168
HUBB,NYSE,2020/01/06 16:00:00,147.6,148.09,146.67,147.84,176972
HUBB,NYSE,2020/01/07 16:00:00,147.16,148.33,146.13,147.62,202593
HUBB,NYSE,2020/01/08 16:00:00,147.31,149.14,146.37,148.21,256140
HUBB,NYSE,2020/01/09 16:00:00,147.48,147.88,145.32,145.53,294011
HUBB,NYSE,2020/01/10 16:00:00,145.73,146.31,144.1,144.3,271162
HUBB,NYSE,2020/01/13 16:00:00,145.04,146.19,144.23,146.02,240334
HUBB,NYSE,2020/01/14 16:00:00,145.88,145.95,144.22,144.81,242967
HUBB,NYSE,2020/01/15 16:00:00,144.77,147.01,144.77,146.26,245887
HUBB,NYSE,2020/01/16 16:00:00,147.25,148.41,146.88,148.37,284240
HUBB,NYSE,2020/01/17 16:00:00,148.77,149.6,148.23,149.16,191325
HUBB,NYSE,2020/01/21 16:00:00,148.43,149.01,147.04,148.45,314503
HUBB,NYSE,2020/01/22 16:00:00,149.49,149.88,148.52,149.04,248839
HUBB,NYSE,2020/01/23 16:00:00,148.59,149.32,146.63,148.7,298053
HUBB,NYSE,2020/01/24 16:00:00,149.12,149.84,146.39,146.94,201921
HUBB,NYSE,2020/01/27 16:00:00,144.24,146.32,143.63,145.56,321198
HUBB,NYSE,2020/01/28 16:00:00,146.08,147.31,145.12,146.57,228804
HUBB,NYSE,2020/01/29 16:00:00,147.45,147.79,146.56,147.24,181071
HUBB,NYSE,2020/01/30 16:00:00,146.24,148.25,144.75,148.01,259741
HUBB,NYSE,2020/01/31 16:00:00,147.23,147.23,143,143.23,345503
HUBB,NYSE,2020/02/03 16:00:00,144.16,148.35,143.82,145.6,413970
HUBB,NYSE,2020/02/04 16:00:00,150.15,155,141.9,143.66,674944
HUBB,NYSE,2020/02/05 16:00:00,145.6,149.13,145.6,148.39,402819
HUBB,NYSE,2020/02/06 16:00:00,149.49,149.49,147.1,147.34,321291
HUBB,NYSE,2020/02/07 16:00:00,146.89,146.89,144.53,145.42,241529
HUBB,NYSE,2020/02/10 16:00:00,144.96,147.32,144.96,147.31,371201
HUBB,NYSE,2020/02/11 16:00:00,147.9,151.03,147.69,149.54,343095
HUBB,NYSE,2020/02/12 16:00:00,150.28,150.73,148.24,149.13,329487
HUBB,NYSE,2020/02/13 16:00:00,148.49,150.43,148.19,149.52,326874
HUBB,NYSE,2020/02/14 16:00:00,149.92,150.07,147.29,147.54,306444
HUBB,NYSE,2020/02/18 16:00:00,147.32,147.4,144.56,146.06,419755
HUBB,NYSE,2020/02/19 16:00:00,146.91,147.11,145.51,146.94,374374
HUBB,NYSE,2020/02/20 16:00:00,146.62,147.65,145.18,146.7,244174
HUBB,NYSE,2020/02/21 16:00:00,146.26,146.34,144.27,144.52,822976
HUBB,NYSE,2020/02/24 16:00:00,139.93,142.13,139.71,141.22,326367
HUBB,NYSE,2020/02/25 16:00:00,141.77,141.77,136.38,136.57,413252
HUBB,NYSE,2020/02/26 16:00:00,137.1,138.8,134.92,136.31,305567
HUBB,NYSE,2020/02/27 16:00:00,132.72,137.2,131.63,132.77,418577
HUBB,NYSE,2020/02/28 16:00:00,128.55,133.54,127.15,133.24,821920
HUBB,NYSE,2020/03/02 16:00:00,133.9,140.53,132.87,140.09,621025
HUBB,NYSE,2020/03/03 16:00:00,139.49,140.42,131.68,133.43,726685
HUBB,NYSE,2020/03/04 16:00:00,135.41,140.63,134.25,140.5,332583
HUBB,NYSE,2020/03/05 16:00:00,136.85,137.58,134.65,136.58,405559
HUBB,NYSE,2020/03/06 16:00:00,132.06,136.46,131.57,134.54,357653
HUBB,NYSE,2020/03/09 16:00:00,122.1,126.94,120.34,122.09,498545
HUBB,NYSE,2020/03/10 16:00:00,125.84,130.24,121.45,130.22,348995
HUBB,NYSE,2020/03/11 16:00:00,126.51,126.66,121.24,122.08,448724
HUBB,NYSE,2020/03/12 16:00:00,112,114.93,106.92,106.92,733659
HUBB,NYSE,2020/03/13 16:00:00,113.51,119.5,108.44,119.14,444655
HUBB,NYSE,2020/03/16 16:00:00,107.9,114.56,107.14,108.51,387339
HUBB,NYSE,2020/03/17 16:00:00,110.3,111.81,106.04,108.69,494929
HUBB,NYSE,2020/03/18 16:00:00,101.34,104.14,94.04,96.67,417679
HUBB,NYSE,2020/03/19 16:00:00,95.46,102.52,91.25,101.38,356160
HUBB,NYSE,2020/03/20 16:00:00,101.41,107.6,96.19,96.58,410802
HUBB,NYSE,2020/03/23 16:00:00,95.43,96.57,85.62,86.71,446168
HUBB,NYSE,2020/03/24 16:00:00,91,100.35,90.46,98.62,323865
HUBB,NYSE,2020/03/25 16:00:00,98.93,111.35,97.05,107.25,495783
HUBB,NYSE,2020/03/26 16:00:00,108.42,113.81,106.96,113.04,321943
HUBB,NYSE,2020/03/27 16:00:00,108.68,110.85,104.76,106.97,331981
HUBB,NYSE,2020/03/30 16:00:00,107.22,113.94,105.03,112.97,438396
HUBB,NYSE,2020/03/31 16:00:00,111.38,115.09,110.54,114.74,405711
HUBB,NYSE,2020/04/01 16:00:00,109.52,111.63,107.93,110.25,451208
HUBB,NYSE,2020/04/02 16:00:00,109.85,113.63,107.46,112.59,408042
HUBB,NYSE,2020/04/03 16:00:00,111.29,112.66,107.11,107.8,336295
HUBB,NYSE,2020/04/06 16:00:00,113.31,116.91,112.12,115.86,379746
HUBB,NYSE,2020/04/07 16:00:00,118.66,122.7,116.21,116.29,300279
HUBB,NYSE,2020/04/08 16:00:00,118.68,120.76,115.71,120.06,280621
HUBB,NYSE,2020/04/09 16:00:00,122.52,126.02,121.69,124.44,235832
HUBB,NYSE,2020/04/13 16:00:00,123.58,124.56,118.42,119.15,183235
HUBB,NYSE,2020/04/14 16:00:00,122.74,124.27,120.94,123.59,239376
HUBB,NYSE,2020/04/15 16:00:00,119.66,121.08,117.33,119.39,251888
HUBB,NYSE,2020/04/16 16:00:00,119.18,119.81,115.74,117.96,316584
HUBB,NYSE,2020/04/17 16:00:00,121.62,124.19,119.23,120.47,368136
HUBB,NYSE,2020/04/20 16:00:00,118.2,119.8,116.35,116.96,224959
HUBB,NYSE,2020/04/21 16:00:00,114.59,115.85,113.19,114.65,216031
HUBB,NYSE,2020/04/22 16:00:00,117.85,119.07,116.03,117.96,235277
HUBB,NYSE,2020/04/23 16:00:00,119.71,121.73,118.41,118.69,251695
HUBB,NYSE,2020/04/24 16:00:00,120.21,120.89,118.91,119.43,389520
HUBB,NYSE,2020/04/27 16:00:00,119.86,123.19,119.14,122.6,260699
HUBB,NYSE,2020/04/28 16:00:00,125.55,126.16,122.77,123.74,207340
HUBB,NYSE,2020/04/29 16:00:00,126.74,127.59,125.5,126.79,307669
HUBB,NYSE,2020/04/30 16:00:00,131.33,134.5,122.04,124.43,323682
HUBB,NYSE,2020/05/01 16:00:00,121.52,122.15,118.92,122.08,250200
HUBB,NYSE,2020/05/04 16:00:00,120.32,120.35,117.39,120,297943
HUBB,NYSE,2020/05/05 16:00:00,121.96,123.84,121.58,121.58,269526
HUBB,NYSE,2020/05/06 16:00:00,121.87,121.87,119.13,119.18,318959
HUBB,NYSE,2020/05/07 16:00:00,121.48,122.7,119.01,119.33,261402
HUBB,NYSE,2020/05/08 16:00:00,121.84,123.66,121.54,122.47,258210
HUBB,NYSE,2020/05/11 16:00:00,121.01,122.49,119.93,121.49,382826
HUBB,NYSE,2020/05/12 16:00:00,121.75,122.03,114.2,114.31,242971
HUBB,NYSE,2020/05/13 16:00:00,114.11,114.11,108.52,109.8,337797
HUBB,NYSE,2020/05/14 16:00:00,107.58,112.99,105.34,112.74,543087
HUBB,NYSE,2020/05/15 16:00:00,111.54,114.93,110.85,113.59,381501
HUBB,NYSE,2020/05/18 16:00:00,118.62,120.42,117.74,119.26,235729
HUBB,NYSE,2020/05/19 16:00:00,118.93,120.43,117.75,117.75,285584
HUBB,NYSE,2020/05/20 16:00:00,119.94,120.92,118.66,118.72,262794
HUBB,NYSE,2020/05/21 16:00:00,118.32,119.49,117.43,117.79,482513
HUBB,NYSE,2020/05/22 16:00:00,118.75,118.75,115.92,116.86,310448
HUBB,NYSE,2020/05/26 16:00:00,121.19,122.93,120.55,120.84,455613
HUBB,NYSE,2020/05/27 16:00:00,122.89,125.96,122.53,125.34,532444
HUBB,NYSE,2020/05/28 16:00:00,125.56,125.56,122.63,124.39,479326
HUBB,NYSE,2020/05/29 16:00:00,123.34,123.34,121.39,122.42,425357
HUBB,NYSE,2020/06/01 16:00:00,122.25,125.06,121.47,124.99,322488
HUBB,NYSE,2020/06/02 16:00:00,125.92,128.87,125.66,128.66,557708
HUBB,NYSE,2020/06/03 16:00:00,130.65,132.35,130.56,131.18,265308
HUBB,NYSE,2020/06/04 16:00:00,130.06,134.16,129.01,133.57,378913
HUBB,NYSE,2020/06/05 16:00:00,138.04,139.62,136.91,137.8,295554
HUBB,NYSE,2020/06/08 16:00:00,138.03,139.88,137.31,137.76,261254
HUBB,NYSE,2020/06/09 16:00:00,135.36,136.71,134.21,135.67,270477
HUBB,NYSE,2020/06/10 16:00:00,135.3,135.37,130.76,131.56,365085
HUBB,NYSE,2020/06/11 16:00:00,126.81,126.99,123.04,123.17,461981
HUBB,NYSE,2020/06/12 16:00:00,126.74,127.74,120.68,124.76,272739
HUBB,NYSE,2020/06/15 16:00:00,121.06,126.8,120.48,125.4,295919
HUBB,NYSE,2020/06/16 16:00:00,129.83,130.45,125.8,127.53,213982
HUBB,NYSE,2020/06/17 16:00:00,128.29,129.13,126.36,128.72,372289
HUBB,NYSE,2020/06/18 16:00:00,127.29,129.24,126.11,126.79,280536
HUBB,NYSE,2020/06/19 16:00:00,127.88,129.18,124.36,126.2,476867
HUBB,NYSE,2020/06/22 16:00:00,125.48,126.46,122.8,125.81,232821
HUBB,NYSE,2020/06/23 16:00:00,127.75,128.29,125.06,125.46,310110
HUBB,NYSE,2020/06/24 16:00:00,124.28,124.59,118.9,118.96,439628
HUBB,NYSE,2020/06/25 16:00:00,118.66,120.08,117.17,119.95,528127
HUBB,NYSE,2020/06/26 16:00:00,119.68,119.8,117.24,118.79,1086751
HUBB,NYSE,2020/06/29 16:00:00,119.86,122.54,119.43,122.1,395221
HUBB,NYSE,2020/06/30 16:00:00,122.77,125.53,122.34,125.36,398135
HUBB,NYSE,2020/07/01 16:00:00,126.23,126.23,122.23,122.96,225249
HUBB,NYSE,2020/07/02 16:00:00,124.75,126.13,123.57,123.87,129353
HUBB,NYSE,2020/07/06 16:00:00,126.26,126.48,124.28,125.78,135224
HUBB,NYSE,2020/07/07 16:00:00,124.4,125.46,123.93,125,411525
HUBB,NYSE,2020/07/08 16:00:00,124.83,126.03,124.07,125.45,289019
HUBB,NYSE,2020/07/09 16:00:00,125.81,125.81,122.34,124.72,324470
HUBB,NYSE,2020/07/10 16:00:00,124.85,124.92,122.41,124.65,240585
HUBB,NYSE,2020/07/13 16:00:00,125.28,126.42,123.81,123.98,301235
HUBB,NYSE,2020/07/14 16:00:00,123.92,129.88,123.3,129.6,375502
HUBB,NYSE,2020/07/15 16:00:00,131.75,132.67,130.76,131.92,326489
HUBB,NYSE,2020/07/16 16:00:00,131.34,132.93,130.73,131.61,240090
HUBB,NYSE,2020/07/17 16:00:00,132.65,132.85,131.4,131.91,155198
HUBB,NYSE,2020/07/20 16:00:00,131.17,132.36,129.58,130.34,165990
HUBB,NYSE,2020/07/21 16:00:00,131.24,132.88,131.17,131.56,178948
HUBB,NYSE,2020/07/22 16:00:00,131.18,133.21,131.18,132.51,171908
HUBB,NYSE,2020/07/23 16:00:00,131.85,134.41,131.85,133.58,193837
HUBB,NYSE,2020/07/24 16:00:00,133.81,134.35,132.5,132.59,148932
HUBB,NYSE,2020/07/27 16:00:00,132.46,133.13,131.7,132.95,246020
HUBB,NYSE,2020/07/28 16:00:00,132.16,132.69,130.69,130.9,245400
HUBB,NYSE,2020/07/29 16:00:00,131.93,134.7,130.99,133.94,272429
HUBB,NYSE,2020/07/30 16:00:00,131.52,134.93,131.2,132.79,436656
HUBB,NYSE,2020/07/31 16:00:00,133.37,135.47,132.3,134.97,467736
HUBB,NYSE,2020/08/03 16:00:00,136.03,137.35,135.43,136.59,277471
HUBB,NYSE,2020/08/04 16:00:00,135.72,137.41,135.46,137.08,239554
HUBB,NYSE,2020/08/05 16:00:00,138.06,139.66,137.84,139.3,252843
HUBB,NYSE,2020/08/06 16:00:00,139.33,140.42,138.7,140.37,287397
HUBB,NYSE,2020/08/07 16:00:00,140.42,142.47,140.07,142.23,188812
HUBB,NYSE,2020/08/10 16:00:00,142.45,144.7,142.15,144.58,280524
HUBB,NYSE,2020/08/11 16:00:00,145.85,147.4,144.15,144.54,259411
HUBB,NYSE,2020/08/12 16:00:00,145.89,147.4,145.2,147.05,195996
HUBB,NYSE,2020/08/13 16:00:00,146.27,147.35,145.77,146.63,173724
HUBB,NYSE,2020/08/14 16:00:00,145.43,147.49,145.28,146.3,182340
HUBB,NYSE,2020/08/17 16:00:00,146.92,147.29,145.96,146.64,127077
HUBB,NYSE,2020/08/18 16:00:00,146.49,146.79,144.62,144.8,156460
HUBB,NYSE,2020/08/19 16:00:00,144.74,146.13,144.31,144.94,135705
HUBB,NYSE,2020/08/20 16:00:00,143.62,144.31,143.02,143.05,177644
HUBB,NYSE,2020/08/21 16:00:00,142.79,144.35,142.79,144.03,138064
HUBB,NYSE,2020/08/24 16:00:00,144.95,146.08,143.97,145.96,176076
HUBB,NYSE,2020/08/25 16:00:00,146.53,147.08,144.69,145.86,249624
HUBB,NYSE,2020/08/26 16:00:00,146.61,147.87,145.98,147.08,228411
HUBB,NYSE,2020/08/27 16:00:00,148.47,149.01,147.29,147.42,196331
HUBB,NYSE,2020/08/28 16:00:00,147.08,147.2,145.02,146.02,106956
HUBB,NYSE,2020/08/31 16:00:00,145.62,145.62,143.93,144.92,188757
HUBB,NYSE,2020/09/01 16:00:00,144.55,146.84,143.99,146.37,223407
HUBB,NYSE,2020/09/02 16:00:00,146.55,149.09,146.02,149.01,128769
HUBB,NYSE,2020/09/03 16:00:00,149.43,149.99,145.61,146.4,391018
HUBB,NYSE,2020/09/04 16:00:00,148,148,143.91,144.37,306337
HUBB,NYSE,2020/09/08 16:00:00,143.58,143.58,138.63,138.7,384984
HUBB,NYSE,2020/09/09 16:00:00,139.73,142.18,139.13,141.36,249238
HUBB,NYSE,2020/09/10 16:00:00,141.4,142.32,139.24,140.47,265452
HUBB,NYSE,2020/09/11 16:00:00,141.48,142.14,139.76,140.76,197225
HUBB,NYSE,2020/09/14 16:00:00,142.31,143.25,141.31,142.92,212123
HUBB,NYSE,2020/09/15 16:00:00,143.4,145.04,142.71,143.56,257474
HUBB,NYSE,2020/09/16 16:00:00,143.88,144.66,142.59,143.17,399178
HUBB,NYSE,2020/09/17 16:00:00,140.95,143.54,140,143.14,530786
HUBB,NYSE,2020/09/18 16:00:00,143.69,143.78,138.58,139.03,791308
HUBB,NYSE,2020/09/21 16:00:00,136.66,137.32,132.79,134.34,534250
HUBB,NYSE,2020/09/22 16:00:00,135.07,136.34,134.39,135.76,403102
HUBB,NYSE,2020/09/23 16:00:00,135.93,137.06,131.84,132.02,277671
HUBB,NYSE,2020/09/24 16:00:00,131.92,134.63,131.09,132.96,255312
HUBB,NYSE,2020/09/25 16:00:00,131.97,134.37,131.83,133.82,208505
HUBB,NYSE,2020/09/28 16:00:00,136.07,139.31,136.07,136.96,232144
HUBB,NYSE,2020/09/29 16:00:00,137.31,139.05,135.92,136.79,247685
HUBB,NYSE,2020/09/30 16:00:00,136.99,138.91,135.97,136.84,329386
HUBB,NYSE,2020/10/01 16:00:00,138.23,139.23,135.38,136.17,161095
HUBB,NYSE,2020/10/02 16:00:00,133.51,139.59,133.51,137.51,244215
HUBB,NYSE,2020/10/05 16:00:00,138.77,140.91,138.77,140.23,227121
HUBB,NYSE,2020/10/06 16:00:00,140.5,141.75,138.8,139.23,319128
HUBB,NYSE,2020/10/07 16:00:00,141.29,142.57,140.14,141.25,414984
HUBB,NYSE,2020/10/08 16:00:00,142.55,143.82,141.68,143.1,320967
HUBB,NYSE,2020/10/09 16:00:00,143.72,145.25,143.51,144.08,314380
HUBB,NYSE,2020/10/12 16:00:00,145,146.78,144.33,146.5,311027
HUBB,NYSE,2020/10/13 16:00:00,146.5,147.07,144.41,144.64,219954
HUBB,NYSE,2020/10/14 16:00:00,144.9,146.31,144.53,144.55,154947
HUBB,NYSE,2020/10/15 16:00:00,142.58,144.77,142.22,144.33,203361
HUBB,NYSE,2020/10/16 16:00:00,145.43,145.7,144.01,144.57,178413
HUBB,NYSE,2020/10/19 16:00:00,145.24,147.48,144.87,146.09,411612
HUBB,NYSE,2020/10/20 16:00:00,147.01,148.89,146.51,147.5,250380
HUBB,NYSE,2020/10/21 16:00:00,147.8,148.88,146.37,147.29,298311
HUBB,NYSE,2020/10/22 16:00:00,147.56,150.39,147.56,149.66,293387
HUBB,NYSE,2020/10/23 16:00:00,150.15,154.21,150.15,153.39,467455
HUBB,NYSE,2020/10/26 16:00:00,151.9,151.9,146.38,149,385160
HUBB,NYSE,2020/10/27 16:00:00,147.28,151.23,147.28,148.37,592444
HUBB,NYSE,2020/10/28 16:00:00,146.74,147.81,142.52,144.24,417727
HUBB,NYSE,2020/10/29 16:00:00,144.2,145.69,142.34,144.64,263608
HUBB,NYSE,2020/10/30 16:00:00,144.16,145.61,142.94,145.51,251019
HUBB,NYSE,2020/11/02 16:00:00,147.43,150.01,146.16,149.94,253280
HUBB,NYSE,2020/11/03 16:00:00,152.02,154.04,150.81,153.65,247302
HUBB,NYSE,2020/11/04 16:00:00,153.3,153.3,149.1,149.66,248663
HUBB,NYSE,2020/11/05 16:00:00,152.35,154.6,151.85,153.27,193983
HUBB,NYSE,2020/11/06 16:00:00,154.01,155.05,152.95,153.49,218719
HUBB,NYSE,2020/11/09 16:00:00,166.37,166.37,158.14,158.61,404670
HUBB,NYSE,2020/11/10 16:00:00,158.73,161.28,157.68,160.08,276742
HUBB,NYSE,2020/11/11 16:00:00,161.69,162.53,156.17,157.2,318390
HUBB,NYSE,2020/11/12 16:00:00,156.32,156.78,151.39,152.67,346530
HUBB,NYSE,2020/11/13 16:00:00,153.23,156.79,153.23,155.48,423321
HUBB,NYSE,2020/11/16 16:00:00,158.23,161.49,157.34,159.16,426769
HUBB,NYSE,2020/11/17 16:00:00,157.31,158.23,155.63,155.74,400905
HUBB,NYSE,2020/11/18 16:00:00,156.22,157.39,154.83,155.35,778054
HUBB,NYSE,2020/11/19 16:00:00,155.62,157.85,154.61,157.75,271397
HUBB,NYSE,2020/11/20 16:00:00,157.5,158.27,156.79,157.47,277845
HUBB,NYSE,2020/11/23 16:00:00,159.03,161.38,158.06,160.35,258131
HUBB,NYSE,2020/11/24 16:00:00,162.16,165.64,161.34,164.14,295587
HUBB,NYSE,2020/11/25 16:00:00,163.1,164.23,161.1,162.56,244139
HUBB,NYSE,2020/11/27 13:00:00,162.22,162.85,160.8,162.23,108786
HUBB,NYSE,2020/11/30 16:00:00,162.45,162.45,160.15,161.59,352257
HUBB,NYSE,2020/12/01 16:00:00,162.79,164.6,161.09,161.69,205023
HUBB,NYSE,2020/12/02 16:00:00,160.48,161.13,156.01,157.2,237827
HUBB,NYSE,2020/12/03 16:00:00,158.1,158.68,155.8,156.25,166936
HUBB,NYSE,2020/12/04 16:00:00,156.24,161.71,156.24,161.5,309216
HUBB,NYSE,2020/12/07 16:00:00,160.92,161.42,157.57,158.94,248366
HUBB,NYSE,2020/12/08 16:00:00,158.82,162.03,158.28,161.06,213492
HUBB,NYSE,2020/12/09 16:00:00,162.35,162.99,159.79,161.62,239256
HUBB,NYSE,2020/12/10 16:00:00,160.66,160.66,158.43,159.95,261608
HUBB,NYSE,2020/12/11 16:00:00,159.15,161.01,158.09,160.4,322166
HUBB,NYSE,2020/12/14 16:00:00,162.29,162.7,157.19,157.71,314332
HUBB,NYSE,2020/12/15 16:00:00,159.51,161.02,157.95,159.86,318107
HUBB,NYSE,2020/12/16 16:00:00,159.51,160.53,156.02,156.48,261027
HUBB,NYSE,2020/12/17 16:00:00,157.55,159.31,156.79,158.97,259211
HUBB,NYSE,2020/12/18 16:00:00,160.09,160.43,155.18,155.63,881999
HUBB,NYSE,2020/12/21 16:00:00,152.77,157.8,152.67,157,353803
HUBB,NYSE,2020/12/22 16:00:00,157.63,158.66,156.52,157.88,282141
HUBB,NYSE,2020/12/23 16:00:00,159.31,160.77,158.56,159.57,331861
HUBB,NYSE,2020/12/24 13:00:00,160.47,160.84,158.99,160.83,67475
HUBB,NYSE,2020/12/28 16:00:00,162.51,162.9,157.64,158.29,225855
HUBB,NYSE,2020/12/29 16:00:00,158.56,158.56,155.47,156.79,261816
HUBB,NYSE,2020/12/30 16:00:00,156.94,158.68,155.88,156.31,188060
HUBB,NYSE,2020/12/31 16:00:00,155.85,157.46,155.1,156.79,180126
HUBB,NYSE,2021/01/04 16:00:00,157.23,158.9,155.15,156.06,276873
HUBB,NYSE,2021/01/05 16:00:00,156.17,159.62,156.17,158.42,243608
HUBB,NYSE,2021/01/06 16:00:00,158.31,168.17,158.31,168.07,543601
HUBB,NYSE,2021/01/07 16:00:00,169.34,169.49,166.75,168.5,277560
HUBB,NYSE,2021/01/08 16:00:00,169.5,169.72,166.21,167.44,282052
HUBB,NYSE,2021/01/11 16:00:00,166.13,170.54,165.61,169.31,359489
HUBB,NYSE,2021/01/12 16:00:00,170.12,172.17,169.9,171.92,251692
HUBB,NYSE,2021/01/13 16:00:00,171.8,171.8,165.22,165.66,289127
HUBB,NYSE,2021/01/14 16:00:00,165.92,168.47,163.26,164.49,242897
HUBB,NYSE,2021/01/15 16:00:00,163.07,163.45,160.49,162.57,182324
HUBB,NYSE,2021/01/19 16:00:00,163.8,166.81,162.62,165.54,319610
HUBB,NYSE,2021/01/20 16:00:00,165.48,167.25,165.03,166.55,207330
HUBB,NYSE,2021/01/21 16:00:00,167,167.39,164.66,165.55,239348
HUBB,NYSE,2021/01/22 16:00:00,164.44,166.53,163.54,166.43,224509
HUBB,NYSE,2021/01/25 16:00:00,165.95,166.11,163.33,164.09,202278
HUBB,NYSE,2021/01/26 16:00:00,164.7,164.89,162.19,163.4,266894
HUBB,NYSE,2021/01/27 16:00:00,161.35,162.29,157.75,161.16,388160
HUBB,NYSE,2021/01/28 16:00:00,162.03,162.74,159.55,159.84,267896
HUBB,NYSE,2021/01/29 16:00:00,159.16,160.19,153.67,155.6,684220
HUBB,NYSE,2021/02/01 16:00:00,157.85,159.32,156.6,158.96,244652
HUBB,NYSE,2021/02/02 16:00:00,156.19,159.13,149.07,158.45,797865
HUBB,NYSE,2021/02/03 16:00:00,159.26,162.03,158.19,161.42,687377
HUBB,NYSE,2021/02/04 16:00:00,162.67,163.5,158.57,158.93,348094
HUBB,NYSE,2021/02/05 16:00:00,160.08,162,156.64,161.91,301298
HUBB,NYSE,2021/02/08 16:00:00,162.74,164.71,161.37,164.23,212626
HUBB,NYSE,2021/02/09 16:00:00,164.41,165,161.53,162.55,222047
HUBB,NYSE,2021/02/10 16:00:00,163.58,163.58,161.25,161.96,174727
HUBB,NYSE,2021/02/11 16:00:00,163.07,165.16,160.99,164.36,347875
HUBB,NYSE,2021/02/12 16:00:00,163.99,165.23,162.73,165.21,148095
HUBB,NYSE,2021/02/16 16:00:00,166.07,169.15,165.11,166.57,368545
HUBB,NYSE,2021/02/17 16:00:00,165.67,169.59,165,168.35,432742
HUBB,NYSE,2021/02/18 16:00:00,167.92,168.93,165.26,167.82,297461
HUBB,NYSE,2021/02/19 16:00:00,168.56,171.18,168.56,170.48,170457
HUBB,NYSE,2021/02/22 16:00:00,169.42,178.58,169.01,178.19,568810
HUBB,NYSE,2021/02/23 16:00:00,178.36,180.26,176.56,180.25,544200
HUBB,NYSE,2021/02/24 16:00:00,180.14,180.29,177.1,177.99,446717
HUBB,NYSE,2021/02/25 16:00:00,176.63,178.33,173.07,177.5,495023
HUBB,NYSE,2021/02/26 16:00:00,178.55,179.2,176.23,177.51,566950
HUBB,NYSE,2021/03/01 16:00:00,180.07,183.69,179.52,182.13,240259
HUBB,NYSE,2021/03/02 16:00:00,182.03,182.27,180,180.98,288409
HUBB,NYSE,2021/03/03 16:00:00,180.04,181.69,178.32,179.37,383075
HUBB,NYSE,2021/03/04 16:00:00,179.4,179.68,173.11,174.88,258452
HUBB,NYSE,2021/03/05 16:00:00,176.48,180.75,173.25,180.71,241890
HUBB,NYSE,2021/03/08 16:00:00,182.37,187.71,181.79,185.52,322663
HUBB,NYSE,2021/03/09 16:00:00,186.85,186.93,183.33,183.75,360564
HUBB,NYSE,2021/03/10 16:00:00,184.71,188.11,182.71,187.63,368490
HUBB,NYSE,2021/03/11 16:00:00,188.41,190.79,183.86,184.58,363581
HUBB,NYSE,2021/03/12 16:00:00,183.69,187.87,183.69,187.48,186311
HUBB,NYSE,2021/03/15 16:00:00,188.54,190.11,187,190.01,285183
HUBB,NYSE,2021/03/16 16:00:00,189.88,189.88,187.75,189.08,221408
HUBB,NYSE,2021/03/17 16:00:00,189.26,189.85,187.75,189.85,259989
HUBB,NYSE,2021/03/18 16:00:00,189.52,191.1,185.54,186.19,216018
HUBB,NYSE,2021/03/19 16:00:00,186.04,186.71,182.71,183.49,646208
HUBB,NYSE,2021/03/22 16:00:00,183.23,184.71,180.82,184.37,226917
HUBB,NYSE,2021/03/23 16:00:00,182.79,184.34,175.97,178.03,348200
HUBB,NYSE,2021/03/24 16:00:00,179.66,182.47,177.94,179.25,215960
HUBB,NYSE,2021/03/25 16:00:00,178.13,184.61,176.2,183.74,213734
HUBB,NYSE,2021/03/26 16:00:00,185,189.48,184.6,189.13,305606
HUBB,NYSE,2021/03/29 16:00:00,188.24,191.57,186.91,188.73,308182
HUBB,NYSE,2021/03/30 16:00:00,188.42,188.73,186.55,187.58,187584
HUBB,NYSE,2021/03/31 16:00:00,188.85,189.43,185.42,186.89,276140
HUBB,NYSE,2021/04/01 16:00:00,187.03,190.8,186.09,190.39,222483
HUBB,NYSE,2021/04/05 16:00:00,192.21,193.85,191.34,192.42,204402
HUBB,NYSE,2021/04/06 16:00:00,192.57,196.05,192.44,192.68,278946
HUBB,NYSE,2021/04/07 16:00:00,192.1,192.41,187.77,187.78,244528
HUBB,NYSE,2021/04/08 16:00:00,188.19,189.52,185.53,186.07,255503
HUBB,NYSE,2021/04/09 16:00:00,186.03,188.11,185.09,187.44,219469
DNB,NYSE,2020/07/01 16:00:00,25,25.87,24.25,25.35,37148431
DNB,NYSE,2020/07/02 16:00:00,25.3,27.6,25,27.1,6754535
DNB,NYSE,2020/07/06 16:00:00,27.75,28.2,26.31,27.39,6394085
DNB,NYSE,2020/07/07 16:00:00,26.26,27.4,26.06,26.6,2995178
DNB,NYSE,2020/07/08 16:00:00,26.89,26.98,25.55,26.49,8779908
DNB,NYSE,2020/07/09 16:00:00,26.35,26.4,24.9,25.88,2736296
DNB,NYSE,2020/07/10 16:00:00,25.88,26.35,25.5,26.25,1200363
DNB,NYSE,2020/07/13 16:00:00,26.25,27.13,25.42,25.48,1503448
DNB,NYSE,2020/07/14 16:00:00,25.4,25.73,25.18,25.39,855521
DNB,NYSE,2020/07/15 16:00:00,25.44,25.8,25.3,25.5,891541
DNB,NYSE,2020/07/16 16:00:00,25.49,26.38,24.71,25.59,1158483
DNB,NYSE,2020/07/17 16:00:00,25.65,26,25.35,25.71,260413
DNB,NYSE,2020/07/20 16:00:00,25.71,26.32,25.5,26.11,404117
DNB,NYSE,2020/07/21 16:00:00,26.2,26.46,25.58,25.67,524846
DNB,NYSE,2020/07/22 16:00:00,25.6,26.19,25.51,25.69,533583
DNB,NYSE,2020/07/23 16:00:00,25.58,26.09,24.97,25.46,545737
DNB,NYSE,2020/07/24 16:00:00,25.25,25.42,24.91,25.14,658373
DNB,NYSE,2020/07/27 16:00:00,25.24,25.47,24.4,25.29,914996
DNB,NYSE,2020/07/28 16:00:00,25.35,25.6,24.85,25.21,1156107
DNB,NYSE,2020/07/29 16:00:00,25.1,25.7,25.01,25.28,471361
DNB,NYSE,2020/07/30 16:00:00,25.02,25.32,24.67,24.67,518840
DNB,NYSE,2020/07/31 16:00:00,24.72,25.59,24.64,25.5,765724
DNB,NYSE,2020/08/03 16:00:00,25.49,25.74,24.9,25.56,1137756
DNB,NYSE,2020/08/04 16:00:00,25.55,26.66,25.14,26.54,1421055
DNB,NYSE,2020/08/05 16:00:00,26.5,27.3,26.24,27.04,1267639
DNB,NYSE,2020/08/06 16:00:00,26.41,26.63,24.84,25.05,2399162
DNB,NYSE,2020/08/07 16:00:00,24.9,26.05,24.82,26.05,849029
DNB,NYSE,2020/08/10 16:00:00,25.81,26.09,24.69,24.7,1315480
DNB,NYSE,2020/08/11 16:00:00,24.76,25.6,24.69,24.75,1195034
DNB,NYSE,2020/08/12 16:00:00,24.79,26.08,24.71,25.87,922440
DNB,NYSE,2020/08/13 16:00:00,25.54,26.05,24.72,24.89,584385
DNB,NYSE,2020/08/14 16:00:00,24.77,25.9,24.72,25.36,402369
DNB,NYSE,2020/08/17 16:00:00,25.28,25.82,25.05,25.15,426889
DNB,NYSE,2020/08/18 16:00:00,25.12,25.8,25.01,25.1,418310
DNB,NYSE,2020/08/19 16:00:00,25.15,25.83,24.71,25.8,629794
DNB,NYSE,2020/08/20 16:00:00,25.6,26.59,25.6,26.04,1253449
DNB,NYSE,2020/08/21 16:00:00,25.9,26.01,25.24,25.47,629630
DNB,NYSE,2020/08/24 16:00:00,25.52,25.94,25.35,25.72,652725
DNB,NYSE,2020/08/25 16:00:00,25.56,25.8,25.4,25.44,432805
DNB,NYSE,2020/08/26 16:00:00,25.58,25.82,25.08,25.28,271168
DNB,NYSE,2020/08/27 16:00:00,25.26,25.65,25.25,25.45,358982
DNB,NYSE,2020/08/28 16:00:00,25.45,25.52,24.92,25.3,373367
DNB,NYSE,2020/08/31 16:00:00,25.2,25.63,25.04,25.36,702466
DNB,NYSE,2020/09/01 16:00:00,25.25,25.81,25.1,25.63,852260
DNB,NYSE,2020/09/02 16:00:00,25.61,26.14,25.46,25.94,899877
DNB,NYSE,2020/09/03 16:00:00,25.71,25.89,24.43,24.45,567546
DNB,NYSE,2020/09/04 16:00:00,24.53,25.36,23.71,24.66,894763
DNB,NYSE,2020/09/08 16:00:00,24.52,25.34,24.52,24.62,1137864
DNB,NYSE,2020/09/09 16:00:00,24.74,25.43,24.74,25.06,825092
DNB,NYSE,2020/09/10 16:00:00,25.25,25.56,24.84,25.15,744355
DNB,NYSE,2020/09/11 16:00:00,25.38,25.75,24.89,25.1,777305
DNB,NYSE,2020/09/14 16:00:00,25.3,25.98,25.13,25.17,1305544
DNB,NYSE,2020/09/15 16:00:00,25.34,25.74,24.75,25.25,943095
DNB,NYSE,2020/09/16 16:00:00,25.27,25.64,24.61,25.51,1851771
DNB,NYSE,2020/09/17 16:00:00,25.3,25.68,24.68,24.73,1677114
DNB,NYSE,2020/09/18 16:00:00,24.76,25.13,24.63,24.8,10051073
DNB,NYSE,2020/09/21 16:00:00,24.28,24.55,23.59,24.06,1498650
DNB,NYSE,2020/09/22 16:00:00,24,24.27,23.63,23.9,1652809
DNB,NYSE,2020/09/23 16:00:00,23.85,24.46,23.77,24.1,1454085
DNB,NYSE,2020/09/24 16:00:00,24.03,24.66,23.77,24.53,821454
DNB,NYSE,2020/09/25 16:00:00,24.42,24.86,24.33,24.55,454751
DNB,NYSE,2020/09/28 16:00:00,24.72,25.28,24.58,25.26,729553
DNB,NYSE,2020/09/29 16:00:00,25.17,25.58,25.03,25.24,1419403
DNB,NYSE,2020/09/30 16:00:00,25.3,25.72,25.11,25.66,1370466
DNB,NYSE,2020/10/01 16:00:00,25.8,25.96,25.22,25.39,1030443
DNB,NYSE,2020/10/02 16:00:00,25.2,25.65,24.81,25.54,598131
DNB,NYSE,2020/10/05 16:00:00,25.7,26.4,25.7,26.38,1062554
DNB,NYSE,2020/10/06 16:00:00,25.98,26.5,25.91,25.91,1010833
DNB,NYSE,2020/10/07 16:00:00,26.09,26.38,25.87,25.92,1154994
DNB,NYSE,2020/10/08 16:00:00,26.51,28.42,26.51,28.13,2033322
DNB,NYSE,2020/10/09 16:00:00,27.8,28.64,27.26,28.16,829377
DNB,NYSE,2020/10/12 16:00:00,28.4,28.4,27.49,27.6,499442
DNB,NYSE,2020/10/13 16:00:00,27.55,27.91,27.1,27.3,436300
DNB,NYSE,2020/10/14 16:00:00,27.31,27.73,27.29,27.46,633729
DNB,NYSE,2020/10/15 16:00:00,27.48,27.59,27.01,27.52,217997
DNB,NYSE,2020/10/16 16:00:00,27.65,27.9,27.31,27.37,395963
DNB,NYSE,2020/10/19 16:00:00,27.44,27.68,26.71,26.78,520792
DNB,NYSE,2020/10/20 16:00:00,26.78,27.02,26.51,26.52,865035
DNB,NYSE,2020/10/21 16:00:00,26.65,27.18,26.55,26.85,544701
DNB,NYSE,2020/10/22 16:00:00,26.91,27.23,26.29,26.66,568133
DNB,NYSE,2020/10/23 16:00:00,26.75,26.99,26.44,26.78,224702
DNB,NYSE,2020/10/26 16:00:00,26.58,26.93,26.38,26.76,360266
DNB,NYSE,2020/10/27 16:00:00,26.79,27.18,26.34,26.35,549476
DNB,NYSE,2020/10/28 16:00:00,25.91,26,25.55,25.68,311593
DNB,NYSE,2020/10/29 16:00:00,26.02,26.13,25.47,25.88,892023
DNB,NYSE,2020/10/30 16:00:00,25.8,26.32,25.59,25.84,670136
DNB,NYSE,2020/11/02 16:00:00,26.19,26.53,25.56,26.05,1292480
DNB,NYSE,2020/11/03 16:00:00,26.17,26.97,26.14,26.78,913693
DNB,NYSE,2020/11/04 16:00:00,26.94,28.23,26.78,28.13,1822461
DNB,NYSE,2020/11/05 16:00:00,28.6,29.55,26.41,26.53,2327644
DNB,NYSE,2020/11/06 16:00:00,26.75,27.13,26.07,26.13,1272913
DNB,NYSE,2020/11/09 16:00:00,27.84,28.21,25.86,25.88,900337
DNB,NYSE,2020/11/10 16:00:00,26.09,26.39,25.59,26.14,847454
DNB,NYSE,2020/11/11 16:00:00,26.27,26.62,25.99,26.6,435055
DNB,NYSE,2020/11/12 16:00:00,26.72,27.17,26.37,27.02,767870
DNB,NYSE,2020/11/13 16:00:00,27.3,27.53,26.83,27.4,1284918
DNB,NYSE,2020/11/16 16:00:00,26.12,28.61,25.28,28.05,1211970
DNB,NYSE,2020/11/17 16:00:00,28.05,28.6,27.9,27.93,764901
DNB,NYSE,2020/11/18 16:00:00,27.96,28.08,26.92,27,935248
DNB,NYSE,2020/11/19 16:00:00,26.84,27.63,26.64,27.61,512230
DNB,NYSE,2020/11/20 16:00:00,27.6,27.86,27.39,27.39,376378
DNB,NYSE,2020/11/23 16:00:00,27.46,27.67,26.86,27.13,403836
DNB,NYSE,2020/11/24 16:00:00,27.27,27.27,26.66,26.72,733608
DNB,NYSE,2020/11/25 16:00:00,26.63,27.4,26.36,26.94,387652
DNB,NYSE,2020/11/27 13:00:00,26.83,27.28,26.46,26.68,193473
DNB,NYSE,2020/11/30 16:00:00,26.73,26.99,26.13,26.81,873033
DNB,NYSE,2020/12/01 16:00:00,26.93,27.26,26.62,27.03,553020
DNB,NYSE,2020/12/02 16:00:00,27.18,27.18,26.57,26.92,634004
DNB,NYSE,2020/12/03 16:00:00,26.93,27.19,26.54,26.79,430007
DNB,NYSE,2020/12/04 16:00:00,26.89,27.19,26.89,27.05,417647
DNB,NYSE,2020/12/07 16:00:00,26.86,27.46,26.55,27,609497
DNB,NYSE,2020/12/08 16:00:00,26.78,27.21,26.66,26.71,527856
DNB,NYSE,2020/12/09 16:00:00,26.93,26.95,25.7,26.03,1249395
DNB,NYSE,2020/12/10 16:00:00,25.92,26.08,25.58,25.72,655920
DNB,NYSE,2020/12/11 16:00:00,25.64,25.75,25.28,25.55,1361189
DNB,NYSE,2020/12/14 16:00:00,25.82,26.05,25.06,25.76,2735747
DNB,NYSE,2020/12/15 16:00:00,25.9,26.49,25.5,26,1170971
DNB,NYSE,2020/12/16 16:00:00,26.1,27.04,25.71,26.97,1146605
DNB,NYSE,2020/12/17 16:00:00,27.11,27.69,26.99,27.28,970321
DNB,NYSE,2020/12/18 16:00:00,27.39,27.85,27.15,27.35,2025183
DNB,NYSE,2020/12/21 16:00:00,27.19,27.64,26.71,27.26,913753
DNB,NYSE,2020/12/22 16:00:00,27.27,27.52,26.58,26.96,648490
DNB,NYSE,2020/12/23 16:00:00,26.91,27.09,26.52,26.69,583563
DNB,NYSE,2020/12/24 13:00:00,26.52,26.95,26.35,26.49,281281
DNB,NYSE,2020/12/28 16:00:00,26.9,26.9,26,26.25,1246688
DNB,NYSE,2020/12/29 16:00:00,26.35,26.58,25.84,25.87,739220
DNB,NYSE,2020/12/30 16:00:00,25.93,26.26,25.32,25.41,1492045
DNB,NYSE,2020/12/31 16:00:00,25.31,25.49,24.58,24.9,2355217
DNB,NYSE,2021/01/04 16:00:00,24.64,25.15,23.76,24.32,5313710
DNB,NYSE,2021/01/05 16:00:00,24.44,24.48,23.91,24.03,3201493
DNB,NYSE,2021/01/06 16:00:00,24.31,24.92,24.11,24.7,4250560
DNB,NYSE,2021/01/07 16:00:00,25,26.48,24.96,25.86,3841724
DNB,NYSE,2021/01/08 16:00:00,25.85,26.03,25.26,25.47,2463903
DNB,NYSE,2021/01/11 16:00:00,25.3,26.24,25.11,25.81,2204497
DNB,NYSE,2021/01/12 16:00:00,25.73,26.1,25.58,25.95,1865721
DNB,NYSE,2021/01/13 16:00:00,25.92,26.05,25.34,25.64,1492448
DNB,NYSE,2021/01/14 16:00:00,25.58,25.84,25.4,25.62,1783977
DNB,NYSE,2021/01/15 16:00:00,25.62,25.62,25,25,1281566
DNB,NYSE,2021/01/19 16:00:00,25.14,25.15,24.64,25.01,1038106
DNB,NYSE,2021/01/20 16:00:00,25.21,25.55,24.78,25.08,1754971
DNB,NYSE,2021/01/21 16:00:00,25.22,25.22,24.82,24.98,1176761
DNB,NYSE,2021/01/22 16:00:00,24.82,25.03,24.52,24.76,955101
DNB,NYSE,2021/01/25 16:00:00,24.76,25,24.4,24.59,2192375
DNB,NYSE,2021/01/26 16:00:00,24.77,25.01,24.19,24.25,1160296
DNB,NYSE,2021/01/27 16:00:00,24.07,24.73,23.1,23.17,2551602
DNB,NYSE,2021/01/28 16:00:00,23.57,24.3,23.01,24.04,1257975
DNB,NYSE,2021/01/29 16:00:00,23.92,24.1,23.45,23.65,1652144
DNB,NYSE,2021/02/01 16:00:00,23.89,24.66,23.54,24.55,1505257
DNB,NYSE,2021/02/02 16:00:00,24.61,25.29,24.39,24.75,1938759
DNB,NYSE,2021/02/03 16:00:00,24.75,25.2,24.57,25,1300988
DNB,NYSE,2021/02/04 16:00:00,25,25.71,24.97,25.41,1998129
DNB,NYSE,2021/02/05 16:00:00,25.72,26.01,25.51,25.83,2204111
DNB,NYSE,2021/02/08 16:00:00,26,26.03,24.2,24.78,3223926
DNB,NYSE,2021/02/09 16:00:00,24.75,24.85,23.9,24.35,2001145
DNB,NYSE,2021/02/10 16:00:00,24.44,24.44,23.04,23.06,3247420
DNB,NYSE,2021/02/11 16:00:00,23.28,23.63,22.62,22.8,2642238
DNB,NYSE,2021/02/12 16:00:00,23.79,23.8,23.2,23.49,5008972
DNB,NYSE,2021/02/16 16:00:00,23.45,23.91,23.17,23.76,2276800
DNB,NYSE,2021/02/17 16:00:00,23.84,23.94,23.51,23.86,1382319
DNB,NYSE,2021/02/18 16:00:00,23.81,23.94,23.63,23.68,1387915
DNB,NYSE,2021/02/19 16:00:00,23.61,23.83,23.34,23.54,2140811
DNB,NYSE,2021/02/22 16:00:00,23.6,23.93,23.43,23.54,1790817
DNB,NYSE,2021/02/23 16:00:00,23.51,23.76,23.18,23.64,2118854
DNB,NYSE,2021/02/24 16:00:00,23.59,23.7,22.68,22.7,1412214
DNB,NYSE,2021/02/25 16:00:00,22.8,23.25,22.48,22.59,1365819
DNB,NYSE,2021/02/26 16:00:00,22.55,22.58,21.82,21.86,2430649
DNB,NYSE,2021/03/01 16:00:00,22.08,22.84,21.34,22.75,1679008
DNB,NYSE,2021/03/02 16:00:00,22.75,23.55,22.63,23.17,1405726
DNB,NYSE,2021/03/03 16:00:00,23.19,23.49,23.06,23.21,910765
DNB,NYSE,2021/03/04 16:00:00,23.24,23.32,22.11,22.27,1755385
DNB,NYSE,2021/03/05 16:00:00,22.41,22.6,21.61,22.25,2026028
DNB,NYSE,2021/03/08 16:00:00,22.48,22.71,21.81,21.96,1838721
DNB,NYSE,2021/03/09 16:00:00,22.14,22.95,22,22.37,2098699
DNB,NYSE,2021/03/10 16:00:00,22.35,22.58,22,22.01,2230403
DNB,NYSE,2021/03/11 16:00:00,22.33,22.5,21.99,22.39,2836699
DNB,NYSE,2021/03/12 16:00:00,22.39,23.03,22.35,22.68,1211301
DNB,NYSE,2021/03/15 16:00:00,22.74,23.76,22.58,23.66,2041130
DNB,NYSE,2021/03/16 16:00:00,23.66,24.36,23.66,24.1,2833980
DNB,NYSE,2021/03/17 16:00:00,24,24.53,23.93,24.49,2993065
DNB,NYSE,2021/03/18 16:00:00,24.38,24.45,23.49,23.64,3248911
DNB,NYSE,2021/03/19 16:00:00,23.6,24.43,23.43,24.21,7317691
DNB,NYSE,2021/03/22 16:00:00,24.15,24.69,23.81,24.55,2994022
DNB,NYSE,2021/03/23 16:00:00,24.22,24.62,23.66,23.99,3613754
DNB,NYSE,2021/03/24 16:00:00,23.92,24.47,23.76,24.19,1227843
DNB,NYSE,2021/03/25 16:00:00,24.04,24.39,23.71,24.35,1214367
DNB,NYSE,2021/03/26 16:00:00,24.78,25.66,24.55,24.79,1947729
DNB,NYSE,2021/03/29 16:00:00,24.66,24.72,24.22,24.36,1210086
DNB,NYSE,2021/03/30 16:00:00,24.44,24.44,23.69,23.91,1558903
DNB,NYSE,2021/03/31 16:00:00,24,24.28,23.74,23.81,1993855
DNB,NYSE,2021/04/01 16:00:00,23.92,23.94,23.24,23.44,1888421
DNB,NYSE,2021/04/05 16:00:00,23.57,23.91,23.43,23.46,1828467
DNB,NYSE,2021/04/06 16:00:00,23.48,23.64,23.12,23.56,3107557
DNB,NYSE,2021/04/07 16:00:00,23.61,23.83,22.97,23.18,2121746
DNB,NYSE,2021/04/08 16:00:00,23.23,23.3,22.93,23.16,1319591
DNB,NYSE,2021/04/09 16:00:00,23.15,23.37,22.88,23.29,1563890
LAD,NYSE,2019/04/01 16:00:00,93.79,94.27,92.47,94.03,183540
LAD,NYSE,2019/04/02 16:00:00,94.1,94.32,92.71,92.79,260619
LAD,NYSE,2019/04/03 16:00:00,93.27,95.75,92.64,94.8,329512
LAD,NYSE,2019/04/04 16:00:00,94.92,96.31,94.75,95.55,214024
LAD,NYSE,2019/04/05 16:00:00,95.78,96.03,92.78,93.55,282337
LAD,NYSE,2019/04/08 16:00:00,93.45,95.29,93.09,95.05,237755
LAD,NYSE,2019/04/09 16:00:00,94.61,95.23,93.55,93.98,265058
LAD,NYSE,2019/04/10 16:00:00,94.17,96.01,93.73,95.92,189901
LAD,NYSE,2019/04/11 16:00:00,95.99,96.47,94.24,95.09,192778
LAD,NYSE,2019/04/12 16:00:00,95.76,96.87,95.36,96.54,235078
LAD,NYSE,2019/04/15 16:00:00,96.35,96.6,94.77,95.88,180939
LAD,NYSE,2019/04/16 16:00:00,96.92,97.66,95.73,97.5,223024
LAD,NYSE,2019/04/17 16:00:00,97.93,98.96,97.02,98.23,197799
LAD,NYSE,2019/04/18 16:00:00,97.78,99.17,97.25,98.87,156459
LAD,NYSE,2019/04/22 16:00:00,98.32,98.97,95.63,95.9,167255
LAD,NYSE,2019/04/23 16:00:00,96.22,98.16,96.22,97.72,254867
LAD,NYSE,2019/04/24 16:00:00,99.88,106.99,99.03,104.92,625787
LAD,NYSE,2019/04/25 16:00:00,107.32,110.65,105.9,110.1,632811
LAD,NYSE,2019/04/26 16:00:00,105.52,112.92,104.66,112.62,599242
LAD,NYSE,2019/04/29 16:00:00,112.95,114.71,112.38,113.85,438428
LAD,NYSE,2019/04/30 16:00:00,114.13,114.81,113.2,113.52,255408
LAD,NYSE,2019/05/01 16:00:00,113.64,113.94,110.73,111.01,366707
LAD,NYSE,2019/05/02 16:00:00,110.6,113.34,110.6,112.92,229328
LAD,NYSE,2019/05/03 16:00:00,112.9,114.64,112.72,114.44,156450
LAD,NYSE,2019/05/06 16:00:00,114.46,116.22,114.1,115.59,239063
LAD,NYSE,2019/05/07 16:00:00,114.6,115.72,113.51,115.09,213325
LAD,NYSE,2019/05/08 16:00:00,115.05,115.47,113.2,113.86,168659
LAD,NYSE,2019/05/09 16:00:00,112.75,114.15,111.46,114.07,146780
LAD,NYSE,2019/05/10 16:00:00,113.78,114.64,112.32,114.26,213743
LAD,NYSE,2019/05/13 16:00:00,112.82,113.02,110.39,112.45,256033
LAD,NYSE,2019/05/14 16:00:00,112.8,113.61,112.1,113.37,160294
LAD,NYSE,2019/05/15 16:00:00,112.29,113.35,111.41,112.89,134850
LAD,NYSE,2019/05/16 16:00:00,113.36,114.71,112.83,114.41,167956
LAD,NYSE,2019/05/17 16:00:00,113.79,116.57,113.79,115.05,304172
LAD,NYSE,2019/05/20 16:00:00,114.67,116.01,114.09,114.31,120618
LAD,NYSE,2019/05/21 16:00:00,114.75,116.34,114.44,115.9,169721
LAD,NYSE,2019/05/22 16:00:00,114.69,115.73,113.78,114.52,157276
LAD,NYSE,2019/05/23 16:00:00,113.95,115.69,113,115.37,230307
LAD,NYSE,2019/05/24 16:00:00,115.78,117.48,115.51,116.3,187983
LAD,NYSE,2019/05/28 16:00:00,116.18,117.96,114.28,114.4,299629
LAD,NYSE,2019/05/29 16:00:00,113.88,115.05,111.67,115,141628
LAD,NYSE,2019/05/30 16:00:00,115.39,116.84,115,116.27,152517
LAD,NYSE,2019/05/31 16:00:00,115.82,116.52,113.79,114.15,328043
LAD,NYSE,2019/06/03 16:00:00,114.29,117.98,113.86,116.89,232075
LAD,NYSE,2019/06/04 16:00:00,118.04,121.96,117.04,119.12,375318
LAD,NYSE,2019/06/05 16:00:00,119.95,120.63,117.67,118.1,187327
LAD,NYSE,2019/06/06 16:00:00,117.84,117.84,114.66,116.92,167324
LAD,NYSE,2019/06/07 16:00:00,117.7,118.62,116.46,116.58,176906
LAD,NYSE,2019/06/10 16:00:00,116.79,118.89,116.79,117.62,166818
LAD,NYSE,2019/06/11 16:00:00,118.46,119.71,117.66,118.59,217832
LAD,NYSE,2019/06/12 16:00:00,118.4,118.75,115.84,118,159581
LAD,NYSE,2019/06/13 16:00:00,118.4,118.4,116.1,118.12,258393
LAD,NYSE,2019/06/14 16:00:00,118.43,118.43,116.06,116.35,260483
LAD,NYSE,2019/06/17 16:00:00,116.45,118.73,116.33,118.34,201360
LAD,NYSE,2019/06/18 16:00:00,118.77,120.56,117.43,119.15,193247
LAD,NYSE,2019/06/19 16:00:00,119.11,120,117.5,118.72,127549
LAD,NYSE,2019/06/20 16:00:00,119.77,120.9,118.52,120.57,243506
LAD,NYSE,2019/06/21 16:00:00,120.6,121.08,119.03,119.28,358441
LAD,NYSE,2019/06/24 16:00:00,119.23,119.23,117.6,117.85,168107
LAD,NYSE,2019/06/25 16:00:00,118.15,118.15,116.01,116.83,187076
LAD,NYSE,2019/06/26 16:00:00,117.19,120.7,115.38,120.02,258932
LAD,NYSE,2019/06/27 16:00:00,120.36,120.82,118.21,119.74,284382
LAD,NYSE,2019/06/28 16:00:00,119.93,121.2,118.43,118.78,439898
LAD,NYSE,2019/07/01 16:00:00,120,121.31,119.09,119.84,231459
LAD,NYSE,2019/07/02 16:00:00,119.84,121.53,118.51,121.42,218583
LAD,NYSE,2019/07/03 13:00:00,121.67,124.13,121.26,124.05,183204
LAD,NYSE,2019/07/05 16:00:00,123.43,124.23,121.99,122.37,131407
LAD,NYSE,2019/07/08 16:00:00,120.05,122.02,118.12,118.8,255039
LAD,NYSE,2019/07/09 16:00:00,118.73,119.29,116.98,119.18,221229
LAD,NYSE,2019/07/10 16:00:00,120.03,120.46,118.13,118.31,229528
LAD,NYSE,2019/07/11 16:00:00,118.54,119.96,118.26,119.16,134000
LAD,NYSE,2019/07/12 16:00:00,119.37,121.5,118.76,119.25,231338
LAD,NYSE,2019/07/15 16:00:00,119.48,121.3,118.47,119.45,181570
LAD,NYSE,2019/07/16 16:00:00,119.11,120.01,117.84,119.38,193249
LAD,NYSE,2019/07/17 16:00:00,120.05,120.05,116.63,117.55,285868
LAD,NYSE,2019/07/18 16:00:00,117.42,117.47,115.4,116.53,272215
LAD,NYSE,2019/07/19 16:00:00,116.18,118.63,115.61,117.03,262569
LAD,NYSE,2019/07/22 16:00:00,116.99,118.29,115.41,116.21,206821
LAD,NYSE,2019/07/23 16:00:00,117.08,119.95,116.49,118.25,406924
LAD,NYSE,2019/07/24 16:00:00,121.99,134.84,119.66,133.34,940269
LAD,NYSE,2019/07/25 16:00:00,133.92,137.35,132.71,136.44,516493
LAD,NYSE,2019/07/26 16:00:00,137.09,139.18,134.87,135.12,457252
LAD,NYSE,2019/07/29 16:00:00,135,135.79,132.45,135.29,436774
LAD,NYSE,2019/07/30 16:00:00,135.02,135.02,129.5,131.59,422128
LAD,NYSE,2019/07/31 16:00:00,132.05,134.15,130.59,131.88,271311
LAD,NYSE,2019/08/01 16:00:00,132.07,132.87,127.22,128.92,331720
LAD,NYSE,2019/08/02 16:00:00,129.19,131.15,127.12,129.62,259377
LAD,NYSE,2019/08/05 16:00:00,127.37,128.46,125.59,127.82,255829
LAD,NYSE,2019/08/06 16:00:00,128.13,129.5,127.07,128.77,206900
LAD,NYSE,2019/08/07 16:00:00,127.49,128.21,125.18,126.43,228831
LAD,NYSE,2019/08/08 16:00:00,126.94,129.03,126.48,128.76,153812
LAD,NYSE,2019/08/09 16:00:00,128,129.3,127.37,128.47,164682
LAD,NYSE,2019/08/12 16:00:00,128.35,130.49,127.68,128.71,134547
LAD,NYSE,2019/08/13 16:00:00,128.69,132.86,127.41,131.54,217511
LAD,NYSE,2019/08/14 16:00:00,129.16,129.58,127.8,128.25,176329
LAD,NYSE,2019/08/15 16:00:00,128.21,128.91,123.35,125.62,242847
LAD,NYSE,2019/08/16 16:00:00,126.55,130.53,126.55,129.63,164063
LAD,NYSE,2019/08/19 16:00:00,131.95,132.08,130.37,131.24,122179
LAD,NYSE,2019/08/20 16:00:00,131.79,131.79,129.21,129.48,149557
LAD,NYSE,2019/08/21 16:00:00,130.41,130.9,129.07,130.23,110514
LAD,NYSE,2019/08/22 16:00:00,131.03,131.26,129.14,130.36,90677
LAD,NYSE,2019/08/23 16:00:00,129.76,131.11,126.63,126.96,177867
LAD,NYSE,2019/08/26 16:00:00,128,129.89,126.92,129.05,177916
LAD,NYSE,2019/08/27 16:00:00,130.26,130.3,125.81,126.06,187111
LAD,NYSE,2019/08/28 16:00:00,125.48,131.47,125.01,130.92,228919
LAD,NYSE,2019/08/29 16:00:00,131.72,135.2,131.44,131.67,168837
LAD,NYSE,2019/08/30 16:00:00,131.75,133.26,130,131.07,185184
LAD,NYSE,2019/09/03 16:00:00,130.28,132.29,128.75,128.99,256442
LAD,NYSE,2019/09/04 16:00:00,129.94,129.94,127.94,128.49,188482
LAD,NYSE,2019/09/05 16:00:00,130.24,133.76,129.77,132.42,205395
LAD,NYSE,2019/09/06 16:00:00,133.11,134,131.81,132.15,153974
LAD,NYSE,2019/09/09 16:00:00,132.78,136.78,132.03,135.32,290685
LAD,NYSE,2019/09/10 16:00:00,135.19,137.9,134.24,136.13,263587
LAD,NYSE,2019/09/11 16:00:00,136.26,137,130.7,133,217072
LAD,NYSE,2019/09/12 16:00:00,133.4,135.4,132.26,132.78,258453
LAD,NYSE,2019/09/13 16:00:00,130.6,130.74,125.01,128.15,363659
LAD,NYSE,2019/09/16 16:00:00,127.74,129.76,127.59,129.47,178709
LAD,NYSE,2019/09/17 16:00:00,129.32,135.22,128.74,132.4,320364
LAD,NYSE,2019/09/18 16:00:00,132.68,132.68,128.72,130.89,143154
LAD,NYSE,2019/09/19 16:00:00,131.49,131.52,128.61,129.92,148470
LAD,NYSE,2019/09/20 16:00:00,130.16,132.26,128.17,130.16,398464
LAD,NYSE,2019/09/23 16:00:00,129.81,132.49,129.15,131.02,119444
LAD,NYSE,2019/09/24 16:00:00,132,133.75,129.19,130.83,211277
LAD,NYSE,2019/09/25 16:00:00,130.81,132.76,130.42,130.54,187709
LAD,NYSE,2019/09/26 16:00:00,130.42,131.06,127.5,130.71,109676
LAD,NYSE,2019/09/27 16:00:00,131.61,132.16,129.86,130.23,137212
LAD,NYSE,2019/09/30 16:00:00,130.4,133.26,130.4,132.38,196481
LAD,NYSE,2019/10/01 16:00:00,132.53,135.55,128.05,129.33,204237
LAD,NYSE,2019/10/02 16:00:00,128.85,128.85,124.9,126.32,166091
LAD,NYSE,2019/10/03 16:00:00,125.93,127.7,124.65,126.22,138801
LAD,NYSE,2019/10/04 16:00:00,126.7,127.24,125.08,126.18,127978
LAD,NYSE,2019/10/07 16:00:00,126.06,127.35,124.21,125.87,152005
LAD,NYSE,2019/10/08 16:00:00,124.77,124.98,120.44,121.05,240555
LAD,NYSE,2019/10/09 16:00:00,122.45,125.97,121.77,124.6,137815
LAD,NYSE,2019/10/10 16:00:00,124.72,126.97,124.01,125.52,148795
LAD,NYSE,2019/10/11 16:00:00,127.85,131.45,125.96,126.29,219265
LAD,NYSE,2019/10/14 16:00:00,126.09,127.8,125.1,126.53,126689
LAD,NYSE,2019/10/15 16:00:00,127.16,129.27,126.75,128.05,149924
LAD,NYSE,2019/10/16 16:00:00,128.44,131,127,127.23,197770
LAD,NYSE,2019/10/17 16:00:00,128.1,128.54,126.7,128.19,170957
LAD,NYSE,2019/10/18 16:00:00,127.23,130.57,127.23,130.39,274135
LAD,NYSE,2019/10/21 16:00:00,130.9,136.01,129.92,135.65,517243
LAD,NYSE,2019/10/22 16:00:00,135.79,136.01,127.53,130.32,440558
LAD,NYSE,2019/10/23 16:00:00,137.69,153.28,137,152.85,934627
LAD,NYSE,2019/10/24 16:00:00,154.5,159.16,151.5,154.29,530660
LAD,NYSE,2019/10/25 16:00:00,153.93,157.42,153.73,156.03,196252
LAD,NYSE,2019/10/28 16:00:00,156,159.94,155.79,157.18,259858
LAD,NYSE,2019/10/29 16:00:00,157.35,160.77,155.24,159.67,323052
LAD,NYSE,2019/10/30 16:00:00,159.83,160.32,157.1,157.6,166957
LAD,NYSE,2019/10/31 16:00:00,157.09,157.76,154.72,157.48,154432
LAD,NYSE,2019/11/01 16:00:00,158.76,160.36,157.63,159.77,121794
LAD,NYSE,2019/11/04 16:00:00,161.64,162.47,158.89,160.18,182876
LAD,NYSE,2019/11/05 16:00:00,161.19,162.65,158.56,160.15,151032
LAD,NYSE,2019/11/06 16:00:00,159.7,161,156.19,157.43,153099
LAD,NYSE,2019/11/07 16:00:00,158.57,160,156.04,156.72,285922
LAD,NYSE,2019/11/08 16:00:00,157.14,159.88,156.74,159.58,298020
LAD,NYSE,2019/11/11 16:00:00,157.82,161.52,157.51,161.39,172342
LAD,NYSE,2019/11/12 16:00:00,161.9,165.27,161.67,162.18,216744
LAD,NYSE,2019/11/13 16:00:00,161.18,162.3,159.49,161.57,148727
LAD,NYSE,2019/11/14 16:00:00,162.27,164.37,159.8,161.18,224547
LAD,NYSE,2019/11/15 16:00:00,161.67,162.26,159.23,160.86,205536
LAD,NYSE,2019/11/18 16:00:00,160.81,164.15,159.59,162.52,122383
LAD,NYSE,2019/11/19 16:00:00,162.93,164.45,160.61,162.82,179748
LAD,NYSE,2019/11/20 16:00:00,162.48,163.79,158.62,161.33,152449
LAD,NYSE,2019/11/21 16:00:00,162.49,162.84,158.13,160.28,142612
LAD,NYSE,2019/11/22 16:00:00,160.93,162.75,159.29,160.53,131513
LAD,NYSE,2019/11/25 16:00:00,160.96,164.44,160.5,163.48,160157
LAD,NYSE,2019/11/26 16:00:00,163.33,163.82,161.22,162.31,219889
LAD,NYSE,2019/11/27 16:00:00,162.86,163.93,162.14,163.68,101453
LAD,NYSE,2019/11/29 13:00:00,162.91,163.79,160.58,160.58,69612
LAD,NYSE,2019/12/02 16:00:00,160.61,161.66,158.34,159.3,104668
LAD,NYSE,2019/12/03 16:00:00,157.64,159.42,156.46,157.14,183505
LAD,NYSE,2019/12/04 16:00:00,158.04,159.67,156.79,157.07,156173
LAD,NYSE,2019/12/05 16:00:00,157.44,158.37,155.64,156.55,176151
LAD,NYSE,2019/12/06 16:00:00,158.03,161.92,157.95,159.95,158598
LAD,NYSE,2019/12/09 16:00:00,159.47,159.83,157.39,158.05,161371
LAD,NYSE,2019/12/10 16:00:00,157.92,159.86,157.01,158.91,131815
LAD,NYSE,2019/12/11 16:00:00,159.22,161.98,158.27,161.61,107408
LAD,NYSE,2019/12/12 16:00:00,161.4,164.56,158.85,163.58,282617
LAD,NYSE,2019/12/13 16:00:00,163.58,163.98,156.78,157.29,128480
LAD,NYSE,2019/12/16 16:00:00,158.42,159.57,153.48,154.16,248383
LAD,NYSE,2019/12/17 16:00:00,154.77,155.74,153.15,155.51,195430
LAD,NYSE,2019/12/18 16:00:00,157.1,159.5,155.93,158.9,167999
LAD,NYSE,2019/12/19 16:00:00,160.26,162,158.33,161.16,271385
LAD,NYSE,2019/12/20 16:00:00,161.54,162.19,157.37,158.29,886524
LAD,NYSE,2019/12/23 16:00:00,158.22,159.02,147.66,148.49,244577
LAD,NYSE,2019/12/24 13:00:00,148.1,149.7,147.8,148.86,103854
LAD,NYSE,2019/12/26 16:00:00,148.86,148.91,146.53,148.23,113756
LAD,NYSE,2019/12/27 16:00:00,148.1,149.13,146.39,148.49,175480
LAD,NYSE,2019/12/30 16:00:00,148.5,149.08,146.16,147.3,117900
LAD,NYSE,2019/12/31 16:00:00,146.84,148.64,146.84,147,150645
LAD,NYSE,2020/01/02 16:00:00,147.74,148.44,145.51,147.37,186308
LAD,NYSE,2020/01/03 16:00:00,146.21,146.56,144.24,146.12,165060
LAD,NYSE,2020/01/06 16:00:00,145.09,145.24,141.04,141.68,230313
LAD,NYSE,2020/01/07 16:00:00,141.31,144.53,140.32,142.73,232906
LAD,NYSE,2020/01/08 16:00:00,142.01,143.55,138.56,139.41,165428
LAD,NYSE,2020/01/09 16:00:00,142.03,142.03,137.5,138.9,349832
LAD,NYSE,2020/01/10 16:00:00,139.4,140.25,138.14,139.23,163643
LAD,NYSE,2020/01/13 16:00:00,139.19,143.5,138.49,143.38,178809
LAD,NYSE,2020/01/14 16:00:00,142.38,143.1,141.16,141.71,251064
LAD,NYSE,2020/01/15 16:00:00,141,141.97,139.69,141.07,116227
LAD,NYSE,2020/01/16 16:00:00,141.87,142.97,140.78,141.3,115407
LAD,NYSE,2020/01/17 16:00:00,142.57,143.75,141.23,143.39,187716
LAD,NYSE,2020/01/21 16:00:00,143.09,144.97,142.16,144.63,193466
LAD,NYSE,2020/01/22 16:00:00,144.94,146.34,141.45,141.77,178484
LAD,NYSE,2020/01/23 16:00:00,141.62,144.07,140.37,143.57,143666
LAD,NYSE,2020/01/24 16:00:00,143.41,143.41,136.84,137.89,159405
LAD,NYSE,2020/01/27 16:00:00,136,141.39,135.75,139.41,152084
LAD,NYSE,2020/01/28 16:00:00,140.38,141.98,139.97,141.33,150615
LAD,NYSE,2020/01/29 16:00:00,142.41,144.05,141.3,142.75,257887
LAD,NYSE,2020/01/30 16:00:00,141.05,143.37,140.9,142.92,125488
LAD,NYSE,2020/01/31 16:00:00,142.73,142.73,135.48,135.64,229532
LAD,NYSE,2020/02/03 16:00:00,136.86,141.98,136.86,139.8,178613
LAD,NYSE,2020/02/04 16:00:00,141.41,142.23,138.32,138.52,126618
LAD,NYSE,2020/02/05 16:00:00,140.27,142.03,139.24,141.91,150788
LAD,NYSE,2020/02/06 16:00:00,142.19,142.76,139.35,140.34,149128
LAD,NYSE,2020/02/07 16:00:00,140.11,140.11,131.02,133.45,238160
LAD,NYSE,2020/02/10 16:00:00,132.57,136.62,132.19,136.37,295117
LAD,NYSE,2020/02/11 16:00:00,138.5,143.29,138.01,140.11,330274
LAD,NYSE,2020/02/12 16:00:00,135,137.92,126.95,128.75,898406
LAD,NYSE,2020/02/13 16:00:00,126.74,132.57,126.74,130.87,260753
LAD,NYSE,2020/02/14 16:00:00,130.73,131.26,128.62,131,199090
LAD,NYSE,2020/02/18 16:00:00,131,132.54,129.51,129.8,138988
LAD,NYSE,2020/02/19 16:00:00,130.32,132.08,129,131.22,139012
LAD,NYSE,2020/02/20 16:00:00,130.83,131.64,129.05,131.04,135900
LAD,NYSE,2020/02/21 16:00:00,131.2,131.76,128.64,129.39,142872
LAD,NYSE,2020/02/24 16:00:00,127.87,129.9,127,128.14,186122
LAD,NYSE,2020/02/25 16:00:00,128.72,130.43,126.67,126.9,161868
LAD,NYSE,2020/02/26 16:00:00,127.41,128.43,124.18,124.51,216844
LAD,NYSE,2020/02/27 16:00:00,121.21,125.51,120.2,120.52,268693
LAD,NYSE,2020/02/28 16:00:00,117.15,119.28,113.6,119.16,300388
LAD,NYSE,2020/03/02 16:00:00,119.43,120.62,115.76,120.35,252274
LAD,NYSE,2020/03/03 16:00:00,120,124.57,115.71,116.44,213120
LAD,NYSE,2020/03/04 16:00:00,117.84,117.97,115.02,116.63,275639
LAD,NYSE,2020/03/05 16:00:00,113.92,115.57,112.93,114.98,202911
LAD,NYSE,2020/03/06 16:00:00,111.8,113.99,109.76,111.77,185443
LAD,NYSE,2020/03/09 16:00:00,102.41,106.11,101.7,103.85,300684
LAD,NYSE,2020/03/10 16:00:00,106.57,108.05,102.5,103.74,355610
LAD,NYSE,2020/03/11 16:00:00,101.12,106,100.25,101.78,491607
LAD,NYSE,2020/03/12 16:00:00,96.94,101.31,86.98,90.3,435866
LAD,NYSE,2020/03/13 16:00:00,95.66,98,91,95.4,363384
LAD,NYSE,2020/03/16 16:00:00,80.14,89.88,74.39,76.06,376226
LAD,NYSE,2020/03/17 16:00:00,77.28,80.85,74.21,75.4,542791
LAD,NYSE,2020/03/18 16:00:00,71.38,73,55.74,63.38,450718
LAD,NYSE,2020/03/19 16:00:00,62.05,71.86,59.98,68.5,373619
LAD,NYSE,2020/03/20 16:00:00,69.39,71.45,63.32,65.7,569595
LAD,NYSE,2020/03/23 16:00:00,64.86,71.59,63.26,70.52,610717
LAD,NYSE,2020/03/24 16:00:00,74.44,83.97,73.72,83.66,364190
LAD,NYSE,2020/03/25 16:00:00,83.59,92.71,80.47,88.06,387024
LAD,NYSE,2020/03/26 16:00:00,88.24,92.55,88.24,90.64,365400
LAD,NYSE,2020/03/27 16:00:00,87.05,88.78,81.94,83.47,355306
LAD,NYSE,2020/03/30 16:00:00,83.85,83.85,75,78.94,457596
LAD,NYSE,2020/03/31 16:00:00,82.18,82.86,78.51,81.79,353497
LAD,NYSE,2020/04/01 16:00:00,78.06,78.41,71.71,73.05,331312
LAD,NYSE,2020/04/02 16:00:00,71.27,76.02,68.49,70.27,217684
LAD,NYSE,2020/04/03 16:00:00,69.75,69.75,64.77,67.1,276970
LAD,NYSE,2020/04/06 16:00:00,70.15,76.52,69.44,72.5,465270
LAD,NYSE,2020/04/07 16:00:00,77,80.9,72.46,74.41,465909
LAD,NYSE,2020/04/08 16:00:00,75.94,79.29,73.19,77.87,348186
LAD,NYSE,2020/04/09 16:00:00,80.5,87,79.97,83.91,347911
LAD,NYSE,2020/04/13 16:00:00,83.85,85.12,79.8,84.58,253994
LAD,NYSE,2020/04/14 16:00:00,85.01,89.98,84.71,88.36,275054
LAD,NYSE,2020/04/15 16:00:00,83.59,87.27,82.45,86.65,354747
LAD,NYSE,2020/04/16 16:00:00,86.25,88.7,84.13,88.33,461378
LAD,NYSE,2020/04/17 16:00:00,91.88,96.24,91.57,95.94,455173
LAD,NYSE,2020/04/20 16:00:00,93.54,94.69,89.51,90.63,334602
LAD,NYSE,2020/04/21 16:00:00,87.19,89.28,86.14,87.95,199002
LAD,NYSE,2020/04/22 16:00:00,91.35,97.22,87.67,95.41,518485
LAD,NYSE,2020/04/23 16:00:00,94.18,99.73,94.18,97.67,524386
LAD,NYSE,2020/04/24 16:00:00,99.2,105.92,99.2,104.37,306293
LAD,NYSE,2020/04/27 16:00:00,106.2,110.82,105.36,106.89,299328
LAD,NYSE,2020/04/28 16:00:00,109.96,114.81,109.14,112.54,319519
LAD,NYSE,2020/04/29 16:00:00,116.46,122.25,115.1,118.5,378749
LAD,NYSE,2020/04/30 16:00:00,115.88,115.88,108.11,110.56,268652
LAD,NYSE,2020/05/01 16:00:00,107.12,108.21,104.74,108.13,188644
LAD,NYSE,2020/05/04 16:00:00,105.48,109.16,104.25,108.94,151422
LAD,NYSE,2020/05/05 16:00:00,109.84,113.42,106.63,106.98,150088
LAD,NYSE,2020/05/06 16:00:00,107.7,108.56,103.63,105.11,252416
LAD,NYSE,2020/05/07 16:00:00,105.87,108.88,105.67,106.63,165579
LAD,NYSE,2020/05/08 16:00:00,109.39,114.33,109.04,113.56,152494
LAD,NYSE,2020/05/11 16:00:00,112.81,113.24,108.21,110.17,162082
LAD,NYSE,2020/05/12 16:00:00,111.25,111.72,103.72,103.99,207407
LAD,NYSE,2020/05/13 16:00:00,102.12,103,95,96.67,320055
LAD,NYSE,2020/05/14 16:00:00,93.94,103.95,93.38,103.88,270744
LAD,NYSE,2020/05/15 16:00:00,102.64,104.15,101.36,103.87,181681
LAD,NYSE,2020/05/18 16:00:00,110.54,116.89,109.38,116.2,230777
LAD,NYSE,2020/05/19 16:00:00,115.26,120.33,112.85,116,264020
LAD,NYSE,2020/05/20 16:00:00,118,118.7,115.33,115.69,164887
LAD,NYSE,2020/05/21 16:00:00,115.28,120.22,114.5,118.73,170815
LAD,NYSE,2020/05/22 16:00:00,119.24,119.24,115.65,118.94,111094
LAD,NYSE,2020/05/26 16:00:00,125.53,126.58,119.93,121.73,200808
LAD,NYSE,2020/05/27 16:00:00,125.73,130,123.64,129.75,305751
LAD,NYSE,2020/05/28 16:00:00,131.48,131.48,121.57,122.24,176591
LAD,NYSE,2020/05/29 16:00:00,120.93,121.62,118.09,120.59,213625
LAD,NYSE,2020/06/01 16:00:00,121.56,125.17,121.56,122.76,158328
LAD,NYSE,2020/06/02 16:00:00,125.17,130.18,124,128.63,189827
LAD,NYSE,2020/06/03 16:00:00,130.72,136.66,130.03,134.99,224529
LAD,NYSE,2020/06/04 16:00:00,133.49,138.38,133,136.12,184732
LAD,NYSE,2020/06/05 16:00:00,143.61,152.66,143.05,146.51,385486
LAD,NYSE,2020/06/08 16:00:00,148.22,149.94,143.38,143.62,174580
LAD,NYSE,2020/06/09 16:00:00,141.78,143.2,137.79,141.45,142517
LAD,NYSE,2020/06/10 16:00:00,141,141,134.81,137.71,242605
LAD,NYSE,2020/06/11 16:00:00,130.82,132.16,123.69,124.67,311406
LAD,NYSE,2020/06/12 16:00:00,130.43,131.45,124.41,127.66,185752
LAD,NYSE,2020/06/15 16:00:00,122.23,137.6,121.43,134.94,277953
LAD,NYSE,2020/06/16 16:00:00,142.83,142.83,133.5,137.49,167521
LAD,NYSE,2020/06/17 16:00:00,138.24,138.67,134.51,138.34,227646
LAD,NYSE,2020/06/18 16:00:00,136.41,143.75,136.41,141.29,257200
LAD,NYSE,2020/06/19 16:00:00,143.72,144.11,139.36,142.41,470275
LAD,NYSE,2020/06/22 16:00:00,143.83,149.99,142.5,148.95,348241
LAD,NYSE,2020/06/23 16:00:00,150,150.99,145.97,148.43,366473
LAD,NYSE,2020/06/24 16:00:00,146.21,146.21,140.51,143.51,281641
LAD,NYSE,2020/06/25 16:00:00,143.16,149.44,141.09,149.06,249700
LAD,NYSE,2020/06/26 16:00:00,149,150.49,142.44,143.22,356175
LAD,NYSE,2020/06/29 16:00:00,146.92,154.23,145.05,153.14,277847
LAD,NYSE,2020/06/30 16:00:00,152.73,154.88,150.88,151.33,274372
LAD,NYSE,2020/07/01 16:00:00,151.95,156.84,151.33,154.95,327482
LAD,NYSE,2020/07/02 16:00:00,158.6,160.61,154.6,155.49,171208
LAD,NYSE,2020/07/06 16:00:00,159.07,161.28,155.92,157.96,229368
LAD,NYSE,2020/07/07 16:00:00,158.81,160.67,156,160.18,237799
LAD,NYSE,2020/07/08 16:00:00,160.93,161.52,154.68,160.41,271935
LAD,NYSE,2020/07/09 16:00:00,160.19,160.34,153.32,157.68,235167
LAD,NYSE,2020/07/10 16:00:00,159.4,165.09,158.55,164.78,158006
LAD,NYSE,2020/07/13 16:00:00,167,168.31,160.46,160.87,307795
LAD,NYSE,2020/07/14 16:00:00,160.93,169.03,160.17,168.86,289240
LAD,NYSE,2020/07/15 16:00:00,173.22,176.69,170.14,174.99,290928
LAD,NYSE,2020/07/16 16:00:00,174.39,176.35,170.78,173.43,167096
LAD,NYSE,2020/07/17 16:00:00,174.66,175.02,167.88,173.45,382293
LAD,NYSE,2020/07/20 16:00:00,174,174.97,169.04,171.47,193723
LAD,NYSE,2020/07/21 16:00:00,173,178,173,174.79,308720
LAD,NYSE,2020/07/22 16:00:00,190.82,211.36,189.2,210.7,1247632
LAD,NYSE,2020/07/23 16:00:00,212.28,231.36,212.28,220.59,949210
LAD,NYSE,2020/07/24 16:00:00,218.41,230.46,218.22,228.66,517091
LAD,NYSE,2020/07/27 16:00:00,226.67,231.05,215.7,226.5,738887
LAD,NYSE,2020/07/28 16:00:00,226.19,232.48,222.67,223.03,229827
LAD,NYSE,2020/07/29 16:00:00,225,242.06,224.46,241.62,671062
LAD,NYSE,2020/07/30 16:00:00,238.08,240.29,230,232.8,265330
LAD,NYSE,2020/07/31 16:00:00,232.8,234.98,220.64,229.15,331476
LAD,NYSE,2020/08/03 16:00:00,231.1,235.73,229.38,234.79,307571
LAD,NYSE,2020/08/04 16:00:00,232.18,238.21,230.71,236.57,246524
LAD,NYSE,2020/08/05 16:00:00,239.55,243.49,235.05,242.44,227579
LAD,NYSE,2020/08/06 16:00:00,242.44,245.63,240.81,242.5,176073
LAD,NYSE,2020/08/07 16:00:00,242.01,244.78,238.6,241.23,200794
LAD,NYSE,2020/08/10 16:00:00,241.12,242.21,235.71,239.44,218833
LAD,NYSE,2020/08/11 16:00:00,242.64,251.48,240,246.52,357237
LAD,NYSE,2020/08/12 16:00:00,246.54,259.98,244.26,258.97,365205
LAD,NYSE,2020/08/13 16:00:00,255.68,263,251.11,259.3,429962
LAD,NYSE,2020/08/14 16:00:00,258.04,258.85,253.08,258.46,258836
LAD,NYSE,2020/08/17 16:00:00,260.97,268.51,258.31,266.07,296014
LAD,NYSE,2020/08/18 16:00:00,266.88,278.14,264.81,273.4,489523
LAD,NYSE,2020/08/19 16:00:00,274.6,275,260,261.51,360014
LAD,NYSE,2020/08/20 16:00:00,257.93,263.12,255.48,260.22,213138
LAD,NYSE,2020/08/21 16:00:00,258.5,263.69,257.76,261.52,173438
LAD,NYSE,2020/08/24 16:00:00,265.66,265.98,259.49,262.5,160660
LAD,NYSE,2020/08/25 16:00:00,262.22,267.05,257.66,266.74,230276
LAD,NYSE,2020/08/26 16:00:00,253,262.2,250,253.84,848302
LAD,NYSE,2020/08/27 16:00:00,255.45,257.37,247.55,249.34,507889
LAD,NYSE,2020/08/28 16:00:00,252.83,252.83,243.08,247.57,423244
LAD,NYSE,2020/08/31 16:00:00,246.62,254,243.23,248.96,4848537
LAD,NYSE,2020/09/01 16:00:00,247.91,260.86,247.01,258.32,514042
LAD,NYSE,2020/09/02 16:00:00,260.69,261.41,252.7,257.78,310735
LAD,NYSE,2020/09/03 16:00:00,258.08,259.11,244.45,246.13,382949
LAD,NYSE,2020/09/04 16:00:00,248.88,252.45,235.06,243.11,300396
LAD,NYSE,2020/09/08 16:00:00,238.74,246.8,237.04,240.87,258962
LAD,NYSE,2020/09/09 16:00:00,243.25,249.83,241.17,247.79,261895
LAD,NYSE,2020/09/10 16:00:00,250.11,252.47,242.24,243.53,200116
LAD,NYSE,2020/09/11 16:00:00,246.33,246.89,235.43,239.24,248045
LAD,NYSE,2020/09/14 16:00:00,242.24,244.35,237.38,243.82,208348
LAD,NYSE,2020/09/15 16:00:00,246.03,246.95,240.27,241.25,175485
LAD,NYSE,2020/09/16 16:00:00,243.51,243.69,236.82,237.03,256000
LAD,NYSE,2020/09/17 16:00:00,232.29,237.78,231.02,235.12,223500
LAD,NYSE,2020/09/18 16:00:00,240.8,245.99,226.49,228.81,532111
LAD,NYSE,2020/09/21 16:00:00,224.19,229.13,217.15,222.68,324714
LAD,NYSE,2020/09/22 16:00:00,226.8,234.21,226.16,228.49,244593
LAD,NYSE,2020/09/23 16:00:00,231.16,232,224.86,225.53,229607
LAD,NYSE,2020/09/24 16:00:00,224.51,228.31,220.58,221.59,292459
LAD,NYSE,2020/09/25 16:00:00,220.97,222.91,216.36,218.19,194548
LAD,NYSE,2020/09/28 16:00:00,223.99,229.9,221.09,228.32,219195
LAD,NYSE,2020/09/29 16:00:00,228.04,228.32,222.3,222.95,185084
LAD,NYSE,2020/09/30 16:00:00,220.04,229.9,215.21,227.94,812038
LAD,NYSE,2020/10/01 16:00:00,235,248.38,232.24,246.77,2596456
LAD,NYSE,2020/10/02 16:00:00,242.12,274.86,241.51,271.51,1764227
LAD,NYSE,2020/10/05 16:00:00,272.27,284.63,271.89,282.18,1078438
LAD,NYSE,2020/10/06 16:00:00,283.7,285.99,263.44,269.09,626271
LAD,NYSE,2020/10/07 16:00:00,275.87,288.56,274.22,283.79,472980
LAD,NYSE,2020/10/08 16:00:00,285.1,285.83,274.26,281.01,542269
LAD,NYSE,2020/10/09 16:00:00,284.16,285.81,278.53,283.62,307824
LAD,NYSE,2020/10/12 16:00:00,285,285.66,269.46,270.46,349283
LAD,NYSE,2020/10/13 16:00:00,269.9,275.44,266.3,266.83,411977
LAD,NYSE,2020/10/14 16:00:00,271.09,273.75,261.17,266.32,327810
LAD,NYSE,2020/10/15 16:00:00,263.24,281.46,263.24,277.05,310656
LAD,NYSE,2020/10/16 16:00:00,276.76,279.09,269.21,274.77,272600
LAD,NYSE,2020/10/19 16:00:00,277.02,285.98,266.04,266.98,386987
LAD,NYSE,2020/10/20 16:00:00,268.74,269.71,257.13,260.03,571481
LAD,NYSE,2020/10/21 16:00:00,264.04,276,259.01,260.09,628589
LAD,NYSE,2020/10/22 16:00:00,262.58,264.99,249.25,250.15,572268
LAD,NYSE,2020/10/23 16:00:00,251.06,252.35,243.65,250.34,301809
LAD,NYSE,2020/10/26 16:00:00,245.8,246.45,234.5,241.3,439312
LAD,NYSE,2020/10/27 16:00:00,238.74,243.28,233.8,236.75,209885
LAD,NYSE,2020/10/28 16:00:00,230.6,236.31,228.65,233.49,256132
LAD,NYSE,2020/10/29 16:00:00,233.7,235.9,229.13,232.21,295049
LAD,NYSE,2020/10/30 16:00:00,230.32,232.92,225,229.57,271439
LAD,NYSE,2020/11/02 16:00:00,233.29,240.48,231.26,239.38,379852
LAD,NYSE,2020/11/03 16:00:00,244.35,250.13,240,249.18,337313
LAD,NYSE,2020/11/04 16:00:00,245.25,256.68,245.25,255.3,303482
LAD,NYSE,2020/11/05 16:00:00,258.14,265.81,258.14,265.1,284534
LAD,NYSE,2020/11/06 16:00:00,266.73,268.79,260.7,262.63,208960
LAD,NYSE,2020/11/09 16:00:00,266,273.69,258.35,258.83,343975
LAD,NYSE,2020/11/10 16:00:00,259.06,278.99,257.4,267.88,419459
LAD,NYSE,2020/11/11 16:00:00,267.88,270.31,256.19,266.37,235171
LAD,NYSE,2020/11/12 16:00:00,264.83,265.13,255.78,260.16,234449
LAD,NYSE,2020/11/13 16:00:00,262.82,269.22,260.28,266.04,199303
LAD,NYSE,2020/11/16 16:00:00,271.05,271.05,262.32,265.97,291803
LAD,NYSE,2020/11/17 16:00:00,265.57,270.55,259.74,269.46,197223
LAD,NYSE,2020/11/18 16:00:00,268.44,286.94,268.44,274.11,593289
LAD,NYSE,2020/11/19 16:00:00,274.01,282,271.24,281.45,350566
LAD,NYSE,2020/11/20 16:00:00,279.71,283.87,275.42,281.64,283044
LAD,NYSE,2020/11/23 16:00:00,285.88,297.21,282.02,293.06,350596
LAD,NYSE,2020/11/24 16:00:00,297.46,310.57,297.46,308.63,463488
LAD,NYSE,2020/11/25 16:00:00,306.58,306.78,294.52,301.87,239839
LAD,NYSE,2020/11/27 13:00:00,300.09,305.75,299.79,302.48,161912
LAD,NYSE,2020/11/30 16:00:00,302.48,302.75,284.63,289.3,357367
LAD,NYSE,2020/12/01 16:00:00,292.97,303.73,288.14,299.84,271041
LAD,NYSE,2020/12/02 16:00:00,295.94,297,287.02,290.33,275143
LAD,NYSE,2020/12/03 16:00:00,290.08,295.97,289.11,293.15,296662
LAD,NYSE,2020/12/04 16:00:00,296,297.99,288.28,294.69,313371
LAD,NYSE,2020/12/07 16:00:00,288.49,299.25,288.32,293.83,229002
LAD,NYSE,2020/12/08 16:00:00,293.82,296.88,288.57,291.39,265010
LAD,NYSE,2020/12/09 16:00:00,290.88,296.53,278.02,279.26,436540
LAD,NYSE,2020/12/10 16:00:00,275.76,276.92,269.14,272.55,275782
LAD,NYSE,2020/12/11 16:00:00,271.09,275.38,268.08,270.69,182373
LAD,NYSE,2020/12/14 16:00:00,276.88,282.01,269.31,269.56,234720
LAD,NYSE,2020/12/15 16:00:00,272.46,281.64,269.87,281.2,270226
LAD,NYSE,2020/12/16 16:00:00,283.76,288.54,283.01,287.74,307645
LAD,NYSE,2020/12/17 16:00:00,289.09,297.95,288.38,295.56,269836
LAD,NYSE,2020/12/18 16:00:00,297.16,297.16,282.62,284.37,530589
LAD,NYSE,2020/12/21 16:00:00,279,287.43,277.06,286.29,204612
LAD,NYSE,2020/12/22 16:00:00,285.61,287.86,276.32,279.28,200312
LAD,NYSE,2020/12/23 16:00:00,280.33,291.21,278.97,288.45,189983
LAD,NYSE,2020/12/24 13:00:00,288.4,290.89,283.06,290.01,143916
LAD,NYSE,2020/12/28 16:00:00,291.9,304.97,291.9,295.54,377413
LAD,NYSE,2020/12/29 16:00:00,295.34,295.34,272.76,284.1,423457
LAD,NYSE,2020/12/30 16:00:00,284.47,294.83,282.26,293.21,218112
LAD,NYSE,2020/12/31 16:00:00,291.35,296.13,286.75,292.67,176698
LAD,NYSE,2021/01/04 16:00:00,296.13,296.13,279.51,284.24,227808
LAD,NYSE,2021/01/05 16:00:00,286.08,296.3,285.85,294.78,197294
LAD,NYSE,2021/01/06 16:00:00,297.49,315.46,297.49,313.05,391464
LAD,NYSE,2021/01/07 16:00:00,313,320.71,312.28,319.82,271014
LAD,NYSE,2021/01/08 16:00:00,321.37,326.23,314.77,317.79,234062
LAD,NYSE,2021/01/11 16:00:00,313.22,320.67,311.07,319.19,176100
LAD,NYSE,2021/01/12 16:00:00,322.36,330.5,322.36,324.41,206697
LAD,NYSE,2021/01/13 16:00:00,319.94,321.77,306.94,315.86,261829
LAD,NYSE,2021/01/14 16:00:00,319.99,326.8,317.21,322.25,301227
LAD,NYSE,2021/01/15 16:00:00,317.07,319.34,305,309.62,329280
LAD,NYSE,2021/01/19 16:00:00,314.81,314.81,302.24,307.1,260227
LAD,NYSE,2021/01/20 16:00:00,310,327.35,309.34,327.17,305718
LAD,NYSE,2021/01/21 16:00:00,331.11,336.57,327.6,330.53,248968
LAD,NYSE,2021/01/22 16:00:00,326.27,340.67,326.27,338.03,353525
LAD,NYSE,2021/01/25 16:00:00,339.31,353.46,334.57,339.16,503691
LAD,NYSE,2021/01/26 16:00:00,342.75,347.57,338.85,342.72,344505
LAD,NYSE,2021/01/27 16:00:00,330.94,336.82,310.59,320.02,486537
LAD,NYSE,2021/01/28 16:00:00,321.69,325.6,308.6,319.72,327054
LAD,NYSE,2021/01/29 16:00:00,318.81,326.71,311.28,318.68,259565
LAD,NYSE,2021/02/01 16:00:00,323.41,341.96,322.88,336.03,422237
LAD,NYSE,2021/02/02 16:00:00,342,342.51,328.59,337.37,412223
LAD,NYSE,2021/02/03 16:00:00,334.95,351,324.17,338.45,439116
LAD,NYSE,2021/02/04 16:00:00,343,365.34,338.47,358.23,427270
LAD,NYSE,2021/02/05 16:00:00,365,372.41,350.29,369.25,213923
LAD,NYSE,2021/02/08 16:00:00,377.36,385.96,370.93,378.05,275321
LAD,NYSE,2021/02/09 16:00:00,379.49,392.6,373.54,390.85,296802
LAD,NYSE,2021/02/10 16:00:00,370.28,380.79,364.57,369.01,337812
LAD,NYSE,2021/02/11 16:00:00,371.92,377.86,362.7,373.79,317711
LAD,NYSE,2021/02/12 16:00:00,371.68,386.3,370.56,382.58,244153
LAD,NYSE,2021/02/16 16:00:00,385.33,386.93,373.12,373.38,210041
LAD,NYSE,2021/02/17 16:00:00,368.46,373.6,360.59,371.33,196195
LAD,NYSE,2021/02/18 16:00:00,369.16,373.41,362.79,370.76,150726
LAD,NYSE,2021/02/19 16:00:00,372.41,383.89,368.79,380.69,200900
LAD,NYSE,2021/02/22 16:00:00,372.56,378.82,366.83,370.74,195255
LAD,NYSE,2021/02/23 16:00:00,365,371.69,346.47,370.49,329795
LAD,NYSE,2021/02/24 16:00:00,374.03,388.62,366.98,387.15,206631
LAD,NYSE,2021/02/25 16:00:00,387.98,389.98,369.34,370.98,208629
LAD,NYSE,2021/02/26 16:00:00,373.23,382.2,361.99,373.95,319301
LAD,NYSE,2021/03/01 16:00:00,381,383.82,372.57,379.2,324244
LAD,NYSE,2021/03/02 16:00:00,380.82,385.68,374.39,374.5,530473
LAD,NYSE,2021/03/03 16:00:00,376.13,382.37,368.61,374.71,283387
LAD,NYSE,2021/03/04 16:00:00,368.47,379.72,347.63,357.97,456236
LAD,NYSE,2021/03/05 16:00:00,365.51,377.16,345.47,375.46,280659
LAD,NYSE,2021/03/08 16:00:00,377.82,388.59,375.27,377.82,369843
LAD,NYSE,2021/03/09 16:00:00,386,389.91,373.61,374.98,344344
LAD,NYSE,2021/03/10 16:00:00,383.23,398.06,376.33,396.17,551958
LAD,NYSE,2021/03/11 16:00:00,400,412.95,393.36,398.28,323459
LAD,NYSE,2021/03/12 16:00:00,402.7,402.7,390.27,395.92,231655
LAD,NYSE,2021/03/15 16:00:00,395.89,401.44,392.32,400,201136
LAD,NYSE,2021/03/16 16:00:00,402.9,407.92,396.76,404.55,241149
LAD,NYSE,2021/03/17 16:00:00,400.47,417.98,399.87,414.12,265641
LAD,NYSE,2021/03/18 16:00:00,409.36,415.5,398.81,400.26,258617
LAD,NYSE,2021/03/19 16:00:00,402.03,402.19,392.44,395.4,772728
LAD,NYSE,2021/03/22 16:00:00,391.85,394,375.28,383,330192
LAD,NYSE,2021/03/23 16:00:00,378.95,385.16,370.21,371.48,297752
LAD,NYSE,2021/03/24 16:00:00,373.77,380.32,361.35,361.88,276272
LAD,NYSE,2021/03/25 16:00:00,356.96,376,349.9,372.9,306770
LAD,NYSE,2021/03/26 16:00:00,377.03,378.52,364.69,377.93,253746
LAD,NYSE,2021/03/29 16:00:00,380.21,386.2,369.05,374.31,248426
LAD,NYSE,2021/03/30 16:00:00,377.02,401.65,375.02,399.71,346939
LAD,NYSE,2021/03/31 16:00:00,399.5,404,390.03,390.09,325771
LAD,NYSE,2021/04/01 16:00:00,391.8,398.71,388.67,398.55,174623
LAD,NYSE,2021/04/05 16:00:00,405.18,406,391.17,391.59,315286
LAD,NYSE,2021/04/06 16:00:00,395.27,399.86,379.67,382.68,329333
LAD,NYSE,2021/04/07 16:00:00,381.39,390.72,376.95,387.82,255619
LAD,NYSE,2021/04/08 16:00:00,391.58,396.3,383.5,393.82,204576
LAD,NYSE,2021/04/09 16:00:00,393.56,402.99,393.56,399.42,215750
WAL,NYSE,2019/04/01 16:00:00,41.85,42.37,41.37,42.27,1570340
WAL,NYSE,2019/04/02 16:00:00,42.05,42.65,42.01,42.42,1623323
WAL,NYSE,2019/04/03 16:00:00,42.99,43.4,42.84,43.09,1120302
WAL,NYSE,2019/04/04 16:00:00,43,43.93,43,43.63,645044
WAL,NYSE,2019/04/05 16:00:00,43.72,44.08,43.46,43.86,592287
WAL,NYSE,2019/04/08 16:00:00,43.71,44.16,43.61,44.02,483818
WAL,NYSE,2019/04/09 16:00:00,43.75,43.76,43.06,43.12,683709
WAL,NYSE,2019/04/10 16:00:00,43.09,43.44,42.6,43.32,748921
WAL,NYSE,2019/04/11 16:00:00,43.56,44,43.26,43.69,945304
WAL,NYSE,2019/04/12 16:00:00,44.42,45.08,43.95,44.86,917442
WAL,NYSE,2019/04/15 16:00:00,44.84,44.93,43.83,44.08,603039
WAL,NYSE,2019/04/16 16:00:00,44.2,44.94,43.88,44.92,902050
WAL,NYSE,2019/04/17 16:00:00,45,45.28,44.35,45.19,731021
WAL,NYSE,2019/04/18 16:00:00,45,45.08,44.1,44.3,918896
WAL,NYSE,2019/04/22 16:00:00,44.08,44.29,43.23,43.37,1370051
WAL,NYSE,2019/04/23 16:00:00,44.92,47.22,44.36,46.99,2819888
WAL,NYSE,2019/04/24 16:00:00,47.47,47.68,46.17,47.24,1132662
WAL,NYSE,2019/04/25 16:00:00,47.1,47.6,46.87,47.2,669926
WAL,NYSE,2019/04/26 16:00:00,47.05,47.93,46.94,47.8,603692
WAL,NYSE,2019/04/29 16:00:00,47.78,48.8,47.78,48.53,785913
WAL,NYSE,2019/04/30 16:00:00,48.71,48.71,47.63,47.78,840986
WAL,NYSE,2019/05/01 16:00:00,47.77,48.23,46.97,47.29,763496
WAL,NYSE,2019/05/02 16:00:00,47.34,48.3,47.3,48.03,647124
WAL,NYSE,2019/05/03 16:00:00,48.14,49.13,48,49.05,733352
WAL,NYSE,2019/05/06 16:00:00,47.93,48.86,47.67,48.64,822175
WAL,NYSE,2019/05/07 16:00:00,47.94,48.26,47.3,47.68,684099
WAL,NYSE,2019/05/08 16:00:00,47.51,47.76,47.01,47.03,333643
WAL,NYSE,2019/05/09 16:00:00,46.37,47.45,46.12,47.27,669980
WAL,NYSE,2019/05/10 16:00:00,47.01,47.78,46.65,47.63,537154
WAL,NYSE,2019/05/13 16:00:00,46.56,46.71,44.68,44.96,581294
WAL,NYSE,2019/05/14 16:00:00,45.03,45.91,44.6,45.49,1194052
WAL,NYSE,2019/05/15 16:00:00,44.99,44.99,44.02,44.69,409411
WAL,NYSE,2019/05/16 16:00:00,44.9,45.61,44.9,45.1,405619
WAL,NYSE,2019/05/17 16:00:00,44.57,45.5,44.47,44.56,407558
WAL,NYSE,2019/05/20 16:00:00,44.4,45.15,44.1,44.9,339446
WAL,NYSE,2019/05/21 16:00:00,45.13,45.57,45.11,45.25,873706
WAL,NYSE,2019/05/22 16:00:00,44.94,45.1,44,44.22,505614
WAL,NYSE,2019/05/23 16:00:00,43.77,43.8,43,43.38,670422
WAL,NYSE,2019/05/24 16:00:00,43.64,44.18,43.64,43.99,623567
WAL,NYSE,2019/05/28 16:00:00,43.72,44.06,43.28,43.5,763923
WAL,NYSE,2019/05/29 16:00:00,42.97,43.75,42.55,43.63,413275
WAL,NYSE,2019/05/30 16:00:00,43.73,43.81,41.97,42.43,396754
WAL,NYSE,2019/05/31 16:00:00,41.75,41.95,40.99,41.15,1007238
WAL,NYSE,2019/06/03 16:00:00,41.12,42.37,41.04,42.07,1175057
WAL,NYSE,2019/06/04 16:00:00,42.76,43.74,42.65,43.7,475818
WAL,NYSE,2019/06/05 16:00:00,44.16,44.8,43.63,44.4,1333939
WAL,NYSE,2019/06/06 16:00:00,44.49,44.58,43.68,44.35,708616
WAL,NYSE,2019/06/07 16:00:00,44.01,44.07,43.59,43.75,476180
WAL,NYSE,2019/06/10 16:00:00,44.22,44.64,43.79,43.91,546943
WAL,NYSE,2019/06/11 16:00:00,44.2,44.46,43.55,43.69,402751
WAL,NYSE,2019/06/12 16:00:00,43.7,43.81,42.95,43.16,656548
WAL,NYSE,2019/06/13 16:00:00,43.34,43.8,43.19,43.36,499121
WAL,NYSE,2019/06/14 16:00:00,43.36,43.73,42.69,43.64,551583
WAL,NYSE,2019/06/17 16:00:00,43.63,43.96,43.33,43.46,722446
WAL,NYSE,2019/06/18 16:00:00,43.31,44.34,43.06,43.83,747742
WAL,NYSE,2019/06/19 16:00:00,44.1,44.54,43.05,43.12,651824
WAL,NYSE,2019/06/20 16:00:00,43.3,43.48,42.19,43.08,687092
WAL,NYSE,2019/06/21 16:00:00,43,43.67,42.96,43.23,654869
WAL,NYSE,2019/06/24 16:00:00,43.22,43.64,42.66,42.95,450455
WAL,NYSE,2019/06/25 16:00:00,42.93,43.51,42.44,43.25,605107
WAL,NYSE,2019/06/26 16:00:00,43.56,43.84,43.18,43.67,501642
WAL,NYSE,2019/06/27 16:00:00,43.56,44.47,43.56,44.41,734558
WAL,NYSE,2019/06/28 16:00:00,44.98,45.3,44.13,44.72,1760587
WAL,NYSE,2019/07/01 16:00:00,45.16,45.49,44.43,45.04,726881
WAL,NYSE,2019/07/02 16:00:00,44.92,44.98,43.83,44.34,727359
WAL,NYSE,2019/07/03 13:00:00,44.55,44.68,44.2,44.64,264800
WAL,NYSE,2019/07/05 16:00:00,45,45.64,44.7,45.11,420690
WAL,NYSE,2019/07/08 16:00:00,44.66,44.74,43.96,44.15,493567
WAL,NYSE,2019/07/09 16:00:00,43.65,44.16,43.61,44.07,455446
WAL,NYSE,2019/07/10 16:00:00,44.06,44.08,43.28,43.64,670288
WAL,NYSE,2019/07/11 16:00:00,43.9,44.23,43.5,43.94,745697
WAL,NYSE,2019/07/12 16:00:00,44.04,45.17,43.77,45.12,798333
WAL,NYSE,2019/07/15 16:00:00,45.2,45.2,43.91,44.04,800915
WAL,NYSE,2019/07/16 16:00:00,44,44.3,43.58,44.18,532227
WAL,NYSE,2019/07/17 16:00:00,43.96,44.06,43.38,43.59,532269
WAL,NYSE,2019/07/18 16:00:00,43.47,44.47,43.18,44.47,1116613
WAL,NYSE,2019/07/19 16:00:00,45.76,47.78,45.7,46,1903181
WAL,NYSE,2019/07/22 16:00:00,46.17,46.54,45.71,46.39,926787
WAL,NYSE,2019/07/23 16:00:00,46.39,47.15,46.24,47.07,603992
WAL,NYSE,2019/07/24 16:00:00,47.07,48.69,46.91,48.53,677134
WAL,NYSE,2019/07/25 16:00:00,48.66,48.95,48.29,48.51,721890
WAL,NYSE,2019/07/26 16:00:00,48.54,49.72,48.35,49.7,714574
WAL,NYSE,2019/07/29 16:00:00,49.58,50.41,49.34,49.75,1303310
WAL,NYSE,2019/07/30 16:00:00,49.27,50.07,48.88,50.04,657259
WAL,NYSE,2019/07/31 16:00:00,49.89,50.36,49.14,49.44,960215
WAL,NYSE,2019/08/01 16:00:00,49.31,49.83,46.26,46.47,1119743
WAL,NYSE,2019/08/02 16:00:00,46.31,46.51,45.1,45.72,710157
WAL,NYSE,2019/08/05 16:00:00,44.77,45,43.53,44.35,1219715
WAL,NYSE,2019/08/06 16:00:00,44.8,45.05,43.76,44.67,995169
WAL,NYSE,2019/08/07 16:00:00,43.75,44.41,43.37,44.34,843039
WAL,NYSE,2019/08/08 16:00:00,44.91,45.41,44.56,45.32,647487
WAL,NYSE,2019/08/09 16:00:00,45,45.21,44.67,44.84,491589
WAL,NYSE,2019/08/12 16:00:00,44.15,44.4,43.6,43.73,479119
WAL,NYSE,2019/08/13 16:00:00,43.68,44.94,43.52,44.15,565354
WAL,NYSE,2019/08/14 16:00:00,42.95,43.48,42.26,42.49,1472203
WAL,NYSE,2019/08/15 16:00:00,42.47,42.75,41.68,41.83,827192
WAL,NYSE,2019/08/16 16:00:00,42.27,43.16,42.27,42.95,696313
WAL,NYSE,2019/08/19 16:00:00,43.8,44.1,43.42,43.61,1064515
WAL,NYSE,2019/08/20 16:00:00,43.39,43.64,43.05,43.31,398850
WAL,NYSE,2019/08/21 16:00:00,43.79,43.9,43.31,43.56,725981
WAL,NYSE,2019/08/22 16:00:00,43.89,44.16,43.21,43.57,678453
WAL,NYSE,2019/08/23 16:00:00,43.49,44.36,41.96,42.14,1143783
WAL,NYSE,2019/08/26 16:00:00,42.29,42.62,41.9,42.36,690674
WAL,NYSE,2019/08/27 16:00:00,42.62,42.74,41.3,41.44,681108
WAL,NYSE,2019/08/28 16:00:00,41.26,42.26,41.26,41.83,352322
WAL,NYSE,2019/08/29 16:00:00,42.29,43.34,42.29,43.2,593931
WAL,NYSE,2019/08/30 16:00:00,43.48,44.06,43.19,43.42,1226755
WAL,NYSE,2019/09/03 16:00:00,42.97,43.1,41.57,42.06,602428
WAL,NYSE,2019/09/04 16:00:00,42.46,42.69,42.07,42.5,285305
WAL,NYSE,2019/09/05 16:00:00,43.39,44.31,43.27,44.1,825289
WAL,NYSE,2019/09/06 16:00:00,44.11,44.37,43.61,43.75,624974
WAL,NYSE,2019/09/09 16:00:00,44.22,46.32,43.93,46.02,1099793
WAL,NYSE,2019/09/10 16:00:00,46.49,47.45,46.29,46.98,1169338
WAL,NYSE,2019/09/11 16:00:00,47.12,47.56,45.96,47.33,1052212
WAL,NYSE,2019/09/12 16:00:00,46.74,47.31,46.25,46.92,1130447
WAL,NYSE,2019/09/13 16:00:00,47.63,47.84,46.99,47.26,1301616
WAL,NYSE,2019/09/16 16:00:00,46.71,47.48,46.51,47.33,635723
WAL,NYSE,2019/09/17 16:00:00,47.11,47.11,46.48,46.68,1237744
WAL,NYSE,2019/09/18 16:00:00,46.35,47.35,46.06,47.23,840894
WAL,NYSE,2019/09/19 16:00:00,47.02,47.36,46.62,46.76,545026
WAL,NYSE,2019/09/20 16:00:00,46.81,47.13,46.04,46.13,1360265
WAL,NYSE,2019/09/23 16:00:00,45.71,46.93,45.63,46.76,571224
WAL,NYSE,2019/09/24 16:00:00,46.77,47.02,45.65,45.84,749170
WAL,NYSE,2019/09/25 16:00:00,45.85,46.73,45.7,46.53,463344
WAL,NYSE,2019/09/26 16:00:00,46.27,46.51,45.52,45.72,547080
WAL,NYSE,2019/09/27 16:00:00,46.12,46.94,45.74,46.15,666908
WAL,NYSE,2019/09/30 16:00:00,46.41,46.41,45.77,46.08,382318
WAL,NYSE,2019/10/01 16:00:00,46.47,46.86,44.51,44.56,380729
WAL,NYSE,2019/10/02 16:00:00,44.13,44.29,43.4,43.79,614847
WAL,NYSE,2019/10/03 16:00:00,43,43.56,42.55,43.4,808598
WAL,NYSE,2019/10/04 16:00:00,43.64,44.23,43.01,44.16,881274
WAL,NYSE,2019/10/07 16:00:00,43.97,44.42,43.72,43.99,762112
WAL,NYSE,2019/10/08 16:00:00,43.18,43.56,42.56,42.65,845304
WAL,NYSE,2019/10/09 16:00:00,43.08,43.37,42.66,43.11,498238
WAL,NYSE,2019/10/10 16:00:00,43.4,44.13,43.26,43.77,595894
WAL,NYSE,2019/10/11 16:00:00,45.15,45.61,44.68,44.86,1008048
WAL,NYSE,2019/10/14 16:00:00,44.49,45.22,44.19,44.75,439744
WAL,NYSE,2019/10/15 16:00:00,45.16,45.99,44.55,45.77,620996
WAL,NYSE,2019/10/16 16:00:00,45.7,46.33,45.38,45.72,891717
WAL,NYSE,2019/10/17 16:00:00,46.13,46.29,45.56,46.25,995032
WAL,NYSE,2019/10/18 16:00:00,46.85,48.4,46.5,48.01,2001357
WAL,NYSE,2019/10/21 16:00:00,48.67,49.25,48.28,48.38,1233590
WAL,NYSE,2019/10/22 16:00:00,48.43,49.55,47.95,48.75,864279
WAL,NYSE,2019/10/23 16:00:00,48.34,49.03,48.05,49,680403
WAL,NYSE,2019/10/24 16:00:00,48.94,48.99,47.84,48.4,545531
WAL,NYSE,2019/10/25 16:00:00,48.26,49.7,48.12,49.36,849442
WAL,NYSE,2019/10/28 16:00:00,49.72,50.24,49.43,49.8,923205
WAL,NYSE,2019/10/29 16:00:00,49.46,50.89,49.46,50.61,1044796
WAL,NYSE,2019/10/30 16:00:00,50.39,50.58,49.5,50.17,735352
WAL,NYSE,2019/10/31 16:00:00,49.74,49.79,48.55,49.33,779946
WAL,NYSE,2019/11/01 16:00:00,49.96,50.5,49.78,50.48,697524
WAL,NYSE,2019/11/04 16:00:00,50.81,51.64,50.61,51.57,829407
WAL,NYSE,2019/11/05 16:00:00,51.87,52.24,51.47,51.78,804842
WAL,NYSE,2019/11/06 16:00:00,51.44,51.89,50.89,51.62,723632
WAL,NYSE,2019/11/07 16:00:00,52.06,53.6,52.06,52.67,1484202
WAL,NYSE,2019/11/08 16:00:00,52.5,52.76,52.09,52.57,684020
WAL,NYSE,2019/11/11 16:00:00,52.1,52.74,51.88,52.12,657004
WAL,NYSE,2019/11/12 16:00:00,52.12,52.63,51.87,52.25,586039
WAL,NYSE,2019/11/13 16:00:00,51.65,51.94,51.26,51.6,416195
WAL,NYSE,2019/11/14 16:00:00,51.08,51.58,50.89,51.49,426583
WAL,NYSE,2019/11/15 16:00:00,51.78,51.81,51.47,51.54,299863
WAL,NYSE,2019/11/18 16:00:00,51.4,51.52,51,51.29,451119
WAL,NYSE,2019/11/19 16:00:00,51.5,51.87,51.17,51.49,985530
WAL,NYSE,2019/11/20 16:00:00,51.24,51.6,50.75,50.98,637806
WAL,NYSE,2019/11/21 16:00:00,51.34,51.34,50.47,51,422740
WAL,NYSE,2019/11/22 16:00:00,51.14,51.78,51,51.77,519581
WAL,NYSE,2019/11/25 16:00:00,51.77,52.59,51.62,52.5,517578
WAL,NYSE,2019/11/26 16:00:00,52.56,52.64,52.18,52.36,500265
WAL,NYSE,2019/11/27 16:00:00,52.7,52.9,52.45,52.87,231267
WAL,NYSE,2019/11/29 13:00:00,52.63,52.86,52.1,52.16,181387
WAL,NYSE,2019/12/02 16:00:00,52.5,52.99,52.14,52.25,524016
WAL,NYSE,2019/12/03 16:00:00,51.42,51.87,50.93,51.76,504802
WAL,NYSE,2019/12/04 16:00:00,51.98,53.09,51.98,52.62,401661
WAL,NYSE,2019/12/05 16:00:00,52.96,53.15,52.59,53.08,368169
WAL,NYSE,2019/12/06 16:00:00,54,54.51,53.67,53.76,430704
WAL,NYSE,2019/12/09 16:00:00,53.57,54.08,53.5,53.86,610512
WAL,NYSE,2019/12/10 16:00:00,53.85,54.31,53.62,54.1,361076
WAL,NYSE,2019/12/11 16:00:00,54.09,54.36,53.94,53.98,440781
WAL,NYSE,2019/12/12 16:00:00,54.27,55.99,54.22,55.96,857393
WAL,NYSE,2019/12/13 16:00:00,55.85,56.48,55.46,55.93,663443
WAL,NYSE,2019/12/16 16:00:00,56.68,56.99,56.18,56.37,566213
WAL,NYSE,2019/12/17 16:00:00,56.42,57.48,56.31,57.21,716750
WAL,NYSE,2019/12/18 16:00:00,57.43,57.43,56.88,57.08,666773
WAL,NYSE,2019/12/19 16:00:00,57.19,57.34,56.85,57.05,773876
WAL,NYSE,2019/12/20 16:00:00,57.37,57.52,56.96,57.14,947069
WAL,NYSE,2019/12/23 16:00:00,57.45,57.6,56.89,57.08,313360
WAL,NYSE,2019/12/24 13:00:00,57.1,57.31,56.89,57.1,182367
WAL,NYSE,2019/12/26 16:00:00,57.29,57.48,57.11,57.31,274113
WAL,NYSE,2019/12/27 16:00:00,57.38,57.61,56.98,57.01,338021
WAL,NYSE,2019/12/30 16:00:00,57.39,57.42,56.83,57.14,318100
WAL,NYSE,2019/12/31 16:00:00,56.85,57.34,56.85,57,855339
WAL,NYSE,2020/01/02 16:00:00,57.22,57.75,56.72,57.75,499388
WAL,NYSE,2020/01/03 16:00:00,56.9,57.27,56.45,57.17,586271
WAL,NYSE,2020/01/06 16:00:00,56.46,56.83,55.86,56.82,1024614
WAL,NYSE,2020/01/07 16:00:00,56.72,57.06,56.32,56.55,476280
WAL,NYSE,2020/01/08 16:00:00,56.75,57.68,56.61,57.41,731121
WAL,NYSE,2020/01/09 16:00:00,57.8,57.91,57.12,57.59,702914
WAL,NYSE,2020/01/10 16:00:00,57.73,57.73,57.01,57.1,687798
WAL,NYSE,2020/01/13 16:00:00,57.39,57.63,56.76,57.49,570451
WAL,NYSE,2020/01/14 16:00:00,57.49,58.13,57.37,57.56,770524
WAL,NYSE,2020/01/15 16:00:00,57.05,57.41,56.78,57.02,594886
WAL,NYSE,2020/01/16 16:00:00,57.44,57.76,57.28,57.6,585850
WAL,NYSE,2020/01/17 16:00:00,57.93,58.3,57.69,58.03,526756
WAL,NYSE,2020/01/21 16:00:00,57.53,58,57.05,57.13,1063869
WAL,NYSE,2020/01/22 16:00:00,57.27,57.51,56.9,57.25,698337
WAL,NYSE,2020/01/23 16:00:00,57.03,57.75,56.36,57.64,806395
WAL,NYSE,2020/01/24 16:00:00,57.83,58.94,56.15,57.49,1440742
WAL,NYSE,2020/01/27 16:00:00,56.18,56.86,55.75,56.48,817756
WAL,NYSE,2020/01/28 16:00:00,56.91,57.64,56.63,56.97,573271
WAL,NYSE,2020/01/29 16:00:00,57.07,57.39,56.24,56.36,539328
WAL,NYSE,2020/01/30 16:00:00,55.76,56.7,55.49,56.7,403246
WAL,NYSE,2020/01/31 16:00:00,55.99,56.42,55.02,55.23,598324
WAL,NYSE,2020/02/03 16:00:00,55.64,56.41,55.48,55.97,550160
WAL,NYSE,2020/02/04 16:00:00,56.96,57.33,56.59,57.11,499673
WAL,NYSE,2020/02/05 16:00:00,57.82,58.36,57.66,58.19,471109
WAL,NYSE,2020/02/06 16:00:00,58.57,58.81,57.4,57.42,593611
WAL,NYSE,2020/02/07 16:00:00,56.94,57.4,56.52,56.62,278443
WAL,NYSE,2020/02/10 16:00:00,56.24,56.45,55.99,56.31,470419
WAL,NYSE,2020/02/11 16:00:00,56.4,57.54,56.38,57.04,389513
WAL,NYSE,2020/02/12 16:00:00,57.68,58.18,57.42,57.94,415409
WAL,NYSE,2020/02/13 16:00:00,57.4,58.28,57.4,58.26,279271
WAL,NYSE,2020/02/14 16:00:00,58.18,58.58,57.92,58.19,359838
WAL,NYSE,2020/02/18 16:00:00,57.9,58.25,56.84,57.12,315262
WAL,NYSE,2020/02/19 16:00:00,57.53,57.88,57.33,57.5,379219
WAL,NYSE,2020/02/20 16:00:00,57.32,58.29,57.32,58.15,291581
WAL,NYSE,2020/02/21 16:00:00,57.64,58.3,55.86,55.92,789436
WAL,NYSE,2020/02/24 16:00:00,53.8,54.25,52.96,53.34,908241
WAL,NYSE,2020/02/25 16:00:00,53.6,53.6,50.77,50.98,759929
WAL,NYSE,2020/02/26 16:00:00,51.53,51.93,50.11,50.17,593768
WAL,NYSE,2020/02/27 16:00:00,49.06,50.39,47.87,47.87,1230338
WAL,NYSE,2020/02/28 16:00:00,46.22,47.31,44.88,46.04,1690760
WAL,NYSE,2020/03/02 16:00:00,46.21,47.57,45.61,47.49,1011182
WAL,NYSE,2020/03/03 16:00:00,47.22,47.73,44.39,44.79,1143472
WAL,NYSE,2020/03/04 16:00:00,45.42,45.45,43.6,44.49,1106344
WAL,NYSE,2020/03/05 16:00:00,42.97,44,42.23,42.73,1132242
WAL,NYSE,2020/03/06 16:00:00,40.67,41.87,39.2,39.61,1294456
WAL,NYSE,2020/03/09 16:00:00,35.56,35.71,31.08,32.75,1959767
WAL,NYSE,2020/03/10 16:00:00,35.5,36.85,33.46,35.04,2560119
WAL,NYSE,2020/03/11 16:00:00,33.7,33.91,31.96,32.36,2067770
WAL,NYSE,2020/03/12 16:00:00,29.58,31.43,27.18,29.3,2954060
WAL,NYSE,2020/03/13 16:00:00,32.23,32.23,29.42,31.87,1751211
WAL,NYSE,2020/03/16 16:00:00,27.01,28,24.68,24.77,2427256
WAL,NYSE,2020/03/17 16:00:00,25.33,26.21,23.51,25.77,2315634
WAL,NYSE,2020/03/18 16:00:00,24.11,26.51,21.24,22.16,2038812
WAL,NYSE,2020/03/19 16:00:00,21.98,28.86,20.9,27.4,2469255
WAL,NYSE,2020/03/20 16:00:00,27.89,28.62,25.44,26.33,2177835
WAL,NYSE,2020/03/23 16:00:00,25.65,26.39,24,25.79,1676104
WAL,NYSE,2020/03/24 16:00:00,27.67,28.9,26.9,28.48,1292485
WAL,NYSE,2020/03/25 16:00:00,29.35,29.99,27.39,28.93,1538337
WAL,NYSE,2020/03/26 16:00:00,29.2,32.77,28.78,32.53,2057434
WAL,NYSE,2020/03/27 16:00:00,30.75,31.94,30.43,30.71,1517609
WAL,NYSE,2020/03/30 16:00:00,30.33,31.13,28.67,30.58,1389693
WAL,NYSE,2020/03/31 16:00:00,30.29,31.62,29.79,30.61,1492169
WAL,NYSE,2020/04/01 16:00:00,28.99,29.45,28.39,29.05,857833
WAL,NYSE,2020/04/02 16:00:00,28.87,30.13,28.54,29.7,988028
WAL,NYSE,2020/04/03 16:00:00,29.23,29.9,28.33,28.86,1055658
WAL,NYSE,2020/04/06 16:00:00,30.56,30.82,28.92,29.96,1511646
WAL,NYSE,2020/04/07 16:00:00,32.08,33.29,30.43,32.03,2301514
WAL,NYSE,2020/04/08 16:00:00,32.49,33.2,31.96,32.86,1097092
WAL,NYSE,2020/04/09 16:00:00,34.31,35.83,33.88,35.08,1254108
WAL,NYSE,2020/04/13 16:00:00,34.94,34.94,31.84,32.36,982786
WAL,NYSE,2020/04/14 16:00:00,33.09,33.68,31.42,31.53,1399378
WAL,NYSE,2020/04/15 16:00:00,29.54,30.51,29.27,29.66,1117026
WAL,NYSE,2020/04/16 16:00:00,29.52,29.99,27.65,27.88,1490278
WAL,NYSE,2020/04/17 16:00:00,29.77,31.88,29.33,30.99,2184165
WAL,NYSE,2020/04/20 16:00:00,30.28,32.95,29.77,31.97,1538559
WAL,NYSE,2020/04/21 16:00:00,30.5,31.99,30.5,30.89,1060564
WAL,NYSE,2020/04/22 16:00:00,30.92,31.71,28.95,29.1,1192602
WAL,NYSE,2020/04/23 16:00:00,29.77,30.86,29.52,30.26,1017075
WAL,NYSE,2020/04/24 16:00:00,30.7,31.08,29.63,30.3,1486540
WAL,NYSE,2020/04/27 16:00:00,30.84,34.15,30.62,33.85,1689523
WAL,NYSE,2020/04/28 16:00:00,35.29,36.07,34.4,35.18,1071389
WAL,NYSE,2020/04/29 16:00:00,36.71,37.89,36.22,37.1,886579
WAL,NYSE,2020/04/30 16:00:00,35.88,36.08,34.5,35.88,662158
WAL,NYSE,2020/05/01 16:00:00,35.01,35.37,33.45,33.62,760492
WAL,NYSE,2020/05/04 16:00:00,33.17,33.96,32.56,33.51,850197
WAL,NYSE,2020/05/05 16:00:00,34.3,34.99,32.38,32.5,651898
WAL,NYSE,2020/05/06 16:00:00,32.96,33.13,31.75,32.12,660232
WAL,NYSE,2020/05/07 16:00:00,32.48,33.85,32.39,32.75,623813
WAL,NYSE,2020/05/08 16:00:00,33.66,34.73,33.61,34.39,639006
WAL,NYSE,2020/05/11 16:00:00,33.87,33.87,32.23,32.81,757758
WAL,NYSE,2020/05/12 16:00:00,32.88,33.2,30.15,30.22,842800
WAL,NYSE,2020/05/13 16:00:00,30.05,30.16,27.81,28.64,1243691
WAL,NYSE,2020/05/14 16:00:00,27.62,29.45,26.75,29.21,1044445
WAL,NYSE,2020/05/15 16:00:00,28.67,29.67,28.28,29.27,693076
WAL,NYSE,2020/05/18 16:00:00,31.2,33.72,31.16,33.52,1396790
WAL,NYSE,2020/05/19 16:00:00,33.05,33.42,31.2,31.21,843612
WAL,NYSE,2020/05/20 16:00:00,32.12,33.51,32.01,33.01,766122
WAL,NYSE,2020/05/21 16:00:00,32.65,33.44,32.53,33.2,849520
WAL,NYSE,2020/05/22 16:00:00,33.5,33.88,32.37,32.71,571877
WAL,NYSE,2020/05/26 16:00:00,34.62,36.84,34.62,36.5,1263164
WAL,NYSE,2020/05/27 16:00:00,39.2,40.79,37.13,40.66,1775411
WAL,NYSE,2020/05/28 16:00:00,41.27,41.45,39.02,39.14,1341074
WAL,NYSE,2020/05/29 16:00:00,38.29,38.97,37.48,38.15,979324
WAL,NYSE,2020/06/01 16:00:00,38.47,39.07,37.95,38.18,456372
WAL,NYSE,2020/06/02 16:00:00,38.18,38.97,37.52,37.77,962945
WAL,NYSE,2020/06/03 16:00:00,39.36,40.76,39.07,40.42,1170497
WAL,NYSE,2020/06/04 16:00:00,40.3,42.95,39.79,42.92,1563335
WAL,NYSE,2020/06/05 16:00:00,47.21,47.21,44.68,45.05,1094004
WAL,NYSE,2020/06/08 16:00:00,46.74,47.49,45.37,46.65,968577
WAL,NYSE,2020/06/09 16:00:00,44.43,45.73,43.52,44.5,1091342
WAL,NYSE,2020/06/10 16:00:00,43.8,43.84,41.33,41.45,1180432
WAL,NYSE,2020/06/11 16:00:00,38.01,39.13,36.78,36.83,896861
WAL,NYSE,2020/06/12 16:00:00,39.26,39.53,36.86,38.82,966021
WAL,NYSE,2020/06/15 16:00:00,36.65,39.25,36.48,38.81,1095569
WAL,NYSE,2020/06/16 16:00:00,41.46,41.93,39.89,41.26,617865
WAL,NYSE,2020/06/17 16:00:00,40.8,41.22,39.18,39.35,517749
WAL,NYSE,2020/06/18 16:00:00,38.64,40.36,38.52,39.42,481308
WAL,NYSE,2020/06/19 16:00:00,40.54,40.54,38.12,38.78,1059185
WAL,NYSE,2020/06/22 16:00:00,38.44,39.4,38.05,38.96,635821
WAL,NYSE,2020/06/23 16:00:00,39.75,40.17,38.57,38.64,560750
WAL,NYSE,2020/06/24 16:00:00,37.96,38.06,36.22,36.28,730744
WAL,NYSE,2020/06/25 16:00:00,36.01,38.21,35.65,38.13,849618
WAL,NYSE,2020/06/26 16:00:00,37.11,37.11,35.37,35.96,1294263
WAL,NYSE,2020/06/29 16:00:00,36.55,37.52,35.98,36.62,757819
WAL,NYSE,2020/06/30 16:00:00,36.54,38.16,36.51,37.87,588280
WAL,NYSE,2020/07/01 16:00:00,38.14,38.22,35.65,35.73,778625
WAL,NYSE,2020/07/02 16:00:00,36.66,37.27,35.21,35.33,488589
WAL,NYSE,2020/07/06 16:00:00,36.61,37.15,35.31,36.11,897644
WAL,NYSE,2020/07/07 16:00:00,35.43,35.74,34.76,34.84,604461
WAL,NYSE,2020/07/08 16:00:00,35.02,35.72,34.16,35.15,833109
WAL,NYSE,2020/07/09 16:00:00,34.8,34.99,33.39,33.51,999901
WAL,NYSE,2020/07/10 16:00:00,33.41,35.04,33.41,34.9,997840
WAL,NYSE,2020/07/13 16:00:00,35.6,36.03,34.25,35.15,1054739
WAL,NYSE,2020/07/14 16:00:00,34.78,35.08,33.65,34.23,530820
WAL,NYSE,2020/07/15 16:00:00,35.43,37.21,34.99,37.03,1133810
WAL,NYSE,2020/07/16 16:00:00,36.5,37.85,36.11,36.58,813694
WAL,NYSE,2020/07/17 16:00:00,37,38.74,36.24,36.26,1289140
WAL,NYSE,2020/07/20 16:00:00,36.32,36.45,35.6,35.94,676809
WAL,NYSE,2020/07/21 16:00:00,36.38,37.93,36.38,37.72,521407
WAL,NYSE,2020/07/22 16:00:00,37.09,37.72,36.72,37.1,550657
WAL,NYSE,2020/07/23 16:00:00,37.08,38.85,37.05,38.36,512075
WAL,NYSE,2020/07/24 16:00:00,38.45,38.74,37.81,38.08,497660
WAL,NYSE,2020/07/27 16:00:00,37.59,37.76,36.39,36.52,622061
WAL,NYSE,2020/07/28 16:00:00,36.07,36.89,36.06,36.1,359580
WAL,NYSE,2020/07/29 16:00:00,35.94,37.1,35.66,37.01,459339
WAL,NYSE,2020/07/30 16:00:00,35.89,36.6,35.22,36.41,411753
WAL,NYSE,2020/07/31 16:00:00,36.24,36.26,35.35,35.95,478483
WAL,NYSE,2020/08/03 16:00:00,36,36.5,35.68,35.72,552026
WAL,NYSE,2020/08/04 16:00:00,35.69,35.82,34.96,35.32,577209
WAL,NYSE,2020/08/05 16:00:00,35.6,36.34,35.35,36.3,563090
WAL,NYSE,2020/08/06 16:00:00,36.07,36.6,35.55,35.79,351942
WAL,NYSE,2020/08/07 16:00:00,35.41,37.42,34.91,37.35,568109
WAL,NYSE,2020/08/10 16:00:00,37.7,39.27,37.61,38.86,903464
WAL,NYSE,2020/08/11 16:00:00,39.97,41.05,39.59,39.75,687304
WAL,NYSE,2020/08/12 16:00:00,40.82,40.82,38.54,39.22,399573
WAL,NYSE,2020/08/13 16:00:00,38.42,38.79,37.99,38.17,431719
WAL,NYSE,2020/08/14 16:00:00,37.83,39.05,37.63,38.49,260877
WAL,NYSE,2020/08/17 16:00:00,38.18,38.45,37.6,37.9,498677
WAL,NYSE,2020/08/18 16:00:00,38,38.17,36.35,36.41,503532
WAL,NYSE,2020/08/19 16:00:00,36.46,37.22,36.09,36.42,415024
WAL,NYSE,2020/08/20 16:00:00,35.77,36.09,35.29,35.36,329238
WAL,NYSE,2020/08/21 16:00:00,35.24,35.86,35.03,35.37,1013771
WAL,NYSE,2020/08/24 16:00:00,35.73,37.31,35.31,37.21,485344
WAL,NYSE,2020/08/25 16:00:00,37.53,37.99,36.42,36.99,475800
WAL,NYSE,2020/08/26 16:00:00,36.97,36.97,35.68,35.7,498102
WAL,NYSE,2020/08/27 16:00:00,35.51,37.22,35.51,36.82,532732
WAL,NYSE,2020/08/28 16:00:00,37.1,37.38,36.19,36.32,425796
WAL,NYSE,2020/08/31 16:00:00,36.14,36.15,35.29,35.3,355902
WAL,NYSE,2020/09/01 16:00:00,35.32,36.15,34.84,35.74,640241
WAL,NYSE,2020/09/02 16:00:00,35.9,36.36,35.52,36.27,457429
WAL,NYSE,2020/09/03 16:00:00,36.67,37.98,36.13,36.23,575318
WAL,NYSE,2020/09/04 16:00:00,37.27,37.75,36.51,37.31,539098
WAL,NYSE,2020/09/08 16:00:00,36.7,36.94,35.11,35.15,503658
WAL,NYSE,2020/09/09 16:00:00,35.38,35.46,34.29,34.63,454633
WAL,NYSE,2020/09/10 16:00:00,34.95,35.34,34.03,34.06,471013
WAL,NYSE,2020/09/11 16:00:00,34.3,34.41,33.78,34.38,549755
WAL,NYSE,2020/09/14 16:00:00,34.48,35.41,34.39,34.95,324544
WAL,NYSE,2020/09/15 16:00:00,35.02,35.02,33.88,34.04,373359
WAL,NYSE,2020/09/16 16:00:00,33.92,35.01,33.42,34.49,594814
WAL,NYSE,2020/09/17 16:00:00,33.82,34.63,33.58,34.43,459775
WAL,NYSE,2020/09/18 16:00:00,34.53,34.53,33.67,33.87,1188057
WAL,NYSE,2020/09/21 16:00:00,33.08,33.62,31.94,32.34,744778
WAL,NYSE,2020/09/22 16:00:00,32.38,32.94,31.31,31.57,765212
WAL,NYSE,2020/09/23 16:00:00,31.75,32.73,31.01,31.06,488134
WAL,NYSE,2020/09/24 16:00:00,31.2,31.72,30.61,30.82,466368
WAL,NYSE,2020/09/25 16:00:00,30.34,31.51,30.34,31.36,428831
WAL,NYSE,2020/09/28 16:00:00,32.14,32.78,31.9,32.55,329140
WAL,NYSE,2020/09/29 16:00:00,32.4,32.4,31.35,31.78,633562
WAL,NYSE,2020/09/30 16:00:00,32.07,32.53,31.43,31.62,1068138
WAL,NYSE,2020/10/01 16:00:00,31.77,31.99,31.23,31.92,844198
WAL,NYSE,2020/10/02 16:00:00,31.29,33.18,31.19,33.05,651232
WAL,NYSE,2020/10/05 16:00:00,33.58,34.58,33.37,34.47,692104
WAL,NYSE,2020/10/06 16:00:00,34.89,36.24,34.84,34.89,916649
WAL,NYSE,2020/10/07 16:00:00,35.36,36.86,35.36,36.71,1332204
WAL,NYSE,2020/10/08 16:00:00,37.01,37.62,36.81,37.25,641851
WAL,NYSE,2020/10/09 16:00:00,37.64,38.16,36.99,37.55,1189751
WAL,NYSE,2020/10/12 16:00:00,37.48,37.88,37.3,37.67,520490
WAL,NYSE,2020/10/13 16:00:00,37.33,37.72,37.13,37.35,1111073
WAL,NYSE,2020/10/14 16:00:00,37.34,37.93,36.9,37.06,1258518
WAL,NYSE,2020/10/15 16:00:00,36.58,37.49,36.54,37.42,475599
WAL,NYSE,2020/10/16 16:00:00,37.58,38.24,36.7,37.51,611742
WAL,NYSE,2020/10/19 16:00:00,37.88,38.33,36.94,37.02,378589
WAL,NYSE,2020/10/20 16:00:00,37.59,38.99,37.58,38.27,513314
WAL,NYSE,2020/10/21 16:00:00,38.36,39.06,38.07,38.78,686055
WAL,NYSE,2020/10/22 16:00:00,38.74,40.57,38.69,40.45,1216608
WAL,NYSE,2020/10/23 16:00:00,40.75,42.78,40.36,42.15,1592059
WAL,NYSE,2020/10/26 16:00:00,41.6,41.87,40.94,41.6,1092521
WAL,NYSE,2020/10/27 16:00:00,41.32,41.32,39.32,39.35,869107
WAL,NYSE,2020/10/28 16:00:00,38.52,39.74,38.27,38.67,513919
WAL,NYSE,2020/10/29 16:00:00,38.63,40.59,38.07,40.41,430929
WAL,NYSE,2020/10/30 16:00:00,40.08,41.52,40,41.2,796761
WAL,NYSE,2020/11/02 16:00:00,41.78,42.91,41.02,42.68,833896
WAL,NYSE,2020/11/03 16:00:00,43.01,43.71,42.73,43.46,802418
WAL,NYSE,2020/11/04 16:00:00,42.1,42.28,39.72,40.42,1524426
WAL,NYSE,2020/11/05 16:00:00,40.67,43.23,40.67,42.84,453312
WAL,NYSE,2020/11/06 16:00:00,43.3,43.6,41.84,41.89,348181
WAL,NYSE,2020/11/09 16:00:00,46.73,52.96,45.82,51.79,1990958
WAL,NYSE,2020/11/10 16:00:00,52.19,53.32,51.28,52.65,1188785
WAL,NYSE,2020/11/11 16:00:00,52.65,52.81,49.9,51.51,683491
WAL,NYSE,2020/11/12 16:00:00,50.11,51.25,49.49,50.74,561765
WAL,NYSE,2020/11/13 16:00:00,51.16,52.48,50.91,52.08,509808
WAL,NYSE,2020/11/16 16:00:00,54.22,55.42,53.85,54.77,1042171
WAL,NYSE,2020/11/17 16:00:00,53.41,54.28,52.58,54.25,1114962
WAL,NYSE,2020/11/18 16:00:00,54.66,54.99,53.27,53.55,774451
WAL,NYSE,2020/11/19 16:00:00,52.88,54.03,52,53.96,668909
WAL,NYSE,2020/11/20 16:00:00,53.29,53.91,52.94,53.41,987767
WAL,NYSE,2020/11/23 16:00:00,54.38,54.38,52.77,52.81,1300123
WAL,NYSE,2020/11/24 16:00:00,53.97,56.28,53.32,56.11,970779
WAL,NYSE,2020/11/25 16:00:00,55.01,55.57,54.48,55.18,469299
WAL,NYSE,2020/11/27 13:00:00,54.75,55.29,53.62,54.54,233892
WAL,NYSE,2020/11/30 16:00:00,53.77,54.18,51.13,51.27,1136124
WAL,NYSE,2020/12/01 16:00:00,53.01,53.09,51.29,52.35,831172
WAL,NYSE,2020/12/02 16:00:00,52.22,53.97,51.87,53.72,614405
WAL,NYSE,2020/12/03 16:00:00,54.22,54.99,53.43,54.59,718600
WAL,NYSE,2020/12/04 16:00:00,54.98,55.79,54.27,55.76,586499
WAL,NYSE,2020/12/07 16:00:00,55.68,56.86,55.1,55.86,808033
WAL,NYSE,2020/12/08 16:00:00,54.79,56.2,54.62,55.44,534675
WAL,NYSE,2020/12/09 16:00:00,56.3,57.01,55.82,56.56,686212
WAL,NYSE,2020/12/10 16:00:00,55.69,58.41,55.63,58.36,876948
WAL,NYSE,2020/12/11 16:00:00,57.53,59.38,57.53,58.13,921665
WAL,NYSE,2020/12/14 16:00:00,59.23,59.74,58.26,58.48,587419
WAL,NYSE,2020/12/15 16:00:00,59.31,59.98,58.52,59.65,762178
WAL,NYSE,2020/12/16 16:00:00,59.79,59.88,58.79,59.65,755575
WAL,NYSE,2020/12/17 16:00:00,59.52,59.67,58.46,59.03,861092
WAL,NYSE,2020/12/18 16:00:00,58.82,58.98,58,58.54,1513470
WAL,NYSE,2020/12/21 16:00:00,59.12,59.26,58.01,59.19,835700
WAL,NYSE,2020/12/22 16:00:00,59.13,59.49,58.69,59,858886
WAL,NYSE,2020/12/23 16:00:00,59.57,61.23,59.51,60.53,571734
WAL,NYSE,2020/12/24 13:00:00,60.54,60.57,59.2,59.92,319929
WAL,NYSE,2020/12/28 16:00:00,60.49,60.94,59.46,60.4,467960
WAL,NYSE,2020/12/29 16:00:00,60.31,60.33,59.12,59.54,539215
WAL,NYSE,2020/12/30 16:00:00,59.94,60.7,59.68,60.03,471181
WAL,NYSE,2020/12/31 16:00:00,60.39,60.43,59.5,59.95,392160
WAL,NYSE,2021/01/04 16:00:00,60.7,60.7,57.98,59.04,851514
WAL,NYSE,2021/01/05 16:00:00,59.21,60.51,58.82,59.79,569387
WAL,NYSE,2021/01/06 16:00:00,60.93,66.38,60.88,65.93,1565761
WAL,NYSE,2021/01/07 16:00:00,66.63,68.39,66.32,67.42,1282024
WAL,NYSE,2021/01/08 16:00:00,68.44,68.44,65.67,66.48,745571
WAL,NYSE,2021/01/11 16:00:00,65.76,68.77,65.26,68.67,544499
WAL,NYSE,2021/01/12 16:00:00,69.1,72.28,69,70,986636
WAL,NYSE,2021/01/13 16:00:00,69.47,70.02,68.23,69.78,473187
WAL,NYSE,2021/01/14 16:00:00,70.51,72.48,69.75,72.43,580793
WAL,NYSE,2021/01/15 16:00:00,70.76,72.25,70.22,70.32,660473
WAL,NYSE,2021/01/19 16:00:00,70.98,71.34,69.81,70.66,584279
WAL,NYSE,2021/01/20 16:00:00,70.59,71.6,69.84,71.31,637977
WAL,NYSE,2021/01/21 16:00:00,71.19,71.19,68.38,69.38,1009429
WAL,NYSE,2021/01/22 16:00:00,70.87,73.59,69.5,71.19,1284504
WAL,NYSE,2021/01/25 16:00:00,70.48,71.01,68.24,70.93,1067325
WAL,NYSE,2021/01/26 16:00:00,71.39,71.58,69.33,69.54,747361
WAL,NYSE,2021/01/27 16:00:00,67.86,69.29,67.33,68.74,843377
WAL,NYSE,2021/01/28 16:00:00,70.15,70.65,68.94,69.19,621430
WAL,NYSE,2021/01/29 16:00:00,69.36,70.83,67.59,68.18,567201
WAL,NYSE,2021/02/01 16:00:00,68.73,70.45,67.91,70.38,492051
WAL,NYSE,2021/02/02 16:00:00,71.2,73.09,70.93,72.37,590861
WAL,NYSE,2021/02/03 16:00:00,72.08,72.95,70.69,72.29,392538
WAL,NYSE,2021/02/04 16:00:00,72.67,75.08,72.52,73.4,617867
WAL,NYSE,2021/02/05 16:00:00,73.97,74.91,72.8,73.87,495443
WAL,NYSE,2021/02/08 16:00:00,74.12,75.9,73.89,75.89,519282
WAL,NYSE,2021/02/09 16:00:00,75.31,76.78,75.06,76.44,612114
WAL,NYSE,2021/02/10 16:00:00,76.84,78.38,75.37,76.88,794241
WAL,NYSE,2021/02/11 16:00:00,76.88,77.92,76.2,77.23,851402
WAL,NYSE,2021/02/12 16:00:00,77.25,79.89,76.92,78.2,763334
WAL,NYSE,2021/02/16 16:00:00,79.38,80.99,78.74,80.53,698483
WAL,NYSE,2021/02/17 16:00:00,82.14,83.15,80.83,82.92,1323487
WAL,NYSE,2021/02/18 16:00:00,81.91,83.44,81.4,82.75,882974
WAL,NYSE,2021/02/19 16:00:00,83.57,88.11,83.41,88.07,1090005
WAL,NYSE,2021/02/22 16:00:00,88.09,93.53,87.51,92.18,1284409
WAL,NYSE,2021/02/23 16:00:00,92.61,94.39,90.01,93.56,1516423
WAL,NYSE,2021/02/24 16:00:00,94.21,97.77,93.97,97.61,1305731
WAL,NYSE,2021/02/25 16:00:00,98.91,99.39,94.15,94.18,1072936
WAL,NYSE,2021/02/26 16:00:00,93.24,93.94,89.63,91.51,701425
WAL,NYSE,2021/03/01 16:00:00,94.03,96.37,92.62,95.66,995622
WAL,NYSE,2021/03/02 16:00:00,94.28,94.99,91.88,93.19,1022647
WAL,NYSE,2021/03/03 16:00:00,94.11,96.39,93,93.25,903750
WAL,NYSE,2021/03/04 16:00:00,92.47,94.82,90.32,93.27,1074566
WAL,NYSE,2021/03/05 16:00:00,95.34,96.45,91.43,96.19,1202957
WAL,NYSE,2021/03/08 16:00:00,97.25,100,96.65,96.92,1053984
WAL,NYSE,2021/03/09 16:00:00,95.25,96,92.13,94.36,819622
WAL,NYSE,2021/03/10 16:00:00,94.07,96.89,94.07,95.44,842876
WAL,NYSE,2021/03/11 16:00:00,95.53,97.37,94.48,96.92,556247
WAL,NYSE,2021/03/12 16:00:00,98.51,99.1,97.39,98.68,605559
WAL,NYSE,2021/03/15 16:00:00,98.99,99.53,95.51,98.84,622192
WAL,NYSE,2021/03/16 16:00:00,97.98,98.9,96.02,97.02,545608
WAL,NYSE,2021/03/17 16:00:00,98,99.21,96.4,98,464684
WAL,NYSE,2021/03/18 16:00:00,99.69,103.34,97.9,98.7,618274
WAL,NYSE,2021/03/19 16:00:00,95.89,100.98,93.97,99.65,2033303
WAL,NYSE,2021/03/22 16:00:00,98.98,99.06,95.5,96.24,644358
WAL,NYSE,2021/03/23 16:00:00,94.82,95.8,91.52,92.2,730422
WAL,NYSE,2021/03/24 16:00:00,93.69,95.92,91.49,91.5,794503
WAL,NYSE,2021/03/25 16:00:00,90.84,95.17,90.3,94.7,547260
WAL,NYSE,2021/03/26 16:00:00,96.35,97.86,94.42,96.1,494114
WAL,NYSE,2021/03/29 16:00:00,94.53,95.48,90.73,93.57,1041622
WAL,NYSE,2021/03/30 16:00:00,94.88,97.17,94.69,96.77,554818
WAL,NYSE,2021/03/31 16:00:00,96.67,97.81,94.42,94.44,974353
WAL,NYSE,2021/04/01 16:00:00,94.47,94.9,93.06,94.37,965944
WAL,NYSE,2021/04/05 16:00:00,95.5,96.34,92.44,93.09,720673
WAL,NYSE,2021/04/06 16:00:00,93.18,94.2,91.82,92.49,659248
WAL,NYSE,2021/04/07 16:00:00,92.85,93.2,91.57,92.07,462563
WAL,NYSE,2021/04/08 16:00:00,91.16,92.51,89.9,92.03,463715
WAL,NYSE,2021/04/09 16:00:00,93.3,93.3,91.75,93.1,427270
ATR,NYSE,2019/04/01 16:00:00,106.91,107.82,106.21,107.71,234028
ATR,NYSE,2019/04/02 16:00:00,107.8,107.8,106.66,107.22,194630
ATR,NYSE,2019/04/03 16:00:00,107.61,108.08,107.16,107.47,201174
ATR,NYSE,2019/04/04 16:00:00,107.68,108.16,107.29,108.1,164039
ATR,NYSE,2019/04/05 16:00:00,107.57,108.96,107.57,108.74,161427
ATR,NYSE,2019/04/08 16:00:00,108.65,109.27,107.99,108.99,149643
ATR,NYSE,2019/04/09 16:00:00,108.39,108.56,107.52,108.16,183397
ATR,NYSE,2019/04/10 16:00:00,108.22,109.3,107.95,109.04,166232
ATR,NYSE,2019/04/11 16:00:00,109.29,109.86,108.98,109.66,228850
ATR,NYSE,2019/04/12 16:00:00,109.95,110.7,109.79,110.31,185905
ATR,NYSE,2019/04/15 16:00:00,110.34,110.5,109.49,109.89,190458
ATR,NYSE,2019/04/16 16:00:00,109.81,109.97,108.76,109.62,197586
ATR,NYSE,2019/04/17 16:00:00,109.68,109.75,107.59,107.7,150516
ATR,NYSE,2019/04/18 16:00:00,107.93,108.38,107.3,108.21,214628
ATR,NYSE,2019/04/22 16:00:00,108.25,109.37,108.25,108.93,165792
ATR,NYSE,2019/04/23 16:00:00,109.03,110.53,109.03,110.06,220847
ATR,NYSE,2019/04/24 16:00:00,109.97,110.86,109.94,109.94,152213
ATR,NYSE,2019/04/25 16:00:00,109.21,109.97,108.83,109.45,132433
ATR,NYSE,2019/04/26 16:00:00,109.71,111.65,109.7,111.42,138903
ATR,NYSE,2019/04/29 16:00:00,111.38,111.72,110.76,111.32,137617
ATR,NYSE,2019/04/30 16:00:00,110.75,111.81,109.93,111.24,277619
ATR,NYSE,2019/05/01 16:00:00,112.27,114.66,111.55,112.81,336088
ATR,NYSE,2019/05/02 16:00:00,112.81,113.12,111.62,113,345204
ATR,NYSE,2019/05/03 16:00:00,113.3,114.14,112.73,113.85,310238
ATR,NYSE,2019/05/06 16:00:00,112.54,115.52,112.54,115.02,263005
ATR,NYSE,2019/05/07 16:00:00,113.98,114.68,113.14,113.97,159469
ATR,NYSE,2019/05/08 16:00:00,113.78,114.48,113.31,113.99,169440
ATR,NYSE,2019/05/09 16:00:00,113.38,113.79,112.76,113,259340
ATR,NYSE,2019/05/10 16:00:00,112.72,113.71,112.18,113.6,225077
ATR,NYSE,2019/05/13 16:00:00,111.91,113.17,111.29,112.8,160051
ATR,NYSE,2019/05/14 16:00:00,113.39,114.36,112.89,112.98,132569
ATR,NYSE,2019/05/15 16:00:00,112.76,113.77,112.36,113.24,116542
ATR,NYSE,2019/05/16 16:00:00,113.38,114.5,113.26,114.11,218788
ATR,NYSE,2019/05/17 16:00:00,113.49,114.46,113.49,113.78,151774
ATR,NYSE,2019/05/20 16:00:00,113.19,113.81,112.83,113.04,175618
ATR,NYSE,2019/05/21 16:00:00,113.51,113.89,113.09,113.48,156312
ATR,NYSE,2019/05/22 16:00:00,113.77,113.98,113,113.15,146841
ATR,NYSE,2019/05/23 16:00:00,112.54,113.69,112.04,112.96,119559
ATR,NYSE,2019/05/24 16:00:00,113.29,113.87,112.75,112.93,117688
ATR,NYSE,2019/05/28 16:00:00,113.04,113.62,112.69,112.9,259214
ATR,NYSE,2019/05/29 16:00:00,112.54,113.44,112.28,112.7,188163
ATR,NYSE,2019/05/30 16:00:00,112.73,113.63,112.54,113.51,128668
ATR,NYSE,2019/05/31 16:00:00,112.53,113.73,111.5,113.27,247393
ATR,NYSE,2019/06/03 16:00:00,113.41,115,113.41,114.03,297386
ATR,NYSE,2019/06/04 16:00:00,114.7,115.98,113.68,115.72,483419
ATR,NYSE,2019/06/05 16:00:00,115.9,117.18,115.41,117.13,391954
ATR,NYSE,2019/06/06 16:00:00,117.21,120.39,117.21,120.23,319780
ATR,NYSE,2019/06/07 16:00:00,120,122.6,119.92,121.92,427824
ATR,NYSE,2019/06/10 16:00:00,122.19,123.28,121.63,123.22,253226
ATR,NYSE,2019/06/11 16:00:00,124,124.45,121.21,122.58,365595
ATR,NYSE,2019/06/12 16:00:00,122.99,122.99,121.19,121.62,273428
ATR,NYSE,2019/06/13 16:00:00,121.5,122.1,120.31,120.72,166542
ATR,NYSE,2019/06/14 16:00:00,120.46,120.51,119.57,120.09,187349
ATR,NYSE,2019/06/17 16:00:00,120.04,120.84,119.79,120.17,136290
ATR,NYSE,2019/06/18 16:00:00,120.59,120.7,119.38,119.49,208300
ATR,NYSE,2019/06/19 16:00:00,119.63,120,118.82,119.41,340170
ATR,NYSE,2019/06/20 16:00:00,120.89,121,118.28,119.81,335216
ATR,NYSE,2019/06/21 16:00:00,119.32,119.85,117.43,119.38,603561
ATR,NYSE,2019/06/24 16:00:00,119.5,119.5,118.48,118.78,187657
ATR,NYSE,2019/06/25 16:00:00,119,121.79,118.88,121.06,300711
ATR,NYSE,2019/06/26 16:00:00,121.24,121.25,119.1,119.24,236658
ATR,NYSE,2019/06/27 16:00:00,119.39,121.81,119.39,121.55,247700
ATR,NYSE,2019/06/28 16:00:00,121.62,124.75,121.62,124.34,831071
ATR,NYSE,2019/07/01 16:00:00,125,126.2,123.12,124.27,322479
ATR,NYSE,2019/07/02 16:00:00,124.37,124.71,123.22,123.54,402402
ATR,NYSE,2019/07/03 13:00:00,124,125.92,124,125.92,188631
ATR,NYSE,2019/07/05 16:00:00,125.21,125.26,123.01,124.61,255265
ATR,NYSE,2019/07/08 16:00:00,125.5,125.5,123.64,123.99,199616
ATR,NYSE,2019/07/09 16:00:00,123.79,124.53,123.79,124.07,235037
ATR,NYSE,2019/07/10 16:00:00,124.63,125.79,123.35,123.58,169886
ATR,NYSE,2019/07/11 16:00:00,123.27,124.12,123.01,124.02,226439
ATR,NYSE,2019/07/12 16:00:00,124.19,124.19,123.21,123.41,240997
ATR,NYSE,2019/07/15 16:00:00,123.15,123.96,122.69,122.92,189630
ATR,NYSE,2019/07/16 16:00:00,123.12,123.36,122.3,123.16,230822
ATR,NYSE,2019/07/17 16:00:00,123.12,124.43,123.12,123.53,267313
ATR,NYSE,2019/07/18 16:00:00,123.15,124.45,123.03,124.36,185306
ATR,NYSE,2019/07/19 16:00:00,124.71,124.95,123.36,123.4,226034
ATR,NYSE,2019/07/22 16:00:00,123.51,123.89,122.82,123.16,153780
ATR,NYSE,2019/07/23 16:00:00,123.89,124.71,123.38,124.51,183579
ATR,NYSE,2019/07/24 16:00:00,124.01,124.55,122.84,123.29,215324
ATR,NYSE,2019/07/25 16:00:00,123,124.28,122.68,122.92,273685
ATR,NYSE,2019/07/26 16:00:00,123.13,124.77,122.93,124.49,198002
ATR,NYSE,2019/07/29 16:00:00,124.45,125.66,123.54,124.94,277407
ATR,NYSE,2019/07/30 16:00:00,123.8,124.57,122.96,123.81,223556
ATR,NYSE,2019/07/31 16:00:00,123.49,123.86,119.94,121.02,621401
ATR,NYSE,2019/08/01 16:00:00,120.19,120.19,114.84,117.56,532978
ATR,NYSE,2019/08/02 16:00:00,116.61,118.34,115.65,118.02,316584
ATR,NYSE,2019/08/05 16:00:00,116.44,119.03,116.25,117.08,462482
ATR,NYSE,2019/08/06 16:00:00,117.55,120.81,117.38,119.72,356431
ATR,NYSE,2019/08/07 16:00:00,119.1,122.26,118.7,121.66,268721
ATR,NYSE,2019/08/08 16:00:00,122.48,124,121.59,122.87,374310
ATR,NYSE,2019/08/09 16:00:00,122.74,123.23,121.05,121.08,186567
ATR,NYSE,2019/08/12 16:00:00,121.02,121.68,119.92,120.02,135107
ATR,NYSE,2019/08/13 16:00:00,119.78,121.81,119.05,121.22,216331
ATR,NYSE,2019/08/14 16:00:00,120.01,120.73,118.99,119.09,375783
ATR,NYSE,2019/08/15 16:00:00,119.25,120.25,117.95,118.33,238377
ATR,NYSE,2019/08/16 16:00:00,118.91,120.74,118.78,120.25,202454
ATR,NYSE,2019/08/19 16:00:00,121.2,121.48,120,120.22,206391
ATR,NYSE,2019/08/20 16:00:00,120.1,120.1,118.46,118.88,141804
ATR,NYSE,2019/08/21 16:00:00,119.66,119.83,118.89,119.33,298497
ATR,NYSE,2019/08/22 16:00:00,119.83,120.72,119.04,120.54,227117
ATR,NYSE,2019/08/23 16:00:00,120.55,121.33,119.89,120.26,296120
ATR,NYSE,2019/08/26 16:00:00,120.72,121.23,119.91,120.99,237130
ATR,NYSE,2019/08/27 16:00:00,121.48,121.83,120.81,121.5,182973
ATR,NYSE,2019/08/28 16:00:00,121.49,122.14,120.63,121.86,247153
ATR,NYSE,2019/08/29 16:00:00,122.88,123.44,121.15,121.69,184620
ATR,NYSE,2019/08/30 16:00:00,122.38,123.32,121.23,122.22,183744
ATR,NYSE,2019/09/03 16:00:00,120.81,121.08,118.57,119.65,265545
ATR,NYSE,2019/09/04 16:00:00,120.73,122.05,120.19,121.94,160881
ATR,NYSE,2019/09/05 16:00:00,122.99,123.21,120.98,121.2,230128
ATR,NYSE,2019/09/06 16:00:00,120.96,121.84,120.32,120.88,239256
ATR,NYSE,2019/09/09 16:00:00,121.57,121.57,118.77,119.1,232906
ATR,NYSE,2019/09/10 16:00:00,118.98,119.32,116.12,119.11,258227
ATR,NYSE,2019/09/11 16:00:00,118.9,119.53,116.72,118.63,231671
ATR,NYSE,2019/09/12 16:00:00,119.08,119.7,117.98,118.05,163331
ATR,NYSE,2019/09/13 16:00:00,118.55,118.97,117.66,118.4,270017
ATR,NYSE,2019/09/16 16:00:00,117.72,117.72,115.87,116.48,192124
ATR,NYSE,2019/09/17 16:00:00,116.2,117.86,116.07,117.01,222160
ATR,NYSE,2019/09/18 16:00:00,116.89,118.95,116.56,118.3,253484
ATR,NYSE,2019/09/19 16:00:00,118.33,118.95,117.64,117.85,304304
ATR,NYSE,2019/09/20 16:00:00,118.14,119.02,117.56,118.05,528359
ATR,NYSE,2019/09/23 16:00:00,117.61,118.97,117.61,118.1,173948
ATR,NYSE,2019/09/24 16:00:00,118.6,119.49,118.25,118.51,198378
ATR,NYSE,2019/09/25 16:00:00,118.71,119.44,118.67,119.12,226637
ATR,NYSE,2019/09/26 16:00:00,119.57,119.68,118.52,118.92,117884
ATR,NYSE,2019/09/27 16:00:00,119.21,119.31,118.06,118.67,149159
ATR,NYSE,2019/09/30 16:00:00,118.95,119.41,117.84,118.45,230822
ATR,NYSE,2019/10/01 16:00:00,119.29,119.73,117.5,117.67,143491
ATR,NYSE,2019/10/02 16:00:00,117,117.02,115.06,115.35,234759
ATR,NYSE,2019/10/03 16:00:00,115,115.23,113.78,114.99,241121
ATR,NYSE,2019/10/04 16:00:00,115.31,117.62,115.09,117.33,162667
ATR,NYSE,2019/10/07 16:00:00,116.69,117.45,116.24,116.56,229873
ATR,NYSE,2019/10/08 16:00:00,116.01,117.76,114.51,114.78,221942
ATR,NYSE,2019/10/09 16:00:00,115.82,116.89,115.38,116.48,134746
ATR,NYSE,2019/10/10 16:00:00,116.48,117.24,115.73,116.31,102448
ATR,NYSE,2019/10/11 16:00:00,116.92,118,116.24,116.33,213734
ATR,NYSE,2019/10/14 16:00:00,116.32,116.88,115.74,115.85,131911
ATR,NYSE,2019/10/15 16:00:00,116.34,116.64,115.05,115.18,182756
ATR,NYSE,2019/10/16 16:00:00,115.14,115.6,114.4,115.47,213726
ATR,NYSE,2019/10/17 16:00:00,115.57,117.08,115.5,116.55,153825
ATR,NYSE,2019/10/18 16:00:00,116.42,118,116.42,117.78,219124
ATR,NYSE,2019/10/21 16:00:00,118.37,119.11,117.8,117.9,143014
ATR,NYSE,2019/10/22 16:00:00,118.03,118.05,116.62,116.66,85350
ATR,NYSE,2019/10/23 16:00:00,116.53,117.93,116.5,117.37,110689
ATR,NYSE,2019/10/24 16:00:00,117.45,118.13,116.74,117.34,122463
ATR,NYSE,2019/10/25 16:00:00,117.21,118.62,117.21,117.88,120328
ATR,NYSE,2019/10/28 16:00:00,117.96,118.8,117.84,118.2,134129
ATR,NYSE,2019/10/29 16:00:00,117.45,119.13,117.45,118.51,147331
ATR,NYSE,2019/10/30 16:00:00,118.58,119.63,117.77,119.25,148246
ATR,NYSE,2019/10/31 16:00:00,119.04,119.63,117.62,118.15,316017
ATR,NYSE,2019/11/01 16:00:00,113.67,115.56,109.54,110.79,598773
ATR,NYSE,2019/11/04 16:00:00,111.01,111.76,108.41,108.67,556284
ATR,NYSE,2019/11/05 16:00:00,109.21,110.25,108.43,108.66,386560
ATR,NYSE,2019/11/06 16:00:00,108.67,109.81,108.42,109.49,370819
ATR,NYSE,2019/11/07 16:00:00,109.53,110.53,108.91,109.4,195460
ATR,NYSE,2019/11/08 16:00:00,109.31,110.93,108.87,109,303487
ATR,NYSE,2019/11/11 16:00:00,108.48,109.76,108.48,108.58,181486
ATR,NYSE,2019/11/12 16:00:00,108.64,109.3,108.16,108.22,185369
ATR,NYSE,2019/11/13 16:00:00,108.32,110.07,108.02,109.62,385407
ATR,NYSE,2019/11/14 16:00:00,109.48,110.58,109.48,110.47,223955
ATR,NYSE,2019/11/15 16:00:00,110.73,110.73,109.7,109.96,307326
ATR,NYSE,2019/11/18 16:00:00,109.92,110.95,109.88,110.34,352107
ATR,NYSE,2019/11/19 16:00:00,110.73,111.4,110.45,110.5,258673
ATR,NYSE,2019/11/20 16:00:00,110.12,111.85,110.12,110.7,961396
ATR,NYSE,2019/11/21 16:00:00,111.23,112.05,110.18,111.3,244217
ATR,NYSE,2019/11/22 16:00:00,111.65,111.67,110,110.12,151654
ATR,NYSE,2019/11/25 16:00:00,110.26,111.06,110.17,110.95,264408
ATR,NYSE,2019/11/26 16:00:00,111.52,112.65,110.97,112.56,225281
ATR,NYSE,2019/11/27 16:00:00,112.99,113.58,112.63,112.83,145542
ATR,NYSE,2019/11/29 13:00:00,112.64,113.21,111.94,112.12,89345
ATR,NYSE,2019/12/02 16:00:00,112.52,112.72,111.62,112.01,291029
ATR,NYSE,2019/12/03 16:00:00,111.51,113.31,111.14,112.71,250620
ATR,NYSE,2019/12/04 16:00:00,112.74,113.48,111.74,111.78,284584
ATR,NYSE,2019/12/05 16:00:00,111.89,112.66,111.65,111.95,243742
ATR,NYSE,2019/12/06 16:00:00,112.79,113,111.8,112.08,322658
ATR,NYSE,2019/12/09 16:00:00,112.31,112.84,111.69,112.63,256939
ATR,NYSE,2019/12/10 16:00:00,112.47,112.83,111.34,111.94,219460
ATR,NYSE,2019/12/11 16:00:00,111.97,112.77,111.9,112.57,141102
ATR,NYSE,2019/12/12 16:00:00,112.51,114.44,112.51,114.18,406995
ATR,NYSE,2019/12/13 16:00:00,113.98,115.39,113.33,113.97,380394
ATR,NYSE,2019/12/16 16:00:00,114.46,114.71,113.3,114.32,194198
ATR,NYSE,2019/12/17 16:00:00,114.13,114.75,113.06,113.35,248897
ATR,NYSE,2019/12/18 16:00:00,113.35,113.37,112.36,113.08,204047
ATR,NYSE,2019/12/19 16:00:00,113.16,113.48,112.8,113.26,172102
ATR,NYSE,2019/12/20 16:00:00,113.72,115.14,113.72,114.96,473535
ATR,NYSE,2019/12/23 16:00:00,114.93,115.37,114.23,115.37,144269
ATR,NYSE,2019/12/24 13:00:00,115.31,115.64,114.68,114.73,63750
ATR,NYSE,2019/12/26 16:00:00,114.74,114.86,113.8,114.82,110947
ATR,NYSE,2019/12/27 16:00:00,115.22,115.35,114.15,115.02,87765
ATR,NYSE,2019/12/30 16:00:00,114.94,115.8,114.67,115.76,193016
ATR,NYSE,2019/12/31 16:00:00,115.72,116.2,115.02,115.62,310703
ATR,NYSE,2020/01/02 16:00:00,115.5,116.48,112.93,113.68,362728
ATR,NYSE,2020/01/03 16:00:00,112.81,114.84,112.81,114.04,221476
ATR,NYSE,2020/01/06 16:00:00,113.66,114.49,113.56,114.05,282380
ATR,NYSE,2020/01/07 16:00:00,113.56,114.01,112.74,112.91,234706
ATR,NYSE,2020/01/08 16:00:00,113.08,114.18,113.08,113.22,331007
ATR,NYSE,2020/01/09 16:00:00,113.77,115.06,113.32,114.66,329059
ATR,NYSE,2020/01/10 16:00:00,114.66,116.17,114.57,115.79,196772
ATR,NYSE,2020/01/13 16:00:00,115.49,116.56,115.37,116.2,248524
ATR,NYSE,2020/01/14 16:00:00,116.25,116.32,115.14,116.13,160769
ATR,NYSE,2020/01/15 16:00:00,116.32,117.23,115.9,116.71,241474
ATR,NYSE,2020/01/16 16:00:00,117.21,118.27,117.18,118.22,187250
ATR,NYSE,2020/01/17 16:00:00,118.31,118.61,117.06,117.32,190576
ATR,NYSE,2020/01/21 16:00:00,116.66,116.77,115.35,115.63,189290
ATR,NYSE,2020/01/22 16:00:00,115.69,116.43,115.48,115.67,141849
ATR,NYSE,2020/01/23 16:00:00,115.33,119.02,114.77,117.37,301049
ATR,NYSE,2020/01/24 16:00:00,117.4,118.16,116.62,117.12,213020
ATR,NYSE,2020/01/27 16:00:00,115.54,117.26,115.22,116.49,239142
ATR,NYSE,2020/01/28 16:00:00,116.41,116.58,115.57,115.97,178570
ATR,NYSE,2020/01/29 16:00:00,115.91,117.08,115.53,115.94,211190
ATR,NYSE,2020/01/30 16:00:00,115.02,117.01,114.33,116.54,153240
ATR,NYSE,2020/01/31 16:00:00,115.91,116.39,115.14,115.51,300725
ATR,NYSE,2020/02/03 16:00:00,115.61,117.54,115.51,117.24,271260
ATR,NYSE,2020/02/04 16:00:00,117.79,118.49,116.2,116.95,313719
ATR,NYSE,2020/02/05 16:00:00,117.14,118.29,116.75,117.87,188114
ATR,NYSE,2020/02/06 16:00:00,118.05,118.95,117.46,117.53,247828
ATR,NYSE,2020/02/07 16:00:00,117.07,117.68,116.22,116.7,144458
ATR,NYSE,2020/02/10 16:00:00,116.42,117.1,115.48,115.8,142588
ATR,NYSE,2020/02/11 16:00:00,116.02,116.89,115.4,116.05,197557
ATR,NYSE,2020/02/12 16:00:00,116.13,116.21,114.3,114.71,448151
ATR,NYSE,2020/02/13 16:00:00,114.58,116.55,113.69,116.2,200392
ATR,NYSE,2020/02/14 16:00:00,116.6,117.75,116.17,116.67,216777
ATR,NYSE,2020/02/18 16:00:00,116.47,116.63,115.08,115.26,271337
ATR,NYSE,2020/02/19 16:00:00,115.37,116.62,114.72,115.01,289187
ATR,NYSE,2020/02/20 16:00:00,114.61,115.67,113.74,114.93,378435
ATR,NYSE,2020/02/21 16:00:00,111.52,114.65,109.16,111.98,720605
ATR,NYSE,2020/02/24 16:00:00,110.5,111.21,109.17,109.21,447892
ATR,NYSE,2020/02/25 16:00:00,109.22,109.57,106.71,106.94,641406
ATR,NYSE,2020/02/26 16:00:00,104,106.56,102.77,104.68,504540
ATR,NYSE,2020/02/27 16:00:00,103.4,104.76,101.95,102.4,670787
ATR,NYSE,2020/02/28 16:00:00,99.73,102.21,99.32,101.07,690812
ATR,NYSE,2020/03/02 16:00:00,101.62,103.76,100.81,103.58,331763
ATR,NYSE,2020/03/03 16:00:00,103.79,105.72,102.2,102.76,353265
ATR,NYSE,2020/03/04 16:00:00,105.39,107.63,104.44,107.44,294471
ATR,NYSE,2020/03/05 16:00:00,105.34,105.8,102.64,103.98,273797
ATR,NYSE,2020/03/06 16:00:00,101.61,107.41,101.33,107.3,623961
ATR,NYSE,2020/03/09 16:00:00,102.74,105,99.48,101.45,597080
ATR,NYSE,2020/03/10 16:00:00,103.6,103.99,99.39,103.99,522291
ATR,NYSE,2020/03/11 16:00:00,101.67,101.67,97.92,99.08,705829
ATR,NYSE,2020/03/12 16:00:00,92.48,96.4,87.5,94.4,843114
ATR,NYSE,2020/03/13 16:00:00,98.08,99.44,91.12,96.39,595966
ATR,NYSE,2020/03/16 16:00:00,87.4,94.48,87.4,87.88,667379
ATR,NYSE,2020/03/17 16:00:00,89.95,96.95,89.48,96.45,595700
ATR,NYSE,2020/03/18 16:00:00,91.69,96.98,90.34,96.75,761995
ATR,NYSE,2020/03/19 16:00:00,96.49,101.22,93.59,98.88,354696
ATR,NYSE,2020/03/20 16:00:00,98.81,99.98,89.13,92.51,727300
ATR,NYSE,2020/03/23 16:00:00,92.06,93.24,79.84,83.93,698781
ATR,NYSE,2020/03/24 16:00:00,87.27,88.32,82.69,88.06,535619
ATR,NYSE,2020/03/25 16:00:00,89,93.66,86.22,90.18,576162
ATR,NYSE,2020/03/26 16:00:00,90.85,97.34,90.22,96.2,447015
ATR,NYSE,2020/03/27 16:00:00,94.54,95.84,92.1,94,482017
ATR,NYSE,2020/03/30 16:00:00,94.97,100.96,94.37,100.48,435369
ATR,NYSE,2020/03/31 16:00:00,100.52,102.75,97.44,99.54,531024
ATR,NYSE,2020/04/01 16:00:00,97.71,98.68,95.44,96.21,296454
ATR,NYSE,2020/04/02 16:00:00,95.81,97.14,94.12,96.15,455721
ATR,NYSE,2020/04/03 16:00:00,94.88,97.42,93.36,94.19,370613
ATR,NYSE,2020/04/06 16:00:00,97.07,101.18,97.07,100.76,503240
ATR,NYSE,2020/04/07 16:00:00,103.55,103.55,99.22,101.12,378002
ATR,NYSE,2020/04/08 16:00:00,102.65,105.29,100.64,104.11,328512
ATR,NYSE,2020/04/09 16:00:00,105.04,108.03,104.23,107.27,399311
ATR,NYSE,2020/04/13 16:00:00,106.99,107.43,102.3,102.35,233958
ATR,NYSE,2020/04/14 16:00:00,104.56,105.37,103.36,104.02,239697
ATR,NYSE,2020/04/15 16:00:00,102.28,104.19,100.61,100.93,441407
ATR,NYSE,2020/04/16 16:00:00,103.03,103.03,99.68,101.85,293985
ATR,NYSE,2020/04/17 16:00:00,103.86,105.02,102.4,102.94,256174
ATR,NYSE,2020/04/20 16:00:00,101.86,107.94,101.13,106.94,856350
ATR,NYSE,2020/04/21 16:00:00,105.85,106.99,104.12,106.12,475521
ATR,NYSE,2020/04/22 16:00:00,106.99,107.04,104.12,106.3,436386
ATR,NYSE,2020/04/23 16:00:00,106.62,107.32,104.95,105.02,347570
ATR,NYSE,2020/04/24 16:00:00,105.41,105.41,103.09,104.12,377042
ATR,NYSE,2020/04/27 16:00:00,109.33,114.1,106.88,112.58,457659
ATR,NYSE,2020/04/28 16:00:00,112.6,114.66,110.99,111.18,274579
ATR,NYSE,2020/04/29 16:00:00,112.56,113.63,109.82,110.08,236573
ATR,NYSE,2020/04/30 16:00:00,108.99,110.07,106.34,107.08,730612
ATR,NYSE,2020/05/01 16:00:00,110.56,110.56,104.71,106.14,506241
ATR,NYSE,2020/05/04 16:00:00,105.53,107.33,105.08,106.81,324286
ATR,NYSE,2020/05/05 16:00:00,106.78,107.63,105.4,105.56,332492
ATR,NYSE,2020/05/06 16:00:00,106.77,107.05,104.76,104.86,234008
ATR,NYSE,2020/05/07 16:00:00,105.52,106.89,105.14,105.47,285187
ATR,NYSE,2020/05/08 16:00:00,106.98,107.99,106.56,107.53,259739
ATR,NYSE,2020/05/11 16:00:00,106.66,107.51,106.08,106.31,343952
ATR,NYSE,2020/05/12 16:00:00,106.43,106.43,103.85,103.95,233339
ATR,NYSE,2020/05/13 16:00:00,103.39,103.39,101.65,102.42,267134
ATR,NYSE,2020/05/14 16:00:00,101.01,102.62,99.11,102.46,246163
ATR,NYSE,2020/05/15 16:00:00,101.47,101.7,100.05,101.5,476362
ATR,NYSE,2020/05/18 16:00:00,104.07,105.15,102.95,104.15,304487
ATR,NYSE,2020/05/19 16:00:00,103.79,105.75,103.16,103.73,214667
ATR,NYSE,2020/05/20 16:00:00,104.45,105.52,104.08,104.41,146204
ATR,NYSE,2020/05/21 16:00:00,104.44,105.71,104.44,105.09,233923
ATR,NYSE,2020/05/22 16:00:00,104.97,105.25,103.71,105.1,151218
ATR,NYSE,2020/05/26 16:00:00,107.34,110.19,106.78,109.55,332201
ATR,NYSE,2020/05/27 16:00:00,111.07,112.65,110.35,112.55,290412
ATR,NYSE,2020/05/28 16:00:00,113.33,113.33,110.94,111.6,233602
ATR,NYSE,2020/05/29 16:00:00,111.1,111.53,109.71,111.39,215318
ATR,NYSE,2020/06/01 16:00:00,111.28,111.88,110.6,111.42,276997
ATR,NYSE,2020/06/02 16:00:00,111.75,112.47,110.94,112.07,224886
ATR,NYSE,2020/06/03 16:00:00,112.7,114.1,112.7,113.28,196644
ATR,NYSE,2020/06/04 16:00:00,113.5,113.5,111.02,112.14,182483
ATR,NYSE,2020/06/05 16:00:00,113.8,114.28,112.91,113.4,235497
ATR,NYSE,2020/06/08 16:00:00,112.82,114,112.29,113.58,244697
ATR,NYSE,2020/06/09 16:00:00,112.78,113.45,111.91,112.47,292106
ATR,NYSE,2020/06/10 16:00:00,113,113,110.82,111.64,366637
ATR,NYSE,2020/06/11 16:00:00,110,110.61,104.21,104.25,376921
ATR,NYSE,2020/06/12 16:00:00,106.69,107.53,103.08,105.36,247251
ATR,NYSE,2020/06/15 16:00:00,103.44,106.54,103.07,105.41,235865
ATR,NYSE,2020/06/16 16:00:00,108.3,109.09,106.86,107.39,252957
ATR,NYSE,2020/06/17 16:00:00,108.19,108.65,106.37,106.91,208807
ATR,NYSE,2020/06/18 16:00:00,106.28,107.97,105.97,106.99,217800
ATR,NYSE,2020/06/19 16:00:00,107.21,107.99,106.1,107.6,303717
ATR,NYSE,2020/06/22 16:00:00,106.94,107.67,105.5,107.55,241927
ATR,NYSE,2020/06/23 16:00:00,108.46,108.46,106.92,107.44,228314
ATR,NYSE,2020/06/24 16:00:00,106.58,107.52,105.85,105.94,433916
ATR,NYSE,2020/06/25 16:00:00,105.41,107.63,103.78,107.6,263614
ATR,NYSE,2020/06/26 16:00:00,107.12,108.69,106.17,107.72,924172
ATR,NYSE,2020/06/29 16:00:00,108.24,110.19,107.89,109.25,189285
ATR,NYSE,2020/06/30 16:00:00,109.13,112.28,109.13,111.98,421798
ATR,NYSE,2020/07/01 16:00:00,111.91,112.67,110.95,112.48,247922
ATR,NYSE,2020/07/02 16:00:00,113.44,115.01,113.44,114.97,271425
ATR,NYSE,2020/07/06 16:00:00,115.99,116.66,114.18,115.26,330868
ATR,NYSE,2020/07/07 16:00:00,114.64,116,114.18,115.15,346528
ATR,NYSE,2020/07/08 16:00:00,114.79,115.75,112.59,112.93,205938
ATR,NYSE,2020/07/09 16:00:00,113.16,114.14,111.41,113.76,307154
ATR,NYSE,2020/07/10 16:00:00,114.17,115.17,112.4,114.95,244485
ATR,NYSE,2020/07/13 16:00:00,114.96,116.27,113.27,113.43,288988
ATR,NYSE,2020/07/14 16:00:00,113.76,116.5,113.69,116.31,193586
ATR,NYSE,2020/07/15 16:00:00,117.44,118.29,116.54,117.9,326948
ATR,NYSE,2020/07/16 16:00:00,118.04,118.49,116.8,117.24,252948
ATR,NYSE,2020/07/17 16:00:00,118,119.71,117.34,119.4,248994
ATR,NYSE,2020/07/20 16:00:00,119.4,119.75,118.27,119.29,183176
ATR,NYSE,2020/07/21 16:00:00,119.58,119.87,117.67,118.18,394270
ATR,NYSE,2020/07/22 16:00:00,118.25,118.98,117.41,118.5,414622
ATR,NYSE,2020/07/23 16:00:00,118.39,119.23,118.09,118.44,286702
ATR,NYSE,2020/07/24 16:00:00,119,119.79,118.38,118.85,244683
ATR,NYSE,2020/07/27 16:00:00,118.83,120.45,118.5,119.85,281806
ATR,NYSE,2020/07/28 16:00:00,119.81,119.81,117.78,118.05,208599
ATR,NYSE,2020/07/29 16:00:00,118.72,119.41,117.33,118.81,251179
ATR,NYSE,2020/07/30 16:00:00,117.75,118.91,116.7,117.91,359798
ATR,NYSE,2020/07/31 16:00:00,115,117.9,111.22,115.2,668147
ATR,NYSE,2020/08/03 16:00:00,116.85,119.68,114.85,118.66,292930
ATR,NYSE,2020/08/04 16:00:00,118.95,120.18,118.22,118.62,233133
ATR,NYSE,2020/08/05 16:00:00,119.56,120.67,118.22,118.36,164691
ATR,NYSE,2020/08/06 16:00:00,118.82,120.11,116.68,117.66,246500
ATR,NYSE,2020/08/07 16:00:00,117.07,119.37,116.78,119.25,202340
ATR,NYSE,2020/08/10 16:00:00,119.58,119.58,116.9,117,204743
ATR,NYSE,2020/08/11 16:00:00,118.02,119.35,116.53,116.74,214088
ATR,NYSE,2020/08/12 16:00:00,116.92,118.57,116.75,118.09,171798
ATR,NYSE,2020/08/13 16:00:00,117.24,119.47,117.24,118.52,213844
ATR,NYSE,2020/08/14 16:00:00,117.88,119.64,117.7,118.49,134592
ATR,NYSE,2020/08/17 16:00:00,119.14,119.92,118.01,118.25,160466
ATR,NYSE,2020/08/18 16:00:00,117.91,118.64,116.77,117.88,171491
ATR,NYSE,2020/08/19 16:00:00,118.7,119.37,117.32,117.69,145618
ATR,NYSE,2020/08/20 16:00:00,117.06,118.13,116.6,117.55,159427
ATR,NYSE,2020/08/21 16:00:00,117.12,118.35,116.4,117.8,199186
ATR,NYSE,2020/08/24 16:00:00,118.2,119.76,118.2,119.11,223991
ATR,NYSE,2020/08/25 16:00:00,119.54,119.54,117.93,118.13,114372
ATR,NYSE,2020/08/26 16:00:00,117.99,119,117.56,118.6,119970
ATR,NYSE,2020/08/27 16:00:00,118.63,120.62,118.5,120.05,209790
ATR,NYSE,2020/08/28 16:00:00,119.7,119.7,118,118.13,295204
ATR,NYSE,2020/08/31 16:00:00,118.58,119.16,117.78,118.39,182518
ATR,NYSE,2020/09/01 16:00:00,117.94,119.64,117.94,119.5,133878
ATR,NYSE,2020/09/02 16:00:00,119.75,122.44,118.97,122.26,153795
ATR,NYSE,2020/09/03 16:00:00,122.28,122.28,118.5,119.17,227201
ATR,NYSE,2020/09/04 16:00:00,120.04,120.3,116.49,118.72,224216
ATR,NYSE,2020/09/08 16:00:00,118.13,118.13,116.04,116.06,164553
ATR,NYSE,2020/09/09 16:00:00,116.64,118.63,116.64,117.89,154009
ATR,NYSE,2020/09/10 16:00:00,118.17,118.91,116.71,117.19,253479
ATR,NYSE,2020/09/11 16:00:00,117.88,118.71,117.13,118.36,124582
ATR,NYSE,2020/09/14 16:00:00,119.37,120.06,118.47,119.08,129030
ATR,NYSE,2020/09/15 16:00:00,119.44,119.8,118.12,118.33,125633
ATR,NYSE,2020/09/16 16:00:00,119.58,119.58,117.57,117.77,232032
ATR,NYSE,2020/09/17 16:00:00,116.5,117.24,115.08,115.96,354527
ATR,NYSE,2020/09/18 16:00:00,116.58,116.75,114.23,115.04,555730
ATR,NYSE,2020/09/21 16:00:00,113.6,114.04,111.82,113.45,251540
ATR,NYSE,2020/09/22 16:00:00,113.97,114.67,113.56,114.33,292397
ATR,NYSE,2020/09/23 16:00:00,114.2,114.53,111.71,112.14,172252
ATR,NYSE,2020/09/24 16:00:00,111.9,113.17,111.16,112.26,274253
ATR,NYSE,2020/09/25 16:00:00,111.46,112.58,111.46,112.1,254104
ATR,NYSE,2020/09/28 16:00:00,113.17,114.22,112.04,112.36,229980
ATR,NYSE,2020/09/29 16:00:00,112.06,113.35,111.75,112.62,230014
ATR,NYSE,2020/09/30 16:00:00,113.27,114.06,112.5,113.2,200458
ATR,NYSE,2020/10/01 16:00:00,113.45,114.97,113.14,113.7,166029
ATR,NYSE,2020/10/02 16:00:00,112.31,114.18,112.31,112.85,166847
ATR,NYSE,2020/10/05 16:00:00,113.36,114.93,113.21,114.55,151297
ATR,NYSE,2020/10/06 16:00:00,115.01,115.9,113.92,114.56,224032
ATR,NYSE,2020/10/07 16:00:00,115.09,116.17,114.5,114.98,173241
ATR,NYSE,2020/10/08 16:00:00,115.8,116.79,115.52,116.52,137985
ATR,NYSE,2020/10/09 16:00:00,118.12,118.39,116.19,116.81,148670
ATR,NYSE,2020/10/12 16:00:00,117.05,118.83,116.7,118.04,138090
ATR,NYSE,2020/10/13 16:00:00,117.73,118.91,117.25,117.56,158965
ATR,NYSE,2020/10/14 16:00:00,117.5,118.03,116.04,116.44,98936
ATR,NYSE,2020/10/15 16:00:00,114.72,116.59,114.22,116.34,116909
ATR,NYSE,2020/10/16 16:00:00,116.71,117.23,116.19,116.35,97693
ATR,NYSE,2020/10/19 16:00:00,116.64,116.64,114.58,115.15,113692
ATR,NYSE,2020/10/20 16:00:00,116.05,117.56,115.22,116.96,192601
ATR,NYSE,2020/10/21 16:00:00,117.27,118.76,117.27,117.74,133709
ATR,NYSE,2020/10/22 16:00:00,117.89,118.48,116.75,118.31,164109
ATR,NYSE,2020/10/23 16:00:00,118.75,118.97,117.48,118.35,105626
ATR,NYSE,2020/10/26 16:00:00,117.35,117.49,115.93,117.46,114129
ATR,NYSE,2020/10/27 16:00:00,117.17,117.19,115.61,115.65,125010
ATR,NYSE,2020/10/28 16:00:00,114.11,114.61,112.25,112.34,170486
ATR,NYSE,2020/10/29 16:00:00,112.3,113.1,110.34,112.94,279074
ATR,NYSE,2020/10/30 16:00:00,116.25,116.76,113.54,114.09,377937
ATR,NYSE,2020/11/02 16:00:00,115.17,118.29,114.67,118.19,215628
ATR,NYSE,2020/11/03 16:00:00,118.5,121.46,118.33,119.56,242374
ATR,NYSE,2020/11/04 16:00:00,120,120.02,118.1,119.05,150632
ATR,NYSE,2020/11/05 16:00:00,120.61,123.1,120.43,122.91,185537
ATR,NYSE,2020/11/06 16:00:00,123.59,124.61,122.47,123.6,220256
ATR,NYSE,2020/11/09 16:00:00,127.62,128.86,122.11,123.17,336523
ATR,NYSE,2020/11/10 16:00:00,123.39,128.8,122.95,127.61,326054
ATR,NYSE,2020/11/11 16:00:00,127.75,127.75,124.37,125.27,194744
ATR,NYSE,2020/11/12 16:00:00,124.24,125.21,122.59,124.27,126347
ATR,NYSE,2020/11/13 16:00:00,124.85,126,124.1,125.07,126297
ATR,NYSE,2020/11/16 16:00:00,126.28,127,125.57,126.86,207366
ATR,NYSE,2020/11/17 16:00:00,126.26,128.1,125.7,127.36,191210
ATR,NYSE,2020/11/18 16:00:00,127.43,127.86,125.97,126.37,173077
ATR,NYSE,2020/11/19 16:00:00,126.7,127.62,126,127.23,213914
ATR,NYSE,2020/11/20 16:00:00,127.51,128.36,127.19,127.81,237343
ATR,NYSE,2020/11/23 16:00:00,128.06,129.12,126.4,126.86,182304
ATR,NYSE,2020/11/24 16:00:00,128.16,128.47,126.88,127.88,237200
ATR,NYSE,2020/11/25 16:00:00,128.48,128.48,125.77,126.29,136061
ATR,NYSE,2020/11/27 13:00:00,126.55,127.3,126.08,127.24,67786
ATR,NYSE,2020/11/30 16:00:00,126.79,126.93,125.69,126.32,204620
ATR,NYSE,2020/12/01 16:00:00,127.15,128.58,126.42,127.82,165833
ATR,NYSE,2020/12/02 16:00:00,127.36,128.05,125.72,126.26,133784
ATR,NYSE,2020/12/03 16:00:00,126.07,127.11,125.15,125.87,138744
ATR,NYSE,2020/12/04 16:00:00,125.48,127.8,125.48,127.68,144615
ATR,NYSE,2020/12/07 16:00:00,127.99,128.99,127.64,128.63,114974
ATR,NYSE,2020/12/08 16:00:00,128.29,130.9,127.94,129.19,162096
ATR,NYSE,2020/12/09 16:00:00,129.13,130.18,128.66,129.53,144845
ATR,NYSE,2020/12/10 16:00:00,129.47,131.09,129.02,130.47,247103
ATR,NYSE,2020/12/11 16:00:00,129.59,131.1,129.59,130.45,165830
ATR,NYSE,2020/12/14 16:00:00,131.05,131.99,128.2,128.41,205832
ATR,NYSE,2020/12/15 16:00:00,128.56,130.65,128.31,130.26,158187
ATR,NYSE,2020/12/16 16:00:00,130.99,131.74,130.2,131.1,265379
ATR,NYSE,2020/12/17 16:00:00,131.29,133.69,131,133.14,297739
ATR,NYSE,2020/12/18 16:00:00,134,134.67,133.64,134.1,656308
ATR,NYSE,2020/12/21 16:00:00,132.78,135,131.5,134.89,211708
ATR,NYSE,2020/12/22 16:00:00,134.65,136.22,134.01,134.5,257330
ATR,NYSE,2020/12/23 16:00:00,134.52,135.75,134.45,134.53,191640
ATR,NYSE,2020/12/24 13:00:00,135,136.37,134.65,135.7,84186
ATR,NYSE,2020/12/28 16:00:00,136.19,137.14,135.06,135.68,100420
ATR,NYSE,2020/12/29 16:00:00,136.27,136.75,134.84,135.31,94394
ATR,NYSE,2020/12/30 16:00:00,135.91,137.36,135.46,136.39,98987
ATR,NYSE,2020/12/31 16:00:00,136.77,137.32,135.61,136.89,169818
ATR,NYSE,2021/01/04 16:00:00,135.92,137.97,133.68,134,315746
ATR,NYSE,2021/01/05 16:00:00,134.13,135.29,133.54,133.7,260524
ATR,NYSE,2021/01/06 16:00:00,134.22,137.97,134.22,137.72,289314
ATR,NYSE,2021/01/07 16:00:00,137.52,140,136.51,139.7,192396
ATR,NYSE,2021/01/08 16:00:00,139.57,140.62,137.76,139.07,140578
ATR,NYSE,2021/01/11 16:00:00,139.5,139.87,138.38,138.79,115313
ATR,NYSE,2021/01/12 16:00:00,138.81,139.23,137.09,138.15,199210
ATR,NYSE,2021/01/13 16:00:00,137.95,139.58,136.14,138.58,245041
ATR,NYSE,2021/01/14 16:00:00,138.5,140.71,137.52,139.45,181211
ATR,NYSE,2021/01/15 16:00:00,139.04,141.33,138.37,138.83,149314
ATR,NYSE,2021/01/19 16:00:00,139.58,140.62,137.25,137.26,222324
ATR,NYSE,2021/01/20 16:00:00,137.73,140.75,137.49,140.62,254127
ATR,NYSE,2021/01/21 16:00:00,140.27,141.13,138.01,138.11,208315
ATR,NYSE,2021/01/22 16:00:00,137.86,138.38,137.11,138.19,227833
ATR,NYSE,2021/01/25 16:00:00,138.16,139.92,137.85,139.57,187115
ATR,NYSE,2021/01/26 16:00:00,139.43,140,137.08,138.85,125884
ATR,NYSE,2021/01/27 16:00:00,137.53,137.53,133.15,133.25,186869
ATR,NYSE,2021/01/28 16:00:00,134.08,135.8,133.61,135.25,165759
ATR,NYSE,2021/01/29 16:00:00,134.43,135.36,131.82,132.97,377788
ATR,NYSE,2021/02/01 16:00:00,134.13,134.39,131.81,134.09,184722
ATR,NYSE,2021/02/02 16:00:00,135.05,138.12,134.74,136.94,192951
ATR,NYSE,2021/02/03 16:00:00,136.16,137.3,135.39,136.56,134745
ATR,NYSE,2021/02/04 16:00:00,136.12,138.4,135,138,251134
ATR,NYSE,2021/02/05 16:00:00,139.46,140.73,138.72,140.66,177537
ATR,NYSE,2021/02/08 16:00:00,141.25,142,140.53,141.98,171207
ATR,NYSE,2021/02/09 16:00:00,141.96,142.89,141.22,142.17,182995
ATR,NYSE,2021/02/10 16:00:00,143,144.1,142.51,143.25,151058
ATR,NYSE,2021/02/11 16:00:00,143.5,144.32,142.06,142.97,195826
ATR,NYSE,2021/02/12 16:00:00,142.38,144.76,142.38,144.63,105250
ATR,NYSE,2021/02/16 16:00:00,144.61,144.72,142.9,143.6,175318
ATR,NYSE,2021/02/17 16:00:00,143.75,144.18,142.45,143.21,208088
ATR,NYSE,2021/02/18 16:00:00,142.62,143.18,140.99,140.99,208657
ATR,NYSE,2021/02/19 16:00:00,138.57,138.57,131.61,132.24,492876
ATR,NYSE,2021/02/22 16:00:00,131.25,131.37,127.5,129.1,347080
ATR,NYSE,2021/02/23 16:00:00,127.82,128.72,126.78,128.28,490743
ATR,NYSE,2021/02/24 16:00:00,128.26,129.04,127.8,128.76,213046
ATR,NYSE,2021/02/25 16:00:00,128.77,130.91,128.77,130.3,378645
ATR,NYSE,2021/02/26 16:00:00,131.06,131.57,129.56,130.07,386457
ATR,NYSE,2021/03/01 16:00:00,130.78,132,129.88,130.6,282990
ATR,NYSE,2021/03/02 16:00:00,130.44,130.66,129.47,130.35,367730
ATR,NYSE,2021/03/03 16:00:00,130.37,132.18,129.5,131.05,220359
ATR,NYSE,2021/03/04 16:00:00,130.89,131.9,130.13,130.4,493726
ATR,NYSE,2021/03/05 16:00:00,131.14,134.14,130.41,134.09,204653
ATR,NYSE,2021/03/08 16:00:00,134.83,138.48,134.1,137.71,230559
ATR,NYSE,2021/03/09 16:00:00,138.68,140.67,137.68,137.69,251524
ATR,NYSE,2021/03/10 16:00:00,138.21,140.12,137.94,139.38,150688
ATR,NYSE,2021/03/11 16:00:00,139.19,140.42,138.74,139.38,169130
ATR,NYSE,2021/03/12 16:00:00,140,141.24,139.26,140.77,218990
ATR,NYSE,2021/03/15 16:00:00,141.78,143.03,141.01,142.13,356177
ATR,NYSE,2021/03/16 16:00:00,141.71,142.1,139.33,140.5,280669
ATR,NYSE,2021/03/17 16:00:00,139.91,141.74,139.38,141.28,180865
ATR,NYSE,2021/03/18 16:00:00,141.34,142.47,140.94,141.51,174119
ATR,NYSE,2021/03/19 16:00:00,142.06,142.33,139.04,139.31,614976
ATR,NYSE,2021/03/22 16:00:00,138.97,141.86,138.26,141.59,247672
ATR,NYSE,2021/03/23 16:00:00,140.53,142.56,140.16,140.77,330053
ATR,NYSE,2021/03/24 16:00:00,141.16,144.33,141.16,141.84,300817
ATR,NYSE,2021/03/25 16:00:00,141.4,143.23,140.45,142.47,265561
ATR,NYSE,2021/03/26 16:00:00,143,144.82,142.19,144.82,286952
ATR,NYSE,2021/03/29 16:00:00,144.24,145.9,143.39,144.77,272170
ATR,NYSE,2021/03/30 16:00:00,144.33,144.41,142.6,143.08,247853
ATR,NYSE,2021/03/31 16:00:00,143.03,143.47,141.23,141.67,408616
ATR,NYSE,2021/04/01 16:00:00,141.99,143.98,141.38,143.87,228248
ATR,NYSE,2021/04/05 16:00:00,144.95,144.95,143.34,144.69,196076
ATR,NYSE,2021/04/06 16:00:00,144.04,145.99,143.32,145.97,206053
ATR,NYSE,2021/04/07 16:00:00,145.28,145.5,143.38,143.59,188018
ATR,NYSE,2021/04/08 16:00:00,143.8,143.96,142.19,143.68,158656
ATR,NYSE,2021/04/09 16:00:00,144.42,145.3,143.28,145.2,151363
BFAM,NYSE,2019/04/01 16:00:00,127.16,127.75,124.58,125.75,275106
BFAM,NYSE,2019/04/02 16:00:00,125.9,126.53,124.2,126.48,208012
BFAM,NYSE,2019/04/03 16:00:00,127.13,128.22,126.5,127.86,168380
BFAM,NYSE,2019/04/04 16:00:00,127.93,128,127.05,127.6,150071
BFAM,NYSE,2019/04/05 16:00:00,128.35,128.78,127.72,128.43,152171
BFAM,NYSE,2019/04/08 16:00:00,128.08,128.25,126.67,127.72,131461
BFAM,NYSE,2019/04/09 16:00:00,127.19,128.59,127.19,127.47,111466
BFAM,NYSE,2019/04/10 16:00:00,127.76,128.79,127.57,128.26,86408
BFAM,NYSE,2019/04/11 16:00:00,128.28,128.77,127.68,128.2,129642
BFAM,NYSE,2019/04/12 16:00:00,128.42,129.24,127.89,128.52,129042
BFAM,NYSE,2019/04/15 16:00:00,127.84,128.85,127.22,128.06,176337
BFAM,NYSE,2019/04/16 16:00:00,128.54,129.32,127.06,127.18,127444
BFAM,NYSE,2019/04/17 16:00:00,127.45,127.81,125.2,126.15,270507
BFAM,NYSE,2019/04/18 16:00:00,126.71,127.37,125.41,125.48,255125
BFAM,NYSE,2019/04/22 16:00:00,125.09,125.86,124.89,125.71,152110
BFAM,NYSE,2019/04/23 16:00:00,125.75,128.48,125.75,128.07,203102
BFAM,NYSE,2019/04/24 16:00:00,128.02,128.66,127.06,127.61,141478
BFAM,NYSE,2019/04/25 16:00:00,127.42,128.28,126.39,127.5,111113
BFAM,NYSE,2019/04/26 16:00:00,128.08,128.44,127.1,128.15,109938
BFAM,NYSE,2019/04/29 16:00:00,128.48,128.95,128.03,128.64,259443
BFAM,NYSE,2019/04/30 16:00:00,127.69,128.97,127.57,128.15,253288
BFAM,NYSE,2019/05/01 16:00:00,130.25,132.41,128.27,129.43,279479
BFAM,NYSE,2019/05/02 16:00:00,128.67,130.42,128.02,130.41,246946
BFAM,NYSE,2019/05/03 16:00:00,129.77,131.02,129.57,130.29,179467
BFAM,NYSE,2019/05/06 16:00:00,128.28,131.09,128.28,130.47,146025
BFAM,NYSE,2019/05/07 16:00:00,130.17,130.78,129.15,129.96,156613
BFAM,NYSE,2019/05/08 16:00:00,129.52,130.52,127.94,130.29,235248
BFAM,NYSE,2019/05/09 16:00:00,129.69,131.27,128.74,131.05,180217
BFAM,NYSE,2019/05/10 16:00:00,131.16,132.79,130.23,132.27,290651
BFAM,NYSE,2019/05/13 16:00:00,130.55,130.55,128,128.46,142055
BFAM,NYSE,2019/05/14 16:00:00,128.65,131.76,128.65,131.06,175926
BFAM,NYSE,2019/05/15 16:00:00,130.18,132.42,130.18,131.9,183188
BFAM,NYSE,2019/05/16 16:00:00,131.97,134.65,131.76,134.21,197451
BFAM,NYSE,2019/05/17 16:00:00,133.44,135.18,132.78,134.19,210842
BFAM,NYSE,2019/05/20 16:00:00,133.48,133.77,132.25,132.56,191068
BFAM,NYSE,2019/05/21 16:00:00,133.34,134.35,133.34,133.47,102329
BFAM,NYSE,2019/05/22 16:00:00,132.94,134.63,132.93,133.88,115581
BFAM,NYSE,2019/05/23 16:00:00,133.12,134.66,132.62,134.51,167490
BFAM,NYSE,2019/05/24 16:00:00,135.01,136.99,135.01,136.07,266749
BFAM,NYSE,2019/05/28 16:00:00,136.49,138,135.63,136.24,211823
BFAM,NYSE,2019/05/29 16:00:00,136.01,136.5,134.66,135.36,124544
BFAM,NYSE,2019/05/30 16:00:00,135.34,136.72,134.99,136.02,92550
BFAM,NYSE,2019/05/31 16:00:00,135.08,137.5,134.18,137.06,216736
BFAM,NYSE,2019/06/03 16:00:00,137.06,137.35,135.61,136.57,211635
BFAM,NYSE,2019/06/04 16:00:00,137.63,137.67,135.97,137.49,123584
BFAM,NYSE,2019/06/05 16:00:00,137.66,139.04,137.15,138.47,159418
BFAM,NYSE,2019/06/06 16:00:00,138.57,139.75,137.92,139.26,167907
BFAM,NYSE,2019/06/07 16:00:00,139.77,140.38,138.87,140.1,156417
BFAM,NYSE,2019/06/10 16:00:00,140.76,141.15,139.34,139.76,118683
BFAM,NYSE,2019/06/11 16:00:00,140.23,140.29,137.47,138.33,102870
BFAM,NYSE,2019/06/12 16:00:00,138.54,139.9,138.28,139.39,133201
BFAM,NYSE,2019/06/13 16:00:00,139.89,140.15,139.07,140,141094
BFAM,NYSE,2019/06/14 16:00:00,139.99,140.46,139.23,140,95541
BFAM,NYSE,2019/06/17 16:00:00,139.56,140.14,139.01,139.82,102021
BFAM,NYSE,2019/06/18 16:00:00,140.5,140.5,139.36,139.52,132721
BFAM,NYSE,2019/06/19 16:00:00,139.48,141.42,138.85,141.2,187712
BFAM,NYSE,2019/06/20 16:00:00,146.84,146.84,143.84,146.2,284778
BFAM,NYSE,2019/06/21 16:00:00,145.9,149.5,145.67,148.24,402183
BFAM,NYSE,2019/06/24 16:00:00,148.49,150.15,147.35,149.84,242726
BFAM,NYSE,2019/06/25 16:00:00,149.82,150.47,148.32,148.82,299888
BFAM,NYSE,2019/06/26 16:00:00,149.42,150.02,148.09,148.96,232975
BFAM,NYSE,2019/06/27 16:00:00,149.2,150.25,148.89,150,290933
BFAM,NYSE,2019/06/28 16:00:00,149.75,151.73,149.71,150.87,655941
BFAM,NYSE,2019/07/01 16:00:00,151.84,153.89,151.21,153.79,374624
BFAM,NYSE,2019/07/02 16:00:00,153.79,154.37,151.96,153.04,211755
BFAM,NYSE,2019/07/03 13:00:00,153.82,155,152.98,154.83,114027
BFAM,NYSE,2019/07/05 16:00:00,153.6,154.8,151.99,154.8,185369
BFAM,NYSE,2019/07/08 16:00:00,154.55,154.63,150.61,152.21,396624
BFAM,NYSE,2019/07/09 16:00:00,151.81,151.81,150.54,151.62,386168
BFAM,NYSE,2019/07/10 16:00:00,152.22,153.79,150.66,150.91,261470
BFAM,NYSE,2019/07/11 16:00:00,151.41,153.5,151.1,152.99,305534
BFAM,NYSE,2019/07/12 16:00:00,153.12,154.07,152.38,153.09,277156
BFAM,NYSE,2019/07/15 16:00:00,153.1,155,152.15,154.68,189974
BFAM,NYSE,2019/07/16 16:00:00,154.28,155.78,154.28,155.06,232719
BFAM,NYSE,2019/07/17 16:00:00,154.95,155.7,153.92,154.14,165429
BFAM,NYSE,2019/07/18 16:00:00,153.92,154.17,153.04,153.91,214328
BFAM,NYSE,2019/07/19 16:00:00,154.26,154.64,151.04,151.1,286061
BFAM,NYSE,2019/07/22 16:00:00,151.29,153.34,151.29,152.3,199543
BFAM,NYSE,2019/07/23 16:00:00,153.25,155.51,152.06,155.46,283830
BFAM,NYSE,2019/07/24 16:00:00,155.18,156.06,153.33,155.57,204068
BFAM,NYSE,2019/07/25 16:00:00,155.57,155.85,154.2,154.6,151751
BFAM,NYSE,2019/07/26 16:00:00,155.16,157.12,154.59,156.85,130232
BFAM,NYSE,2019/07/29 16:00:00,156.35,157.31,153.86,153.99,264474
BFAM,NYSE,2019/07/30 16:00:00,153.45,155.05,152.73,154.13,299903
BFAM,NYSE,2019/07/31 16:00:00,153.9,154.21,151.11,152.07,363138
BFAM,NYSE,2019/08/01 16:00:00,152.48,153.54,149.27,149.91,448172
BFAM,NYSE,2019/08/02 16:00:00,148.6,150.83,146.36,149.56,376716
BFAM,NYSE,2019/08/05 16:00:00,148.67,148.88,146.7,147.8,422096
BFAM,NYSE,2019/08/06 16:00:00,149.15,151.37,148.49,150.91,380502
BFAM,NYSE,2019/08/07 16:00:00,149.84,153.01,148.25,152.13,287490
BFAM,NYSE,2019/08/08 16:00:00,153.46,155.78,152.43,155.25,205621
BFAM,NYSE,2019/08/09 16:00:00,154,155.58,152.77,154.68,320392
BFAM,NYSE,2019/08/12 16:00:00,154.51,156.36,153.71,154.09,160050
BFAM,NYSE,2019/08/13 16:00:00,154.52,156.62,153.86,155.96,160559
BFAM,NYSE,2019/08/14 16:00:00,154.72,156.76,153.25,156.22,345913
BFAM,NYSE,2019/08/15 16:00:00,156.75,158.35,156.04,158.19,362707
BFAM,NYSE,2019/08/16 16:00:00,158.68,160.73,158.02,160.61,283624
BFAM,NYSE,2019/08/19 16:00:00,162.49,162.77,160.85,161.23,268175
BFAM,NYSE,2019/08/20 16:00:00,161.22,164.02,160.3,163.13,417609
BFAM,NYSE,2019/08/21 16:00:00,164.22,165.83,163.96,165.06,224297
BFAM,NYSE,2019/08/22 16:00:00,165.21,167.02,163.53,166.75,244660
BFAM,NYSE,2019/08/23 16:00:00,166.53,166.72,162.44,162.82,249096
BFAM,NYSE,2019/08/26 16:00:00,163.5,164.43,162.86,163.87,121654
BFAM,NYSE,2019/08/27 16:00:00,164.81,166.37,162.99,164.79,272886
BFAM,NYSE,2019/08/28 16:00:00,164.27,165.85,163.35,165.54,134588
BFAM,NYSE,2019/08/29 16:00:00,167.05,167.05,165.16,165.48,175752
BFAM,NYSE,2019/08/30 16:00:00,166.1,167.51,163.89,165.05,194921
BFAM,NYSE,2019/09/03 16:00:00,164.2,165.04,162.9,163.36,185950
BFAM,NYSE,2019/09/04 16:00:00,164.7,165.12,163.29,163.82,261233
BFAM,NYSE,2019/09/05 16:00:00,165,166.34,164.33,165.34,360191
BFAM,NYSE,2019/09/06 16:00:00,165.88,168.28,165.25,165.35,161435
BFAM,NYSE,2019/09/09 16:00:00,165.53,165.53,158.14,158.69,325503
BFAM,NYSE,2019/09/10 16:00:00,156.54,156.97,148.51,150.02,885343
BFAM,NYSE,2019/09/11 16:00:00,151.63,153.47,149.89,151.58,563355
BFAM,NYSE,2019/09/12 16:00:00,152.74,155.22,152.23,154.04,502640
BFAM,NYSE,2019/09/13 16:00:00,154.16,155.84,152.44,155.4,572355
BFAM,NYSE,2019/09/16 16:00:00,154.24,158.21,153.98,157.92,379102
BFAM,NYSE,2019/09/17 16:00:00,157.7,160.94,157.7,159.41,291619
BFAM,NYSE,2019/09/18 16:00:00,159.6,160.46,158.56,160.21,349559
BFAM,NYSE,2019/09/19 16:00:00,160.21,160.64,156.67,157.74,285530
BFAM,NYSE,2019/09/20 16:00:00,158.03,158.46,154.94,155.07,376689
BFAM,NYSE,2019/09/23 16:00:00,154.63,157.03,154.29,155.81,182183
BFAM,NYSE,2019/09/24 16:00:00,156,158.21,155.48,157.58,185837
BFAM,NYSE,2019/09/25 16:00:00,157.41,158.37,154.87,155.23,238938
BFAM,NYSE,2019/09/26 16:00:00,155.11,155.96,151.13,151.8,324654
BFAM,NYSE,2019/09/27 16:00:00,152.03,152.03,148.01,148.51,281138
BFAM,NYSE,2019/09/30 16:00:00,149,152.77,148.64,152.5,360258
BFAM,NYSE,2019/10/01 16:00:00,152.28,153.7,151.43,151.83,238610
BFAM,NYSE,2019/10/02 16:00:00,150.97,151.99,149.16,150.94,271802
BFAM,NYSE,2019/10/03 16:00:00,150.58,153.86,149.74,153.56,241678
BFAM,NYSE,2019/10/04 16:00:00,154.27,154.54,151.75,154.05,182827
BFAM,NYSE,2019/10/07 16:00:00,153.49,153.91,152.95,153.31,122723
BFAM,NYSE,2019/10/08 16:00:00,152.27,153.29,150.75,151.09,149484
BFAM,NYSE,2019/10/09 16:00:00,151.59,153.69,150.83,152.91,165158
BFAM,NYSE,2019/10/10 16:00:00,152.52,155.31,152.24,154.34,156373
BFAM,NYSE,2019/10/11 16:00:00,155.66,156.71,153.89,154.64,145192
BFAM,NYSE,2019/10/14 16:00:00,154.34,155.65,152.44,152.53,200933
BFAM,NYSE,2019/10/15 16:00:00,152.89,154.54,152.33,152.8,158325
BFAM,NYSE,2019/10/16 16:00:00,152.13,153.3,150.48,152.18,233071
BFAM,NYSE,2019/10/17 16:00:00,153.03,154.42,150.49,150.79,223919
BFAM,NYSE,2019/10/18 16:00:00,149.99,151.37,147.93,149.6,323826
BFAM,NYSE,2019/10/21 16:00:00,150.16,151.3,149.29,149.53,205718
BFAM,NYSE,2019/10/22 16:00:00,149.99,151.9,149.21,149.3,224297
BFAM,NYSE,2019/10/23 16:00:00,149.13,150.01,147.4,147.83,159467
BFAM,NYSE,2019/10/24 16:00:00,148.32,150.36,147.96,149.39,141369
BFAM,NYSE,2019/10/25 16:00:00,149.12,150.72,148.59,149.7,123822
BFAM,NYSE,2019/10/28 16:00:00,149.74,150.83,146.71,146.85,257226
BFAM,NYSE,2019/10/29 16:00:00,146.62,148.21,146.03,147.12,229822
BFAM,NYSE,2019/10/30 16:00:00,147.01,147.25,145.29,147.23,411291
BFAM,NYSE,2019/10/31 16:00:00,148.41,155.52,146.54,148.52,394538
BFAM,NYSE,2019/11/01 16:00:00,148.96,149.14,144.05,144.84,229474
BFAM,NYSE,2019/11/04 16:00:00,145.1,145.2,142.38,142.93,178150
BFAM,NYSE,2019/11/05 16:00:00,143.1,145.89,142.81,145.02,453693
BFAM,NYSE,2019/11/06 16:00:00,144.76,146.95,144.57,146.39,446858
BFAM,NYSE,2019/11/07 16:00:00,146.53,147.66,144.57,145.46,275370
BFAM,NYSE,2019/11/08 16:00:00,145.1,146.9,142.32,143.24,452413
BFAM,NYSE,2019/11/11 16:00:00,142.86,145.15,142.86,143.98,413670
BFAM,NYSE,2019/11/12 16:00:00,144.44,146.19,144.44,145.46,316373
BFAM,NYSE,2019/11/13 16:00:00,145.55,146.13,143.79,145.3,168181
BFAM,NYSE,2019/11/14 16:00:00,145.07,148.51,144.15,148.06,468659
BFAM,NYSE,2019/11/15 16:00:00,148.67,149.48,147.93,149.35,226371
BFAM,NYSE,2019/11/18 16:00:00,150.09,151.97,150.09,151.34,348087
BFAM,NYSE,2019/11/19 16:00:00,151.38,153,150.86,152.06,184697
BFAM,NYSE,2019/11/20 16:00:00,151.5,152.99,151.5,152.43,304432
BFAM,NYSE,2019/11/21 16:00:00,152.15,152.15,148.41,148.71,438336
BFAM,NYSE,2019/11/22 16:00:00,149.71,151.29,148.15,150.86,201147
BFAM,NYSE,2019/11/25 16:00:00,151.68,152.56,149.86,150.73,243964
BFAM,NYSE,2019/11/26 16:00:00,150.93,152.84,150.93,151.47,256151
BFAM,NYSE,2019/11/27 16:00:00,151.7,152.87,151.69,152.27,127276
BFAM,NYSE,2019/11/29 13:00:00,151.57,152.66,150.1,150.52,110225
BFAM,NYSE,2019/12/02 16:00:00,150.9,152,150.36,151.97,314914
BFAM,NYSE,2019/12/03 16:00:00,150.49,151.66,148.08,148.34,180266
BFAM,NYSE,2019/12/04 16:00:00,148.85,151.87,148.12,151.65,415748
BFAM,NYSE,2019/12/05 16:00:00,152.28,153.81,149.68,150.83,211784
BFAM,NYSE,2019/12/06 16:00:00,151.37,152.75,150.91,151.66,232357
BFAM,NYSE,2019/12/09 16:00:00,151.49,152.31,148.3,149.84,390129
BFAM,NYSE,2019/12/10 16:00:00,150.25,151.43,149.72,151.23,367690
BFAM,NYSE,2019/12/11 16:00:00,151.47,152.56,150.44,151.2,148752
BFAM,NYSE,2019/12/12 16:00:00,151,151.31,149.09,149.89,270622
BFAM,NYSE,2019/12/13 16:00:00,149,150.55,147.9,150.55,298503
BFAM,NYSE,2019/12/16 16:00:00,151.35,152.88,150.56,151.84,208454
BFAM,NYSE,2019/12/17 16:00:00,152.28,152.92,150.62,151.07,333692
BFAM,NYSE,2019/12/18 16:00:00,151.35,151.54,149.81,150.82,385782
BFAM,NYSE,2019/12/19 16:00:00,151.03,152.36,149.99,151.23,237622
BFAM,NYSE,2019/12/20 16:00:00,151.59,153.07,149.96,153.07,738372
BFAM,NYSE,2019/12/23 16:00:00,153.51,153.73,151.33,153,228850
BFAM,NYSE,2019/12/24 13:00:00,153,153.35,150.8,151.28,79357
BFAM,NYSE,2019/12/26 16:00:00,151.38,152.33,149.79,152.05,104600
BFAM,NYSE,2019/12/27 16:00:00,152,152.38,150.55,150.89,152143
BFAM,NYSE,2019/12/30 16:00:00,150.96,151,149.13,149.95,238111
BFAM,NYSE,2019/12/31 16:00:00,149.93,150.95,149.64,150.29,321625
BFAM,NYSE,2020/01/02 16:00:00,151.38,153.86,150.65,153.86,490562
BFAM,NYSE,2020/01/03 16:00:00,153.17,155.45,152.28,155.4,271364
BFAM,NYSE,2020/01/06 16:00:00,154.66,157.38,153.78,157.02,391752
BFAM,NYSE,2020/01/07 16:00:00,156.77,158.36,155.79,157.15,291138
BFAM,NYSE,2020/01/08 16:00:00,157.15,158.71,156.55,158.5,272465
BFAM,NYSE,2020/01/09 16:00:00,159.37,161.9,159.01,160.74,219663
BFAM,NYSE,2020/01/10 16:00:00,161.39,162.55,160.85,162.32,248394
BFAM,NYSE,2020/01/13 16:00:00,162.85,163.79,162.32,163.55,282259
BFAM,NYSE,2020/01/14 16:00:00,163.34,163.34,161.2,161.58,282208
BFAM,NYSE,2020/01/15 16:00:00,161.5,163.12,161.13,161.82,189907
BFAM,NYSE,2020/01/16 16:00:00,162.39,163.24,161.56,162.68,151318
BFAM,NYSE,2020/01/17 16:00:00,163.17,163.17,161.95,162.25,203498
BFAM,NYSE,2020/01/21 16:00:00,161.6,163.04,161.44,162.48,224286
BFAM,NYSE,2020/01/22 16:00:00,163.24,164.87,162.61,164.36,308181
BFAM,NYSE,2020/01/23 16:00:00,163.65,164.92,163.13,164.02,145521
BFAM,NYSE,2020/01/24 16:00:00,164.38,165.23,162.42,162.87,141135
BFAM,NYSE,2020/01/27 16:00:00,159.82,163.11,158.99,162.37,346180
BFAM,NYSE,2020/01/28 16:00:00,162.8,163.99,161.15,161.6,179957
BFAM,NYSE,2020/01/29 16:00:00,161.92,163.35,161.59,162.55,113961
BFAM,NYSE,2020/01/30 16:00:00,161.63,164.16,161.29,164.09,149242
BFAM,NYSE,2020/01/31 16:00:00,164.32,165.13,163.36,163.73,195916
BFAM,NYSE,2020/02/03 16:00:00,163.07,166.39,162.63,165.36,259836
BFAM,NYSE,2020/02/04 16:00:00,166.54,168.56,166.46,168.52,233168
BFAM,NYSE,2020/02/05 16:00:00,169.54,169.72,167.54,168.16,272913
BFAM,NYSE,2020/02/06 16:00:00,168.91,169.16,167.59,169.08,203615
BFAM,NYSE,2020/02/07 16:00:00,168.95,169.44,167.22,167.76,223769
BFAM,NYSE,2020/02/10 16:00:00,167.31,170.56,167.31,170.31,168532
BFAM,NYSE,2020/02/11 16:00:00,170.97,171.78,170.06,170.93,149865
BFAM,NYSE,2020/02/12 16:00:00,171.36,172.25,170.74,171.96,339380
BFAM,NYSE,2020/02/13 16:00:00,171.4,175,170.42,173.74,329993
BFAM,NYSE,2020/02/14 16:00:00,174.81,176.98,164.15,172.32,638892
BFAM,NYSE,2020/02/18 16:00:00,172.32,174.06,171.33,172.11,273908
BFAM,NYSE,2020/02/19 16:00:00,172.72,175.47,172.72,174.81,233561
BFAM,NYSE,2020/02/20 16:00:00,174.8,175.31,172.43,174.28,153569
BFAM,NYSE,2020/02/21 16:00:00,173.78,174.65,172.82,174.42,233547
BFAM,NYSE,2020/02/24 16:00:00,170.9,172.87,169.66,169.87,228062
BFAM,NYSE,2020/02/25 16:00:00,170.54,170.6,167.04,167.25,266677
BFAM,NYSE,2020/02/26 16:00:00,167.03,169.22,162.51,164.25,362883
BFAM,NYSE,2020/02/27 16:00:00,161.45,161.86,155.16,155.55,721322
BFAM,NYSE,2020/02/28 16:00:00,152.66,157.21,149.66,157.15,620878
BFAM,NYSE,2020/03/02 16:00:00,157.41,162.9,155.12,159.37,631455
BFAM,NYSE,2020/03/03 16:00:00,159.07,161.63,154.9,156.77,461502
BFAM,NYSE,2020/03/04 16:00:00,159.07,159.73,154.48,157.16,626898
BFAM,NYSE,2020/03/05 16:00:00,154.62,154.84,150.66,152.37,391603
BFAM,NYSE,2020/03/06 16:00:00,148.69,152.13,146.56,151.68,566468
BFAM,NYSE,2020/03/09 16:00:00,145.52,146.43,136,136.4,444518
BFAM,NYSE,2020/03/10 16:00:00,139.1,139.99,133.37,136.03,682519
BFAM,NYSE,2020/03/11 16:00:00,133.14,135.88,128.87,132,745021
BFAM,NYSE,2020/03/12 16:00:00,123.4,125.47,110.94,117.54,1157813
BFAM,NYSE,2020/03/13 16:00:00,122.14,126.33,120.37,124.84,755956
BFAM,NYSE,2020/03/16 16:00:00,113.53,114.69,92.96,94.31,946904
BFAM,NYSE,2020/03/17 16:00:00,95.86,98.84,94.36,98.43,851782
BFAM,NYSE,2020/03/18 16:00:00,92.45,92.45,73.42,76.32,2480323
BFAM,NYSE,2020/03/19 16:00:00,76.54,81.59,64.23,69.95,2605046
BFAM,NYSE,2020/03/20 16:00:00,71.14,85.9,68.13,83.96,1767741
BFAM,NYSE,2020/03/23 16:00:00,82.92,90.31,78.14,85.49,1624028
BFAM,NYSE,2020/03/24 16:00:00,90.58,93.23,87.16,92.03,652909
BFAM,NYSE,2020/03/25 16:00:00,92.99,99.86,92.12,94.16,1191582
BFAM,NYSE,2020/03/26 16:00:00,95.6,101.09,94.23,100.87,933428
BFAM,NYSE,2020/03/27 16:00:00,97.65,106.26,95.84,103.01,688503
BFAM,NYSE,2020/03/30 16:00:00,101.76,102.69,95.2,99.31,906038
BFAM,NYSE,2020/03/31 16:00:00,98.78,104.29,96.32,102,1033387
BFAM,NYSE,2020/04/01 16:00:00,98.41,98.41,91.47,93,965344
BFAM,NYSE,2020/04/02 16:00:00,93.1,96.72,92.03,96.02,433477
BFAM,NYSE,2020/04/03 16:00:00,95.12,97.4,89.73,91.1,515411
BFAM,NYSE,2020/04/06 16:00:00,94.93,99.49,90.87,97.5,672334
BFAM,NYSE,2020/04/07 16:00:00,104.99,111.93,101.79,102.87,971757
BFAM,NYSE,2020/04/08 16:00:00,103.8,111.87,102.98,111.38,688018
BFAM,NYSE,2020/04/09 16:00:00,112.71,120,112.71,117.04,968306
BFAM,NYSE,2020/04/13 16:00:00,117.43,118.89,113.29,116.59,630592
BFAM,NYSE,2020/04/14 16:00:00,119.53,121.35,118.18,119.72,506479
BFAM,NYSE,2020/04/15 16:00:00,116.09,116.84,114.32,115.34,651258
BFAM,NYSE,2020/04/16 16:00:00,115.06,115.73,108.38,111.32,805871
BFAM,NYSE,2020/04/17 16:00:00,114.69,122.59,114.69,121.51,722346
BFAM,NYSE,2020/04/20 16:00:00,118.55,124.62,116.87,120,697748
BFAM,NYSE,2020/04/21 16:00:00,113.3,116.86,111.25,112.39,918772
BFAM,NYSE,2020/04/22 16:00:00,112.89,114.99,110.82,110.95,364159
BFAM,NYSE,2020/04/23 16:00:00,110.56,112.48,108.54,109.33,544366
BFAM,NYSE,2020/04/24 16:00:00,109.95,109.95,105.06,107.65,925064
BFAM,NYSE,2020/04/27 16:00:00,109.27,113.44,108.53,111.29,916751
BFAM,NYSE,2020/04/28 16:00:00,113.82,117.71,112.13,116.21,871555
BFAM,NYSE,2020/04/29 16:00:00,118.96,125.16,117.38,122.1,671357
BFAM,NYSE,2020/04/30 16:00:00,119.92,119.92,115.92,116.45,407694
BFAM,NYSE,2020/05/01 16:00:00,113.27,116.33,111.45,115.96,409715
BFAM,NYSE,2020/05/04 16:00:00,114.28,115.21,113,115.07,378000
BFAM,NYSE,2020/05/05 16:00:00,116.96,122.43,116.83,121.15,546533
BFAM,NYSE,2020/05/06 16:00:00,122.16,122.86,119.23,120.7,977168
BFAM,NYSE,2020/05/07 16:00:00,123.11,123.11,112.34,112.61,1138783
BFAM,NYSE,2020/05/08 16:00:00,114.23,116.15,112.18,112.36,410263
BFAM,NYSE,2020/05/11 16:00:00,112.57,114.86,110.81,113.09,1138960
BFAM,NYSE,2020/05/12 16:00:00,114.5,114.5,106.48,106.5,512673
BFAM,NYSE,2020/05/13 16:00:00,105.81,106.81,97.66,100.33,1085785
BFAM,NYSE,2020/05/14 16:00:00,98.89,101.05,97.23,100.93,844806
BFAM,NYSE,2020/05/15 16:00:00,100.66,102.15,99.01,99.13,542912
BFAM,NYSE,2020/05/18 16:00:00,102.89,109.06,102.68,108.48,624846
BFAM,NYSE,2020/05/19 16:00:00,108.08,109.44,105.24,105.41,598172
BFAM,NYSE,2020/05/20 16:00:00,107.35,107.98,105.21,105.8,534299
BFAM,NYSE,2020/05/21 16:00:00,106.31,108.47,104.65,106.03,361381
BFAM,NYSE,2020/05/22 16:00:00,107.05,107.14,104.54,106.04,479504
BFAM,NYSE,2020/05/26 16:00:00,111.07,111.27,108.73,108.98,544325
BFAM,NYSE,2020/05/27 16:00:00,111.79,117.95,109.37,117.58,1186685
BFAM,NYSE,2020/05/28 16:00:00,117.64,118.5,112.22,112.68,732848
BFAM,NYSE,2020/05/29 16:00:00,111.86,113.56,109.65,111.88,607523
BFAM,NYSE,2020/06/01 16:00:00,112.27,115.5,112.27,114.92,414547
BFAM,NYSE,2020/06/02 16:00:00,116.53,118.22,115.42,118.17,519888
BFAM,NYSE,2020/06/03 16:00:00,120.63,128.28,120.51,128.06,875753
BFAM,NYSE,2020/06/04 16:00:00,127.4,128.85,126.37,128.03,741234
BFAM,NYSE,2020/06/05 16:00:00,132.46,139.49,132.46,136.34,996086
BFAM,NYSE,2020/06/08 16:00:00,138,139.5,133.77,136.25,1573836
BFAM,NYSE,2020/06/09 16:00:00,132.76,133.25,128.63,129.94,587179
BFAM,NYSE,2020/06/10 16:00:00,129.41,131.49,125.15,128.5,501357
BFAM,NYSE,2020/06/11 16:00:00,120.86,123.37,119,119.77,691952
BFAM,NYSE,2020/06/12 16:00:00,125.32,126.55,118.48,121.56,395636
BFAM,NYSE,2020/06/15 16:00:00,117.4,122.56,116.97,121.21,453019
BFAM,NYSE,2020/06/16 16:00:00,125.89,127.55,122.94,124.82,424949
BFAM,NYSE,2020/06/17 16:00:00,124.95,125.08,120.94,121.36,308473
BFAM,NYSE,2020/06/18 16:00:00,120.07,122.88,120.01,120.47,296566
BFAM,NYSE,2020/06/19 16:00:00,122.42,122.42,115.07,115.1,392276
BFAM,NYSE,2020/06/22 16:00:00,115.23,117.28,112.97,117,640380
BFAM,NYSE,2020/06/23 16:00:00,119.36,119.36,116.9,117.67,487031
BFAM,NYSE,2020/06/24 16:00:00,116.82,117.12,111.27,113.73,1033566
BFAM,NYSE,2020/06/25 16:00:00,113.23,115.64,111.64,115.32,624488
BFAM,NYSE,2020/06/26 16:00:00,114.96,115.39,110.14,110.26,1178854
BFAM,NYSE,2020/06/29 16:00:00,110.75,115.76,109.79,115.54,324698
BFAM,NYSE,2020/06/30 16:00:00,114.97,117.95,113.44,117.2,479471
BFAM,NYSE,2020/07/01 16:00:00,117.07,121.14,117.07,118.01,643199
BFAM,NYSE,2020/07/02 16:00:00,119.86,121.02,114.74,114.83,669756
BFAM,NYSE,2020/07/06 16:00:00,117.06,117.89,114.73,116.71,435255
BFAM,NYSE,2020/07/07 16:00:00,115.49,115.49,110.02,110.75,1072668
BFAM,NYSE,2020/07/08 16:00:00,111.32,113.68,109.43,111.33,665605
BFAM,NYSE,2020/07/09 16:00:00,111.63,112,105.91,107.2,559439
BFAM,NYSE,2020/07/10 16:00:00,107.19,110.23,106.31,110.12,427820
BFAM,NYSE,2020/07/13 16:00:00,111.79,112.42,107.88,109.18,717899
BFAM,NYSE,2020/07/14 16:00:00,108.94,109.21,106.67,109.1,352542
BFAM,NYSE,2020/07/15 16:00:00,111.81,115.76,110.67,115.69,600841
BFAM,NYSE,2020/07/16 16:00:00,114.68,117.09,113.51,115.57,477270
BFAM,NYSE,2020/07/17 16:00:00,116,117.15,114.43,115.92,425941
BFAM,NYSE,2020/07/20 16:00:00,115.56,117.6,112.37,113.09,559401
BFAM,NYSE,2020/07/21 16:00:00,114.63,116.17,110.74,111.21,580155
BFAM,NYSE,2020/07/22 16:00:00,111.41,113.78,108.54,113.28,615455
BFAM,NYSE,2020/07/23 16:00:00,113.01,113.01,109.5,110.65,783871
BFAM,NYSE,2020/07/24 16:00:00,110.91,111.76,109.64,110.97,270541
BFAM,NYSE,2020/07/27 16:00:00,110.96,112.08,109.83,111.82,381736
BFAM,NYSE,2020/07/28 16:00:00,111.58,112.56,110.26,110.47,247536
BFAM,NYSE,2020/07/29 16:00:00,111.59,113.21,110.46,110.64,354404
BFAM,NYSE,2020/07/30 16:00:00,109.5,110.34,108.45,109.5,466978
BFAM,NYSE,2020/07/31 16:00:00,109.5,110.42,105.86,107.24,533721
BFAM,NYSE,2020/08/03 16:00:00,107.65,109.08,106.22,106.71,449808
BFAM,NYSE,2020/08/04 16:00:00,107.15,111.99,106.27,111.5,705206
BFAM,NYSE,2020/08/05 16:00:00,112.31,113.35,110.62,112.97,510352
BFAM,NYSE,2020/08/06 16:00:00,126.13,129,121.17,123.55,1514547
BFAM,NYSE,2020/08/07 16:00:00,122.33,123.68,120.69,121.65,642660
BFAM,NYSE,2020/08/10 16:00:00,121.84,122.85,118.99,120.31,767037
BFAM,NYSE,2020/08/11 16:00:00,121.51,128.18,121.2,126.25,726428
BFAM,NYSE,2020/08/12 16:00:00,126.75,126.75,124.45,126,563854
BFAM,NYSE,2020/08/13 16:00:00,125.03,128.7,125.03,128.28,704512
BFAM,NYSE,2020/08/14 16:00:00,127.75,130.8,127.05,130.31,446067
BFAM,NYSE,2020/08/17 16:00:00,131.92,132.35,129.72,130.12,929102
BFAM,NYSE,2020/08/18 16:00:00,130.54,130.54,126.92,127.65,522707
BFAM,NYSE,2020/08/19 16:00:00,127.61,128.18,126.77,126.98,397535
BFAM,NYSE,2020/08/20 16:00:00,126.05,127.49,125.95,127.21,377422
BFAM,NYSE,2020/08/21 16:00:00,127.27,129.36,127.21,128.57,462933
BFAM,NYSE,2020/08/24 16:00:00,129.47,129.47,127.77,129.35,479908
BFAM,NYSE,2020/08/25 16:00:00,129.55,131.68,128.05,131.46,609566
BFAM,NYSE,2020/08/26 16:00:00,131.46,131.46,128.36,128.71,500680
BFAM,NYSE,2020/08/27 16:00:00,129,135.51,129,134.12,877268
BFAM,NYSE,2020/08/28 16:00:00,135,137.43,133.17,135.99,531770
BFAM,NYSE,2020/08/31 16:00:00,135.33,135.74,130,133.01,528400
BFAM,NYSE,2020/09/01 16:00:00,132.69,135.74,132.1,135.74,362581
BFAM,NYSE,2020/09/02 16:00:00,137.01,137.25,134.04,135.05,502663
BFAM,NYSE,2020/09/03 16:00:00,135.32,137.63,133.3,137.13,892706
BFAM,NYSE,2020/09/04 16:00:00,138.17,138.66,133.55,136.26,436312
BFAM,NYSE,2020/09/08 16:00:00,134.75,137.56,132.69,135.31,564870
BFAM,NYSE,2020/09/09 16:00:00,134.77,136.23,132.97,135.98,399453
BFAM,NYSE,2020/09/10 16:00:00,135.86,137.6,134.4,135.98,934316
BFAM,NYSE,2020/09/11 16:00:00,137,137.77,133.76,134.68,346561
BFAM,NYSE,2020/09/14 16:00:00,135.73,137.94,135.3,136.63,713182
BFAM,NYSE,2020/09/15 16:00:00,136.91,140.32,136.8,139.64,538149
BFAM,NYSE,2020/09/16 16:00:00,140.06,145.44,139.18,143.06,723759
BFAM,NYSE,2020/09/17 16:00:00,141.44,143.44,140.4,141.38,758855
BFAM,NYSE,2020/09/18 16:00:00,141.2,142.33,138.41,139.46,576536
BFAM,NYSE,2020/09/21 16:00:00,135.42,138.39,133.01,138.2,912650
BFAM,NYSE,2020/09/22 16:00:00,137.83,142.52,137.41,142.5,535868
BFAM,NYSE,2020/09/23 16:00:00,143.28,145.93,142.38,142.57,865703
BFAM,NYSE,2020/09/24 16:00:00,141.37,142.25,138.73,140.97,470538
BFAM,NYSE,2020/09/25 16:00:00,140.63,144.42,140.63,144.36,274176
BFAM,NYSE,2020/09/28 16:00:00,146.31,149.46,146.19,148.53,370174
BFAM,NYSE,2020/09/29 16:00:00,148.55,149.88,145.54,149.75,541296
BFAM,NYSE,2020/09/30 16:00:00,149.2,152.56,149.2,152.04,657790
BFAM,NYSE,2020/10/01 16:00:00,153.51,155,149.93,155,455420
BFAM,NYSE,2020/10/02 16:00:00,152.64,156.81,152.22,154.94,374108
BFAM,NYSE,2020/10/05 16:00:00,156.07,157.99,155.14,157.99,435527
BFAM,NYSE,2020/10/06 16:00:00,157.31,157.46,149.42,149.92,657543
BFAM,NYSE,2020/10/07 16:00:00,151.49,153.47,151.08,152.59,322361
BFAM,NYSE,2020/10/08 16:00:00,153.46,155.67,153.23,153.79,252459
BFAM,NYSE,2020/10/09 16:00:00,154.03,155.91,153.54,154.6,257515
BFAM,NYSE,2020/10/12 16:00:00,155.46,157.87,154.95,155.85,278073
BFAM,NYSE,2020/10/13 16:00:00,155.63,156.51,152.76,152.82,461000
BFAM,NYSE,2020/10/14 16:00:00,153.53,155.91,153.3,154.69,210229
BFAM,NYSE,2020/10/15 16:00:00,153.38,158.07,152.22,157.26,177987
BFAM,NYSE,2020/10/16 16:00:00,157.9,160.83,157.41,158.28,177398
BFAM,NYSE,2020/10/19 16:00:00,159.85,162.05,155.71,156.06,429839
BFAM,NYSE,2020/10/20 16:00:00,157.61,164.56,157.12,163.25,614149
BFAM,NYSE,2020/10/21 16:00:00,163.82,167.86,162.77,165.75,655207
BFAM,NYSE,2020/10/22 16:00:00,166.19,166.47,162.79,164.79,417621
BFAM,NYSE,2020/10/23 16:00:00,164.46,165.37,161.68,162.5,233380
BFAM,NYSE,2020/10/26 16:00:00,160.02,162.12,158.15,161.76,225486
BFAM,NYSE,2020/10/27 16:00:00,161.51,163.84,158.94,159.99,373529
BFAM,NYSE,2020/10/28 16:00:00,157.7,158.97,154.85,157.65,380330
BFAM,NYSE,2020/10/29 16:00:00,157.65,161.72,155.6,160.96,285301
BFAM,NYSE,2020/10/30 16:00:00,159.88,160.91,155.3,158.05,295124
BFAM,NYSE,2020/11/02 16:00:00,155.25,157.26,152.06,156.06,479385
BFAM,NYSE,2020/11/03 16:00:00,159.09,160.48,156.54,157.54,347166
BFAM,NYSE,2020/11/04 16:00:00,158.64,162.47,156.51,157.99,569337
BFAM,NYSE,2020/11/05 16:00:00,160.42,164.01,160.42,163.33,346281
BFAM,NYSE,2020/11/06 16:00:00,162,163.11,153.4,154.55,873178
BFAM,NYSE,2020/11/09 16:00:00,163.15,177.16,163.15,173.01,1083136
BFAM,NYSE,2020/11/10 16:00:00,171.76,174,166.52,167.1,754293
BFAM,NYSE,2020/11/11 16:00:00,168.83,169.98,166.99,168.02,433685
BFAM,NYSE,2020/11/12 16:00:00,167.57,168.96,161.35,163.58,535924
BFAM,NYSE,2020/11/13 16:00:00,164.4,166.97,163.58,166.55,232927
BFAM,NYSE,2020/11/16 16:00:00,169.7,170.35,165.79,170.22,498086
BFAM,NYSE,2020/11/17 16:00:00,169.44,169.44,166.08,168.49,223219
BFAM,NYSE,2020/11/18 16:00:00,168,171.68,167.85,168.33,246841
BFAM,NYSE,2020/11/19 16:00:00,167.19,169.06,165.89,167.75,260909
BFAM,NYSE,2020/11/20 16:00:00,166.9,168.54,164.04,167.12,196117
BFAM,NYSE,2020/11/23 16:00:00,169.37,171.09,167.1,167.79,263471
BFAM,NYSE,2020/11/24 16:00:00,169.19,172.71,168.18,171.99,216116
BFAM,NYSE,2020/11/25 16:00:00,172.25,173.79,170.83,173.02,187723
BFAM,NYSE,2020/11/27 13:00:00,172.7,174.02,170.73,171.28,91519
BFAM,NYSE,2020/11/30 16:00:00,170.46,172.06,168.12,170.11,306907
BFAM,NYSE,2020/12/01 16:00:00,172.4,173.69,168.63,169.02,221037
BFAM,NYSE,2020/12/02 16:00:00,168.54,168.56,165.18,165.24,213788
BFAM,NYSE,2020/12/03 16:00:00,165.38,166.87,164.14,164.88,276547
BFAM,NYSE,2020/12/04 16:00:00,166.45,166.82,164.59,166,407107
BFAM,NYSE,2020/12/07 16:00:00,166.53,167.31,165.2,166.4,549421
BFAM,NYSE,2020/12/08 16:00:00,165.29,169.03,165.29,168.6,180078
BFAM,NYSE,2020/12/09 16:00:00,169.39,169.39,165.46,166.3,216251
BFAM,NYSE,2020/12/10 16:00:00,165.78,167.29,165.25,166.32,243096
BFAM,NYSE,2020/12/11 16:00:00,166.2,167.86,163.84,164.65,225728
BFAM,NYSE,2020/12/14 16:00:00,166.16,169.54,165.91,168.52,352630
BFAM,NYSE,2020/12/15 16:00:00,168.41,172.42,167.25,170.96,298567
BFAM,NYSE,2020/12/16 16:00:00,172.27,172.79,169.86,170.17,269092
BFAM,NYSE,2020/12/17 16:00:00,170.47,170.64,165.33,166.57,340502
BFAM,NYSE,2020/12/18 16:00:00,168.92,168.95,166.65,168.62,531017
BFAM,NYSE,2020/12/21 16:00:00,165.9,168.1,163.86,167.17,308422
BFAM,NYSE,2020/12/22 16:00:00,167.31,167.48,161.01,161.94,362252
BFAM,NYSE,2020/12/23 16:00:00,163.49,166.14,162.12,165.29,323833
BFAM,NYSE,2020/12/24 13:00:00,166.38,166.38,164.88,165.34,42159
BFAM,NYSE,2020/12/28 16:00:00,166.48,168.62,164.73,168.32,191954
BFAM,NYSE,2020/12/29 16:00:00,169.38,170.68,168.13,170.44,206913
BFAM,NYSE,2020/12/30 16:00:00,170.79,171.79,169.37,169.81,166234
BFAM,NYSE,2020/12/31 16:00:00,168.93,173.3,168.61,172.99,179475
BFAM,NYSE,2021/01/04 16:00:00,167.87,170.96,161.45,164.43,296744
BFAM,NYSE,2021/01/05 16:00:00,164.46,168.22,164.31,167.73,174046
BFAM,NYSE,2021/01/06 16:00:00,168.46,170.71,165.57,166.1,368172
BFAM,NYSE,2021/01/07 16:00:00,166.94,169.1,166.36,167.28,267021
BFAM,NYSE,2021/01/08 16:00:00,168.99,168.99,160.5,161.79,460451
BFAM,NYSE,2021/01/11 16:00:00,160.21,165.7,160.21,161.67,252756
BFAM,NYSE,2021/01/12 16:00:00,163.73,163.73,158.92,159.69,426000
BFAM,NYSE,2021/01/13 16:00:00,159.2,159.55,155.7,156.24,341280
BFAM,NYSE,2021/01/14 16:00:00,158.19,159.08,154.65,155.86,237418
BFAM,NYSE,2021/01/15 16:00:00,156.11,160,155.82,158.35,412964
BFAM,NYSE,2021/01/19 16:00:00,158.61,161.02,157.84,159.17,248323
BFAM,NYSE,2021/01/20 16:00:00,159.03,160.82,157.3,159.64,276647
BFAM,NYSE,2021/01/21 16:00:00,160.65,161.58,157.82,159.36,230912
BFAM,NYSE,2021/01/22 16:00:00,158.14,159.01,156.35,156.39,198941
BFAM,NYSE,2021/01/25 16:00:00,156.02,156.3,151.03,151.77,354146
BFAM,NYSE,2021/01/26 16:00:00,153.54,158.71,152.41,157.46,313315
BFAM,NYSE,2021/01/27 16:00:00,155.72,159.88,154.55,157.69,587197
BFAM,NYSE,2021/01/28 16:00:00,157.31,158.38,154.12,155.99,614951
BFAM,NYSE,2021/01/29 16:00:00,155.02,155.61,151.22,151.97,713596
BFAM,NYSE,2021/02/01 16:00:00,154.48,158,152.56,157.35,410262
BFAM,NYSE,2021/02/02 16:00:00,157.79,161.28,157.65,159.6,471988
BFAM,NYSE,2021/02/03 16:00:00,160,163.42,158.88,163.13,293909
BFAM,NYSE,2021/02/04 16:00:00,163.25,167.85,162.36,166.83,381993
BFAM,NYSE,2021/02/05 16:00:00,168.93,171.96,168.21,171.13,318485
BFAM,NYSE,2021/02/08 16:00:00,172.03,172.71,171.17,172.6,404558
BFAM,NYSE,2021/02/09 16:00:00,173.57,175.09,170.44,173.45,544305
BFAM,NYSE,2021/02/10 16:00:00,174.64,176.69,172.76,174.32,387084
BFAM,NYSE,2021/02/11 16:00:00,174.69,175.93,171.57,172.73,415195
BFAM,NYSE,2021/02/12 16:00:00,171.7,178.34,170.82,178.18,298499
BFAM,NYSE,2021/02/16 16:00:00,179.57,182.49,176.05,181.69,390147
BFAM,NYSE,2021/02/17 16:00:00,181.66,182.13,179.3,179.74,353078
BFAM,NYSE,2021/02/18 16:00:00,172,174.11,163.11,164.98,634292
BFAM,NYSE,2021/02/19 16:00:00,165.62,172.61,164.56,169.69,347799
BFAM,NYSE,2021/02/22 16:00:00,169.5,171.19,165.85,166.13,274360
BFAM,NYSE,2021/02/23 16:00:00,165.57,169.57,162.78,169.06,449498
BFAM,NYSE,2021/02/24 16:00:00,169.91,171.26,166.01,170.76,296893
BFAM,NYSE,2021/02/25 16:00:00,169.95,171.7,160.67,160.7,296226
BFAM,NYSE,2021/02/26 16:00:00,160.16,161.69,157.14,159.66,305358
BFAM,NYSE,2021/03/01 16:00:00,161.94,163.82,159.87,162.84,258858
BFAM,NYSE,2021/03/02 16:00:00,163.8,167.32,160.9,164.95,488400
BFAM,NYSE,2021/03/03 16:00:00,165.63,165.7,161.35,163.97,305021
BFAM,NYSE,2021/03/04 16:00:00,164.34,165.03,157.89,160.39,431428
BFAM,NYSE,2021/03/05 16:00:00,160.79,163.07,158.6,161.5,435286
BFAM,NYSE,2021/03/08 16:00:00,162.01,164.1,160.53,162.4,431232
BFAM,NYSE,2021/03/09 16:00:00,164.12,165.99,160.89,162.69,489772
BFAM,NYSE,2021/03/10 16:00:00,162.19,167.38,161.23,164,355162
BFAM,NYSE,2021/03/11 16:00:00,165.51,172.08,164.28,170.84,314156
BFAM,NYSE,2021/03/12 16:00:00,170.8,173.74,169.6,169.6,226286
BFAM,NYSE,2021/03/15 16:00:00,168.88,169.82,166.16,169.4,249468
BFAM,NYSE,2021/03/16 16:00:00,170.14,170.94,166.69,167.02,128884
BFAM,NYSE,2021/03/17 16:00:00,166.4,170.16,165.8,169.7,207680
BFAM,NYSE,2021/03/18 16:00:00,169.6,172.82,167.66,169.36,247037
BFAM,NYSE,2021/03/19 16:00:00,169.92,169.92,165.77,167.36,327238
BFAM,NYSE,2021/03/22 16:00:00,165.94,167.51,163.4,163.45,312073
BFAM,NYSE,2021/03/23 16:00:00,162.01,163.72,159.05,159.05,296707
BFAM,NYSE,2021/03/24 16:00:00,160.41,164.99,159.1,163.43,256400
BFAM,NYSE,2021/03/25 16:00:00,162.98,166.5,161.4,165.71,179241
BFAM,NYSE,2021/03/26 16:00:00,166.55,167.78,164.43,167.58,151909
BFAM,NYSE,2021/03/29 16:00:00,167.11,168.96,164.13,165.16,222576
BFAM,NYSE,2021/03/30 16:00:00,164.88,170.71,164.62,169.09,179678
BFAM,NYSE,2021/03/31 16:00:00,169.2,173.29,167.87,171.45,304686
BFAM,NYSE,2021/04/01 16:00:00,173.08,177,173.06,176.76,270367
BFAM,NYSE,2021/04/05 16:00:00,178.65,182.5,177.83,180.4,539689
BFAM,NYSE,2021/04/06 16:00:00,180,180.31,177.14,178.29,479926
BFAM,NYSE,2021/04/07 16:00:00,172.66,173.2,157.56,158.99,711026
BFAM,NYSE,2021/04/08 16:00:00,159.6,165.26,157.9,164.54,533632
BFAM,NYSE,2021/04/09 16:00:00,165.26,165.62,162.3,164.79,536152
OC,NYSE,2019/04/01 16:00:00,47.68,48.89,47.53,48.79,1310559
OC,NYSE,2019/04/02 16:00:00,48.52,49.28,48.23,49.26,1725875
OC,NYSE,2019/04/03 16:00:00,49.55,50.19,49.41,50.01,2499053
OC,NYSE,2019/04/04 16:00:00,50.02,50.7,49.8,50.45,1110544
OC,NYSE,2019/04/05 16:00:00,50.6,50.92,50.43,50.74,841382
OC,NYSE,2019/04/08 16:00:00,50.68,50.85,50.21,50.67,1566141
OC,NYSE,2019/04/09 16:00:00,50.28,50.28,49.37,49.46,1021784
OC,NYSE,2019/04/10 16:00:00,49.83,50.96,49.58,50.88,846488
OC,NYSE,2019/04/11 16:00:00,50.9,51.43,50.6,51.43,1648355
OC,NYSE,2019/04/12 16:00:00,51.85,52.52,51.58,52.3,1148309
OC,NYSE,2019/04/15 16:00:00,52.42,52.76,52.14,52.48,1029799
OC,NYSE,2019/04/16 16:00:00,52.44,53.5,52.27,53.34,1140665
OC,NYSE,2019/04/17 16:00:00,53.77,54.57,53.65,54,3079761
OC,NYSE,2019/04/18 16:00:00,54.1,54.41,53.69,54.28,1522336
OC,NYSE,2019/04/22 16:00:00,54.11,54.54,53.93,54.32,1312891
OC,NYSE,2019/04/23 16:00:00,54.37,55.7,54.21,55.59,3497009
OC,NYSE,2019/04/24 16:00:00,51.19,54.23,51.19,52.45,4918203
OC,NYSE,2019/04/25 16:00:00,51.67,51.99,50.03,50.25,3767325
OC,NYSE,2019/04/26 16:00:00,50.35,51.34,50.05,50.68,1771624
OC,NYSE,2019/04/29 16:00:00,50.75,51.94,50.5,51.85,1097145
OC,NYSE,2019/04/30 16:00:00,51.9,52.13,51.17,51.27,1140503
OC,NYSE,2019/05/01 16:00:00,51.29,51.89,50.97,51.2,1789164
OC,NYSE,2019/05/02 16:00:00,51.21,51.77,50.93,51.18,985774
OC,NYSE,2019/05/03 16:00:00,51.4,52.08,51.2,51.98,755809
OC,NYSE,2019/05/06 16:00:00,51.45,52.44,50.84,52.36,1187221
OC,NYSE,2019/05/07 16:00:00,51.79,52.12,51.26,51.68,1040986
OC,NYSE,2019/05/08 16:00:00,51.54,51.9,50.4,50.42,842113
OC,NYSE,2019/05/09 16:00:00,49.96,50.38,49.1,50.22,1427272
OC,NYSE,2019/05/10 16:00:00,49.85,50.63,48.95,50.3,580713
OC,NYSE,2019/05/13 16:00:00,49.55,49.78,48.76,48.87,1372957
OC,NYSE,2019/05/14 16:00:00,49.04,49.52,48.73,49.32,1120163
OC,NYSE,2019/05/15 16:00:00,48.93,49.25,48.06,48.96,1111306
OC,NYSE,2019/05/16 16:00:00,48.82,49.53,47.94,49.25,1444786
OC,NYSE,2019/05/17 16:00:00,49,49.52,48.39,48.48,1019298
OC,NYSE,2019/05/20 16:00:00,48.2,48.78,47.98,48.34,1183782
OC,NYSE,2019/05/21 16:00:00,48.51,49.68,48.44,49.68,1292739
OC,NYSE,2019/05/22 16:00:00,49.22,49.52,48.84,48.99,1162932
OC,NYSE,2019/05/23 16:00:00,48.5,49.34,48.01,48.99,1260651
OC,NYSE,2019/05/24 16:00:00,49.33,50.13,49.33,49.92,781177
OC,NYSE,2019/05/28 16:00:00,50.14,50.86,49.7,49.77,1615687
OC,NYSE,2019/05/29 16:00:00,49.5,50.17,49.13,49.42,1296563
OC,NYSE,2019/05/30 16:00:00,49.69,49.93,48.52,48.99,781573
OC,NYSE,2019/05/31 16:00:00,48.67,48.67,48.12,48.47,878844
OC,NYSE,2019/06/03 16:00:00,48.3,49.13,48.15,48.8,1027034
OC,NYSE,2019/06/04 16:00:00,49.42,51.11,49.37,51.1,966208
OC,NYSE,2019/06/05 16:00:00,51.34,52.03,50.64,51.8,1516693
OC,NYSE,2019/06/06 16:00:00,51.8,53.13,51.47,53.06,1302140
OC,NYSE,2019/06/07 16:00:00,53.07,53.17,52.34,52.6,889180
OC,NYSE,2019/06/10 16:00:00,52.85,53.91,52.52,53.56,836359
OC,NYSE,2019/06/11 16:00:00,53.83,53.92,52.51,52.78,888364
OC,NYSE,2019/06/12 16:00:00,52.87,52.87,49.87,50.04,2553037
OC,NYSE,2019/06/13 16:00:00,50.56,51.33,50.22,51.02,2138486
OC,NYSE,2019/06/14 16:00:00,50.74,50.81,49.64,50.22,2017952
OC,NYSE,2019/06/17 16:00:00,50.22,50.22,48.5,49.22,1436190
OC,NYSE,2019/06/18 16:00:00,49.53,50.72,48.86,49.28,1294243
OC,NYSE,2019/06/19 16:00:00,49.44,49.66,48.5,48.58,1361499
OC,NYSE,2019/06/20 16:00:00,48.99,49.58,48.1,49.18,1730041
OC,NYSE,2019/06/21 16:00:00,49.14,53.1,49,51.39,5252746
OC,NYSE,2019/06/24 16:00:00,51.25,51.6,50.51,50.97,1569492
OC,NYSE,2019/06/25 16:00:00,51.17,51.26,50.33,50.88,980523
OC,NYSE,2019/06/26 16:00:00,50.97,55.98,50.66,54.6,4704703
OC,NYSE,2019/06/27 16:00:00,56,57.5,55.65,56.96,2814124
OC,NYSE,2019/06/28 16:00:00,57.29,58.58,57.29,58.2,1888087
OC,NYSE,2019/07/01 16:00:00,58.75,59,58.23,58.56,1564417
OC,NYSE,2019/07/02 16:00:00,58.27,58.3,57.37,57.6,1265171
OC,NYSE,2019/07/03 13:00:00,57.77,58.21,57.16,57.87,679439
OC,NYSE,2019/07/05 16:00:00,57.66,57.66,56.67,57.58,862382
OC,NYSE,2019/07/08 16:00:00,57.5,57.8,56.73,56.9,620595
OC,NYSE,2019/07/09 16:00:00,56.53,56.65,55.25,55.71,1830473
OC,NYSE,2019/07/10 16:00:00,55.84,56.09,54.91,55.77,1191622
OC,NYSE,2019/07/11 16:00:00,55.67,55.87,54.98,55.29,627696
OC,NYSE,2019/07/12 16:00:00,55.26,56.43,55.21,56.27,827305
OC,NYSE,2019/07/15 16:00:00,56.25,56.72,55.36,56.3,2068437
OC,NYSE,2019/07/16 16:00:00,56.47,57.71,56.41,57.42,1249898
OC,NYSE,2019/07/17 16:00:00,57.21,57.24,55.84,56.04,1371271
OC,NYSE,2019/07/18 16:00:00,56.15,56.15,55.51,55.69,758716
OC,NYSE,2019/07/19 16:00:00,55.95,56.21,55.22,55.25,1441066
OC,NYSE,2019/07/22 16:00:00,55.11,55.37,54.37,54.68,1349252
OC,NYSE,2019/07/23 16:00:00,55.22,55.48,54.98,55.31,1401499
OC,NYSE,2019/07/24 16:00:00,59.73,59.94,57.5,58.54,4268316
OC,NYSE,2019/07/25 16:00:00,59,60.11,58.7,59.5,1984297
OC,NYSE,2019/07/26 16:00:00,59.39,59.79,57.72,58.1,1559291
OC,NYSE,2019/07/29 16:00:00,58.01,58.1,56.82,57.29,1011133
OC,NYSE,2019/07/30 16:00:00,57.08,58.13,56.99,57.89,711621
OC,NYSE,2019/07/31 16:00:00,58.27,58.61,57.37,58,989054
OC,NYSE,2019/08/01 16:00:00,58.02,58.16,56.17,56.39,917819
OC,NYSE,2019/08/02 16:00:00,55.96,56.43,55.61,56.11,979357
OC,NYSE,2019/08/05 16:00:00,55.24,55.55,54.61,55,783917
OC,NYSE,2019/08/06 16:00:00,55.28,55.67,54.47,55.28,1962039
OC,NYSE,2019/08/07 16:00:00,54.63,54.79,53.37,54.7,1634069
OC,NYSE,2019/08/08 16:00:00,54.87,55.58,54.87,55.31,1776402
OC,NYSE,2019/08/09 16:00:00,55.07,55.34,53.93,54.08,1241302
OC,NYSE,2019/08/12 16:00:00,53.76,53.9,53.11,53.56,1162055
OC,NYSE,2019/08/13 16:00:00,53.43,55.55,53.43,54.38,1222343
OC,NYSE,2019/08/14 16:00:00,53.73,53.8,52.99,53.59,1208836
OC,NYSE,2019/08/15 16:00:00,53.9,54.45,53.45,53.77,1154139
OC,NYSE,2019/08/16 16:00:00,54.01,55.45,53.75,55.38,1287872
OC,NYSE,2019/08/19 16:00:00,56.03,57.57,56.03,57.21,2110412
OC,NYSE,2019/08/20 16:00:00,56.94,57.04,55.95,56.23,1170346
OC,NYSE,2019/08/21 16:00:00,57.18,57.35,56.57,57.04,747957
OC,NYSE,2019/08/22 16:00:00,57.27,57.54,55.83,56.87,981262
OC,NYSE,2019/08/23 16:00:00,56.54,56.62,54.54,54.9,1179432
OC,NYSE,2019/08/26 16:00:00,55.61,55.61,54.58,55.17,406539
OC,NYSE,2019/08/27 16:00:00,55.47,55.47,54.59,54.89,435453
OC,NYSE,2019/08/28 16:00:00,54.8,56.21,54.25,56.12,801453
OC,NYSE,2019/08/29 16:00:00,56.95,57.91,56.69,57.28,996396
OC,NYSE,2019/08/30 16:00:00,57.68,57.88,56.73,57.36,1497485
OC,NYSE,2019/09/03 16:00:00,56.98,56.98,54.83,55.47,2514969
OC,NYSE,2019/09/04 16:00:00,55.93,56.34,55.05,55.74,2169082
OC,NYSE,2019/09/05 16:00:00,56.49,57.19,55.9,56.75,2626307
OC,NYSE,2019/09/06 16:00:00,57,57,55.84,55.88,1176198
OC,NYSE,2019/09/09 16:00:00,57.4,58.12,57.1,57.75,5210508
OC,NYSE,2019/09/10 16:00:00,57.75,59.82,57.52,59.4,3502608
OC,NYSE,2019/09/11 16:00:00,59.7,60.07,58.32,59.54,2216726
OC,NYSE,2019/09/12 16:00:00,59.53,60.37,58.81,59.78,2284571
OC,NYSE,2019/09/13 16:00:00,60.05,61.09,60.05,60.17,2849964
OC,NYSE,2019/09/16 16:00:00,59.64,60.09,59.07,59.18,2590700
OC,NYSE,2019/09/17 16:00:00,59.04,59.68,58.76,59.47,3280837
OC,NYSE,2019/09/18 16:00:00,59.73,60.72,59.08,60.52,2890284
OC,NYSE,2019/09/19 16:00:00,60.54,61.1,59.73,60.47,1458499
OC,NYSE,2019/09/20 16:00:00,60.64,61.26,60.32,61,15430344
OC,NYSE,2019/09/23 16:00:00,60.42,60.91,59.95,60.56,2080975
OC,NYSE,2019/09/24 16:00:00,60.67,60.86,59.38,59.77,1415211
OC,NYSE,2019/09/25 16:00:00,59.69,61.57,59.65,61.47,1786939
OC,NYSE,2019/09/26 16:00:00,61.47,62.88,61.38,62.5,2320438
OC,NYSE,2019/09/27 16:00:00,62.65,63.12,62,62.54,2185615
OC,NYSE,2019/09/30 16:00:00,62.7,63.48,62.53,63.2,1310435
OC,NYSE,2019/10/01 16:00:00,63.44,63.61,61.52,61.64,3717699
OC,NYSE,2019/10/02 16:00:00,61.24,61.24,59.83,60.48,2013594
OC,NYSE,2019/10/03 16:00:00,60.49,60.7,59.72,60.61,1258674
OC,NYSE,2019/10/04 16:00:00,60.7,61.13,60.15,61.01,852223
OC,NYSE,2019/10/07 16:00:00,60.7,60.98,60.3,60.7,1305859
OC,NYSE,2019/10/08 16:00:00,60.16,60.23,59.25,59.35,844479
OC,NYSE,2019/10/09 16:00:00,60.05,60.87,59.78,60.7,1554121
OC,NYSE,2019/10/10 16:00:00,60.99,61.76,60.51,60.85,870010
OC,NYSE,2019/10/11 16:00:00,61.99,62.89,61.44,61.45,1206762
OC,NYSE,2019/10/14 16:00:00,60.59,61.47,60.48,60.97,1287077
OC,NYSE,2019/10/15 16:00:00,62.3,63.29,61.74,62.94,1818266
OC,NYSE,2019/10/16 16:00:00,62.61,62.99,62.36,62.58,1575941
OC,NYSE,2019/10/17 16:00:00,62.8,63.09,62.45,62.76,1065880
OC,NYSE,2019/10/18 16:00:00,62.58,63.11,62.31,62.95,1104849
OC,NYSE,2019/10/21 16:00:00,63.12,63.57,62.63,63.43,1430104
OC,NYSE,2019/10/22 16:00:00,64.8,64.81,62.92,63.37,2793084
OC,NYSE,2019/10/23 16:00:00,64.58,65.22,60.59,61.48,4320146
OC,NYSE,2019/10/24 16:00:00,61.2,62.23,61.2,61.69,1830228
OC,NYSE,2019/10/25 16:00:00,61.96,63.92,61.74,62.68,1756792
OC,NYSE,2019/10/28 16:00:00,62.95,63.99,62.82,63.01,2182325
OC,NYSE,2019/10/29 16:00:00,63.58,63.58,62.03,62.07,1137368
OC,NYSE,2019/10/30 16:00:00,61.88,62.02,60.48,61.25,1304894
OC,NYSE,2019/10/31 16:00:00,61.16,61.4,60.53,61.28,1176740
OC,NYSE,2019/11/01 16:00:00,61.84,62.47,61.84,62.45,867427
OC,NYSE,2019/11/04 16:00:00,63.14,63.65,62.65,63.47,1501453
OC,NYSE,2019/11/05 16:00:00,63.66,63.91,63.04,63.19,2217071
OC,NYSE,2019/11/06 16:00:00,63.2,63.37,62.16,63.26,734494
OC,NYSE,2019/11/07 16:00:00,63.6,63.89,62.38,62.53,911544
OC,NYSE,2019/11/08 16:00:00,62.58,62.76,62.25,62.59,455112
OC,NYSE,2019/11/11 16:00:00,62.36,63.39,62.22,63.3,999526
OC,NYSE,2019/11/12 16:00:00,63.62,64.62,63.46,64.52,1523478
OC,NYSE,2019/11/13 16:00:00,64.18,65.11,63.84,64.98,1087487
OC,NYSE,2019/11/14 16:00:00,64.41,65.06,64.24,64.92,1261684
OC,NYSE,2019/11/15 16:00:00,65.28,65.31,64.83,65.16,1035328
OC,NYSE,2019/11/18 16:00:00,66.61,67.28,66.3,67.19,1751820
OC,NYSE,2019/11/19 16:00:00,67.25,67.6,66.35,66.47,1225293
OC,NYSE,2019/11/20 16:00:00,66.2,67.61,66.2,67.2,1276432
OC,NYSE,2019/11/21 16:00:00,67.72,67.95,66.71,66.87,789469
OC,NYSE,2019/11/22 16:00:00,67,67.71,66.91,67.26,855520
OC,NYSE,2019/11/25 16:00:00,67.18,67.69,66.61,66.63,900268
OC,NYSE,2019/11/26 16:00:00,67.32,68.71,66.88,68.5,1978502
OC,NYSE,2019/11/27 16:00:00,68.44,68.72,67.23,67.91,846602
OC,NYSE,2019/11/29 13:00:00,67.78,67.96,66.93,67.06,428543
OC,NYSE,2019/12/02 16:00:00,67.14,67.49,66.24,66.34,1091057
OC,NYSE,2019/12/03 16:00:00,65.67,66.22,65.22,65.87,1204817
OC,NYSE,2019/12/04 16:00:00,64.4,66.65,64.12,65.43,2984936
OC,NYSE,2019/12/05 16:00:00,65.59,66.25,65.33,66.11,973221
OC,NYSE,2019/12/06 16:00:00,67.54,67.88,66.1,66.47,1011201
OC,NYSE,2019/12/09 16:00:00,66.08,66.35,65.03,65.06,896832
OC,NYSE,2019/12/10 16:00:00,65.25,65.45,64.82,65.08,879305
OC,NYSE,2019/12/11 16:00:00,64.95,65.21,64.73,65.1,1232706
OC,NYSE,2019/12/12 16:00:00,64.84,65.92,64.81,65.64,766077
OC,NYSE,2019/12/13 16:00:00,65.65,65.77,64.34,64.58,707783
OC,NYSE,2019/12/16 16:00:00,64.78,65.53,64.74,65.2,839013
OC,NYSE,2019/12/17 16:00:00,64.73,65.38,64.66,65.02,1391006
OC,NYSE,2019/12/18 16:00:00,65.48,65.79,64.78,65.72,1499908
OC,NYSE,2019/12/19 16:00:00,65.5,65.68,64.91,65.47,1267947
OC,NYSE,2019/12/20 16:00:00,65.53,65.61,64.72,65,2087942
OC,NYSE,2019/12/23 16:00:00,65.13,65.33,64.74,65,758976
OC,NYSE,2019/12/24 13:00:00,65.08,65.52,64.69,65.26,263650
OC,NYSE,2019/12/26 16:00:00,65.24,65.33,64.88,65.26,543613
OC,NYSE,2019/12/27 16:00:00,65.47,65.51,65.09,65.21,450879
OC,NYSE,2019/12/30 16:00:00,65.24,65.26,64.71,64.75,348178
OC,NYSE,2019/12/31 16:00:00,64.64,65.31,64.5,65.12,516350
OC,NYSE,2020/01/02 16:00:00,65.34,65.34,64.37,65.02,523655
OC,NYSE,2020/01/03 16:00:00,64.16,64.83,63.98,64.55,784328
OC,NYSE,2020/01/06 16:00:00,64.42,65.03,63.86,64.71,617001
OC,NYSE,2020/01/07 16:00:00,64.93,65.62,64.69,64.84,1370466
OC,NYSE,2020/01/08 16:00:00,64.94,65.56,64.68,64.85,659961
OC,NYSE,2020/01/09 16:00:00,65,65.57,64.74,64.84,637651
OC,NYSE,2020/01/10 16:00:00,64.92,65.33,64.51,64.93,817334
OC,NYSE,2020/01/13 16:00:00,65.13,65.32,64.66,65.07,1187731
OC,NYSE,2020/01/14 16:00:00,64.85,65.25,64.04,64.23,1564751
OC,NYSE,2020/01/15 16:00:00,64.12,65.53,64.09,65.29,1642034
OC,NYSE,2020/01/16 16:00:00,64,64.96,63.15,64.76,2129683
OC,NYSE,2020/01/17 16:00:00,65,66.2,64.94,65.65,1437098
OC,NYSE,2020/01/21 16:00:00,65.95,67.33,65.95,66.52,2382162
OC,NYSE,2020/01/22 16:00:00,66.59,67.98,66.51,67.89,2165248
OC,NYSE,2020/01/23 16:00:00,67.77,67.86,66.73,67.27,1344430
OC,NYSE,2020/01/24 16:00:00,67.13,67.27,64.62,65.33,964132
OC,NYSE,2020/01/27 16:00:00,64.27,64.78,63.6,63.66,970087
OC,NYSE,2020/01/28 16:00:00,63.9,64.66,63.47,64.37,967026
OC,NYSE,2020/01/29 16:00:00,64.59,64.93,63.16,63.57,713984
OC,NYSE,2020/01/30 16:00:00,63.1,63.87,62.39,62.9,930653
OC,NYSE,2020/01/31 16:00:00,62.59,62.76,60.42,60.49,1447475
OC,NYSE,2020/02/03 16:00:00,60.72,61.82,60.72,61.29,1314816
OC,NYSE,2020/02/04 16:00:00,62.21,62.35,60.88,62.22,1233428
OC,NYSE,2020/02/05 16:00:00,63.05,63.83,62.68,63.65,892428
OC,NYSE,2020/02/06 16:00:00,63.94,63.98,62.7,62.7,732580
OC,NYSE,2020/02/07 16:00:00,62.21,62.57,61.43,61.55,831461
OC,NYSE,2020/02/10 16:00:00,61.43,61.74,61.21,61.67,522643
OC,NYSE,2020/02/11 16:00:00,61.83,63.19,61.67,62.98,604006
OC,NYSE,2020/02/12 16:00:00,63.29,64.18,62.84,63.89,901478
OC,NYSE,2020/02/13 16:00:00,63.61,64.59,63.61,64.44,1250676
OC,NYSE,2020/02/14 16:00:00,64.26,64.58,63.68,63.82,793476
OC,NYSE,2020/02/18 16:00:00,63.51,63.8,62.74,62.99,2001251
OC,NYSE,2020/02/19 16:00:00,64.61,66.99,63.7,65.65,3155174
OC,NYSE,2020/02/20 16:00:00,65.34,67.42,64.87,66.85,1850557
OC,NYSE,2020/02/21 16:00:00,66.29,66.85,65.78,65.81,1416934
OC,NYSE,2020/02/24 16:00:00,63.64,63.83,61.83,61.87,2112786
OC,NYSE,2020/02/25 16:00:00,62.18,62.18,58.35,58.65,1511467
OC,NYSE,2020/02/26 16:00:00,59.12,59.22,56.78,56.83,1094738
OC,NYSE,2020/02/27 16:00:00,55.31,57.17,53.85,55.46,2134941
OC,NYSE,2020/02/28 16:00:00,53.76,56.5,53.49,56.49,3156415
OC,NYSE,2020/03/02 16:00:00,56.75,58.42,55.7,58.42,2022128
OC,NYSE,2020/03/03 16:00:00,58.44,59.31,56.08,56.64,2055063
OC,NYSE,2020/03/04 16:00:00,57.62,58.54,56.37,58.52,1556757
OC,NYSE,2020/03/05 16:00:00,56.7,56.98,52.6,52.96,1169194
OC,NYSE,2020/03/06 16:00:00,51.41,52.73,49.36,50.86,2090689
OC,NYSE,2020/03/09 16:00:00,47.11,49.19,46.38,47.2,3471659
OC,NYSE,2020/03/10 16:00:00,49.2,49.26,45.53,49.12,2779898
OC,NYSE,2020/03/11 16:00:00,48.5,48.5,43.71,43.87,1621347
OC,NYSE,2020/03/12 16:00:00,41.01,42.44,38.65,40.16,2852265
OC,NYSE,2020/03/13 16:00:00,42.51,42.89,38.86,41.75,2916906
OC,NYSE,2020/03/16 16:00:00,37.34,38.27,31.97,34.04,3711159
OC,NYSE,2020/03/17 16:00:00,34.5,35.62,32.54,34.88,3314341
OC,NYSE,2020/03/18 16:00:00,32.07,34.62,30.1,31.57,1837647
OC,NYSE,2020/03/19 16:00:00,31.57,35.81,31.03,34.8,1531053
OC,NYSE,2020/03/20 16:00:00,35.26,35.82,30.53,31.17,1890273
OC,NYSE,2020/03/23 16:00:00,30.87,32.32,28.56,31.11,1545209
OC,NYSE,2020/03/24 16:00:00,34.22,35.64,32.91,35.51,1918317
OC,NYSE,2020/03/25 16:00:00,35.65,39.37,35.55,38.02,1890980
OC,NYSE,2020/03/26 16:00:00,38.69,41.17,37.67,40.9,1947293
OC,NYSE,2020/03/27 16:00:00,39.04,39.82,37.93,38.93,910974
OC,NYSE,2020/03/30 16:00:00,38.96,40.19,38.17,39.88,1469705
OC,NYSE,2020/03/31 16:00:00,39.45,39.75,38.34,38.81,1688379
OC,NYSE,2020/04/01 16:00:00,36.56,37.49,36.1,36.81,1051384
OC,NYSE,2020/04/02 16:00:00,36.65,38.53,35.63,36.73,1378284
OC,NYSE,2020/04/03 16:00:00,36.27,37.33,34.09,34.98,1028656
OC,NYSE,2020/04/06 16:00:00,37.08,38.51,36.67,38.3,2320674
OC,NYSE,2020/04/07 16:00:00,40.02,40.37,38.24,38.4,1558764
OC,NYSE,2020/04/08 16:00:00,39.14,41.45,38.7,41.16,945597
OC,NYSE,2020/04/09 16:00:00,41.61,44.55,41.38,44.1,1639869
OC,NYSE,2020/04/13 16:00:00,43.95,43.95,41.26,41.5,1297483
OC,NYSE,2020/04/14 16:00:00,42.22,42.24,40.87,41.31,1242905
OC,NYSE,2020/04/15 16:00:00,39.9,40.19,38.52,39.34,809166
OC,NYSE,2020/04/16 16:00:00,38.49,38.8,36.95,37.99,1516329
OC,NYSE,2020/04/17 16:00:00,39.73,42.11,39.49,40.01,1553524
OC,NYSE,2020/04/20 16:00:00,38.73,39.09,37.59,37.67,1885056
OC,NYSE,2020/04/21 16:00:00,36.53,37.55,36.1,37.23,1330613
OC,NYSE,2020/04/22 16:00:00,38.32,38.37,35.97,36.4,1375065
OC,NYSE,2020/04/23 16:00:00,36.69,37.83,36.46,36.87,1291333
OC,NYSE,2020/04/24 16:00:00,37.1,37.55,36.41,37.1,1197587
OC,NYSE,2020/04/27 16:00:00,37.72,39.37,37.42,39.17,1654146
OC,NYSE,2020/04/28 16:00:00,40.52,41.14,39.81,40.1,1379287
OC,NYSE,2020/04/29 16:00:00,43.92,45.54,41.26,44.82,1843090
OC,NYSE,2020/04/30 16:00:00,43.63,43.97,42.19,43.36,2051612
OC,NYSE,2020/05/01 16:00:00,42.36,42.87,40.88,41.32,1112797
OC,NYSE,2020/05/04 16:00:00,40.47,41.14,39.68,40.53,1392939
OC,NYSE,2020/05/05 16:00:00,41.05,43.06,41.05,42.15,1390600
OC,NYSE,2020/05/06 16:00:00,42.2,42.75,41.01,41.12,1087948
OC,NYSE,2020/05/07 16:00:00,41.62,42.96,41.59,41.7,1000362
OC,NYSE,2020/05/08 16:00:00,42.64,43.89,42.42,43.62,819382
OC,NYSE,2020/05/11 16:00:00,42.87,42.97,41.31,42.29,1510469
OC,NYSE,2020/05/12 16:00:00,42.06,42.65,40.39,40.44,852781
OC,NYSE,2020/05/13 16:00:00,40.03,40.28,38.03,38.39,1243727
OC,NYSE,2020/05/14 16:00:00,37.6,40.69,36.18,40.61,1879722
OC,NYSE,2020/05/15 16:00:00,39.9,41.63,39.63,41.21,730239
OC,NYSE,2020/05/18 16:00:00,43.29,45.83,43.16,45.48,1274190
OC,NYSE,2020/05/19 16:00:00,44.97,45.82,44.04,44.07,775031
OC,NYSE,2020/05/20 16:00:00,44.89,46.09,44.89,45.44,865950
OC,NYSE,2020/05/21 16:00:00,45.12,47.26,45.05,47.13,1414681
OC,NYSE,2020/05/22 16:00:00,47.3,48.51,46.7,48.43,1538403
OC,NYSE,2020/05/26 16:00:00,50.92,51.47,50.46,51.15,1565448
OC,NYSE,2020/05/27 16:00:00,52.83,54.45,52.1,54.39,1427531
OC,NYSE,2020/05/28 16:00:00,55.01,55.01,52.06,52.38,1784388
OC,NYSE,2020/05/29 16:00:00,51.26,52.83,50.91,52.5,2869972
OC,NYSE,2020/06/01 16:00:00,52.72,54.4,52.41,53.88,990300
OC,NYSE,2020/06/02 16:00:00,54.06,54.76,53.59,53.76,1056137
OC,NYSE,2020/06/03 16:00:00,54.7,56.52,54.7,55.17,887765
OC,NYSE,2020/06/04 16:00:00,54.68,56.53,54.2,55.94,1317269
OC,NYSE,2020/06/05 16:00:00,59.11,60.43,58.21,58.42,1399109
OC,NYSE,2020/06/08 16:00:00,59.77,60.84,59.5,60.19,1563167
OC,NYSE,2020/06/09 16:00:00,58.86,59.38,58.05,58.47,978701
OC,NYSE,2020/06/10 16:00:00,58.11,59.76,56.44,57.91,1360889
OC,NYSE,2020/06/11 16:00:00,54.66,54.85,51.38,51.42,1010368
OC,NYSE,2020/06/12 16:00:00,53.49,54.56,51.31,52.72,956227
OC,NYSE,2020/06/15 16:00:00,51.02,54.89,50.42,54.82,1003390
OC,NYSE,2020/06/16 16:00:00,57.48,57.62,55.22,56.73,952532
OC,NYSE,2020/06/17 16:00:00,56.9,57.29,55.83,56.21,1038488
OC,NYSE,2020/06/18 16:00:00,55.95,56.75,55.26,55.79,816455
OC,NYSE,2020/06/19 16:00:00,56.27,56.98,54.56,55.04,1398579
OC,NYSE,2020/06/22 16:00:00,54.77,55.42,53.5,55.11,576892
OC,NYSE,2020/06/23 16:00:00,56.23,56.23,55,55.13,741259
OC,NYSE,2020/06/24 16:00:00,54.55,54.81,52.15,52.95,962702
OC,NYSE,2020/06/25 16:00:00,52.52,54.61,51.53,54.45,1552452
OC,NYSE,2020/06/26 16:00:00,53.98,54.61,53.58,54.12,1909340
OC,NYSE,2020/06/29 16:00:00,54.94,55.37,53.77,55.14,898162
OC,NYSE,2020/06/30 16:00:00,54.83,55.93,54.08,55.76,1107395
OC,NYSE,2020/07/01 16:00:00,55.7,55.89,53.38,53.48,1065946
OC,NYSE,2020/07/02 16:00:00,54.81,56.09,53.59,54.06,1186843
OC,NYSE,2020/07/06 16:00:00,55.11,56.85,54.8,55.64,788258
OC,NYSE,2020/07/07 16:00:00,55.02,55.63,54.26,55.22,934866
OC,NYSE,2020/07/08 16:00:00,55.28,57.08,55.26,56.71,836911
OC,NYSE,2020/07/09 16:00:00,56.44,56.98,54.79,55.11,502711
OC,NYSE,2020/07/10 16:00:00,55.07,55.63,54.13,55.31,634402
OC,NYSE,2020/07/13 16:00:00,55.82,56.28,54.23,54.3,1095650
OC,NYSE,2020/07/14 16:00:00,54.38,57.07,53.69,57,1539624
OC,NYSE,2020/07/15 16:00:00,58.46,59.18,57.38,58.59,780818
OC,NYSE,2020/07/16 16:00:00,58.68,59.7,58.09,59.46,837111
OC,NYSE,2020/07/17 16:00:00,60,61.11,59.17,60.23,999888
OC,NYSE,2020/07/20 16:00:00,59.65,60.4,59.48,59.84,623474
OC,NYSE,2020/07/21 16:00:00,59.92,60.32,58.68,59.83,1057092
OC,NYSE,2020/07/22 16:00:00,59.91,62.18,59.85,61.91,1494953
OC,NYSE,2020/07/23 16:00:00,61.95,62.6,60.71,61.2,783307
OC,NYSE,2020/07/24 16:00:00,61.35,61.99,60.39,61.76,780262
OC,NYSE,2020/07/27 16:00:00,61.48,63.66,61.19,63.57,950443
OC,NYSE,2020/07/28 16:00:00,62.76,63.27,61.14,61.25,2000275
OC,NYSE,2020/07/29 16:00:00,62.08,63.45,60.6,62.66,1887622
OC,NYSE,2020/07/30 16:00:00,61.79,62.16,59.81,61.28,869760
OC,NYSE,2020/07/31 16:00:00,61,61.37,59.14,60.47,1119660
OC,NYSE,2020/08/03 16:00:00,61.1,62.49,60.66,62.12,798805
OC,NYSE,2020/08/04 16:00:00,61.64,62.5,60.97,62.49,776320
OC,NYSE,2020/08/05 16:00:00,63.17,64.52,63.16,64.51,659931
OC,NYSE,2020/08/06 16:00:00,64.35,65.63,63.87,64.94,766118
OC,NYSE,2020/08/07 16:00:00,64.87,66.56,64.64,66.45,1132420
OC,NYSE,2020/08/10 16:00:00,66.5,67.18,66.19,66.76,942239
OC,NYSE,2020/08/11 16:00:00,67.5,68.09,66.32,66.62,846153
OC,NYSE,2020/08/12 16:00:00,67.27,68.67,66.69,67.48,791391
OC,NYSE,2020/08/13 16:00:00,66.94,68.4,66.81,67.65,622996
OC,NYSE,2020/08/14 16:00:00,66.86,68.17,66.59,67.33,967854
OC,NYSE,2020/08/17 16:00:00,67.49,67.94,67.05,67.33,755359
OC,NYSE,2020/08/18 16:00:00,67.34,68.3,67.11,67.67,652276
OC,NYSE,2020/08/19 16:00:00,67.72,67.72,66.82,67.07,569583
OC,NYSE,2020/08/20 16:00:00,66.34,67.36,66.13,66.54,495909
OC,NYSE,2020/08/21 16:00:00,66.5,68.28,66.47,68.18,921398
OC,NYSE,2020/08/24 16:00:00,68.68,69.84,68.16,68.92,774714
OC,NYSE,2020/08/25 16:00:00,69,69.16,67.78,68.92,753707
OC,NYSE,2020/08/26 16:00:00,69.23,70.55,68.24,69.94,1007595
OC,NYSE,2020/08/27 16:00:00,70.23,70.42,68.63,69.05,822663
OC,NYSE,2020/08/28 16:00:00,69.22,69.87,68.87,69.17,622772
OC,NYSE,2020/08/31 16:00:00,69.28,69.69,67.59,67.64,790276
OC,NYSE,2020/09/01 16:00:00,67.41,69.64,66.78,69.52,576142
OC,NYSE,2020/09/02 16:00:00,69.58,69.87,68.11,69.69,578251
OC,NYSE,2020/09/03 16:00:00,69.45,69.69,65.1,65.91,960899
OC,NYSE,2020/09/04 16:00:00,67.16,67.17,64.2,65.99,745814
OC,NYSE,2020/09/08 16:00:00,64.78,66.02,63.03,64.68,844839
OC,NYSE,2020/09/09 16:00:00,65.2,65.96,64.93,65.71,577144
OC,NYSE,2020/09/10 16:00:00,65.92,66.12,64.41,64.51,1087330
OC,NYSE,2020/09/11 16:00:00,65.07,65.39,64.44,65.08,616724
OC,NYSE,2020/09/14 16:00:00,65.77,66.61,65.33,66.4,909699
OC,NYSE,2020/09/15 16:00:00,66.75,68.65,66.43,66.57,910108
OC,NYSE,2020/09/16 16:00:00,67.38,70.55,66.79,68.79,1221470
OC,NYSE,2020/09/17 16:00:00,67.61,68.63,67.29,68.24,737686
OC,NYSE,2020/09/18 16:00:00,68.79,69.88,67.5,67.57,1670148
OC,NYSE,2020/09/21 16:00:00,68.18,68.18,65.28,66.29,879050
OC,NYSE,2020/09/22 16:00:00,66.76,68.75,66.09,68.27,897320
OC,NYSE,2020/09/23 16:00:00,67.98,69.02,66,66.03,801393
OC,NYSE,2020/09/24 16:00:00,65.98,67.46,65.1,66.59,835507
OC,NYSE,2020/09/25 16:00:00,66.03,67.77,65.71,66.93,755132
OC,NYSE,2020/09/28 16:00:00,67.73,69.6,67.73,68.81,1002045
OC,NYSE,2020/09/29 16:00:00,69.1,69.1,67.58,67.63,941892
OC,NYSE,2020/09/30 16:00:00,67.82,69.52,67.82,68.81,1112686
OC,NYSE,2020/10/01 16:00:00,69.62,70.58,68.93,69.66,942739
OC,NYSE,2020/10/02 16:00:00,67.79,70.99,67.77,70.68,904993
OC,NYSE,2020/10/05 16:00:00,71.77,73.03,71.41,72.76,759823
OC,NYSE,2020/10/06 16:00:00,73.21,75.65,73.07,73.6,1225742
OC,NYSE,2020/10/07 16:00:00,74.71,75.5,74.29,75,861266
OC,NYSE,2020/10/08 16:00:00,75.75,76.08,74.28,74.65,787408
OC,NYSE,2020/10/09 16:00:00,75.54,76.08,74.59,74.94,720356
OC,NYSE,2020/10/12 16:00:00,75.74,75.88,74.95,75.03,607463
OC,NYSE,2020/10/13 16:00:00,76.6,76.6,74.47,74.78,989804
OC,NYSE,2020/10/14 16:00:00,75.01,76.08,74.94,75.13,492032
OC,NYSE,2020/10/15 16:00:00,74.21,75.75,73.62,75.57,456207
OC,NYSE,2020/10/16 16:00:00,75.8,76.41,75.35,75.7,774064
OC,NYSE,2020/10/19 16:00:00,75.47,76.08,73.93,74.26,477707
OC,NYSE,2020/10/20 16:00:00,74.81,75.35,73.08,73.22,813208
OC,NYSE,2020/10/21 16:00:00,73.14,73.91,70.69,72.44,1252689
OC,NYSE,2020/10/22 16:00:00,73.17,73.62,70.56,71.53,818378
OC,NYSE,2020/10/23 16:00:00,72.12,72.39,69.93,71,896307
OC,NYSE,2020/10/26 16:00:00,69.88,70.54,68.71,69.22,657965
OC,NYSE,2020/10/27 16:00:00,69.14,69.58,67.95,68.86,836696
OC,NYSE,2020/10/28 16:00:00,67.81,70.52,64.94,65.11,1674513
OC,NYSE,2020/10/29 16:00:00,65,67.74,64.56,67.3,1379874
OC,NYSE,2020/10/30 16:00:00,68.15,68.63,64.63,65.47,1121398
OC,NYSE,2020/11/02 16:00:00,66.66,69.27,66.44,68.11,960577
OC,NYSE,2020/11/03 16:00:00,69.07,69.23,66.59,66.89,1404718
OC,NYSE,2020/11/04 16:00:00,66.88,71.02,66.3,70.09,1317381
OC,NYSE,2020/11/05 16:00:00,71.33,72.32,70.7,70.86,562008
OC,NYSE,2020/11/06 16:00:00,70.73,70.96,68.84,69.01,692699
OC,NYSE,2020/11/09 16:00:00,72.51,72.99,66,66.09,1392087
OC,NYSE,2020/11/10 16:00:00,66.62,69.06,66.32,68.23,887089
OC,NYSE,2020/11/11 16:00:00,68.68,69.49,67.83,69.26,799755
OC,NYSE,2020/11/12 16:00:00,69.13,69.86,67.73,68.62,869053
OC,NYSE,2020/11/13 16:00:00,69.21,71.72,68.68,71.16,918792
OC,NYSE,2020/11/16 16:00:00,72.03,72.93,70.86,71.19,874904
OC,NYSE,2020/11/17 16:00:00,70.81,71.51,69.12,71.01,974109
OC,NYSE,2020/11/18 16:00:00,71.6,73.22,71.07,72.56,974651
OC,NYSE,2020/11/19 16:00:00,72.14,73.69,71.13,72.45,842242
OC,NYSE,2020/11/20 16:00:00,71.67,72.16,70.53,70.78,962721
OC,NYSE,2020/11/23 16:00:00,71.45,73.98,71.07,73.63,1041203
OC,NYSE,2020/11/24 16:00:00,74.18,75.14,73.38,74.43,846732
OC,NYSE,2020/11/25 16:00:00,73.99,74.84,73.18,74.16,894229
OC,NYSE,2020/11/27 13:00:00,74.36,75.39,73.58,74.3,403230
OC,NYSE,2020/11/30 16:00:00,73.92,74.47,72.77,72.87,1509086
OC,NYSE,2020/12/01 16:00:00,74.29,74.77,72.63,73.21,926708
OC,NYSE,2020/12/02 16:00:00,72.52,72.86,71.5,72.09,727635
OC,NYSE,2020/12/03 16:00:00,72.47,73.92,71.82,73.5,820038
OC,NYSE,2020/12/04 16:00:00,74.27,75.01,72.84,74.29,1051035
OC,NYSE,2020/12/07 16:00:00,74.44,76.72,73.73,76.49,748415
OC,NYSE,2020/12/08 16:00:00,75.61,76.55,75.35,76.44,798296
OC,NYSE,2020/12/09 16:00:00,75.83,76.87,74.87,75.25,1186002
OC,NYSE,2020/12/10 16:00:00,74.86,75.54,73.95,75.24,925536
OC,NYSE,2020/12/11 16:00:00,74.95,75.57,73.53,74.22,826978
OC,NYSE,2020/12/14 16:00:00,75.08,75.19,72.63,72.65,1077623
OC,NYSE,2020/12/15 16:00:00,73.35,74.91,73.05,74.61,1217558
OC,NYSE,2020/12/16 16:00:00,76.34,76.58,74.52,74.58,1122490
OC,NYSE,2020/12/17 16:00:00,75.01,77.2,75,77.17,1093843
OC,NYSE,2020/12/18 16:00:00,77.01,77.95,76.35,76.91,1888277
OC,NYSE,2020/12/21 16:00:00,75.49,77.81,75.49,77.55,741185
OC,NYSE,2020/12/22 16:00:00,77.39,78.18,77.1,77.45,644114
OC,NYSE,2020/12/23 16:00:00,77.63,78.29,77.17,77.5,757190
OC,NYSE,2020/12/24 13:00:00,77.66,78.5,77.5,78.4,325379
OC,NYSE,2020/12/28 16:00:00,78.99,78.99,75.51,75.67,833700
OC,NYSE,2020/12/29 16:00:00,75.99,76.27,75.33,75.98,882749
OC,NYSE,2020/12/30 16:00:00,76.2,77.81,76.17,76.97,510615
OC,NYSE,2020/12/31 16:00:00,76.76,76.95,75.5,75.76,484484
OC,NYSE,2021/01/04 16:00:00,75.76,76.01,72.81,73.94,1115762
OC,NYSE,2021/01/05 16:00:00,73.39,75.32,73.39,75.18,1017726
OC,NYSE,2021/01/06 16:00:00,75.79,79.2,75.51,77.46,1259267
OC,NYSE,2021/01/07 16:00:00,78.1,79.85,77.45,79.61,920138
OC,NYSE,2021/01/08 16:00:00,80,80.47,77.32,79.91,1456796
OC,NYSE,2021/01/11 16:00:00,78.45,82.4,78.45,80.97,1659517
OC,NYSE,2021/01/12 16:00:00,80.94,81.72,80.37,81.5,1000418
OC,NYSE,2021/01/13 16:00:00,81.9,83.39,81.26,81.4,1067298
OC,NYSE,2021/01/14 16:00:00,81.72,84.08,81.45,83.41,1128957
OC,NYSE,2021/01/15 16:00:00,82.38,83.17,81.2,82.97,1086583
OC,NYSE,2021/01/19 16:00:00,83.56,84.77,83.09,84.45,1098437
OC,NYSE,2021/01/20 16:00:00,85.2,87,84.08,86.94,1156865
OC,NYSE,2021/01/21 16:00:00,87.01,87.89,86.1,86.3,1020415
OC,NYSE,2021/01/22 16:00:00,86.28,86.28,83.43,84.55,848402
OC,NYSE,2021/01/25 16:00:00,84.23,84.47,80.78,83.06,878419
OC,NYSE,2021/01/26 16:00:00,83.7,84.41,79.53,79.68,1286869
OC,NYSE,2021/01/27 16:00:00,77.85,78.33,75.44,76.91,1049044
OC,NYSE,2021/01/28 16:00:00,77.79,79.09,77.13,78.19,807976
OC,NYSE,2021/01/29 16:00:00,77.6,78.03,75.49,77.6,871390
OC,NYSE,2021/02/01 16:00:00,78.59,80.95,77.83,80.64,965497
OC,NYSE,2021/02/02 16:00:00,81.13,82.18,80.13,81.72,643420
OC,NYSE,2021/02/03 16:00:00,81.72,82.69,80.3,81.28,589246
OC,NYSE,2021/02/04 16:00:00,81.76,83.49,81.68,82.74,640543
OC,NYSE,2021/02/05 16:00:00,83,83.32,81.5,82.15,711284
OC,NYSE,2021/02/08 16:00:00,82.9,84.98,82.84,84.58,566764
OC,NYSE,2021/02/09 16:00:00,84.18,85.81,84.18,85.61,648298
OC,NYSE,2021/02/10 16:00:00,86.05,86.56,84.78,84.94,695461
OC,NYSE,2021/02/11 16:00:00,85.3,86.01,83.68,85.81,646548
OC,NYSE,2021/02/12 16:00:00,85.22,86.73,84.98,85.75,539558
OC,NYSE,2021/02/16 16:00:00,86.1,86.23,84.19,84.19,1051252
OC,NYSE,2021/02/17 16:00:00,84.16,87.32,81.06,83.49,1215800
OC,NYSE,2021/02/18 16:00:00,83.49,83.97,80.55,82.34,1349855
OC,NYSE,2021/02/19 16:00:00,83.22,85.66,82.89,85.08,968911
OC,NYSE,2021/02/22 16:00:00,84.34,84.77,82.22,82.38,1083996
OC,NYSE,2021/02/23 16:00:00,81.5,83.02,78.26,82.69,1147815
OC,NYSE,2021/02/24 16:00:00,82.32,83.36,81.06,83.21,1034885
OC,NYSE,2021/02/25 16:00:00,82.99,83.44,79.8,79.98,864967
OC,NYSE,2021/02/26 16:00:00,80.72,81.82,79.27,81.02,1204008
OC,NYSE,2021/03/01 16:00:00,82.44,83.55,81.49,82.88,779419
OC,NYSE,2021/03/02 16:00:00,83.05,83.23,81.68,83.02,757343
OC,NYSE,2021/03/03 16:00:00,79.44,81.26,78.43,79.78,1300447
OC,NYSE,2021/03/04 16:00:00,79.15,80.39,75.66,77.48,1007350
OC,NYSE,2021/03/05 16:00:00,78.51,81.16,76.6,80.82,1079634
OC,NYSE,2021/03/08 16:00:00,81.32,83.6,80.27,81.76,932642
OC,NYSE,2021/03/09 16:00:00,82.78,83.5,81.76,82.43,799677
OC,NYSE,2021/03/10 16:00:00,83.04,85.88,82.57,85.01,766226
OC,NYSE,2021/03/11 16:00:00,85.85,86.75,85.32,85.86,656123
OC,NYSE,2021/03/12 16:00:00,85.6,88.06,85.2,88.01,954336
OC,NYSE,2021/03/15 16:00:00,87.71,90.8,87.67,90.8,951480
OC,NYSE,2021/03/16 16:00:00,90.91,91.63,88.43,89.7,1093691
OC,NYSE,2021/03/17 16:00:00,89.25,91.87,88.11,91.8,1101193
OC,NYSE,2021/03/18 16:00:00,91.29,93.55,90.2,90.89,995369
OC,NYSE,2021/03/19 16:00:00,91.09,91.58,89.47,90.89,1475954
OC,NYSE,2021/03/22 16:00:00,90.92,91.02,88.4,89.82,1439051
OC,NYSE,2021/03/23 16:00:00,89.07,89.65,84.82,85.21,1579216
OC,NYSE,2021/03/24 16:00:00,86,88.65,86,86.45,1254097
OC,NYSE,2021/03/25 16:00:00,86.1,90,85.36,89.72,732622
OC,NYSE,2021/03/26 16:00:00,90.56,92.74,89.9,92.66,877581
OC,NYSE,2021/03/29 16:00:00,92.62,93.93,91.08,91.14,1093846
OC,NYSE,2021/03/30 16:00:00,90.96,92.59,90.53,92.04,772685
OC,NYSE,2021/03/31 16:00:00,92.44,93.82,91.78,92.09,1327545
OC,NYSE,2021/04/01 16:00:00,93.06,93.79,92.46,93.79,472535
OC,NYSE,2021/04/05 16:00:00,94.54,94.54,92.82,94.3,504208
OC,NYSE,2021/04/06 16:00:00,94.46,96.24,94.06,95.57,749294
OC,NYSE,2021/04/07 16:00:00,95.56,96.94,94.48,96.82,999454
OC,NYSE,2021/04/08 16:00:00,96.58,96.58,93.42,94.67,913417
OC,NYSE,2021/04/09 16:00:00,95.02,96.92,94.39,96.85,760373
CF,NYSE,2019/04/01 16:00:00,41.45,41.84,40.77,41.82,2043643
CF,NYSE,2019/04/02 16:00:00,41.94,42.18,41.47,41.68,2531689
CF,NYSE,2019/04/03 16:00:00,42.16,43.24,42.16,42.93,3200900
CF,NYSE,2019/04/04 16:00:00,42.74,43.2,42.42,43.18,1624104
CF,NYSE,2019/04/05 16:00:00,43.26,43.55,42.91,43.48,2300774
CF,NYSE,2019/04/08 16:00:00,43.64,43.72,42.98,43.56,1644952
CF,NYSE,2019/04/09 16:00:00,43.13,43.21,42.54,42.75,1773896
CF,NYSE,2019/04/10 16:00:00,42.76,42.96,42.17,42.55,1663008
CF,NYSE,2019/04/11 16:00:00,42.24,42.65,41.94,42.25,1292645
CF,NYSE,2019/04/12 16:00:00,42.8,43.15,42.17,42.58,1374301
CF,NYSE,2019/04/15 16:00:00,42.54,43.14,42.52,42.87,1383528
CF,NYSE,2019/04/16 16:00:00,42.87,44.08,42.5,43.86,2148158
CF,NYSE,2019/04/17 16:00:00,44.1,44.91,43.95,44.62,4331183
CF,NYSE,2019/04/18 16:00:00,43.44,45.31,42.83,45.14,4662134
CF,NYSE,2019/04/22 16:00:00,44.94,45.72,44.86,44.95,3035969
CF,NYSE,2019/04/23 16:00:00,44.7,45,43.31,44.57,3199943
CF,NYSE,2019/04/24 16:00:00,44.43,44.65,43.57,44.55,1552134
CF,NYSE,2019/04/25 16:00:00,44.22,44.74,44.06,44.07,1848494
CF,NYSE,2019/04/26 16:00:00,44.56,45.53,44.24,45.16,1758288
CF,NYSE,2019/04/29 16:00:00,44.7,45.34,43.97,44.92,2209003
CF,NYSE,2019/04/30 16:00:00,45.05,45.28,44.41,44.78,2535652
CF,NYSE,2019/05/01 16:00:00,44.41,44.69,43.19,43.29,2746449
CF,NYSE,2019/05/02 16:00:00,43.19,45,42.67,43.46,3895254
CF,NYSE,2019/05/03 16:00:00,43.86,44.33,43.26,44.22,1467415
CF,NYSE,2019/05/06 16:00:00,43.02,44.2,42.72,43.8,1731487
CF,NYSE,2019/05/07 16:00:00,43.28,43.29,41.22,41.52,3940419
CF,NYSE,2019/05/08 16:00:00,41.37,42.04,40.92,41.84,3473928
CF,NYSE,2019/05/09 16:00:00,41.2,41.31,40.55,41.15,2153494
CF,NYSE,2019/05/10 16:00:00,40.98,41.84,40.48,41.62,2373042
CF,NYSE,2019/05/13 16:00:00,40.61,40.92,39.84,40.82,2481834
CF,NYSE,2019/05/14 16:00:00,40.88,41.52,40.41,41.19,2688794
CF,NYSE,2019/05/15 16:00:00,41.13,42.15,40.97,41.92,1670342
CF,NYSE,2019/05/16 16:00:00,42.25,43.1,42.08,42.75,2936241
CF,NYSE,2019/05/17 16:00:00,42.32,43.18,42.32,42.47,1699112
CF,NYSE,2019/05/20 16:00:00,41.94,42.27,41.26,41.29,1886137
CF,NYSE,2019/05/21 16:00:00,41.87,42.26,41.6,42.08,2445398
CF,NYSE,2019/05/22 16:00:00,41.47,41.99,41.08,41.14,2699433
CF,NYSE,2019/05/23 16:00:00,40.46,40.82,39.97,40.5,2493543
CF,NYSE,2019/05/24 16:00:00,41.04,41.25,40.57,40.8,1918787
CF,NYSE,2019/05/28 16:00:00,40.77,40.86,39.98,40.25,2161233
CF,NYSE,2019/05/29 16:00:00,39.83,40.27,39.71,39.83,1973902
CF,NYSE,2019/05/30 16:00:00,39.84,40.75,39.75,40.59,1855682
CF,NYSE,2019/05/31 16:00:00,39.84,40.39,39.17,40.24,2460920
CF,NYSE,2019/06/03 16:00:00,40.15,41.49,40.12,41.41,3181711
CF,NYSE,2019/06/04 16:00:00,42.16,43.51,41.8,43.51,3378710
CF,NYSE,2019/06/05 16:00:00,43.49,43.49,41.87,42.52,2508981
CF,NYSE,2019/06/06 16:00:00,42.31,43.58,42,43.37,2020184
CF,NYSE,2019/06/07 16:00:00,43.5,43.5,41.48,42.03,2804049
CF,NYSE,2019/06/10 16:00:00,42.22,42.61,41.64,41.94,2257074
CF,NYSE,2019/06/11 16:00:00,42.56,42.61,41.88,42.08,2748250
CF,NYSE,2019/06/12 16:00:00,42.12,43.43,42.09,43.11,2182622
CF,NYSE,2019/06/13 16:00:00,44.05,45.17,43.76,45.14,3260635
CF,NYSE,2019/06/14 16:00:00,45.02,46.67,44.62,46,2993906
CF,NYSE,2019/06/17 16:00:00,46.44,46.96,46.04,46.53,2971138
CF,NYSE,2019/06/18 16:00:00,46.81,47.85,46.56,47.22,2838376
CF,NYSE,2019/06/19 16:00:00,47.12,47.44,46.36,46.47,2791055
CF,NYSE,2019/06/20 16:00:00,47.27,47.35,46.15,46.86,2544977
CF,NYSE,2019/06/21 16:00:00,46.89,47.71,46.72,46.77,3087059
CF,NYSE,2019/06/24 16:00:00,46.85,47.47,46.48,47.05,2093108
CF,NYSE,2019/06/25 16:00:00,47.4,47.92,47.13,47.48,2824066
CF,NYSE,2019/06/26 16:00:00,47.49,47.59,46.77,46.8,1431321
CF,NYSE,2019/06/27 16:00:00,47.07,47.58,46.45,47.14,1661793
CF,NYSE,2019/06/28 16:00:00,47.16,47.77,46.24,46.71,4454198
CF,NYSE,2019/07/01 16:00:00,46.8,47.45,44.91,46.52,2793059
CF,NYSE,2019/07/02 16:00:00,46.4,46.75,45.65,46.29,2375807
CF,NYSE,2019/07/03 13:00:00,46.5,46.96,46.31,46.64,641172
CF,NYSE,2019/07/05 16:00:00,46.09,46.54,45.8,46.3,1191317
CF,NYSE,2019/07/08 16:00:00,46.24,46.24,45.25,45.52,1627583
CF,NYSE,2019/07/09 16:00:00,45.19,45.28,44.37,44.39,2617977
CF,NYSE,2019/07/10 16:00:00,44.65,45.3,44.1,44.22,1971952
CF,NYSE,2019/07/11 16:00:00,43.99,44.95,43.81,44.94,2426650
CF,NYSE,2019/07/12 16:00:00,45.1,46.4,44.87,46.17,2653745
CF,NYSE,2019/07/15 16:00:00,46.5,48.18,46.26,47.88,2268021
CF,NYSE,2019/07/16 16:00:00,47.88,48.64,47.54,47.71,1769899
CF,NYSE,2019/07/17 16:00:00,47.67,47.84,46.99,47.42,1469663
CF,NYSE,2019/07/18 16:00:00,47.04,47.46,46.56,46.98,1771714
CF,NYSE,2019/07/19 16:00:00,47.06,47.35,46.88,47.16,1344513
CF,NYSE,2019/07/22 16:00:00,47.18,47.39,46.91,47.34,1298602
CF,NYSE,2019/07/23 16:00:00,47.69,48.42,47.31,48.34,1758145
CF,NYSE,2019/07/24 16:00:00,48.48,48.99,48.08,48.92,2151142
CF,NYSE,2019/07/25 16:00:00,48.49,48.81,48.02,48.38,2012472
CF,NYSE,2019/07/26 16:00:00,48.44,48.49,47.77,48.15,1607626
CF,NYSE,2019/07/29 16:00:00,48.08,48.24,47.5,47.52,1760040
CF,NYSE,2019/07/30 16:00:00,47.04,49.77,47,49.74,2611083
CF,NYSE,2019/07/31 16:00:00,49.72,50.61,49.29,49.56,2685473
CF,NYSE,2019/08/01 16:00:00,52.24,55.15,51.39,52.35,6314865
CF,NYSE,2019/08/02 16:00:00,52.65,53,51.36,52.68,2917755
CF,NYSE,2019/08/05 16:00:00,51.74,51.94,49.87,50.74,3704108
CF,NYSE,2019/08/06 16:00:00,52,52.44,50.28,50.94,3856412
CF,NYSE,2019/08/07 16:00:00,50.28,50.72,49.64,50.45,2174364
CF,NYSE,2019/08/08 16:00:00,50.92,52.2,50.48,52.15,2800935
CF,NYSE,2019/08/09 16:00:00,52.33,52.33,50.41,51.04,2993226
CF,NYSE,2019/08/12 16:00:00,50.94,50.94,48.29,48.89,3171693
CF,NYSE,2019/08/13 16:00:00,49.01,50.09,48.11,48.77,3074124
CF,NYSE,2019/08/14 16:00:00,48.28,48.37,47.05,47.2,3032855
CF,NYSE,2019/08/15 16:00:00,47.55,47.79,46.52,46.94,1967565
CF,NYSE,2019/08/16 16:00:00,47.27,48.36,46.75,48.18,1992403
CF,NYSE,2019/08/19 16:00:00,48.56,48.85,48.26,48.72,2342559
CF,NYSE,2019/08/20 16:00:00,48.48,48.68,47.88,48.04,1326452
CF,NYSE,2019/08/21 16:00:00,48.51,48.99,47.81,48.89,1894939
CF,NYSE,2019/08/22 16:00:00,49.25,50.14,48.46,48.54,2190263
CF,NYSE,2019/08/23 16:00:00,47.82,48.45,46.92,47.12,2445139
CF,NYSE,2019/08/26 16:00:00,47.7,47.72,46.97,47.24,1210330
CF,NYSE,2019/08/27 16:00:00,47.62,47.68,46.45,46.69,1352516
CF,NYSE,2019/08/28 16:00:00,46.36,47.6,46.07,47.31,1314043
CF,NYSE,2019/08/29 16:00:00,48.41,48.97,47.97,48.26,1451473
CF,NYSE,2019/08/30 16:00:00,48.65,48.92,47.95,48.19,1574641
CF,NYSE,2019/09/03 16:00:00,47.69,48.08,46.97,47.25,1885723
CF,NYSE,2019/09/04 16:00:00,48.39,48.43,47.35,47.76,1610295
CF,NYSE,2019/09/05 16:00:00,48.39,48.65,47.98,48.17,3450543
CF,NYSE,2019/09/06 16:00:00,48.32,48.94,47.96,48.64,1327964
CF,NYSE,2019/09/09 16:00:00,48.74,49.24,48.43,48.85,1340821
CF,NYSE,2019/09/10 16:00:00,49.12,50.95,48.63,50.78,2122304
CF,NYSE,2019/09/11 16:00:00,50.78,51.55,50.18,50.38,2342817
CF,NYSE,2019/09/12 16:00:00,50.82,50.82,49.08,49.1,2014883
CF,NYSE,2019/09/13 16:00:00,49.5,50.3,49.1,49.91,2246192
CF,NYSE,2019/09/16 16:00:00,50.26,52.3,50.16,51.34,2840869
CF,NYSE,2019/09/17 16:00:00,50.82,51.16,50.13,50.58,1374052
CF,NYSE,2019/09/18 16:00:00,50.33,51,50.05,50.65,1691448
CF,NYSE,2019/09/19 16:00:00,50.43,50.74,50,50.01,1987044
CF,NYSE,2019/09/20 16:00:00,50.21,50.55,49.25,49.29,2501562
CF,NYSE,2019/09/23 16:00:00,48.99,49.98,48.69,49.91,2085877
CF,NYSE,2019/09/24 16:00:00,49.8,49.99,48.58,48.88,2587537
CF,NYSE,2019/09/25 16:00:00,49,49.5,48.61,48.67,1363484
CF,NYSE,2019/09/26 16:00:00,49.02,49.58,48.61,49.22,1693092
CF,NYSE,2019/09/27 16:00:00,49.36,49.76,48.35,48.65,1699983
CF,NYSE,2019/09/30 16:00:00,48.74,49.39,47.54,49.2,3332709
CF,NYSE,2019/10/01 16:00:00,49.43,50.08,48.79,49.13,2136430
CF,NYSE,2019/10/02 16:00:00,48.47,48.85,47.59,48.28,1945360
CF,NYSE,2019/10/03 16:00:00,48.14,48.99,47.6,48.76,1443346
CF,NYSE,2019/10/04 16:00:00,48.8,48.85,47.6,48.78,2139234
CF,NYSE,2019/10/07 16:00:00,48.83,49.7,48.7,48.91,1637653
CF,NYSE,2019/10/08 16:00:00,48.49,49.43,48.18,48.86,1919911
CF,NYSE,2019/10/09 16:00:00,49.4,49.52,48.65,48.84,1289326
CF,NYSE,2019/10/10 16:00:00,49.47,50.05,48.67,49.15,1634998
CF,NYSE,2019/10/11 16:00:00,50,51.06,49.86,50.62,2458907
CF,NYSE,2019/10/14 16:00:00,50.22,50.26,48.93,48.97,1577815
CF,NYSE,2019/10/15 16:00:00,49.01,49.62,48.49,48.58,2040737
CF,NYSE,2019/10/16 16:00:00,48.51,49.25,48.36,48.91,1867865
CF,NYSE,2019/10/17 16:00:00,49,49.2,48.2,48.46,2540868
CF,NYSE,2019/10/18 16:00:00,48.34,48.4,47.71,47.77,2432121
CF,NYSE,2019/10/21 16:00:00,48.33,48.33,46.26,46.46,2577502
CF,NYSE,2019/10/22 16:00:00,46.49,46.8,45.58,46.41,2157368
CF,NYSE,2019/10/23 16:00:00,46.35,46.39,45.56,45.82,1911306
CF,NYSE,2019/10/24 16:00:00,45.99,46.09,45.39,45.47,1537471
CF,NYSE,2019/10/25 16:00:00,45.45,46.64,45.21,46.14,1657716
CF,NYSE,2019/10/28 16:00:00,46.36,46.72,45.81,45.83,1548722
CF,NYSE,2019/10/29 16:00:00,45.5,47.28,45.5,46.87,2023176
CF,NYSE,2019/10/30 16:00:00,46.78,47.46,46.51,47.04,3807817
CF,NYSE,2019/10/31 16:00:00,46,46.5,43.32,45.35,4872136
CF,NYSE,2019/11/01 16:00:00,45.49,46.33,44.99,46.27,2666142
CF,NYSE,2019/11/04 16:00:00,46.77,47.86,46.59,47.62,2613495
CF,NYSE,2019/11/05 16:00:00,47.53,48.39,47.34,47.73,2548043
CF,NYSE,2019/11/06 16:00:00,47.67,48.07,46.39,46.39,1629768
CF,NYSE,2019/11/07 16:00:00,46.73,46.99,46.23,46.63,1177437
CF,NYSE,2019/11/08 16:00:00,46.42,46.9,45.77,46.63,1812077
CF,NYSE,2019/11/11 16:00:00,46.26,46.54,45.65,46.45,961798
CF,NYSE,2019/11/12 16:00:00,46.54,48.03,46.33,47.91,2890775
CF,NYSE,2019/11/13 16:00:00,47.43,47.43,46.23,46.84,1810645
CF,NYSE,2019/11/14 16:00:00,45.84,46.45,45.75,46.36,1739540
CF,NYSE,2019/11/15 16:00:00,46.66,46.9,45.87,45.93,1251496
CF,NYSE,2019/11/18 16:00:00,45.63,45.83,44.82,45.13,1421560
CF,NYSE,2019/11/19 16:00:00,45.45,46.01,45.23,45.76,1803918
CF,NYSE,2019/11/20 16:00:00,45.55,45.89,45.06,45.1,1691126
CF,NYSE,2019/11/21 16:00:00,45.12,45.69,44.77,45.4,1866116
CF,NYSE,2019/11/22 16:00:00,45.55,45.82,44.73,44.95,1580994
CF,NYSE,2019/11/25 16:00:00,45.52,46.31,45.45,46.29,1813736
CF,NYSE,2019/11/26 16:00:00,46.35,46.37,45.52,45.72,1677874
CF,NYSE,2019/11/27 16:00:00,45.71,45.99,45.31,45.65,1636728
CF,NYSE,2019/11/29 13:00:00,45.58,46.31,45.58,46.21,779026
CF,NYSE,2019/12/02 16:00:00,46.09,46.23,45.52,45.69,1686444
CF,NYSE,2019/12/03 16:00:00,45.03,45.3,44.34,44.95,1476184
CF,NYSE,2019/12/04 16:00:00,45.2,45.85,44.76,44.77,1408343
CF,NYSE,2019/12/05 16:00:00,44.97,45.09,44.26,44.45,1361887
CF,NYSE,2019/12/06 16:00:00,44.89,45.55,44.77,45.34,2255860
CF,NYSE,2019/12/09 16:00:00,45.55,45.79,45.09,45.4,1661812
CF,NYSE,2019/12/10 16:00:00,44.35,44.55,43.67,44.02,2176391
CF,NYSE,2019/12/11 16:00:00,43.94,45.1,43.84,44.56,2835836
CF,NYSE,2019/12/12 16:00:00,44.44,45.78,44.2,45.4,2968709
CF,NYSE,2019/12/13 16:00:00,45.4,45.9,44.78,45.14,2441679
CF,NYSE,2019/12/16 16:00:00,45.85,47.31,45.73,46.88,2632202
CF,NYSE,2019/12/17 16:00:00,46.88,47.23,46.56,46.92,2422559
CF,NYSE,2019/12/18 16:00:00,46.83,46.84,45.65,46.53,2936335
CF,NYSE,2019/12/19 16:00:00,46.29,46.75,46.05,46.38,2002732
CF,NYSE,2019/12/20 16:00:00,46.66,48.51,46.43,48.28,6009141
CF,NYSE,2019/12/23 16:00:00,48.14,48.32,47.44,47.75,1496943
CF,NYSE,2019/12/24 13:00:00,47.69,48.22,47.69,47.94,293856
CF,NYSE,2019/12/26 16:00:00,47.94,48.51,47.93,48.46,873319
CF,NYSE,2019/12/27 16:00:00,48.88,48.88,47.54,47.55,1306394
CF,NYSE,2019/12/30 16:00:00,47.79,47.86,47.28,47.36,975447
CF,NYSE,2019/12/31 16:00:00,47.2,47.8,47.16,47.74,1016402
CF,NYSE,2020/01/02 16:00:00,48.19,48.19,46.03,46.4,2521641
CF,NYSE,2020/01/03 16:00:00,46.37,47.21,45.97,46.08,2349572
CF,NYSE,2020/01/06 16:00:00,45.75,46.22,45.02,46,2283267
CF,NYSE,2020/01/07 16:00:00,45.73,46.42,45.56,45.58,1945072
CF,NYSE,2020/01/08 16:00:00,45.37,45.93,45.02,45.79,2121476
CF,NYSE,2020/01/09 16:00:00,45.94,45.96,44.79,45.57,1762563
CF,NYSE,2020/01/10 16:00:00,45.5,45.77,44.64,44.77,2206790
CF,NYSE,2020/01/13 16:00:00,44.91,45.44,44.5,45.34,1500858
CF,NYSE,2020/01/14 16:00:00,45.22,46,45.22,45.42,1259888
CF,NYSE,2020/01/15 16:00:00,45.32,46.07,45.3,45.65,1268187
CF,NYSE,2020/01/16 16:00:00,45.48,45.94,45.09,45.89,1273521
CF,NYSE,2020/01/17 16:00:00,45.96,46.33,45.48,46.14,2871620
CF,NYSE,2020/01/21 16:00:00,45.86,45.86,44.21,44.25,2183193
CF,NYSE,2020/01/22 16:00:00,44.01,44.32,41.92,42.71,5417804
CF,NYSE,2020/01/23 16:00:00,42.03,42.68,41.29,42.5,2973390
CF,NYSE,2020/01/24 16:00:00,42.48,42.49,40.91,40.93,2503762
CF,NYSE,2020/01/27 16:00:00,39.92,40.25,39.33,39.42,2633971
CF,NYSE,2020/01/28 16:00:00,39.74,40.16,39.25,39.95,2371565
CF,NYSE,2020/01/29 16:00:00,40.16,40.84,40.08,40.27,1912944
CF,NYSE,2020/01/30 16:00:00,40.04,40.76,39.9,40.68,1964775
CF,NYSE,2020/01/31 16:00:00,40.26,40.49,40.06,40.28,2051132
CF,NYSE,2020/02/03 16:00:00,40.27,40.84,39.41,39.75,2850520
CF,NYSE,2020/02/04 16:00:00,40.28,41.17,40.08,41.07,2297366
CF,NYSE,2020/02/05 16:00:00,41.69,42.76,41.33,42.71,2784791
CF,NYSE,2020/02/06 16:00:00,42.87,42.93,42.17,42.25,2801060
CF,NYSE,2020/02/07 16:00:00,41.88,42.21,41.7,42.17,1679932
CF,NYSE,2020/02/10 16:00:00,41.7,42.57,41.44,41.67,2085291
CF,NYSE,2020/02/11 16:00:00,41.91,42.65,41.75,42.17,1929774
CF,NYSE,2020/02/12 16:00:00,42.2,42.26,41.31,41.61,2376507
CF,NYSE,2020/02/13 16:00:00,41.3,41.41,39.18,39.34,4897008
CF,NYSE,2020/02/14 16:00:00,38.12,40.04,38,38.3,5653815
CF,NYSE,2020/02/18 16:00:00,38.01,38.46,37.58,38.16,5994137
CF,NYSE,2020/02/19 16:00:00,38.16,40.04,38.16,39.38,3313116
CF,NYSE,2020/02/20 16:00:00,39.58,40.6,39.39,39.48,2972542
CF,NYSE,2020/02/21 16:00:00,39.83,40.18,39.32,39.35,2065724
CF,NYSE,2020/02/24 16:00:00,38.41,39.3,37.71,38.83,3445126
CF,NYSE,2020/02/25 16:00:00,39.01,39.5,37.43,37.64,3288004
CF,NYSE,2020/02/26 16:00:00,37.93,38.75,36.96,37.06,3028806
CF,NYSE,2020/02/27 16:00:00,36.5,37.68,35.92,36.13,4420209
CF,NYSE,2020/02/28 16:00:00,35.22,36.99,35.18,36.86,4338998
CF,NYSE,2020/03/02 16:00:00,37.28,38.27,36.98,38.22,4818888
CF,NYSE,2020/03/03 16:00:00,37.82,39.01,37.23,38.14,4247025
CF,NYSE,2020/03/04 16:00:00,38.51,38.94,38.05,38.75,3329037
CF,NYSE,2020/03/05 16:00:00,37.61,38.23,37.42,37.99,3076715
CF,NYSE,2020/03/06 16:00:00,37.2,37.49,36.09,36.84,3800800
CF,NYSE,2020/03/09 16:00:00,34.41,34.81,31.13,31.17,4896951
CF,NYSE,2020/03/10 16:00:00,32.64,32.86,29.32,30.73,6353457
CF,NYSE,2020/03/11 16:00:00,30.04,30.24,27.9,28.34,5032859
CF,NYSE,2020/03/12 16:00:00,25.9,26.89,23.85,24.42,3919277
CF,NYSE,2020/03/13 16:00:00,25.6,27.7,23.23,27.68,4127137
CF,NYSE,2020/03/16 16:00:00,24,26.48,23.81,24,4077858
CF,NYSE,2020/03/17 16:00:00,24.88,25.43,22.89,24.15,4179662
CF,NYSE,2020/03/18 16:00:00,22.29,23.5,19.73,21.14,4980065
CF,NYSE,2020/03/19 16:00:00,21.04,23.9,20.42,22.98,3166964
CF,NYSE,2020/03/20 16:00:00,23.53,24.3,21.96,22.25,4254906
CF,NYSE,2020/03/23 16:00:00,22.18,22.91,21.43,22.04,2873974
CF,NYSE,2020/03/24 16:00:00,23.14,25.78,22.53,25.62,3700874
CF,NYSE,2020/03/25 16:00:00,26,28.89,25.26,27.02,4271436
CF,NYSE,2020/03/26 16:00:00,27.33,28.96,26.85,28.25,3512822
CF,NYSE,2020/03/27 16:00:00,27.14,27.14,25.41,25.55,2497912
CF,NYSE,2020/03/30 16:00:00,25.51,26.93,25.1,26.62,3062378
CF,NYSE,2020/03/31 16:00:00,26.56,28,26.56,27.2,3958979
CF,NYSE,2020/04/01 16:00:00,25.91,26.73,25.58,25.85,4352024
CF,NYSE,2020/04/02 16:00:00,26,28.2,25.26,25.7,3539588
CF,NYSE,2020/04/03 16:00:00,26.19,26.36,25.44,25.77,2670226
CF,NYSE,2020/04/06 16:00:00,27.24,27.97,27,27.5,4857706
CF,NYSE,2020/04/07 16:00:00,29.12,30.39,28.23,28.96,5101364
CF,NYSE,2020/04/08 16:00:00,29.02,30,29.02,29.84,2977495
CF,NYSE,2020/04/09 16:00:00,30.69,32.17,30.24,31.01,4559463
CF,NYSE,2020/04/13 16:00:00,30.52,31.06,29.34,29.91,3892379
CF,NYSE,2020/04/14 16:00:00,30.47,30.98,29.3,30.05,2393221
CF,NYSE,2020/04/15 16:00:00,28.67,28.88,27.6,28.12,2585347
CF,NYSE,2020/04/16 16:00:00,28.03,28.35,26.56,26.92,3233164
CF,NYSE,2020/04/17 16:00:00,28.03,28.87,27.72,28.29,5346787
CF,NYSE,2020/04/20 16:00:00,27.38,28.48,27.03,27.55,3636272
CF,NYSE,2020/04/21 16:00:00,26.6,27.31,26.34,26.86,2592133
CF,NYSE,2020/04/22 16:00:00,27.66,27.66,26.56,27.31,3398698
CF,NYSE,2020/04/23 16:00:00,27.84,28.75,27.49,27.85,2631015
CF,NYSE,2020/04/24 16:00:00,28.23,28.46,27.45,28,2659312
CF,NYSE,2020/04/27 16:00:00,27.91,28.66,27.79,28.37,1503714
CF,NYSE,2020/04/28 16:00:00,29,29.13,27.69,28.04,2879644
CF,NYSE,2020/04/29 16:00:00,29.14,29.68,28.76,29.01,3109215
CF,NYSE,2020/04/30 16:00:00,28.64,28.64,27.29,27.5,3258330
CF,NYSE,2020/05/01 16:00:00,26.98,27.06,25.99,26.61,2404475
CF,NYSE,2020/05/04 16:00:00,25.95,26.33,25.45,26.28,2530391
CF,NYSE,2020/05/05 16:00:00,26.95,28.12,26.77,27.31,2488612
CF,NYSE,2020/05/06 16:00:00,27.38,27.72,26.25,26.27,1400144
CF,NYSE,2020/05/07 16:00:00,28.2,28.84,27.41,27.54,3241751
CF,NYSE,2020/05/08 16:00:00,28.1,29.2,28.06,29.03,1875204
CF,NYSE,2020/05/11 16:00:00,26.67,27.61,26.35,27.46,2805906
CF,NYSE,2020/05/12 16:00:00,27.38,27.85,26.05,26.09,2324565
CF,NYSE,2020/05/13 16:00:00,26.02,26.33,24.4,24.59,2611629
CF,NYSE,2020/05/14 16:00:00,23.71,24.65,23.05,24.63,5888273
CF,NYSE,2020/05/15 16:00:00,24.42,24.83,24.13,24.82,3761771
CF,NYSE,2020/05/18 16:00:00,26.09,26.95,25.96,26.39,4787426
CF,NYSE,2020/05/19 16:00:00,26.57,27.84,25.82,27.19,3498325
CF,NYSE,2020/05/20 16:00:00,27.5,27.97,27.26,27.51,2607416
CF,NYSE,2020/05/21 16:00:00,27.5,27.86,27.31,27.7,2005793
CF,NYSE,2020/05/22 16:00:00,27.65,27.78,27.27,27.59,1487247
CF,NYSE,2020/05/26 16:00:00,28.25,29.48,28.25,29.16,2787225
CF,NYSE,2020/05/27 16:00:00,30.05,30.36,29.53,29.97,1832418
CF,NYSE,2020/05/28 16:00:00,30.39,30.43,29.09,29.24,1817575
CF,NYSE,2020/05/29 16:00:00,28.91,29.77,28.68,29.37,2673430
CF,NYSE,2020/06/01 16:00:00,29.25,29.96,28.93,29.59,1628147
CF,NYSE,2020/06/02 16:00:00,29.76,31.12,29.76,30.91,3897999
CF,NYSE,2020/06/03 16:00:00,31.41,32.32,31.4,31.91,2322345
CF,NYSE,2020/06/04 16:00:00,31.66,32.07,31.02,31.75,1781243
CF,NYSE,2020/06/05 16:00:00,33.16,33.53,32.55,32.72,2757825
CF,NYSE,2020/06/08 16:00:00,33.4,34.05,32.73,32.98,2610168
CF,NYSE,2020/06/09 16:00:00,32.16,32.4,31.51,31.93,2126202
CF,NYSE,2020/06/10 16:00:00,31.87,31.93,30.85,30.88,2391228
CF,NYSE,2020/06/11 16:00:00,29.25,29.71,27.69,28.14,2749623
CF,NYSE,2020/06/12 16:00:00,29.47,29.73,28.43,29.4,1650032
CF,NYSE,2020/06/15 16:00:00,28.34,29.71,28.05,29.43,1625714
CF,NYSE,2020/06/16 16:00:00,31.1,31.1,29.81,30.81,2284273
CF,NYSE,2020/06/17 16:00:00,31.07,31.07,30.03,30.23,1527270
CF,NYSE,2020/06/18 16:00:00,29.87,30.52,29.63,29.99,1827910
CF,NYSE,2020/06/19 16:00:00,30.73,30.73,29.63,29.89,2899226
CF,NYSE,2020/06/22 16:00:00,29.61,30.29,29.15,30.15,1782677
CF,NYSE,2020/06/23 16:00:00,30.55,30.6,29.51,29.8,2538687
CF,NYSE,2020/06/24 16:00:00,29.19,29.3,27.79,27.84,2011501
CF,NYSE,2020/06/25 16:00:00,27.58,27.91,26.97,27.54,3506668
CF,NYSE,2020/06/26 16:00:00,27.3,27.79,27.19,27.45,3512753
CF,NYSE,2020/06/29 16:00:00,27.73,27.95,27.33,27.55,2023476
CF,NYSE,2020/06/30 16:00:00,27.29,28.33,26.96,28.14,2901917
CF,NYSE,2020/07/01 16:00:00,28.23,29.21,28.17,28.54,2581976
CF,NYSE,2020/07/02 16:00:00,29.22,29.89,29.02,29.38,1956790
CF,NYSE,2020/07/06 16:00:00,30.07,30.35,29.29,29.76,2036990
CF,NYSE,2020/07/07 16:00:00,29.34,29.8,28.98,29.22,1758066
CF,NYSE,2020/07/08 16:00:00,29.18,29.35,27.65,27.74,2460110
CF,NYSE,2020/07/09 16:00:00,27.93,27.97,26.59,26.9,2232946
CF,NYSE,2020/07/10 16:00:00,26.68,28.16,26.68,28.12,1781932
CF,NYSE,2020/07/13 16:00:00,29.42,30.21,29.25,29.75,2843652
CF,NYSE,2020/07/14 16:00:00,29.58,30.07,29.07,29.64,2529888
CF,NYSE,2020/07/15 16:00:00,30.39,31.19,30.27,30.64,2135457
CF,NYSE,2020/07/16 16:00:00,30.47,30.63,29.82,29.96,2439084
CF,NYSE,2020/07/17 16:00:00,30.08,30.87,30.07,30.36,1888497
CF,NYSE,2020/07/20 16:00:00,30.2,30.35,29.08,29.16,1619190
CF,NYSE,2020/07/21 16:00:00,29.34,30.12,29.34,29.8,2018350
CF,NYSE,2020/07/22 16:00:00,29.56,30.3,29.39,30.23,1583815
CF,NYSE,2020/07/23 16:00:00,30.16,30.97,29.67,30.38,1921714
CF,NYSE,2020/07/24 16:00:00,30.49,30.98,30.17,30.58,1553258
CF,NYSE,2020/07/27 16:00:00,30.54,31.75,30.51,31.36,2389598
CF,NYSE,2020/07/28 16:00:00,31.03,31.12,30.03,30.22,2715464
CF,NYSE,2020/07/29 16:00:00,30.48,31.48,30.36,31.36,2463688
CF,NYSE,2020/07/30 16:00:00,30.78,31.13,30.1,30.81,2369311
CF,NYSE,2020/07/31 16:00:00,30.74,31.58,30.56,31.33,8099880
CF,NYSE,2020/08/03 16:00:00,31.43,31.94,31.38,31.45,3977384
CF,NYSE,2020/08/04 16:00:00,31.94,32.84,31.76,32.38,3885761
CF,NYSE,2020/08/05 16:00:00,32.86,33.2,32.63,32.92,3940254
CF,NYSE,2020/08/06 16:00:00,33.81,34.48,33.34,33.39,3692193
CF,NYSE,2020/08/07 16:00:00,34.25,34.25,32.68,33.13,4069108
CF,NYSE,2020/08/10 16:00:00,33.6,35.14,33.45,34.88,4003086
CF,NYSE,2020/08/11 16:00:00,35.67,36.12,35.12,35.49,3023533
CF,NYSE,2020/08/12 16:00:00,35.91,36.11,34.59,34.88,2317560
CF,NYSE,2020/08/13 16:00:00,34.59,35.17,34.43,34.96,1818836
CF,NYSE,2020/08/14 16:00:00,34.64,35.12,34.48,35.1,2245104
CF,NYSE,2020/08/17 16:00:00,35.18,35.48,34.3,34.38,1969267
CF,NYSE,2020/08/18 16:00:00,34.33,34.88,33.94,34.49,2002217
CF,NYSE,2020/08/19 16:00:00,34.35,34.62,33.4,33.58,1955942
CF,NYSE,2020/08/20 16:00:00,33.13,33.35,32.79,33.1,1982970
CF,NYSE,2020/08/21 16:00:00,32.83,32.93,32.21,32.37,1895892
CF,NYSE,2020/08/24 16:00:00,32.69,33.75,32.62,33.57,1793860
CF,NYSE,2020/08/25 16:00:00,33.83,34.16,33.23,33.43,1632689
CF,NYSE,2020/08/26 16:00:00,33.42,33.56,32.72,33.49,2238561
CF,NYSE,2020/08/27 16:00:00,33.52,33.56,32.91,33.24,2331047
CF,NYSE,2020/08/28 16:00:00,33.42,33.47,32.66,33.21,1489062
CF,NYSE,2020/08/31 16:00:00,33.27,33.32,32.62,32.63,1592126
CF,NYSE,2020/09/01 16:00:00,32.38,33.41,32.13,33.41,1670650
CF,NYSE,2020/09/02 16:00:00,33.52,33.98,33.08,33.97,2100481
CF,NYSE,2020/09/03 16:00:00,34.03,34.17,32.71,33.21,2109526
CF,NYSE,2020/09/04 16:00:00,33.54,33.76,32.79,33.18,2047405
CF,NYSE,2020/09/08 16:00:00,32.57,32.74,31.53,32.02,2436089
CF,NYSE,2020/09/09 16:00:00,32.23,32.41,31.82,32.33,1368584
CF,NYSE,2020/09/10 16:00:00,32.52,32.74,32.12,32.25,1791675
CF,NYSE,2020/09/11 16:00:00,32.46,33.52,32.39,33.37,2115742
CF,NYSE,2020/09/14 16:00:00,33.5,33.8,33.07,33.69,1554044
CF,NYSE,2020/09/15 16:00:00,33.69,33.74,32.97,32.97,1647860
CF,NYSE,2020/09/16 16:00:00,33.08,33.68,32.65,33.35,1928638
CF,NYSE,2020/09/17 16:00:00,32.36,34.73,32.2,34.64,3444678
CF,NYSE,2020/09/18 16:00:00,34.97,35.63,33.68,34.01,6327192
CF,NYSE,2020/09/21 16:00:00,33.2,33.24,31.09,31.61,2825091
CF,NYSE,2020/09/22 16:00:00,31.47,31.72,31.14,31.25,2094420
CF,NYSE,2020/09/23 16:00:00,31.15,31.94,30.9,30.92,2006387
CF,NYSE,2020/09/24 16:00:00,30.75,31.09,30.12,30.69,1910102
CF,NYSE,2020/09/25 16:00:00,30.4,30.58,29.97,30.42,2000325
CF,NYSE,2020/09/28 16:00:00,31.15,31.5,30.89,30.95,1434298
CF,NYSE,2020/09/29 16:00:00,30.9,30.9,29.77,29.86,1600460
CF,NYSE,2020/09/30 16:00:00,30.04,31.08,29.99,30.71,2333832
CF,NYSE,2020/10/01 16:00:00,30.62,30.89,29.77,29.88,1981115
CF,NYSE,2020/10/02 16:00:00,29.49,30.85,29.3,30.57,1552796
CF,NYSE,2020/10/05 16:00:00,30.75,31.77,30.72,31.53,1586339
CF,NYSE,2020/10/06 16:00:00,31.92,32.62,31.25,31.29,1561108
CF,NYSE,2020/10/07 16:00:00,31.64,31.87,30.93,30.95,2115076
CF,NYSE,2020/10/08 16:00:00,31.34,31.86,31.11,31.86,1239153
CF,NYSE,2020/10/09 16:00:00,31.96,32.28,30.97,31.33,1865094
CF,NYSE,2020/10/12 16:00:00,31.12,31.17,29.39,29.52,3649466
CF,NYSE,2020/10/13 16:00:00,29.37,29.96,29.18,29.45,2173081
CF,NYSE,2020/10/14 16:00:00,29.3,30.49,29.06,29.81,2132601
CF,NYSE,2020/10/15 16:00:00,29.38,29.85,29.17,29.66,1166542
CF,NYSE,2020/10/16 16:00:00,29.78,29.88,29.15,29.28,1736454
CF,NYSE,2020/10/19 16:00:00,29.28,29.5,28.82,28.88,1515781
CF,NYSE,2020/10/20 16:00:00,29.16,29.25,28.04,28.06,2007444
CF,NYSE,2020/10/21 16:00:00,27.86,27.99,26.88,27.25,3455197
CF,NYSE,2020/10/22 16:00:00,27.36,28.01,27.31,27.92,2552230
CF,NYSE,2020/10/23 16:00:00,28.1,28.44,27.53,27.58,1629286
CF,NYSE,2020/10/26 16:00:00,27.25,27.25,26.44,26.83,1987853
CF,NYSE,2020/10/27 16:00:00,26.7,26.96,26.1,26.16,3015189
CF,NYSE,2020/10/28 16:00:00,25.48,26.22,25.3,25.71,2833944
CF,NYSE,2020/10/29 16:00:00,25.5,26.9,25.49,26.78,2491069
CF,NYSE,2020/10/30 16:00:00,26.68,27.63,26.42,27.61,3016836
CF,NYSE,2020/11/02 16:00:00,28.01,28.29,27.65,28.07,2695532
CF,NYSE,2020/11/03 16:00:00,27.97,28.03,26.68,27.02,3184352
CF,NYSE,2020/11/04 16:00:00,27.18,27.24,26.05,26.66,1953147
CF,NYSE,2020/11/05 16:00:00,25.96,28.02,25.96,27.34,3778334
CF,NYSE,2020/11/06 16:00:00,27.36,28.29,27.06,27.33,2970994
CF,NYSE,2020/11/09 16:00:00,29.12,30.51,28.37,28.96,3954345
CF,NYSE,2020/11/10 16:00:00,29.33,30.36,28.88,30.11,3732562
CF,NYSE,2020/11/11 16:00:00,30.4,31.5,30.36,30.55,3968691
CF,NYSE,2020/11/12 16:00:00,30.17,30.49,29.73,30.14,2638714
CF,NYSE,2020/11/13 16:00:00,30.21,30.95,30.21,30.89,2731953
CF,NYSE,2020/11/16 16:00:00,31.8,32.54,31.15,32.4,4326993
CF,NYSE,2020/11/17 16:00:00,32.11,32.59,31.72,32.22,3007916
CF,NYSE,2020/11/18 16:00:00,32.5,33.28,32.28,32.45,3256720
CF,NYSE,2020/11/19 16:00:00,32.5,32.7,31.89,32.15,2743854
CF,NYSE,2020/11/20 16:00:00,32.32,33.67,32.22,33.5,2933410
CF,NYSE,2020/11/23 16:00:00,34.03,36.09,34.03,35.82,4581338
CF,NYSE,2020/11/24 16:00:00,36.23,38.77,36.23,38.65,6318814
CF,NYSE,2020/11/25 16:00:00,38.24,38.71,37.32,38.17,3442505
CF,NYSE,2020/11/27 13:00:00,38.56,39.41,38.28,38.77,2427034
CF,NYSE,2020/11/30 16:00:00,38.39,38.44,37.08,37.3,3320325
CF,NYSE,2020/12/01 16:00:00,37.9,38.15,37.39,37.5,2424358
CF,NYSE,2020/12/02 16:00:00,37.33,38.25,37.25,37.85,2798832
CF,NYSE,2020/12/03 16:00:00,38.08,38.66,37.82,38.13,2267335
CF,NYSE,2020/12/04 16:00:00,38.39,39.9,38.2,39.57,2861617
CF,NYSE,2020/12/07 16:00:00,39.26,39.37,38,38.27,1981148
CF,NYSE,2020/12/08 16:00:00,37.95,38.71,37.9,38.52,1624467
CF,NYSE,2020/12/09 16:00:00,38.91,39.42,38.55,39.06,1778657
CF,NYSE,2020/12/10 16:00:00,38.59,39.34,38.55,39.11,1793838
CF,NYSE,2020/12/11 16:00:00,38.66,39.46,38.62,39.37,1696742
CF,NYSE,2020/12/14 16:00:00,39.66,40.06,38.78,38.82,2478015
CF,NYSE,2020/12/15 16:00:00,39.4,39.41,38.02,38.35,2553922
CF,NYSE,2020/12/16 16:00:00,38.55,38.55,37.07,37.78,2179427
CF,NYSE,2020/12/17 16:00:00,38.12,38.16,37.45,37.54,1855685
CF,NYSE,2020/12/18 16:00:00,37.49,37.72,36.97,37.64,4424640
CF,NYSE,2020/12/21 16:00:00,36.89,37.65,36.66,37.54,1692328
CF,NYSE,2020/12/22 16:00:00,37.61,37.61,36.21,36.22,1724063
CF,NYSE,2020/12/23 16:00:00,36.51,37.09,36.3,36.77,1263779
CF,NYSE,2020/12/24 13:00:00,36.71,36.89,36.39,36.81,255840
CF,NYSE,2020/12/28 16:00:00,37.01,38.57,37.01,37.2,1606307
CF,NYSE,2020/12/29 16:00:00,37.32,37.77,36.64,36.95,1073118
CF,NYSE,2020/12/30 16:00:00,36.85,38.26,36.85,37.97,1388181
CF,NYSE,2020/12/31 16:00:00,37.93,39.2,37.58,38.71,1556406
CF,NYSE,2021/01/04 16:00:00,39,39.6,38.06,38.53,2668051
CF,NYSE,2021/01/05 16:00:00,38.7,40.49,38.7,40.07,2632176
CF,NYSE,2021/01/06 16:00:00,40.88,43.3,40.34,42.7,4689000
CF,NYSE,2021/01/07 16:00:00,43.5,43.98,42.58,42.77,3248217
CF,NYSE,2021/01/08 16:00:00,43.05,43.26,42.14,43.16,3449307
CF,NYSE,2021/01/11 16:00:00,42.16,43.46,41.9,43.11,2159527
CF,NYSE,2021/01/12 16:00:00,43.52,45.96,42.95,45.74,3698642
CF,NYSE,2021/01/13 16:00:00,46.2,47,44.97,45.29,2976889
CF,NYSE,2021/01/14 16:00:00,45.37,45.95,45.29,45.3,2216242
CF,NYSE,2021/01/15 16:00:00,45.17,45.67,44.33,45.56,2531641
CF,NYSE,2021/01/19 16:00:00,45.98,46.19,44.5,44.99,2465292
CF,NYSE,2021/01/20 16:00:00,45.23,45.36,43.74,44.13,1766192
CF,NYSE,2021/01/21 16:00:00,44.32,44.56,43.22,43.46,1742762
CF,NYSE,2021/01/22 16:00:00,42.79,43.73,42.55,43.4,1457285
CF,NYSE,2021/01/25 16:00:00,43.03,43.66,42.15,43.47,2102595
CF,NYSE,2021/01/26 16:00:00,43.95,44.24,41.89,41.98,2150434
CF,NYSE,2021/01/27 16:00:00,41.1,41.74,39.87,40.88,3581249
CF,NYSE,2021/01/28 16:00:00,41.5,42.4,41.18,42.2,3499035
CF,NYSE,2021/01/29 16:00:00,42.04,42.97,41,41.38,4684940
CF,NYSE,2021/02/01 16:00:00,41.89,43.32,41.88,42.97,2131944
CF,NYSE,2021/02/02 16:00:00,43.65,43.84,42.66,43.4,1786477
CF,NYSE,2021/02/03 16:00:00,43.57,44.22,42.68,42.8,1992708
CF,NYSE,2021/02/04 16:00:00,42.72,43.68,42.31,43.17,1774705
CF,NYSE,2021/02/05 16:00:00,43.69,44.7,42.75,43.14,1217066
CF,NYSE,2021/02/08 16:00:00,43.68,44.42,43.33,43.97,1443962
CF,NYSE,2021/02/09 16:00:00,44.04,44.23,43.4,43.99,1431964
CF,NYSE,2021/02/10 16:00:00,44.42,44.42,42.15,43.24,1940144
CF,NYSE,2021/02/11 16:00:00,43.48,43.5,42.43,43.16,1444393
CF,NYSE,2021/02/12 16:00:00,42.58,44.4,42.51,44.36,1494440
CF,NYSE,2021/02/16 16:00:00,44.6,45.56,43.88,45.24,2338615
CF,NYSE,2021/02/17 16:00:00,44.89,45.45,44.09,45.06,1812020
CF,NYSE,2021/02/18 16:00:00,45.35,46.74,42.85,43.87,3421549
CF,NYSE,2021/02/19 16:00:00,44.49,45.85,44.07,45.76,2241741
CF,NYSE,2021/02/22 16:00:00,45.88,47.45,45.32,46.87,2543050
CF,NYSE,2021/02/23 16:00:00,46.86,47,44.71,46.75,1566991
CF,NYSE,2021/02/24 16:00:00,46.66,48.88,46.66,48.61,2143317
CF,NYSE,2021/02/25 16:00:00,48.58,48.6,46.27,46.66,1496791
CF,NYSE,2021/02/26 16:00:00,46.54,46.54,44.41,45.28,2101143
CF,NYSE,2021/03/01 16:00:00,46.09,46.96,45.65,45.9,1645733
CF,NYSE,2021/03/02 16:00:00,45.92,46.33,45.37,46.01,1868220
CF,NYSE,2021/03/03 16:00:00,46.17,47.81,46.17,46.92,2470855
CF,NYSE,2021/03/04 16:00:00,46.83,47.34,44.49,45.53,2910218
CF,NYSE,2021/03/05 16:00:00,46.16,47.21,43.94,47.12,2987788
CF,NYSE,2021/03/08 16:00:00,47.59,50.7,47.5,49.58,7132898
CF,NYSE,2021/03/09 16:00:00,49.47,49.81,48.11,48.13,2763275
CF,NYSE,2021/03/10 16:00:00,48.3,49.49,47.56,49.33,2093203
CF,NYSE,2021/03/11 16:00:00,50.42,51.03,49.75,50.54,2637368
CF,NYSE,2021/03/12 16:00:00,50.63,51.24,48.91,49.26,1698204
CF,NYSE,2021/03/15 16:00:00,49.56,50.94,49.16,50.88,1926923
CF,NYSE,2021/03/16 16:00:00,50.9,51,48.37,48.91,2225493
CF,NYSE,2021/03/17 16:00:00,48.45,50.1,48.4,50.08,1840396
CF,NYSE,2021/03/18 16:00:00,50,50.67,48.15,48.35,1915291
CF,NYSE,2021/03/19 16:00:00,48.14,48.83,46.5,48.17,4339584
CF,NYSE,2021/03/22 16:00:00,48.29,48.45,46.51,46.87,1747443
CF,NYSE,2021/03/23 16:00:00,46,46.4,44.39,44.79,2988927
CF,NYSE,2021/03/24 16:00:00,45.41,45.83,44.7,44.75,1634110
CF,NYSE,2021/03/25 16:00:00,44.27,45.49,43.37,45.19,1623618
CF,NYSE,2021/03/26 16:00:00,46,46.43,45.18,46.2,1446518
CF,NYSE,2021/03/29 16:00:00,46,47.46,45.92,45.97,1875156
CF,NYSE,2021/03/30 16:00:00,45.75,46.24,45.04,45.43,1579638
CF,NYSE,2021/03/31 16:00:00,45.3,46.03,43.92,45.38,3187693
CF,NYSE,2021/04/01 16:00:00,45.73,46.48,45.02,45.91,1854144
CF,NYSE,2021/04/05 16:00:00,46.7,46.82,44.99,45.42,1560990
CF,NYSE,2021/04/06 16:00:00,45.23,45.8,44.96,45.61,1650006
CF,NYSE,2021/04/07 16:00:00,45.88,46.23,45.25,46.08,1211189
CF,NYSE,2021/04/08 16:00:00,45.87,46.19,44.69,45.52,1925673
CF,NYSE,2021/04/09 16:00:00,45.52,46.22,45.5,46.01,1286430
NCLH,NYSE,2019/04/01 16:00:00,55.47,56.24,55.42,56.11,1708296
NCLH,NYSE,2019/04/02 16:00:00,56.03,56.56,55.65,56.5,1320972
NCLH,NYSE,2019/04/03 16:00:00,56.81,57,56.58,56.76,1016938
NCLH,NYSE,2019/04/04 16:00:00,56.84,57.09,56.67,56.73,1175262
NCLH,NYSE,2019/04/05 16:00:00,56.89,57.42,56.82,57.13,1469942
NCLH,NYSE,2019/04/08 16:00:00,57.1,57.31,56.52,57.29,2000891
NCLH,NYSE,2019/04/09 16:00:00,56.99,57,55.66,55.88,1569073
NCLH,NYSE,2019/04/10 16:00:00,55.96,56.69,55.7,56.5,1292949
NCLH,NYSE,2019/04/11 16:00:00,56.77,57.68,56.71,57.48,1906620
NCLH,NYSE,2019/04/12 16:00:00,57.96,58.81,57.93,58.6,2154227
NCLH,NYSE,2019/04/15 16:00:00,58.69,58.9,58.14,58.67,2460503
NCLH,NYSE,2019/04/16 16:00:00,58.92,59.64,58.9,59.56,1559094
NCLH,NYSE,2019/04/17 16:00:00,59.49,59.71,57.63,57.84,2661842
NCLH,NYSE,2019/04/18 16:00:00,57.76,57.94,56.6,56.92,2784603
NCLH,NYSE,2019/04/22 16:00:00,56.57,56.78,56.22,56.6,988502
NCLH,NYSE,2019/04/23 16:00:00,56.74,57.43,56.44,57.3,1569553
NCLH,NYSE,2019/04/24 16:00:00,57.22,57.51,56.79,56.98,1627521
NCLH,NYSE,2019/04/25 16:00:00,57,57.15,56.36,56.8,1518392
NCLH,NYSE,2019/04/26 16:00:00,56.97,57.47,56.74,57.27,1469580
NCLH,NYSE,2019/04/29 16:00:00,57.3,57.61,57.06,57.08,1389685
NCLH,NYSE,2019/04/30 16:00:00,57.14,57.14,56.11,56.39,2274484
NCLH,NYSE,2019/05/01 16:00:00,58.71,59.6,57.92,58,3898718
NCLH,NYSE,2019/05/02 16:00:00,57.67,57.8,56.58,56.9,2163563
NCLH,NYSE,2019/05/03 16:00:00,57.11,58.43,57.02,58.25,2403077
NCLH,NYSE,2019/05/06 16:00:00,57.04,58.57,56.96,58.29,1942346
NCLH,NYSE,2019/05/07 16:00:00,57.69,58.01,56.69,57.19,1733290
NCLH,NYSE,2019/05/08 16:00:00,57.04,57.61,56.79,57.34,2909089
NCLH,NYSE,2019/05/09 16:00:00,58,58.26,55.77,57.59,3546821
NCLH,NYSE,2019/05/10 16:00:00,57.63,58.4,55.92,57.9,2560050
NCLH,NYSE,2019/05/13 16:00:00,57.02,57.02,55.09,55.29,3309346
NCLH,NYSE,2019/05/14 16:00:00,55.5,56.9,55.42,56.3,2938552
NCLH,NYSE,2019/05/15 16:00:00,55.77,56.95,55.39,56.73,1511040
NCLH,NYSE,2019/05/16 16:00:00,57,57.87,56.76,57.55,1262165
NCLH,NYSE,2019/05/17 16:00:00,56.79,57.77,56.75,56.92,1255442
NCLH,NYSE,2019/05/20 16:00:00,56,56.1,55.63,55.89,1492221
NCLH,NYSE,2019/05/21 16:00:00,56.38,56.97,56.3,56.77,2098229
NCLH,NYSE,2019/05/22 16:00:00,56.41,56.99,56.3,56.81,1133613
NCLH,NYSE,2019/05/23 16:00:00,56.06,56.43,55.19,55.55,1444391
NCLH,NYSE,2019/05/24 16:00:00,56,56.19,55.32,55.38,1175756
NCLH,NYSE,2019/05/28 16:00:00,55.48,55.83,55.02,55.22,1258764
NCLH,NYSE,2019/05/29 16:00:00,55,55.36,54.38,54.66,1888401
NCLH,NYSE,2019/05/30 16:00:00,54.88,55.34,54.78,55.16,711622
NCLH,NYSE,2019/05/31 16:00:00,54.5,54.93,54.27,54.71,1002136
NCLH,NYSE,2019/06/03 16:00:00,54.64,54.87,53.98,54.3,1790723
NCLH,NYSE,2019/06/04 16:00:00,53.96,54.41,51.56,54.26,5897037
NCLH,NYSE,2019/06/05 16:00:00,53.36,53.83,51.25,52.38,6167190
NCLH,NYSE,2019/06/06 16:00:00,52.05,52.28,51.03,51.94,3791334
NCLH,NYSE,2019/06/07 16:00:00,51.7,53.67,51.01,52.59,2569950
NCLH,NYSE,2019/06/10 16:00:00,52.59,54.02,52.53,53.83,2294692
NCLH,NYSE,2019/06/11 16:00:00,54.13,54.38,53.54,53.59,1775643
NCLH,NYSE,2019/06/12 16:00:00,53.43,53.95,53.11,53.84,1270675
NCLH,NYSE,2019/06/13 16:00:00,53.82,53.91,53.2,53.72,1288193
NCLH,NYSE,2019/06/14 16:00:00,53.78,54.54,53.59,54.28,1634445
NCLH,NYSE,2019/06/17 16:00:00,54.23,54.41,53.01,53.04,1790220
NCLH,NYSE,2019/06/18 16:00:00,53.46,54.24,53.22,53.75,2019666
NCLH,NYSE,2019/06/19 16:00:00,54,54.01,53.47,53.91,1022137
NCLH,NYSE,2019/06/20 16:00:00,52,53.19,51.63,52.56,3373470
NCLH,NYSE,2019/06/21 16:00:00,52.04,52.04,51.09,51.11,3530085
NCLH,NYSE,2019/06/24 16:00:00,50.91,51.17,49.88,50.83,3243317
NCLH,NYSE,2019/06/25 16:00:00,50.7,51.19,50.37,50.86,2241056
NCLH,NYSE,2019/06/26 16:00:00,51.17,51.33,50.33,50.41,1624229
NCLH,NYSE,2019/06/27 16:00:00,50.49,51.87,50.28,51.84,1531539
NCLH,NYSE,2019/06/28 16:00:00,51.9,53.63,51.85,53.63,3881138
NCLH,NYSE,2019/07/01 16:00:00,54.3,54.3,52.66,52.82,2565794
NCLH,NYSE,2019/07/02 16:00:00,52.97,53.73,52.62,53.73,1841160
NCLH,NYSE,2019/07/03 13:00:00,53.56,53.87,52.35,52.76,1739384
NCLH,NYSE,2019/07/05 16:00:00,52.73,52.79,51.84,51.95,1347153
NCLH,NYSE,2019/07/08 16:00:00,51.65,51.74,50.05,50.25,2458113
NCLH,NYSE,2019/07/09 16:00:00,50.01,50.78,49.55,50.76,2464502
NCLH,NYSE,2019/07/10 16:00:00,50.97,51.05,49.55,49.65,3089152
NCLH,NYSE,2019/07/11 16:00:00,49.65,49.79,48.9,49.62,2445996
NCLH,NYSE,2019/07/12 16:00:00,49.64,49.92,49.37,49.79,1249594
NCLH,NYSE,2019/07/15 16:00:00,49.9,50.73,49.9,50.36,1393120
NCLH,NYSE,2019/07/16 16:00:00,50.27,51.13,50.03,50.82,2962273
NCLH,NYSE,2019/07/17 16:00:00,50.87,50.87,49.29,49.4,1861798
NCLH,NYSE,2019/07/18 16:00:00,49.15,49.67,48.95,49.28,1097618
NCLH,NYSE,2019/07/19 16:00:00,49.54,49.82,48.54,48.6,1509128
NCLH,NYSE,2019/07/22 16:00:00,48.51,48.88,47.85,47.92,3108351
NCLH,NYSE,2019/07/23 16:00:00,48.14,48.56,47.74,48.45,3248491
NCLH,NYSE,2019/07/24 16:00:00,48.41,49.62,48.18,49.46,3016815
NCLH,NYSE,2019/07/25 16:00:00,48.68,49.67,48.47,48.76,2010385
NCLH,NYSE,2019/07/26 16:00:00,49.2,49.56,48.93,49.04,1191829
NCLH,NYSE,2019/07/29 16:00:00,48.99,49.33,48.89,49.1,949812
NCLH,NYSE,2019/07/30 16:00:00,48.64,48.95,48.45,48.5,1604498
NCLH,NYSE,2019/07/31 16:00:00,48.54,49.7,48.39,49.44,3470715
NCLH,NYSE,2019/08/01 16:00:00,49.48,49.91,48.41,48.57,3272258
NCLH,NYSE,2019/08/02 16:00:00,48.3,48.33,47,47.45,2341175
NCLH,NYSE,2019/08/05 16:00:00,46.4,46.56,45.64,46.05,2309137
NCLH,NYSE,2019/08/06 16:00:00,46.35,46.94,45.93,46.92,2884567
NCLH,NYSE,2019/08/07 16:00:00,46.45,47.88,46.15,47.64,4154661
NCLH,NYSE,2019/08/08 16:00:00,47.35,49.36,46.81,48.6,4443775
NCLH,NYSE,2019/08/09 16:00:00,49.38,50.14,49,49.66,3798671
NCLH,NYSE,2019/08/12 16:00:00,49.31,49.83,48.87,49.36,2821992
NCLH,NYSE,2019/08/13 16:00:00,48.68,50.72,48.42,50.44,3279326
NCLH,NYSE,2019/08/14 16:00:00,49.72,50.1,48.78,48.91,3365580
NCLH,NYSE,2019/08/15 16:00:00,49.06,49.55,48.84,49.11,2027318
NCLH,NYSE,2019/08/16 16:00:00,49.61,50.64,49.47,50.48,1958869
NCLH,NYSE,2019/08/19 16:00:00,51.32,51.65,51.02,51.35,2112962
NCLH,NYSE,2019/08/20 16:00:00,51.21,51.4,50.8,50.98,1537332
NCLH,NYSE,2019/08/21 16:00:00,51.47,51.47,50.71,50.9,1241296
NCLH,NYSE,2019/08/22 16:00:00,50.8,50.99,50.16,50.5,1687555
NCLH,NYSE,2019/08/23 16:00:00,50.36,50.88,49.57,49.72,2825711
NCLH,NYSE,2019/08/26 16:00:00,50.15,50.34,49.31,49.48,1495097
NCLH,NYSE,2019/08/27 16:00:00,49.86,49.96,49,49.09,2507961
NCLH,NYSE,2019/08/28 16:00:00,48.93,49.93,48.54,49.57,1290119
NCLH,NYSE,2019/08/29 16:00:00,50,50.46,49.92,50.23,1088179
NCLH,NYSE,2019/08/30 16:00:00,50.52,50.88,50.39,50.75,2611633
NCLH,NYSE,2019/09/03 16:00:00,50.27,50.59,49.44,50.58,1904909
NCLH,NYSE,2019/09/04 16:00:00,51,51.62,50.76,51.04,1203962
NCLH,NYSE,2019/09/05 16:00:00,51.53,52.36,51.49,52.31,1981552
NCLH,NYSE,2019/09/06 16:00:00,52.39,52.47,51.8,52.12,1558415
NCLH,NYSE,2019/09/09 16:00:00,52.44,52.96,52.44,52.94,2028565
NCLH,NYSE,2019/09/10 16:00:00,53.02,54.69,52.85,54.67,3031158
NCLH,NYSE,2019/09/11 16:00:00,54.61,55.18,53.97,54.6,1476273
NCLH,NYSE,2019/09/12 16:00:00,54.87,55.03,53.6,54.42,1577001
NCLH,NYSE,2019/09/13 16:00:00,54.83,55.75,54.54,54.68,1547397
NCLH,NYSE,2019/09/16 16:00:00,53.62,54.53,53.12,53.34,2268056
NCLH,NYSE,2019/09/17 16:00:00,53,54.34,52.72,53.96,1688714
NCLH,NYSE,2019/09/18 16:00:00,53.82,54.14,53.33,53.88,1747742
NCLH,NYSE,2019/09/19 16:00:00,54.21,54.41,53.77,53.77,1408180
NCLH,NYSE,2019/09/20 16:00:00,54.06,54.33,53.24,53.67,1728785
NCLH,NYSE,2019/09/23 16:00:00,53.36,53.72,52.8,53.51,1460680
NCLH,NYSE,2019/09/24 16:00:00,53.73,54.41,52.95,53.11,1634253
NCLH,NYSE,2019/09/25 16:00:00,52.84,53.37,52.13,53.3,1297410
NCLH,NYSE,2019/09/26 16:00:00,51.87,52.01,50.65,51.26,1664303
NCLH,NYSE,2019/09/27 16:00:00,51.48,52.08,50.5,51.02,1296983
NCLH,NYSE,2019/09/30 16:00:00,51.34,52.07,51.22,51.77,1143608
NCLH,NYSE,2019/10/01 16:00:00,52,52.53,50.42,50.76,1249013
NCLH,NYSE,2019/10/02 16:00:00,50.47,50.93,49.13,49.14,2132081
NCLH,NYSE,2019/10/03 16:00:00,48.84,49.2,47.83,48.14,3430376
NCLH,NYSE,2019/10/04 16:00:00,48.12,48.67,47.74,48.44,2519749
NCLH,NYSE,2019/10/07 16:00:00,48.44,49.19,48.06,48.56,1185917
NCLH,NYSE,2019/10/08 16:00:00,48.13,48.22,47.1,47.17,1411575
NCLH,NYSE,2019/10/09 16:00:00,47.5,47.62,46.96,47.21,1308706
NCLH,NYSE,2019/10/10 16:00:00,47.35,48.32,47.3,48.09,1160072
NCLH,NYSE,2019/10/11 16:00:00,48.9,49.86,48.78,49.16,1052871
NCLH,NYSE,2019/10/14 16:00:00,48.89,49.54,48.8,49.33,739115
NCLH,NYSE,2019/10/15 16:00:00,49.5,50.22,49.42,49.61,1250870
NCLH,NYSE,2019/10/16 16:00:00,49.68,49.85,49.13,49.33,896133
NCLH,NYSE,2019/10/17 16:00:00,49.43,50.5,49.23,49.78,1363453
NCLH,NYSE,2019/10/18 16:00:00,49.57,50.39,49.57,50.21,1498530
NCLH,NYSE,2019/10/21 16:00:00,50.98,51.48,50.66,50.95,2047871
NCLH,NYSE,2019/10/22 16:00:00,51.07,51.07,49.95,49.97,912218
NCLH,NYSE,2019/10/23 16:00:00,49.98,50.7,49.76,50.69,878083
NCLH,NYSE,2019/10/24 16:00:00,50.79,51.32,50.67,50.97,1367391
NCLH,NYSE,2019/10/25 16:00:00,50.74,51.66,50.74,51.47,928459
NCLH,NYSE,2019/10/28 16:00:00,51.53,52.33,51.53,51.89,1084165
NCLH,NYSE,2019/10/29 16:00:00,52.05,52.64,51.73,52.62,1825267
NCLH,NYSE,2019/10/30 16:00:00,53.06,53.15,50.75,51.19,3024585
NCLH,NYSE,2019/10/31 16:00:00,50.96,50.97,49.97,50.76,1747047
NCLH,NYSE,2019/11/01 16:00:00,51.12,51.48,50.69,51.33,1394874
NCLH,NYSE,2019/11/04 16:00:00,51.71,52.3,51.33,52.29,1231111
NCLH,NYSE,2019/11/05 16:00:00,52.36,52.74,51.95,52.49,2521617
NCLH,NYSE,2019/11/06 16:00:00,52.75,52.77,51.52,52.06,2765037
NCLH,NYSE,2019/11/07 16:00:00,53.21,54,50.05,52.22,3222045
NCLH,NYSE,2019/11/08 16:00:00,51.96,52.28,51.18,51.82,1944996
NCLH,NYSE,2019/11/11 16:00:00,51.56,52.15,51.46,51.92,1097055
NCLH,NYSE,2019/11/12 16:00:00,52,52.17,51.12,51.26,1694740
NCLH,NYSE,2019/11/13 16:00:00,50.99,52.21,50.83,52.12,1494231
NCLH,NYSE,2019/11/14 16:00:00,52.06,52.67,51.59,52.41,1291055
NCLH,NYSE,2019/11/15 16:00:00,52.61,53.24,52.48,53.06,1558074
NCLH,NYSE,2019/11/18 16:00:00,53.1,53.55,52.56,53.49,1242669
NCLH,NYSE,2019/11/19 16:00:00,53.7,54.27,53.51,53.66,1912905
NCLH,NYSE,2019/11/20 16:00:00,53.29,53.61,52.53,52.78,2196521
NCLH,NYSE,2019/11/21 16:00:00,52.48,53.5,52.26,53.42,3274037
NCLH,NYSE,2019/11/22 16:00:00,53.75,54.32,53.6,54.01,1673968
NCLH,NYSE,2019/11/25 16:00:00,54.36,54.52,53.92,53.97,1149116
NCLH,NYSE,2019/11/26 16:00:00,53.9,54.44,53.78,53.93,2092896
NCLH,NYSE,2019/11/27 16:00:00,54.3,54.71,53.94,54.64,1075456
NCLH,NYSE,2019/11/29 13:00:00,54.43,54.67,53.58,53.64,606645
NCLH,NYSE,2019/12/02 16:00:00,53.7,53.97,52.98,53.15,1197152
NCLH,NYSE,2019/12/03 16:00:00,52.34,52.99,52.1,52.86,1696263
NCLH,NYSE,2019/12/04 16:00:00,52.86,53.81,52.86,53.61,1256908
NCLH,NYSE,2019/12/05 16:00:00,53.97,54.39,53.88,54.25,1159504
NCLH,NYSE,2019/12/06 16:00:00,54.76,55.18,54.5,54.71,1313991
NCLH,NYSE,2019/12/09 16:00:00,54.75,54.99,54.53,54.86,820180
NCLH,NYSE,2019/12/10 16:00:00,54.79,54.86,54.35,54.78,906810
NCLH,NYSE,2019/12/11 16:00:00,55,55.67,54.9,55.41,1250240
NCLH,NYSE,2019/12/12 16:00:00,55.45,56.26,55.21,56.13,1403375
NCLH,NYSE,2019/12/13 16:00:00,56.26,56.72,55.65,55.78,1057735
NCLH,NYSE,2019/12/16 16:00:00,56.36,56.36,55.19,55.22,1468211
NCLH,NYSE,2019/12/17 16:00:00,55.24,55.48,54.8,55.27,1470300
NCLH,NYSE,2019/12/18 16:00:00,55.32,55.32,54.59,54.83,1594037
NCLH,NYSE,2019/12/19 16:00:00,54.79,55.74,54.79,55.34,2071761
NCLH,NYSE,2019/12/20 16:00:00,56.03,57.98,56,57.56,2975058
NCLH,NYSE,2019/12/23 16:00:00,57.52,58.53,57.36,58.51,1972219
NCLH,NYSE,2019/12/24 13:00:00,58.57,58.57,58.04,58.38,497076
NCLH,NYSE,2019/12/26 16:00:00,58.48,59.13,58.1,59.11,909379
NCLH,NYSE,2019/12/27 16:00:00,59.2,59.34,58.81,59.11,842563
NCLH,NYSE,2019/12/30 16:00:00,59.1,59.11,58.25,58.59,609665
NCLH,NYSE,2019/12/31 16:00:00,58.5,58.65,58.28,58.41,940589
NCLH,NYSE,2020/01/02 16:00:00,58.79,59.11,58.15,58.83,978303
NCLH,NYSE,2020/01/03 16:00:00,57.74,58.22,57.25,57.6,1611803
NCLH,NYSE,2020/01/06 16:00:00,57.08,57.27,56.52,56.8,2303448
NCLH,NYSE,2020/01/07 16:00:00,56.55,57.27,56.48,56.97,1630141
NCLH,NYSE,2020/01/08 16:00:00,57.03,57.92,56.92,57.57,1187340
NCLH,NYSE,2020/01/09 16:00:00,58.06,58.13,57.52,58.06,782886
NCLH,NYSE,2020/01/10 16:00:00,58.23,58.39,57.57,57.96,1051871
NCLH,NYSE,2020/01/13 16:00:00,57.98,58.01,57.3,57.84,1357167
NCLH,NYSE,2020/01/14 16:00:00,57.77,58.09,57.68,57.9,1147409
NCLH,NYSE,2020/01/15 16:00:00,57.87,58.25,57.15,57.54,1212363
NCLH,NYSE,2020/01/16 16:00:00,57.75,58.61,57.69,58.58,1305471
NCLH,NYSE,2020/01/17 16:00:00,58.85,59.78,58.54,59.65,1701083
NCLH,NYSE,2020/01/21 16:00:00,59,59.03,57.57,57.95,2252759
NCLH,NYSE,2020/01/22 16:00:00,58.13,58.68,57.48,57.63,3227321
NCLH,NYSE,2020/01/23 16:00:00,56.8,58.28,55.92,58.22,1323786
NCLH,NYSE,2020/01/24 16:00:00,58.12,58.12,55.23,55.84,2244658
NCLH,NYSE,2020/01/27 16:00:00,53.12,54.59,53.1,54.16,2779155
NCLH,NYSE,2020/01/28 16:00:00,54.82,55.64,54.42,55,1484689
NCLH,NYSE,2020/01/29 16:00:00,55.16,56.22,55.13,56.02,1430706
NCLH,NYSE,2020/01/30 16:00:00,53.13,55.29,52.77,54.8,3359660
NCLH,NYSE,2020/01/31 16:00:00,54.75,54.91,53.41,53.85,2146671
NCLH,NYSE,2020/02/03 16:00:00,54.19,54.67,52.75,54.19,2456112
NCLH,NYSE,2020/02/04 16:00:00,55.43,55.68,54.65,54.75,1985185
NCLH,NYSE,2020/02/05 16:00:00,55.17,55.63,54.9,55.11,2200240
NCLH,NYSE,2020/02/06 16:00:00,55.78,55.85,55.08,55.1,1596516
NCLH,NYSE,2020/02/07 16:00:00,53.49,54.04,52.31,52.81,2369945
NCLH,NYSE,2020/02/10 16:00:00,52.25,52.25,50.97,51,2534867
NCLH,NYSE,2020/02/11 16:00:00,51.6,52.91,51.31,52.49,2002840
NCLH,NYSE,2020/02/12 16:00:00,52.85,54.28,52.84,54.21,1983031
NCLH,NYSE,2020/02/13 16:00:00,53.41,53.64,52.91,53.43,2246208
NCLH,NYSE,2020/02/14 16:00:00,52.44,53,52.44,52.46,2044491
NCLH,NYSE,2020/02/18 16:00:00,52.09,52.35,51.49,51.69,2179285
NCLH,NYSE,2020/02/19 16:00:00,51.7,52.35,51.7,52.02,2285652
NCLH,NYSE,2020/02/20 16:00:00,51.49,51.58,48.37,48.51,5621362
NCLH,NYSE,2020/02/21 16:00:00,48.12,48.16,46.85,46.97,4550091
NCLH,NYSE,2020/02/24 16:00:00,44.49,44.65,42.18,42.58,6497091
NCLH,NYSE,2020/02/25 16:00:00,42.95,43.06,39.18,39.31,5898828
NCLH,NYSE,2020/02/26 16:00:00,39.56,39.57,36.16,36.21,8128396
NCLH,NYSE,2020/02/27 16:00:00,35.07,37.09,33.17,34.74,10504567
NCLH,NYSE,2020/02/28 16:00:00,33.28,37.26,33.21,37.26,9206207
NCLH,NYSE,2020/03/02 16:00:00,37.1,37.1,33.98,35.59,7318891
NCLH,NYSE,2020/03/03 16:00:00,35.39,35.9,33.08,33.62,5704622
NCLH,NYSE,2020/03/04 16:00:00,34.25,34.25,31.47,33,7154924
NCLH,NYSE,2020/03/05 16:00:00,31.31,31.38,28,28.59,8778712
NCLH,NYSE,2020/03/06 16:00:00,27.4,30.25,26.55,27.1,12408836
NCLH,NYSE,2020/03/09 16:00:00,23.93,24.09,19.71,19.81,12091769
NCLH,NYSE,2020/03/10 16:00:00,22.24,22.25,17.12,20.5,21711656
NCLH,NYSE,2020/03/11 16:00:00,19.36,19.45,14.78,15.03,21658321
NCLH,NYSE,2020/03/12 16:00:00,11.49,13.43,9.6,9.65,29444965
NCLH,NYSE,2020/03/13 16:00:00,13.33,13.6,9.87,11.1,43494133
NCLH,NYSE,2020/03/16 16:00:00,10.46,13.41,10.1,10.94,35890792
NCLH,NYSE,2020/03/17 16:00:00,11.51,11.62,9.83,10.03,25250514
NCLH,NYSE,2020/03/18 16:00:00,9.73,9.99,7.03,7.77,24363465
NCLH,NYSE,2020/03/19 16:00:00,8.03,8.85,7.25,8.23,16537283
NCLH,NYSE,2020/03/20 16:00:00,9.09,10.98,8.23,8.72,27443906
NCLH,NYSE,2020/03/23 16:00:00,8.95,10.59,8.44,9.67,27174057
NCLH,NYSE,2020/03/24 16:00:00,12,15.76,11.3,13.75,46798337
NCLH,NYSE,2020/03/25 16:00:00,17.15,18,14.33,16.96,47730676
NCLH,NYSE,2020/03/26 16:00:00,16.8,20.28,15,15.71,51251060
NCLH,NYSE,2020/03/27 16:00:00,14.31,14.31,12.01,12.02,44214058
NCLH,NYSE,2020/03/30 16:00:00,11.11,11.84,9.82,10.68,32858286
NCLH,NYSE,2020/03/31 16:00:00,10.54,12.4,10.41,10.96,35119847
NCLH,NYSE,2020/04/01 16:00:00,10.5,10.59,9.45,9.55,31934377
NCLH,NYSE,2020/04/02 16:00:00,9.16,9.9,8.08,8.4,33277216
NCLH,NYSE,2020/04/03 16:00:00,9.06,9.25,8.12,8.46,24203847
NCLH,NYSE,2020/04/06 16:00:00,9.2,10.18,8.8,10.01,40974238
NCLH,NYSE,2020/04/07 16:00:00,12.27,13,10.36,11.01,56733103
NCLH,NYSE,2020/04/08 16:00:00,11.46,11.95,10.91,11.72,28293132
NCLH,NYSE,2020/04/09 16:00:00,12.72,14.18,12.25,13.11,53319986
NCLH,NYSE,2020/04/13 16:00:00,12.05,12.05,11,11.36,34352072
NCLH,NYSE,2020/04/14 16:00:00,12.49,12.98,11.63,12.35,38677051
NCLH,NYSE,2020/04/15 16:00:00,11.6,12.25,11.39,12.08,20560304
NCLH,NYSE,2020/04/16 16:00:00,11.94,12.14,11.13,11.35,20442252
NCLH,NYSE,2020/04/17 16:00:00,12.2,12.5,11.8,12.38,25069497
NCLH,NYSE,2020/04/20 16:00:00,11.96,12.3,11.46,11.49,26653407
NCLH,NYSE,2020/04/21 16:00:00,11.1,11.57,10.81,11,22928580
NCLH,NYSE,2020/04/22 16:00:00,11.3,11.47,10.65,10.87,18083412
NCLH,NYSE,2020/04/23 16:00:00,10.95,11.69,10.92,11.47,23018733
NCLH,NYSE,2020/04/24 16:00:00,11.37,11.48,10.66,10.86,22325520
NCLH,NYSE,2020/04/27 16:00:00,11.04,11.87,10.91,11.44,28613968
NCLH,NYSE,2020/04/28 16:00:00,12.33,13.38,11.93,13.09,37342579
NCLH,NYSE,2020/04/29 16:00:00,14.44,16.46,14.08,16.41,62157743
NCLH,NYSE,2020/04/30 16:00:00,16.22,17.48,15.18,16.4,57984425
NCLH,NYSE,2020/05/01 16:00:00,15.25,15.74,13.7,13.84,43335648
NCLH,NYSE,2020/05/04 16:00:00,12.57,14.48,12.22,14.44,39664542
NCLH,NYSE,2020/05/05 16:00:00,12.75,13.22,11.03,11.18,155971764
NCLH,NYSE,2020/05/06 16:00:00,11.79,11.94,10.88,11.12,128458025
NCLH,NYSE,2020/05/07 16:00:00,11.4,12.5,11.39,12,82249027
NCLH,NYSE,2020/05/08 16:00:00,12.83,13.13,12,12.43,77120964
NCLH,NYSE,2020/05/11 16:00:00,12.16,12.29,11.53,11.73,42615407
NCLH,NYSE,2020/05/12 16:00:00,11.89,11.96,11.07,11.09,36548919
NCLH,NYSE,2020/05/13 16:00:00,11,11.03,9.9,10.31,55477617
NCLH,NYSE,2020/05/14 16:00:00,9.94,11.33,9.24,10.76,68694310
NCLH,NYSE,2020/05/15 16:00:00,10.52,11.37,10.32,10.92,45461275
NCLH,NYSE,2020/05/18 16:00:00,11.88,13.47,11.76,12.88,104714065
NCLH,NYSE,2020/05/19 16:00:00,12.92,13.15,11.88,12.43,65613267
NCLH,NYSE,2020/05/20 16:00:00,12.76,13.01,12.08,12.78,63558499
NCLH,NYSE,2020/05/21 16:00:00,12.96,14.35,12.81,14.03,77421096
NCLH,NYSE,2020/05/22 16:00:00,14.72,15,13.72,13.9,65214385
NCLH,NYSE,2020/05/26 16:00:00,15.36,16.17,15.25,16.03,76937896
NCLH,NYSE,2020/05/27 16:00:00,17.76,17.84,15.83,17.59,102210008
NCLH,NYSE,2020/05/28 16:00:00,17.38,17.44,15.93,16.07,78868262
NCLH,NYSE,2020/05/29 16:00:00,15.28,16.06,15.05,15.66,77548609
NCLH,NYSE,2020/06/01 16:00:00,15.88,17.35,15.71,17.29,62400025
NCLH,NYSE,2020/06/02 16:00:00,17.98,18.29,16.97,17.39,62632153
NCLH,NYSE,2020/06/03 16:00:00,16.8,18.43,16.7,17.98,78460846
NCLH,NYSE,2020/06/04 16:00:00,18.16,20,17.39,19.59,88301351
NCLH,NYSE,2020/06/05 16:00:00,24.21,24.29,21.6,22.43,109689981
NCLH,NYSE,2020/06/08 16:00:00,25.28,26.91,24,26.86,105202631
NCLH,NYSE,2020/06/09 16:00:00,25.05,25.5,23.15,24.13,85767939
NCLH,NYSE,2020/06/10 16:00:00,22.71,22.71,19.4,20.65,126632791
NCLH,NYSE,2020/06/11 16:00:00,16.76,19,16.45,17.25,119113491
NCLH,NYSE,2020/06/12 16:00:00,19.58,20.58,18.67,20.5,114996361
NCLH,NYSE,2020/06/15 16:00:00,18.36,20.5,18.17,19.99,81509722
NCLH,NYSE,2020/06/16 16:00:00,22.46,22.47,20.11,20.96,89311006
NCLH,NYSE,2020/06/17 16:00:00,18.97,20.04,18.86,19.2,68441560
NCLH,NYSE,2020/06/18 16:00:00,18.5,20.08,18.43,19.31,56711709
NCLH,NYSE,2020/06/19 16:00:00,19.89,20,17.72,18.22,78742418
NCLH,NYSE,2020/06/22 16:00:00,17.53,17.74,16.63,17.09,62807334
NCLH,NYSE,2020/06/23 16:00:00,17.3,18.18,17.04,18.03,51733632
NCLH,NYSE,2020/06/24 16:00:00,17.22,17.25,15.33,15.8,77704355
NCLH,NYSE,2020/06/25 16:00:00,14.55,16.15,14.5,16.08,56763990
NCLH,NYSE,2020/06/26 16:00:00,16.2,16.4,14.85,15.28,50406459
NCLH,NYSE,2020/06/29 16:00:00,15.19,16.66,14.61,16.56,51431806
NCLH,NYSE,2020/06/30 16:00:00,16.21,16.58,15.57,16.43,42330063
NCLH,NYSE,2020/07/01 16:00:00,16.93,18.18,16.3,16.42,56033264
NCLH,NYSE,2020/07/02 16:00:00,17.07,17.36,15.86,15.97,42555155
NCLH,NYSE,2020/07/06 16:00:00,16.06,16.49,15.41,16.13,36917049
NCLH,NYSE,2020/07/07 16:00:00,15.88,16.02,15.22,15.27,24714507
NCLH,NYSE,2020/07/08 16:00:00,15.15,16.16,14.91,15.99,32430019
NCLH,NYSE,2020/07/09 16:00:00,16.19,16.46,15.03,15.2,29313434
NCLH,NYSE,2020/07/10 16:00:00,15.07,16.45,14.87,16.4,43942502
NCLH,NYSE,2020/07/13 16:00:00,16.39,16.63,15.5,15.6,34578501
NCLH,NYSE,2020/07/14 16:00:00,15.22,15.54,14.85,15.33,29311365
NCLH,NYSE,2020/07/15 16:00:00,16.33,18.68,16.24,18.5,86360519
NCLH,NYSE,2020/07/16 16:00:00,16.58,17.1,15.6,15.61,76351174
NCLH,NYSE,2020/07/17 16:00:00,15.34,15.68,15.01,15.27,74656226
NCLH,NYSE,2020/07/20 16:00:00,15.51,15.95,14.82,14.89,50348976
NCLH,NYSE,2020/07/21 16:00:00,15.11,15.31,14.68,14.98,50678787
NCLH,NYSE,2020/07/22 16:00:00,14.85,15.11,14.58,14.66,28875391
NCLH,NYSE,2020/07/23 16:00:00,14.57,14.86,13.96,14.41,43441529
NCLH,NYSE,2020/07/24 16:00:00,14.22,14.68,14.07,14.38,25494156
NCLH,NYSE,2020/07/27 16:00:00,14.28,14.3,13.26,13.38,33689907
NCLH,NYSE,2020/07/28 16:00:00,13.34,14.52,13.32,14.22,43793735
NCLH,NYSE,2020/07/29 16:00:00,14.22,14.49,13.81,14.34,27760895
NCLH,NYSE,2020/07/30 16:00:00,13.97,14.32,13.78,14.17,24503442
NCLH,NYSE,2020/07/31 16:00:00,13.99,14.1,13.46,13.64,28402162
NCLH,NYSE,2020/08/03 16:00:00,13.31,13.38,12.56,13.06,40525345
NCLH,NYSE,2020/08/04 16:00:00,13.04,13.91,13.01,13.56,28813101
NCLH,NYSE,2020/08/05 16:00:00,13.97,14.2,13.43,13.72,34008487
NCLH,NYSE,2020/08/06 16:00:00,13.34,14.42,13.27,14.24,39913200
NCLH,NYSE,2020/08/07 16:00:00,14.09,14.18,13.47,13.99,31073528
NCLH,NYSE,2020/08/10 16:00:00,13.99,15.38,13.98,15.13,44266537
NCLH,NYSE,2020/08/11 16:00:00,16.47,16.58,15.55,15.64,54538444
NCLH,NYSE,2020/08/12 16:00:00,16.11,16.19,14.72,15.23,36506800
NCLH,NYSE,2020/08/13 16:00:00,14.95,15.91,14.93,15.34,24496672
NCLH,NYSE,2020/08/14 16:00:00,15.1,15.89,14.91,15.75,24861674
NCLH,NYSE,2020/08/17 16:00:00,15.85,15.86,15.04,15.39,20502993
NCLH,NYSE,2020/08/18 16:00:00,15.39,15.54,15.05,15.2,14170889
NCLH,NYSE,2020/08/19 16:00:00,15.21,16.37,15.06,15.68,30456742
NCLH,NYSE,2020/08/20 16:00:00,15.41,15.7,15.09,15.58,17282154
NCLH,NYSE,2020/08/21 16:00:00,15.5,15.87,15.45,15.56,15940044
NCLH,NYSE,2020/08/24 16:00:00,15.94,17.21,15.41,16.74,48401967
NCLH,NYSE,2020/08/25 16:00:00,16.84,17.1,16.19,16.75,26657635
NCLH,NYSE,2020/08/26 16:00:00,16.57,16.64,15.45,15.72,35787972
NCLH,NYSE,2020/08/27 16:00:00,16.22,17.3,16.14,16.65,45413809
NCLH,NYSE,2020/08/28 16:00:00,17.16,17.78,16.86,17.69,43108854
NCLH,NYSE,2020/08/31 16:00:00,17.67,17.84,17.07,17.11,28361256
NCLH,NYSE,2020/09/01 16:00:00,16.75,17.27,16.44,16.94,20370034
NCLH,NYSE,2020/09/02 16:00:00,16.93,17.09,16.38,16.99,19333617
NCLH,NYSE,2020/09/03 16:00:00,17.66,19.2,17.3,17.63,57080497
NCLH,NYSE,2020/09/04 16:00:00,18.27,18.61,17.49,18.42,45101902
NCLH,NYSE,2020/09/08 16:00:00,18.02,18.85,17.99,18.53,30798328
NCLH,NYSE,2020/09/09 16:00:00,18.3,18.48,17.48,17.93,23650050
NCLH,NYSE,2020/09/10 16:00:00,18.05,19.16,17.92,17.93,32735763
NCLH,NYSE,2020/09/11 16:00:00,18.12,18.12,17.18,17.51,21562199
NCLH,NYSE,2020/09/14 16:00:00,17.82,17.97,17.42,17.79,18679837
NCLH,NYSE,2020/09/15 16:00:00,17.77,17.84,16.78,16.97,30618117
NCLH,NYSE,2020/09/16 16:00:00,17.11,17.86,16.72,17.5,26563439
NCLH,NYSE,2020/09/17 16:00:00,16.98,17.56,16.71,17.26,21690982
NCLH,NYSE,2020/09/18 16:00:00,17.01,17.3,15.95,16.25,34292575
NCLH,NYSE,2020/09/21 16:00:00,15.46,15.72,14.73,14.99,32507019
NCLH,NYSE,2020/09/22 16:00:00,15.05,15.59,14.92,15.33,21506803
NCLH,NYSE,2020/09/23 16:00:00,15.5,16.17,15.13,15.17,21249143
NCLH,NYSE,2020/09/24 16:00:00,14.95,15,14.15,14.63,23348911
NCLH,NYSE,2020/09/25 16:00:00,15.82,16.64,15.57,16.63,48616047
NCLH,NYSE,2020/09/28 16:00:00,16.92,16.95,16.01,16.68,28960872
NCLH,NYSE,2020/09/29 16:00:00,16.6,16.85,16.28,16.56,14194862
NCLH,NYSE,2020/09/30 16:00:00,17.09,18.23,16.94,17.11,38387443
NCLH,NYSE,2020/10/01 16:00:00,17.4,17.41,16.74,17.34,22208791
NCLH,NYSE,2020/10/02 16:00:00,16.28,17.43,16.15,17.27,22460950
NCLH,NYSE,2020/10/05 16:00:00,17.06,17.36,16.69,16.99,15330912
NCLH,NYSE,2020/10/06 16:00:00,17.22,18.24,17.09,17.23,31714307
NCLH,NYSE,2020/10/07 16:00:00,17.75,18.16,17.46,18.01,16898545
NCLH,NYSE,2020/10/08 16:00:00,18.32,18.44,17.7,18.2,17459944
NCLH,NYSE,2020/10/09 16:00:00,18.3,18.91,17.98,18.73,24449150
NCLH,NYSE,2020/10/12 16:00:00,18.52,18.62,18.07,18.08,15878611
NCLH,NYSE,2020/10/13 16:00:00,17.3,17.37,16.42,16.59,28061719
NCLH,NYSE,2020/10/14 16:00:00,16.68,17.16,16.36,16.48,19245892
NCLH,NYSE,2020/10/15 16:00:00,16.18,16.24,15.65,16.1,19229800
NCLH,NYSE,2020/10/16 16:00:00,16.28,16.44,15.9,16.2,13688672
NCLH,NYSE,2020/10/19 16:00:00,16.32,16.76,16.18,16.45,12919304
NCLH,NYSE,2020/10/20 16:00:00,16.66,17.16,16.47,17.08,15685556
NCLH,NYSE,2020/10/21 16:00:00,17,17.14,16.73,16.99,11362278
NCLH,NYSE,2020/10/22 16:00:00,17.1,17.75,17.02,17.71,16692160
NCLH,NYSE,2020/10/23 16:00:00,17.72,18.41,17.45,18.35,21988124
NCLH,NYSE,2020/10/26 16:00:00,17.74,17.74,16.35,16.8,27651064
NCLH,NYSE,2020/10/27 16:00:00,16.85,17.07,16.51,16.53,12990934
NCLH,NYSE,2020/10/28 16:00:00,15.84,16.03,15,15.03,26446235
NCLH,NYSE,2020/10/29 16:00:00,15.05,15.85,14.77,15.77,19523891
NCLH,NYSE,2020/10/30 16:00:00,15.49,17.07,15.3,16.63,42028117
NCLH,NYSE,2020/11/02 16:00:00,16.06,16.22,15.29,16.17,25069918
NCLH,NYSE,2020/11/03 16:00:00,16.2,16.73,16.12,16.55,15148276
NCLH,NYSE,2020/11/04 16:00:00,16.5,16.73,16.12,16.16,13519758
NCLH,NYSE,2020/11/05 16:00:00,16.4,17.31,16.4,17.25,17527440
NCLH,NYSE,2020/11/06 16:00:00,17.07,17.3,16.65,16.97,14036974
NCLH,NYSE,2020/11/09 16:00:00,21.02,23.05,20.36,21.51,75069878
NCLH,NYSE,2020/11/10 16:00:00,20.8,21.13,19.38,20.12,37843668
NCLH,NYSE,2020/11/11 16:00:00,20.53,20.84,19.35,19.52,26873841
NCLH,NYSE,2020/11/12 16:00:00,18.79,19.87,18.61,18.85,26523472
NCLH,NYSE,2020/11/13 16:00:00,19.28,20.27,19.16,20.06,23039280
NCLH,NYSE,2020/11/16 16:00:00,21.93,22.02,21.03,21.31,40909484
NCLH,NYSE,2020/11/17 16:00:00,21.1,22.62,20.77,22.06,32189594
NCLH,NYSE,2020/11/18 16:00:00,20.67,21.38,20.41,20.46,71591713
NCLH,NYSE,2020/11/19 16:00:00,20.58,21.29,20.49,21.02,36017750
NCLH,NYSE,2020/11/20 16:00:00,21.11,21.27,19.94,19.99,30469736
NCLH,NYSE,2020/11/23 16:00:00,20.62,21.03,20.07,20.89,30434400
NCLH,NYSE,2020/11/24 16:00:00,22.05,22.64,21.8,22.55,38926242
NCLH,NYSE,2020/11/25 16:00:00,22.83,23.35,22.41,23.2,30769201
NCLH,NYSE,2020/11/27 13:00:00,23.47,24.32,23.45,23.68,17081004
NCLH,NYSE,2020/11/30 16:00:00,24.06,24.2,22.32,22.87,25635756
NCLH,NYSE,2020/12/01 16:00:00,23.55,23.67,22.82,22.94,20436843
NCLH,NYSE,2020/12/02 16:00:00,22.4,23.5,21.82,23.4,20709004
NCLH,NYSE,2020/12/03 16:00:00,23.6,25.8,23.55,25.42,44080497
NCLH,NYSE,2020/12/04 16:00:00,26.11,26.45,25.17,26.3,33184987
NCLH,NYSE,2020/12/07 16:00:00,26.32,26.65,25.7,26.5,23744843
NCLH,NYSE,2020/12/08 16:00:00,26.3,28.17,26.25,28.15,27515470
NCLH,NYSE,2020/12/09 16:00:00,28.97,28.98,26.2,27.26,43942941
NCLH,NYSE,2020/12/10 16:00:00,26.65,27.54,26.55,27.44,24569409
NCLH,NYSE,2020/12/11 16:00:00,27.53,27.87,26.26,26.51,21177872
NCLH,NYSE,2020/12/14 16:00:00,27.22,27.54,25.22,25.41,24467002
NCLH,NYSE,2020/12/15 16:00:00,24.93,25.51,23.79,25.22,33097248
NCLH,NYSE,2020/12/16 16:00:00,25.23,25.74,24.68,25.46,21274488
NCLH,NYSE,2020/12/17 16:00:00,25.7,25.7,25.03,25.41,12857049
NCLH,NYSE,2020/12/18 16:00:00,25.49,26.09,24.86,25.18,20648637
NCLH,NYSE,2020/12/21 16:00:00,23.62,24.9,23.45,24.78,22591426
NCLH,NYSE,2020/12/22 16:00:00,24.85,24.87,23.04,23.08,25111650
NCLH,NYSE,2020/12/23 16:00:00,23.27,24.7,23.16,24.5,18389634
NCLH,NYSE,2020/12/24 13:00:00,24.5,24.79,24.12,24.58,7884187
NCLH,NYSE,2020/12/28 16:00:00,25.15,25.94,24.8,25.53,16371404
NCLH,NYSE,2020/12/29 16:00:00,26,26.11,25.05,25.39,12962804
NCLH,NYSE,2020/12/30 16:00:00,25.38,26.09,25.21,25.64,11142087
NCLH,NYSE,2020/12/31 16:00:00,25.54,25.68,24.43,25.43,14616948
NCLH,NYSE,2021/01/04 16:00:00,25.35,25.48,23.4,23.73,23243661
NCLH,NYSE,2021/01/05 16:00:00,23.41,24.67,23.36,24.24,16639047
NCLH,NYSE,2021/01/06 16:00:00,24.15,24.95,23.69,24.33,16810557
NCLH,NYSE,2021/01/07 16:00:00,24.55,25.43,24.55,24.66,16079798
NCLH,NYSE,2021/01/08 16:00:00,24.97,25.12,23.92,24.43,13493312
NCLH,NYSE,2021/01/11 16:00:00,23.8,24.54,23.61,24.14,10546774
NCLH,NYSE,2021/01/12 16:00:00,24.18,24.54,23.93,24.52,9894692
NCLH,NYSE,2021/01/13 16:00:00,24.25,24.69,23.82,24.61,13711346
NCLH,NYSE,2021/01/14 16:00:00,25,26.59,24.95,26.42,24922247
NCLH,NYSE,2021/01/15 16:00:00,26.21,26.97,25.3,25.38,15861550
NCLH,NYSE,2021/01/19 16:00:00,25.71,25.8,24.95,25.3,10777664
NCLH,NYSE,2021/01/20 16:00:00,25.66,25.97,24.87,25.19,10370381
NCLH,NYSE,2021/01/21 16:00:00,25,25.45,24.6,24.99,10701859
NCLH,NYSE,2021/01/22 16:00:00,24.5,24.8,24.2,24.59,11290066
NCLH,NYSE,2021/01/25 16:00:00,24.1,24.19,23.12,23.97,17265315
NCLH,NYSE,2021/01/26 16:00:00,24.15,24.42,23.5,23.66,9875103
NCLH,NYSE,2021/01/27 16:00:00,23,24.68,22.68,23.53,19694145
NCLH,NYSE,2021/01/28 16:00:00,24.43,25.2,23.95,24.16,17798905
NCLH,NYSE,2021/01/29 16:00:00,24.05,24.35,22.27,22.65,26086005
NCLH,NYSE,2021/02/01 16:00:00,22.85,22.87,21.88,22.4,15019996
NCLH,NYSE,2021/02/02 16:00:00,22.8,23.31,22.36,22.94,12971914
NCLH,NYSE,2021/02/03 16:00:00,22.97,23.71,22.72,23.61,18660327
NCLH,NYSE,2021/02/04 16:00:00,23.86,24.62,23.77,24.4,14813049
NCLH,NYSE,2021/02/05 16:00:00,24.64,25.45,24.36,24.72,16755176
NCLH,NYSE,2021/02/08 16:00:00,25,25.25,24.72,25.01,11686734
NCLH,NYSE,2021/02/09 16:00:00,24.87,24.98,23.92,24.08,15097936
NCLH,NYSE,2021/02/10 16:00:00,24.31,24.96,24.1,24.14,13755196
NCLH,NYSE,2021/02/11 16:00:00,24.15,24.48,23.52,23.77,12222658
NCLH,NYSE,2021/02/12 16:00:00,23.4,23.73,23.09,23.54,13457339
NCLH,NYSE,2021/02/16 16:00:00,23.96,25.37,23.73,25.19,22739178
NCLH,NYSE,2021/02/17 16:00:00,25,26.15,24.48,25.47,21807379
NCLH,NYSE,2021/02/18 16:00:00,25.11,25.4,24.29,25.2,14967567
NCLH,NYSE,2021/02/19 16:00:00,25.76,26.99,25.51,26.85,18737395
NCLH,NYSE,2021/02/22 16:00:00,27.48,29.79,26.91,28.56,34168848
NCLH,NYSE,2021/02/23 16:00:00,28.66,28.93,26.25,28.62,23481980
NCLH,NYSE,2021/02/24 16:00:00,29.38,31.58,29.14,31.27,38000408
NCLH,NYSE,2021/02/25 16:00:00,32.52,32.66,28.33,28.76,41465771
NCLH,NYSE,2021/02/26 16:00:00,29.23,29.94,28.32,29.56,19787177
NCLH,NYSE,2021/03/01 16:00:00,30.71,31.36,29.52,29.85,23206252
NCLH,NYSE,2021/03/02 16:00:00,30.63,31.58,30.17,31.18,18481014
NCLH,NYSE,2021/03/03 16:00:00,32.02,33.77,31.77,33.13,31491578
NCLH,NYSE,2021/03/04 16:00:00,34.32,34.49,30.96,32.9,38134037
NCLH,NYSE,2021/03/05 16:00:00,30.27,30.37,26.65,28.85,96474562
NCLH,NYSE,2021/03/08 16:00:00,29.51,30.2,28.86,29.31,42512063
NCLH,NYSE,2021/03/09 16:00:00,29.56,30,28.31,29.73,27304058
NCLH,NYSE,2021/03/10 16:00:00,29.88,30.7,29.16,29.54,23061594
NCLH,NYSE,2021/03/11 16:00:00,30.03,30.47,29.31,30.26,20189406
NCLH,NYSE,2021/03/12 16:00:00,30.19,31.04,30.07,30.73,22756856
NCLH,NYSE,2021/03/15 16:00:00,31.23,32.4,31.01,31.56,26741655
NCLH,NYSE,2021/03/16 16:00:00,31.62,31.62,29.77,30.1,20525529
NCLH,NYSE,2021/03/17 16:00:00,29.65,30.64,29.4,30.5,16530251
NCLH,NYSE,2021/03/18 16:00:00,30.3,30.59,28.9,28.95,17546243
NCLH,NYSE,2021/03/19 16:00:00,29.13,29.76,27.85,29.7,18995688
NCLH,NYSE,2021/03/22 16:00:00,29.31,29.59,28.21,28.65,15198501
NCLH,NYSE,2021/03/23 16:00:00,28,28.43,26.46,26.6,23673644
NCLH,NYSE,2021/03/24 16:00:00,27.29,28.44,24.02,25.31,41737901
NCLH,NYSE,2021/03/25 16:00:00,24.78,26.28,24.24,26.04,26491598
NCLH,NYSE,2021/03/26 16:00:00,26.3,26.88,25.73,26.82,19412615
NCLH,NYSE,2021/03/29 16:00:00,26.79,26.85,25.79,26.21,12410470
NCLH,NYSE,2021/03/30 16:00:00,26.17,27.42,26.07,27.2,10326235
NCLH,NYSE,2021/03/31 16:00:00,27.24,27.9,26.92,27.59,11892728
NCLH,NYSE,2021/04/01 16:00:00,27.89,28.06,27.32,27.72,10164932
NCLH,NYSE,2021/04/05 16:00:00,29.38,30.1,29.01,29.71,33957102
NCLH,NYSE,2021/04/06 16:00:00,30.16,31.57,29.81,31.08,33044765
NCLH,NYSE,2021/04/07 16:00:00,31.94,33.08,31.2,31.31,41980985
NCLH,NYSE,2021/04/08 16:00:00,31.3,31.3,29.38,30.62,30056334
NCLH,NYSE,2021/04/09 16:00:00,30.56,31.06,30.23,30.54,20344404
WEX,NYSE,2019/04/01 16:00:00,193.52,196.19,192.65,196.08,351771
WEX,NYSE,2019/04/02 16:00:00,196.89,197.43,195.39,196.96,359053
WEX,NYSE,2019/04/03 16:00:00,197.08,199.41,196.7,198.05,316229
WEX,NYSE,2019/04/04 16:00:00,198.45,198.93,195.29,196.99,271249
WEX,NYSE,2019/04/05 16:00:00,199.34,199.64,194.97,197.83,177344
WEX,NYSE,2019/04/08 16:00:00,197.18,199.5,195.34,199.5,207073
WEX,NYSE,2019/04/09 16:00:00,198.85,199.81,198.09,198.4,153336
WEX,NYSE,2019/04/10 16:00:00,198.5,199.8,198.34,198.78,269033
WEX,NYSE,2019/04/11 16:00:00,199.23,201.02,198.07,200.41,258583
WEX,NYSE,2019/04/12 16:00:00,201.78,203.14,200.3,202.58,196094
WEX,NYSE,2019/04/15 16:00:00,202.55,203.77,201.94,203.38,173461
WEX,NYSE,2019/04/16 16:00:00,204.32,204.52,201.81,202.25,281510
WEX,NYSE,2019/04/17 16:00:00,203.34,203.75,200.59,201.08,358373
WEX,NYSE,2019/04/18 16:00:00,201.27,203,198.75,202.34,208545
WEX,NYSE,2019/04/22 16:00:00,201.68,205.35,201.31,204.97,200683
WEX,NYSE,2019/04/23 16:00:00,205.82,209.13,205.31,208.75,219409
WEX,NYSE,2019/04/24 16:00:00,208.87,209.36,207.36,208.21,252468
WEX,NYSE,2019/04/25 16:00:00,208,208.93,206.16,207.24,233898
WEX,NYSE,2019/04/26 16:00:00,207.67,209.26,206.61,207.59,238652
WEX,NYSE,2019/04/29 16:00:00,208.67,210.43,208.45,209.38,272245
WEX,NYSE,2019/04/30 16:00:00,210,211.41,208.45,210.3,245022
WEX,NYSE,2019/05/01 16:00:00,210.86,212.13,207.97,207.97,248837
WEX,NYSE,2019/05/02 16:00:00,205.02,207.99,199.28,204.24,536328
WEX,NYSE,2019/05/03 16:00:00,205.97,208.19,204.83,208.09,279902
WEX,NYSE,2019/05/06 16:00:00,203.87,209.8,203.33,208.46,359985
WEX,NYSE,2019/05/07 16:00:00,206.68,208.98,200.04,201.85,268923
WEX,NYSE,2019/05/08 16:00:00,201.61,204.64,200.65,203.25,276996
WEX,NYSE,2019/05/09 16:00:00,200,204.6,198.02,203.91,310970
WEX,NYSE,2019/05/10 16:00:00,202.68,207.35,202.05,206.47,269998
WEX,NYSE,2019/05/13 16:00:00,199.96,202.12,197.06,197.81,398634
WEX,NYSE,2019/05/14 16:00:00,198.57,201.7,197.18,199.79,436180
WEX,NYSE,2019/05/15 16:00:00,197.65,201.93,195.99,199.56,186700
WEX,NYSE,2019/05/16 16:00:00,200.65,204.64,200.3,202.74,306894
WEX,NYSE,2019/05/17 16:00:00,200.38,203.1,200.14,201.91,197762
WEX,NYSE,2019/05/20 16:00:00,200.31,203.52,198.35,201.41,195443
WEX,NYSE,2019/05/21 16:00:00,203.02,206.65,202.94,204.8,265420
WEX,NYSE,2019/05/22 16:00:00,204.29,206.64,203.16,203.18,200416
WEX,NYSE,2019/05/23 16:00:00,199.78,200.54,194.82,195.53,373313
WEX,NYSE,2019/05/24 16:00:00,197.49,199.94,197.07,197.57,267520
WEX,NYSE,2019/05/28 16:00:00,198.17,200.03,195.57,195.97,379981
WEX,NYSE,2019/05/29 16:00:00,194.29,194.8,191.04,192.27,251616
WEX,NYSE,2019/05/30 16:00:00,192.48,194.91,191.53,192.34,250015
WEX,NYSE,2019/05/31 16:00:00,189.66,191.69,188.01,188.94,303261
WEX,NYSE,2019/06/03 16:00:00,189.22,191.11,185.01,185.96,372795
WEX,NYSE,2019/06/04 16:00:00,188.69,191.11,185.36,191.04,236069
WEX,NYSE,2019/06/05 16:00:00,198.68,200.31,190.41,191.14,596561
WEX,NYSE,2019/06/06 16:00:00,190.2,195.4,184.58,193.72,485807
WEX,NYSE,2019/06/07 16:00:00,196.63,199.32,195.55,198.33,338418
WEX,NYSE,2019/06/10 16:00:00,199.72,201.99,198.86,199.18,263390
WEX,NYSE,2019/06/11 16:00:00,201.57,202.41,197.66,199.95,167839
WEX,NYSE,2019/06/12 16:00:00,199.02,201.93,198.95,200.6,283538
WEX,NYSE,2019/06/13 16:00:00,201.83,204.55,200.74,203.06,173280
WEX,NYSE,2019/06/14 16:00:00,203.72,204.27,202.14,202.67,316875
WEX,NYSE,2019/06/17 16:00:00,203.23,204.82,202.07,202.73,321342
WEX,NYSE,2019/06/18 16:00:00,204.12,208.93,203.56,206.09,314990
WEX,NYSE,2019/06/19 16:00:00,205.95,208.46,205.51,207.49,362219
WEX,NYSE,2019/06/20 16:00:00,210.12,211.3,206.04,206.65,290652
WEX,NYSE,2019/06/21 16:00:00,206.21,208.26,205.69,206.32,233340
WEX,NYSE,2019/06/24 16:00:00,206.29,206.91,203.09,203.48,176730
WEX,NYSE,2019/06/25 16:00:00,203.83,204.62,198.61,198.77,357613
WEX,NYSE,2019/06/26 16:00:00,200.16,202.73,198.54,200.03,324215
WEX,NYSE,2019/06/27 16:00:00,201.29,204.4,200.59,203.81,166247
WEX,NYSE,2019/06/28 16:00:00,204.79,208.27,203.71,208.1,431630
WEX,NYSE,2019/07/01 16:00:00,211.63,212.96,210.15,211.64,332732
WEX,NYSE,2019/07/02 16:00:00,210.89,211.85,207,207.91,237317
WEX,NYSE,2019/07/03 13:00:00,207.75,209.19,207.26,208.24,173222
WEX,NYSE,2019/07/05 16:00:00,206.93,210.37,205.83,210.24,150897
WEX,NYSE,2019/07/08 16:00:00,208.74,210.55,207.1,208.97,271602
WEX,NYSE,2019/07/09 16:00:00,207.91,214.13,207.06,213.96,257449
WEX,NYSE,2019/07/10 16:00:00,218.03,218.03,213.29,215.31,362454
WEX,NYSE,2019/07/11 16:00:00,216.5,216.74,214.18,216.5,172211
WEX,NYSE,2019/07/12 16:00:00,217.15,219.19,214.76,219.07,186170
WEX,NYSE,2019/07/15 16:00:00,220,220,217.49,218.08,150520
WEX,NYSE,2019/07/16 16:00:00,218.41,219.03,217.17,218.46,151668
WEX,NYSE,2019/07/17 16:00:00,218.53,219.76,217.19,218.46,262882
WEX,NYSE,2019/07/18 16:00:00,218.39,219.85,217.67,219.4,275859
WEX,NYSE,2019/07/19 16:00:00,220.85,221.66,216.08,216.57,210551
WEX,NYSE,2019/07/22 16:00:00,217.75,219.75,216.7,218.02,401245
WEX,NYSE,2019/07/23 16:00:00,219.23,221.02,218.21,221.02,201903
WEX,NYSE,2019/07/24 16:00:00,220.12,221.1,218.7,219.09,233093
WEX,NYSE,2019/07/25 16:00:00,218.34,218.87,215.12,215.68,219286
WEX,NYSE,2019/07/26 16:00:00,215.21,217.6,215.21,217.28,261514
WEX,NYSE,2019/07/29 16:00:00,216.81,220.68,216.53,218.97,431769
WEX,NYSE,2019/07/30 16:00:00,217.63,218.39,214.92,216.09,232092
WEX,NYSE,2019/07/31 16:00:00,216.53,221.14,215.41,218.07,455078
WEX,NYSE,2019/08/01 16:00:00,211.53,214.16,202.56,202.92,805186
WEX,NYSE,2019/08/02 16:00:00,201.59,203.8,199.56,202.13,310820
WEX,NYSE,2019/08/05 16:00:00,195.98,197.33,186.13,188.85,679358
WEX,NYSE,2019/08/06 16:00:00,191.07,194.9,191.07,193.16,353621
WEX,NYSE,2019/08/07 16:00:00,190.53,197.5,190.53,194.37,432506
WEX,NYSE,2019/08/08 16:00:00,195.92,201.12,195.68,200.36,415954
WEX,NYSE,2019/08/09 16:00:00,199.99,201.83,198.64,200.68,196851
WEX,NYSE,2019/08/12 16:00:00,199.27,201.09,197.45,198.29,251406
WEX,NYSE,2019/08/13 16:00:00,198.56,205.41,197.76,205,338096
WEX,NYSE,2019/08/14 16:00:00,200.78,201.72,194.34,195.56,260927
WEX,NYSE,2019/08/15 16:00:00,196.88,197.49,192.65,194.5,219255
WEX,NYSE,2019/08/16 16:00:00,196.45,200,196.05,199.48,164294
WEX,NYSE,2019/08/19 16:00:00,204.48,208.52,203.05,203.17,270879
WEX,NYSE,2019/08/20 16:00:00,202.63,206.14,200.79,205.54,220999
WEX,NYSE,2019/08/21 16:00:00,208.29,209.23,207.23,208.24,253355
WEX,NYSE,2019/08/22 16:00:00,209.49,209.49,204.64,206.62,133200
WEX,NYSE,2019/08/23 16:00:00,205.08,208.23,199.23,200.27,251043
WEX,NYSE,2019/08/26 16:00:00,202.34,202.34,197.76,199.92,172469
WEX,NYSE,2019/08/27 16:00:00,201.46,201.46,197.06,197.5,225438
WEX,NYSE,2019/08/28 16:00:00,197.11,200.19,195.22,199.45,153711
WEX,NYSE,2019/08/29 16:00:00,202.36,204.82,202.36,203.69,143294
WEX,NYSE,2019/08/30 16:00:00,205.2,206.02,202.78,204.55,177993
WEX,NYSE,2019/09/03 16:00:00,202.84,204.1,198.32,198.8,201459
WEX,NYSE,2019/09/04 16:00:00,202.18,202.9,198.93,202.61,164118
WEX,NYSE,2019/09/05 16:00:00,206.23,214.04,206.23,213.31,384772
WEX,NYSE,2019/09/06 16:00:00,213.25,213.25,209.92,209.92,218351
WEX,NYSE,2019/09/09 16:00:00,211.61,214.23,203.17,204.03,253478
WEX,NYSE,2019/09/10 16:00:00,203.44,204.04,199.45,203.99,255623
WEX,NYSE,2019/09/11 16:00:00,204.7,206.1,203.15,205.99,167679
WEX,NYSE,2019/09/12 16:00:00,208.19,209.18,205.16,205.43,175199
WEX,NYSE,2019/09/13 16:00:00,206.28,208.62,203.4,205.45,241366
WEX,NYSE,2019/09/16 16:00:00,204.2,217.57,203.86,212.88,502991
WEX,NYSE,2019/09/17 16:00:00,211.02,212.99,207.18,209.97,273824
WEX,NYSE,2019/09/18 16:00:00,209.93,209.93,205.22,208.35,218171
WEX,NYSE,2019/09/19 16:00:00,208.79,209.85,204.85,205.47,244979
WEX,NYSE,2019/09/20 16:00:00,206.19,207.26,203.65,205.5,333603
WEX,NYSE,2019/09/23 16:00:00,204,206.46,201.81,201.98,176483
WEX,NYSE,2019/09/24 16:00:00,203.03,204.02,199.22,200.46,191904
WEX,NYSE,2019/09/25 16:00:00,199.78,205.03,198.73,204.36,211507
WEX,NYSE,2019/09/26 16:00:00,204.1,204.64,202.2,203,186455
WEX,NYSE,2019/09/27 16:00:00,203.67,203.74,200.34,201.83,154096
WEX,NYSE,2019/09/30 16:00:00,201.85,203.13,199.77,202.07,209602
WEX,NYSE,2019/10/01 16:00:00,203.52,204.83,199.02,199.55,175963
WEX,NYSE,2019/10/02 16:00:00,197.76,199.28,194.6,195.42,243505
WEX,NYSE,2019/10/03 16:00:00,194.95,197.14,191.1,195.84,349029
WEX,NYSE,2019/10/04 16:00:00,197.15,199.73,196.46,199.57,201072
WEX,NYSE,2019/10/07 16:00:00,198.38,199.64,196.95,197.49,212884
WEX,NYSE,2019/10/08 16:00:00,195.95,197.21,191.9,192.77,197756
WEX,NYSE,2019/10/09 16:00:00,194.91,196.75,192.99,195.54,205919
WEX,NYSE,2019/10/10 16:00:00,195.8,200.33,195.62,200.23,167213
WEX,NYSE,2019/10/11 16:00:00,203.58,207.75,203.47,206.09,221260
WEX,NYSE,2019/10/14 16:00:00,205.69,207.43,205.39,205.91,306034
WEX,NYSE,2019/10/15 16:00:00,206.55,209.85,206.55,209.06,303761
WEX,NYSE,2019/10/16 16:00:00,208.37,209.49,206.81,208,263133
WEX,NYSE,2019/10/17 16:00:00,209.68,210.93,207.14,207.21,530863
WEX,NYSE,2019/10/18 16:00:00,207.27,207.31,199.56,200.98,324628
WEX,NYSE,2019/10/21 16:00:00,202.23,204.53,200.92,203.08,250655
WEX,NYSE,2019/10/22 16:00:00,203.61,204.73,197.78,198.09,288062
WEX,NYSE,2019/10/23 16:00:00,197.69,198.36,195.03,197.25,292135
WEX,NYSE,2019/10/24 16:00:00,198.48,201.27,198.08,200.99,653912
WEX,NYSE,2019/10/25 16:00:00,200.48,204.5,200.17,203.55,253347
WEX,NYSE,2019/10/28 16:00:00,204.26,206.91,204.03,205.26,231663
WEX,NYSE,2019/10/29 16:00:00,205.01,206.33,200.65,201.54,509100
WEX,NYSE,2019/10/30 16:00:00,201.57,204.65,199.2,203.87,503477
WEX,NYSE,2019/10/31 16:00:00,191.01,195.71,186.7,189.18,1171192
WEX,NYSE,2019/11/01 16:00:00,191.63,196.76,191.45,192.64,458228
WEX,NYSE,2019/11/04 16:00:00,194.11,195.91,190.08,195.69,453195
WEX,NYSE,2019/11/05 16:00:00,196.09,196.92,193.21,194.87,479448
WEX,NYSE,2019/11/06 16:00:00,194.82,196.96,194.53,196.41,283351
WEX,NYSE,2019/11/07 16:00:00,197.49,199.96,195.85,196.23,332407
WEX,NYSE,2019/11/08 16:00:00,195.02,196.55,192.41,196.3,510725
WEX,NYSE,2019/11/11 16:00:00,194.19,197.35,192.95,196.49,285249
WEX,NYSE,2019/11/12 16:00:00,196.54,199.79,195.91,197.47,353666
WEX,NYSE,2019/11/13 16:00:00,196.19,198.67,195.63,195.83,236167
WEX,NYSE,2019/11/14 16:00:00,195,196.77,194.71,195.87,284563
WEX,NYSE,2019/11/15 16:00:00,197.42,200.83,195.95,200.55,269874
WEX,NYSE,2019/11/18 16:00:00,199.29,199.36,197.04,199.15,294477
WEX,NYSE,2019/11/19 16:00:00,199.37,201.99,198.36,199.23,341224
WEX,NYSE,2019/11/20 16:00:00,198.14,200.49,196.18,198.44,297642
WEX,NYSE,2019/11/21 16:00:00,198.13,199.04,196.51,196.61,253513
WEX,NYSE,2019/11/22 16:00:00,197.44,198.4,195.76,197,250679
WEX,NYSE,2019/11/25 16:00:00,197.9,201.75,197.51,201.58,256153
WEX,NYSE,2019/11/26 16:00:00,201.27,204.89,201.27,204.68,318143
WEX,NYSE,2019/11/27 16:00:00,204.77,205.41,202.31,205.23,223306
WEX,NYSE,2019/11/29 13:00:00,204.2,204.67,201.02,201.13,114870
WEX,NYSE,2019/12/02 16:00:00,201,201.51,198.1,198.21,173162
WEX,NYSE,2019/12/03 16:00:00,195.07,196.43,194.28,195.9,208508
WEX,NYSE,2019/12/04 16:00:00,196.82,199.55,196.82,197.62,230797
WEX,NYSE,2019/12/05 16:00:00,198.14,199.42,196.32,197.06,223970
WEX,NYSE,2019/12/06 16:00:00,198.99,201.56,198.12,199.97,159534
WEX,NYSE,2019/12/09 16:00:00,199,199.75,197,197.37,165403
WEX,NYSE,2019/12/10 16:00:00,196.95,198.06,196.09,196.59,252663
WEX,NYSE,2019/12/11 16:00:00,196.8,198.07,196.32,196.99,233603
WEX,NYSE,2019/12/12 16:00:00,196.86,202.11,196.26,201.58,277141
WEX,NYSE,2019/12/13 16:00:00,201.08,203.62,199.18,203.38,154495
WEX,NYSE,2019/12/16 16:00:00,204.51,206.61,203.7,204.89,180924
WEX,NYSE,2019/12/17 16:00:00,205.08,206.42,203.76,205.42,179830
WEX,NYSE,2019/12/18 16:00:00,205.42,207.42,204.97,205.25,164773
WEX,NYSE,2019/12/19 16:00:00,205,205.35,202.67,204.23,261786
WEX,NYSE,2019/12/20 16:00:00,205.61,207.17,204.19,206.21,317674
WEX,NYSE,2019/12/23 16:00:00,206.77,206.77,204.93,205.85,122285
WEX,NYSE,2019/12/24 13:00:00,206.03,206.95,205.26,205.91,62946
WEX,NYSE,2019/12/26 16:00:00,206.33,207.68,205.34,206.91,125718
WEX,NYSE,2019/12/27 16:00:00,207.62,209.74,206.27,209.43,256088
WEX,NYSE,2019/12/30 16:00:00,209.44,209.44,207,208.32,149807
WEX,NYSE,2019/12/31 16:00:00,207.67,209.75,207.31,209.46,182847
WEX,NYSE,2020/01/02 16:00:00,210.99,213.76,210.99,213.74,260495
WEX,NYSE,2020/01/03 16:00:00,211.68,214.8,210.87,213.98,302169
WEX,NYSE,2020/01/06 16:00:00,212.03,214.99,211.73,214.99,275396
WEX,NYSE,2020/01/07 16:00:00,214.99,216.37,213.66,214.24,312621
WEX,NYSE,2020/01/08 16:00:00,215.13,215.99,212.82,213.11,292345
WEX,NYSE,2020/01/09 16:00:00,215.1,217.6,214.15,217.46,191917
WEX,NYSE,2020/01/10 16:00:00,218.12,218.49,216,217.43,234953
WEX,NYSE,2020/01/13 16:00:00,218.53,221,217.06,220.16,172909
WEX,NYSE,2020/01/14 16:00:00,220.23,221.6,219.01,219.92,254308
WEX,NYSE,2020/01/15 16:00:00,220.1,222.69,219.6,220.98,245167
WEX,NYSE,2020/01/16 16:00:00,222.29,224.63,222.16,224.46,155837
WEX,NYSE,2020/01/17 16:00:00,225.45,226.18,224.33,225.89,169761
WEX,NYSE,2020/01/21 16:00:00,225.24,226.42,223.38,224.5,291997
WEX,NYSE,2020/01/22 16:00:00,225.43,227.28,220,221.91,314616
WEX,NYSE,2020/01/23 16:00:00,221.78,222.91,218.53,222.39,322854
WEX,NYSE,2020/01/24 16:00:00,225,234.95,224.98,230,654067
WEX,NYSE,2020/01/27 16:00:00,225,226.26,221.5,223.23,355393
WEX,NYSE,2020/01/28 16:00:00,224.46,226.95,224.03,225.77,223164
WEX,NYSE,2020/01/29 16:00:00,224.97,228.43,220.91,226.62,403244
WEX,NYSE,2020/01/30 16:00:00,224.29,226.76,221.53,224.25,498802
WEX,NYSE,2020/01/31 16:00:00,222.6,224.73,216.19,216.92,536719
WEX,NYSE,2020/02/03 16:00:00,217.44,219.38,214.85,216.25,572518
WEX,NYSE,2020/02/04 16:00:00,219.78,220.26,216.46,218.77,535253
WEX,NYSE,2020/02/05 16:00:00,221.68,223.73,219.38,222.84,366068
WEX,NYSE,2020/02/06 16:00:00,223.97,223.97,219.23,219.54,317848
WEX,NYSE,2020/02/07 16:00:00,216.09,217.39,210.59,212.37,577228
WEX,NYSE,2020/02/10 16:00:00,211.76,215.17,211.05,214.7,615197
WEX,NYSE,2020/02/11 16:00:00,215.63,216.43,212.09,215.27,353872
WEX,NYSE,2020/02/12 16:00:00,215.75,221.17,215.75,219.72,536443
WEX,NYSE,2020/02/13 16:00:00,218.26,231.71,214.42,228.62,978734
WEX,NYSE,2020/02/14 16:00:00,230.3,232.72,227.03,231.66,481385
WEX,NYSE,2020/02/18 16:00:00,223.19,232.2,223.19,229.72,335727
WEX,NYSE,2020/02/19 16:00:00,231.2,235.64,230.11,234.94,279586
WEX,NYSE,2020/02/20 16:00:00,234.41,236.52,229.95,235.13,330754
WEX,NYSE,2020/02/21 16:00:00,234.53,236.02,229.91,231.6,332852
WEX,NYSE,2020/02/24 16:00:00,220.52,224.19,217.98,220.33,484575
WEX,NYSE,2020/02/25 16:00:00,220.41,220.41,206.42,207.34,706689
WEX,NYSE,2020/02/26 16:00:00,208.38,212.73,199.61,199.83,693757
WEX,NYSE,2020/02/27 16:00:00,194.83,199.38,187.99,188.29,660704
WEX,NYSE,2020/02/28 16:00:00,181.31,188.95,180.7,187.24,895506
WEX,NYSE,2020/03/02 16:00:00,189.53,194.09,182.66,193.42,728162
WEX,NYSE,2020/03/03 16:00:00,192.28,197.69,179.92,182.51,815633
WEX,NYSE,2020/03/04 16:00:00,186.6,187.92,175.77,182.74,1241284
WEX,NYSE,2020/03/05 16:00:00,176.6,176.6,166.57,173.19,1024696
WEX,NYSE,2020/03/06 16:00:00,165.95,170.27,162.56,165.6,753585
WEX,NYSE,2020/03/09 16:00:00,146.06,148.22,131.21,135.25,1437993
WEX,NYSE,2020/03/10 16:00:00,142.47,153.64,136.68,149.39,1402599
WEX,NYSE,2020/03/11 16:00:00,144.63,145.24,133.51,135.82,912709
WEX,NYSE,2020/03/12 16:00:00,123.45,128.31,110.01,115.86,1305835
WEX,NYSE,2020/03/13 16:00:00,124.85,136.71,120.13,135.3,1343651
WEX,NYSE,2020/03/16 16:00:00,110.03,120.24,107.1,109.66,1093763
WEX,NYSE,2020/03/17 16:00:00,112.22,121.01,100.64,118.86,1144216
WEX,NYSE,2020/03/18 16:00:00,108.87,111.38,89.48,91.77,1099305
WEX,NYSE,2020/03/19 16:00:00,90.1,102.38,83,100.42,1068944
WEX,NYSE,2020/03/20 16:00:00,103.26,106.82,84.22,84.87,1044035
WEX,NYSE,2020/03/23 16:00:00,84.56,86.75,71.12,83.23,1064623
WEX,NYSE,2020/03/24 16:00:00,90.93,108.37,89.4,96.93,1317205
WEX,NYSE,2020/03/25 16:00:00,98.83,124.78,97.18,114.65,1274319
WEX,NYSE,2020/03/26 16:00:00,116.99,125.1,111.01,116.38,946240
WEX,NYSE,2020/03/27 16:00:00,110.54,114.99,107.55,108.78,651540
WEX,NYSE,2020/03/30 16:00:00,107.66,112.33,102.64,108.84,718441
WEX,NYSE,2020/03/31 16:00:00,108.14,108.97,102.34,104.55,691752
WEX,NYSE,2020/04/01 16:00:00,99.76,100.62,90.46,93.17,868863
WEX,NYSE,2020/04/02 16:00:00,92.58,102.05,91.72,95.32,1045964
WEX,NYSE,2020/04/03 16:00:00,97.22,102.68,89.44,93.83,859110
WEX,NYSE,2020/04/06 16:00:00,98.51,104.98,98.51,102.71,843610
WEX,NYSE,2020/04/07 16:00:00,112.24,113.8,103.92,104.93,866609
WEX,NYSE,2020/04/08 16:00:00,108.91,117.93,105.97,116.63,571243
WEX,NYSE,2020/04/09 16:00:00,122,129.94,119.36,122.98,1193988
WEX,NYSE,2020/04/13 16:00:00,122.15,122.15,113.37,115.41,539819
WEX,NYSE,2020/04/14 16:00:00,118.59,119.83,111.36,112.48,696506
WEX,NYSE,2020/04/15 16:00:00,106.51,109,104.18,108.74,418719
WEX,NYSE,2020/04/16 16:00:00,110.09,110.99,102.54,106.72,454065
WEX,NYSE,2020/04/17 16:00:00,112.8,115.39,110.48,114.69,473045
WEX,NYSE,2020/04/20 16:00:00,109.6,115.19,106.5,109.81,580121
WEX,NYSE,2020/04/21 16:00:00,105.2,106.76,100.53,102.43,544420
WEX,NYSE,2020/04/22 16:00:00,105.89,107.93,102.74,105.55,281402
WEX,NYSE,2020/04/23 16:00:00,106.88,109.77,105.21,106.06,385457
WEX,NYSE,2020/04/24 16:00:00,107.48,110.85,103.68,110.1,349316
WEX,NYSE,2020/04/27 16:00:00,110.1,119.78,110.01,118.91,499638
WEX,NYSE,2020/04/28 16:00:00,122.54,125.52,119.07,122.55,484675
WEX,NYSE,2020/04/29 16:00:00,130,139.01,129.83,137.57,841121
WEX,NYSE,2020/04/30 16:00:00,135.41,135.41,129.34,132.32,624966
WEX,NYSE,2020/05/01 16:00:00,126.87,127.91,123.99,127.2,531712
WEX,NYSE,2020/05/04 16:00:00,124.86,125.97,121.99,125.83,483168
WEX,NYSE,2020/05/05 16:00:00,129.16,132.53,127.19,128.01,397776
WEX,NYSE,2020/05/06 16:00:00,130.63,132.41,125.94,130.15,525577
WEX,NYSE,2020/05/07 16:00:00,134.3,143.64,132.99,137.89,701702
WEX,NYSE,2020/05/08 16:00:00,140.28,141.92,131.33,133.61,756588
WEX,NYSE,2020/05/11 16:00:00,131,133.16,129.13,131.91,539212
WEX,NYSE,2020/05/12 16:00:00,133.25,134.61,125.71,126.04,357188
WEX,NYSE,2020/05/13 16:00:00,123.99,125.68,114.11,116.09,371679
WEX,NYSE,2020/05/14 16:00:00,113.44,125.5,110.38,123.01,558403
WEX,NYSE,2020/05/15 16:00:00,120.17,124.67,119.52,120.5,338099
WEX,NYSE,2020/05/18 16:00:00,128.99,136.52,126.53,135.38,525676
WEX,NYSE,2020/05/19 16:00:00,134.28,139.2,132.18,132.68,326266
WEX,NYSE,2020/05/20 16:00:00,135.92,138.49,134.23,137.19,415664
WEX,NYSE,2020/05/21 16:00:00,136.04,140.9,135.04,138.51,928500
WEX,NYSE,2020/05/22 16:00:00,138.51,139.34,136.01,138.73,286985
WEX,NYSE,2020/05/26 16:00:00,147.19,152.79,145.5,150.31,576204
WEX,NYSE,2020/05/27 16:00:00,155.49,159.6,146.52,151.99,550195
WEX,NYSE,2020/05/28 16:00:00,157.19,157.19,146.78,148.49,636034
WEX,NYSE,2020/05/29 16:00:00,146.61,149.48,144.97,148.08,452202
WEX,NYSE,2020/06/01 16:00:00,147.99,154.74,147.01,152.34,378706
WEX,NYSE,2020/06/02 16:00:00,154.4,157.32,152.06,157,376106
WEX,NYSE,2020/06/03 16:00:00,160.1,168.6,157.89,167.28,481042
WEX,NYSE,2020/06/04 16:00:00,165.04,168.82,160.28,162.45,448110
WEX,NYSE,2020/06/05 16:00:00,174.18,184.46,172.62,176.21,503760
WEX,NYSE,2020/06/08 16:00:00,179.32,184.97,177.53,180.49,472478
WEX,NYSE,2020/06/09 16:00:00,175.8,179.26,172.65,172.75,423955
WEX,NYSE,2020/06/10 16:00:00,171.76,172.24,163.51,168.67,386096
WEX,NYSE,2020/06/11 16:00:00,156.01,160,153.04,153.08,387621
WEX,NYSE,2020/06/12 16:00:00,163.31,163.81,153.3,158.8,302684
WEX,NYSE,2020/06/15 16:00:00,151.03,161.3,150.67,160.18,286655
WEX,NYSE,2020/06/16 16:00:00,170.33,172.8,162.51,167.68,503494
WEX,NYSE,2020/06/17 16:00:00,168.04,169.41,160.81,161.27,302967
WEX,NYSE,2020/06/18 16:00:00,159.23,180.54,159.02,171.53,2612148
WEX,NYSE,2020/06/19 16:00:00,177.47,181.85,171.5,172.67,1908977
WEX,NYSE,2020/06/22 16:00:00,175.23,175.99,170.41,171.36,900050
WEX,NYSE,2020/06/23 16:00:00,174.65,176.32,172.18,173.15,874522
WEX,NYSE,2020/06/24 16:00:00,171.82,172.25,159.26,160.14,1329536
WEX,NYSE,2020/06/25 16:00:00,160.87,162,156.49,161.14,966404
WEX,NYSE,2020/06/26 16:00:00,160.02,160.67,153.38,155.51,1482072
WEX,NYSE,2020/06/29 16:00:00,157.63,166.03,155.62,162.66,698619
WEX,NYSE,2020/06/30 16:00:00,161.45,165.33,158.78,165.01,666741
WEX,NYSE,2020/07/01 16:00:00,165.33,169.25,162.59,162.83,544788
WEX,NYSE,2020/07/02 16:00:00,166.24,168.22,159.63,159.85,411820
WEX,NYSE,2020/07/06 16:00:00,163.74,165.13,160.19,161.02,379525
WEX,NYSE,2020/07/07 16:00:00,160.38,162.09,156.62,156.71,383928
WEX,NYSE,2020/07/08 16:00:00,157.81,160.91,155.65,158.06,463156
WEX,NYSE,2020/07/09 16:00:00,158.5,158.88,152.13,154.6,585581
WEX,NYSE,2020/07/10 16:00:00,153.88,155.64,152.26,154.37,432545
WEX,NYSE,2020/07/13 16:00:00,155.92,157.07,151.72,152.82,593282
WEX,NYSE,2020/07/14 16:00:00,152.03,152.78,147.56,152.55,438951
WEX,NYSE,2020/07/15 16:00:00,157.15,166.13,156.01,165.65,616113
WEX,NYSE,2020/07/16 16:00:00,163.32,165.86,161.08,163.6,332427
WEX,NYSE,2020/07/17 16:00:00,164.44,164.44,160.87,163.61,379946
WEX,NYSE,2020/07/20 16:00:00,163.29,163.65,160.64,162.49,247717
WEX,NYSE,2020/07/21 16:00:00,163.84,165.78,163.25,164.66,265993
WEX,NYSE,2020/07/22 16:00:00,163.83,167.75,163.57,165.97,271931
WEX,NYSE,2020/07/23 16:00:00,164.9,167.62,162.94,164.95,328490
WEX,NYSE,2020/07/24 16:00:00,163.99,165.66,160.92,161.6,283362
WEX,NYSE,2020/07/27 16:00:00,161.5,164.07,159.7,163.31,281038
WEX,NYSE,2020/07/28 16:00:00,163,165.66,162.45,162.79,285621
WEX,NYSE,2020/07/29 16:00:00,164.03,171.7,163.19,170.27,582062
WEX,NYSE,2020/07/30 16:00:00,160,162.39,152.6,160.03,963872
WEX,NYSE,2020/07/31 16:00:00,160.01,160.01,155.13,158.37,411689
WEX,NYSE,2020/08/03 16:00:00,155.89,159.58,151.56,159.09,450130
WEX,NYSE,2020/08/04 16:00:00,158.59,162.88,158.17,161.08,197721
WEX,NYSE,2020/08/05 16:00:00,163.04,167.12,161.35,165.78,304043
WEX,NYSE,2020/08/06 16:00:00,166.23,169.32,164.31,168.55,326358
WEX,NYSE,2020/08/07 16:00:00,166.01,166.16,159.38,162.81,404892
WEX,NYSE,2020/08/10 16:00:00,162.9,164.81,162.18,163,223733
WEX,NYSE,2020/08/11 16:00:00,164.97,171.9,164.97,165.51,418807
WEX,NYSE,2020/08/12 16:00:00,167.67,168.05,162.32,164.14,345177
WEX,NYSE,2020/08/13 16:00:00,163.37,165.54,161.12,161.91,332420
WEX,NYSE,2020/08/14 16:00:00,161.19,163,160.51,161.39,235503
WEX,NYSE,2020/08/17 16:00:00,162.68,164.08,160.87,161.65,285998
WEX,NYSE,2020/08/18 16:00:00,162.05,162.74,157.03,157.3,320437
WEX,NYSE,2020/08/19 16:00:00,157.26,159.84,157.03,157.84,222782
WEX,NYSE,2020/08/20 16:00:00,156.11,157.71,153.79,154.05,280079
WEX,NYSE,2020/08/21 16:00:00,154,154.38,151.43,152.19,347041
WEX,NYSE,2020/08/24 16:00:00,153.55,160.46,153.11,160.18,490387
WEX,NYSE,2020/08/25 16:00:00,161.01,161.88,156.91,158.65,282926
WEX,NYSE,2020/08/26 16:00:00,158.72,158.95,156.29,158,208115
WEX,NYSE,2020/08/27 16:00:00,159.31,164.79,158.85,162.27,299117
WEX,NYSE,2020/08/28 16:00:00,162.4,164.62,162.08,164.04,180265
WEX,NYSE,2020/08/31 16:00:00,163.8,163.8,159.7,159.71,286309
WEX,NYSE,2020/09/01 16:00:00,159.1,163.91,158.13,163.46,279107
WEX,NYSE,2020/09/02 16:00:00,163.93,169.05,161.01,168.33,342934
WEX,NYSE,2020/09/03 16:00:00,167.61,169.76,163.33,164.66,378513
WEX,NYSE,2020/09/04 16:00:00,165.36,166.73,155.78,159.46,314869
WEX,NYSE,2020/09/08 16:00:00,155.75,157.93,152.92,153.24,340998
WEX,NYSE,2020/09/09 16:00:00,155.2,155.5,151.68,153.83,238484
WEX,NYSE,2020/09/10 16:00:00,155,157.99,150.54,151.18,248470
WEX,NYSE,2020/09/11 16:00:00,151.94,151.94,145.39,147.17,371457
WEX,NYSE,2020/09/14 16:00:00,149.07,150.31,146.24,146.73,248971
WEX,NYSE,2020/09/15 16:00:00,148.09,149.38,145.96,146.31,329699
WEX,NYSE,2020/09/16 16:00:00,147.82,149,144.52,144.86,452525
WEX,NYSE,2020/09/17 16:00:00,142.72,144.47,140.39,144.43,585048
WEX,NYSE,2020/09/18 16:00:00,144.76,145.37,142.45,143.92,678623
WEX,NYSE,2020/09/21 16:00:00,138.75,139.99,135.21,138.51,538152
WEX,NYSE,2020/09/22 16:00:00,139.88,141.46,138.88,141.21,511156
WEX,NYSE,2020/09/23 16:00:00,141.18,144.09,140.6,140.74,581477
WEX,NYSE,2020/09/24 16:00:00,139.76,140.02,136.56,137.84,271229
WEX,NYSE,2020/09/25 16:00:00,136.93,140.74,136.32,140.13,444921
WEX,NYSE,2020/09/28 16:00:00,143.24,145.25,142.59,143.78,756868
WEX,NYSE,2020/09/29 16:00:00,142.95,143.16,140.7,141.24,500578
WEX,NYSE,2020/09/30 16:00:00,140.65,144.24,137.05,138.97,576139
WEX,NYSE,2020/10/01 16:00:00,139.59,142.84,137.58,140.25,431500
WEX,NYSE,2020/10/02 16:00:00,136.38,142.88,136.12,142.58,382478
WEX,NYSE,2020/10/05 16:00:00,144.67,148.15,144.67,147.2,381449
WEX,NYSE,2020/10/06 16:00:00,148.07,151.11,145.06,145.44,334328
WEX,NYSE,2020/10/07 16:00:00,147.7,148.87,144.93,144.93,252070
WEX,NYSE,2020/10/08 16:00:00,146.88,148.96,146,147,321377
WEX,NYSE,2020/10/09 16:00:00,148.77,152.55,148.07,150.21,447846
WEX,NYSE,2020/10/12 16:00:00,170,170,155.9,156.15,1501337
WEX,NYSE,2020/10/13 16:00:00,154.94,156,151.36,152.24,405394
WEX,NYSE,2020/10/14 16:00:00,152.01,153.46,146.71,149.4,422672
WEX,NYSE,2020/10/15 16:00:00,146.02,149.64,145.33,149.35,275022
WEX,NYSE,2020/10/16 16:00:00,150.3,151.31,148.23,149.83,194234
WEX,NYSE,2020/10/19 16:00:00,150.22,152.24,146.64,147.15,482135
WEX,NYSE,2020/10/20 16:00:00,148.78,151.16,145.46,145.53,249947
WEX,NYSE,2020/10/21 16:00:00,145.09,146.02,142.72,143.83,275427
WEX,NYSE,2020/10/22 16:00:00,144.81,148.93,143.18,148.27,451831
WEX,NYSE,2020/10/23 16:00:00,149.99,150.04,145.79,146.49,386169
WEX,NYSE,2020/10/26 16:00:00,144.48,144.48,138.35,140.04,444488
WEX,NYSE,2020/10/27 16:00:00,140.39,142.22,137.82,138.25,385406
WEX,NYSE,2020/10/28 16:00:00,135,136.38,131.3,133.58,749085
WEX,NYSE,2020/10/29 16:00:00,128.75,130.27,124,126,1064877
WEX,NYSE,2020/10/30 16:00:00,124.11,126.85,122.64,126.55,517075
WEX,NYSE,2020/11/02 16:00:00,128.49,129.97,125.75,128.01,355977
WEX,NYSE,2020/11/03 16:00:00,130,134.35,129.79,133.66,385630
WEX,NYSE,2020/11/04 16:00:00,134.53,141.84,134.38,140.01,422005
WEX,NYSE,2020/11/05 16:00:00,141.95,143.04,140.3,140.97,266579
WEX,NYSE,2020/11/06 16:00:00,141.52,142.07,136.04,137.18,346391
WEX,NYSE,2020/11/09 16:00:00,150,172.05,145.5,171.21,1713035
WEX,NYSE,2020/11/10 16:00:00,170.26,178.92,168.18,178.49,932292
WEX,NYSE,2020/11/11 16:00:00,177.58,177.59,163.23,166.1,906001
WEX,NYSE,2020/11/12 16:00:00,163.89,164.64,157.89,159.51,435267
WEX,NYSE,2020/11/13 16:00:00,160.8,167.46,160.75,166.87,357378
WEX,NYSE,2020/11/16 16:00:00,172.01,175.48,169.31,173.46,489115
WEX,NYSE,2020/11/17 16:00:00,170.94,180.38,170.37,180.02,787580
WEX,NYSE,2020/11/18 16:00:00,179.63,180.37,175.5,175.65,399024
WEX,NYSE,2020/11/19 16:00:00,175,177.8,172.96,174.98,304228
WEX,NYSE,2020/11/20 16:00:00,174.15,174.44,169.59,171.71,309353
WEX,NYSE,2020/11/23 16:00:00,173.96,181.95,172.41,181.07,399399
WEX,NYSE,2020/11/24 16:00:00,184.72,189.68,183.86,184.7,568050
WEX,NYSE,2020/11/25 16:00:00,183.12,183.54,178.62,180.54,313563
WEX,NYSE,2020/11/27 13:00:00,181,181.72,178.95,181.52,103051
WEX,NYSE,2020/11/30 16:00:00,179.25,179.4,172.89,173.24,297487
WEX,NYSE,2020/12/01 16:00:00,175.69,183.55,175.69,179.12,435792
WEX,NYSE,2020/12/02 16:00:00,176.88,181.77,175.56,181.54,231742
WEX,NYSE,2020/12/03 16:00:00,179.85,184.86,178.9,181,270081
WEX,NYSE,2020/12/04 16:00:00,182.68,192.74,181.74,191.49,426495
WEX,NYSE,2020/12/07 16:00:00,190,192.57,189.4,191.32,491299
WEX,NYSE,2020/12/08 16:00:00,190.1,193.9,189.83,190.89,375449
WEX,NYSE,2020/12/09 16:00:00,193.28,193.8,188.8,189.73,402517
WEX,NYSE,2020/12/10 16:00:00,187.48,192.26,186.66,189.95,414596
WEX,NYSE,2020/12/11 16:00:00,187.46,189.21,185.43,187.75,236682
WEX,NYSE,2020/12/14 16:00:00,190.9,192.44,184.27,184.93,520211
WEX,NYSE,2020/12/15 16:00:00,190.32,204.35,188.98,204.33,881946
WEX,NYSE,2020/12/16 16:00:00,205.8,208.99,202.17,203.52,423244
WEX,NYSE,2020/12/17 16:00:00,205.19,206.66,202.24,204.76,288284
WEX,NYSE,2020/12/18 16:00:00,206.31,206.31,202.4,204.6,939033
WEX,NYSE,2020/12/21 16:00:00,197.9,200.08,194.37,199.77,372395
WEX,NYSE,2020/12/22 16:00:00,201,202.99,197.93,199.94,214386
WEX,NYSE,2020/12/23 16:00:00,200.73,204.03,200.07,203.11,141284
WEX,NYSE,2020/12/24 13:00:00,203.98,204,200.39,203.51,61159
WEX,NYSE,2020/12/28 16:00:00,204.94,204.94,200.46,201.4,152653
WEX,NYSE,2020/12/29 16:00:00,203.54,203.8,199.3,200.08,184598
WEX,NYSE,2020/12/30 16:00:00,200.45,203.96,200.45,201.13,160359
WEX,NYSE,2020/12/31 16:00:00,201.63,205.45,199.63,203.53,208088
WEX,NYSE,2021/01/04 16:00:00,204.68,204.68,193.48,197.21,265096
WEX,NYSE,2021/01/05 16:00:00,197.92,205.39,197.92,202.3,341875
WEX,NYSE,2021/01/06 16:00:00,198.99,213.26,198.99,211.5,469284
WEX,NYSE,2021/01/07 16:00:00,213.8,217.98,211.92,212.57,265541
WEX,NYSE,2021/01/08 16:00:00,213.24,214.05,210.2,212.02,231481
WEX,NYSE,2021/01/11 16:00:00,205.83,209.46,204.69,208.69,425110
WEX,NYSE,2021/01/12 16:00:00,209.48,211.49,207.68,209.72,340683
WEX,NYSE,2021/01/13 16:00:00,210.44,213.5,208.7,211.88,191613
WEX,NYSE,2021/01/14 16:00:00,213.78,215.6,210.73,212.08,320412
WEX,NYSE,2021/01/15 16:00:00,209.45,211.69,200.81,200.9,328144
WEX,NYSE,2021/01/19 16:00:00,203.86,206.31,200.74,202.24,281951
WEX,NYSE,2021/01/20 16:00:00,203.78,207.29,203.08,205.62,224000
WEX,NYSE,2021/01/21 16:00:00,205.96,206.37,202.67,202.92,156903
WEX,NYSE,2021/01/22 16:00:00,200.75,203.2,200.75,201.75,201078
WEX,NYSE,2021/01/25 16:00:00,201.58,202.94,192.53,197.43,342665
WEX,NYSE,2021/01/26 16:00:00,200.52,200.89,193.07,193.55,275004
WEX,NYSE,2021/01/27 16:00:00,189.37,191.35,185.02,187.22,356167
WEX,NYSE,2021/01/28 16:00:00,190.28,198,189.49,196.21,335374
WEX,NYSE,2021/01/29 16:00:00,196.53,196.53,187.43,188.6,394641
WEX,NYSE,2021/02/01 16:00:00,191.67,196.31,190.15,195.74,242260
WEX,NYSE,2021/02/02 16:00:00,199.51,200.26,195.74,196.48,257451
WEX,NYSE,2021/02/03 16:00:00,195.68,197.64,193.76,195.12,224648
WEX,NYSE,2021/02/04 16:00:00,199.04,202.69,195.77,200.04,289281
WEX,NYSE,2021/02/05 16:00:00,203.99,205.37,197.72,198.98,226430
WEX,NYSE,2021/02/08 16:00:00,200.82,207.75,198.56,207.69,295563
WEX,NYSE,2021/02/09 16:00:00,206.71,209.64,203.79,208.31,182017
WEX,NYSE,2021/02/10 16:00:00,208.8,215.28,208.8,214.5,370888
WEX,NYSE,2021/02/11 16:00:00,216.3,222.25,216.3,219.36,363205
WEX,NYSE,2021/02/12 16:00:00,219.41,221.64,218.93,221.4,219492
WEX,NYSE,2021/02/16 16:00:00,223,229.73,221.64,223.56,395002
WEX,NYSE,2021/02/17 16:00:00,221.2,227.2,221.2,224.67,211838
WEX,NYSE,2021/02/18 16:00:00,222.27,224.77,217.22,218.81,363157
WEX,NYSE,2021/02/19 16:00:00,220.59,222.25,218.63,221.19,143504
WEX,NYSE,2021/02/22 16:00:00,218.9,229.36,218.03,226.82,262710
WEX,NYSE,2021/02/23 16:00:00,225.96,230.4,219.8,229.92,386252
WEX,NYSE,2021/02/24 16:00:00,227.32,234.64,215.49,230,702067
WEX,NYSE,2021/02/25 16:00:00,225.13,229.13,215.3,217.95,508562
WEX,NYSE,2021/02/26 16:00:00,216.31,219.59,205,208.35,876117
WEX,NYSE,2021/03/01 16:00:00,210,218.21,209.65,214.01,550646
WEX,NYSE,2021/03/02 16:00:00,214.03,217.01,210.44,215.02,385501
WEX,NYSE,2021/03/03 16:00:00,214.67,218.69,212.98,215.39,661835
WEX,NYSE,2021/03/04 16:00:00,215.08,216.4,205.4,209.49,720618
WEX,NYSE,2021/03/05 16:00:00,212.44,214.99,201.16,213.97,791876
WEX,NYSE,2021/03/08 16:00:00,217.57,224.31,215.12,216.33,466423
WEX,NYSE,2021/03/09 16:00:00,217.06,221.54,212.65,212.73,402838
WEX,NYSE,2021/03/10 16:00:00,214.19,216.95,209.52,212.97,314743
WEX,NYSE,2021/03/11 16:00:00,215.55,220.62,215.25,218.32,349968
WEX,NYSE,2021/03/12 16:00:00,218.59,221.9,217.33,221.08,284892
WEX,NYSE,2021/03/15 16:00:00,223.02,226.72,221.87,226.02,263458
WEX,NYSE,2021/03/16 16:00:00,226.7,226.73,218.84,221.33,227197
WEX,NYSE,2021/03/17 16:00:00,221.79,229.4,219.26,228.44,337619
WEX,NYSE,2021/03/18 16:00:00,226.73,229.2,218.25,219.66,424771
WEX,NYSE,2021/03/19 16:00:00,217.35,220.35,214.41,215.25,441787
WEX,NYSE,2021/03/22 16:00:00,214.06,216.45,212.38,213.5,203742
WEX,NYSE,2021/03/23 16:00:00,212.02,213.07,205.87,206.46,355571
WEX,NYSE,2021/03/24 16:00:00,209.14,215.58,208.51,209.78,311527
WEX,NYSE,2021/03/25 16:00:00,207.79,214.46,204.38,212.97,275824
WEX,NYSE,2021/03/26 16:00:00,215.9,220.66,214.21,219.69,402530
WEX,NYSE,2021/03/29 16:00:00,208.47,218.63,207.23,215.87,346433
WEX,NYSE,2021/03/30 16:00:00,215.18,217.82,212.14,212.93,220908
WEX,NYSE,2021/03/31 16:00:00,213.16,213.91,208.57,209.22,404268
WEX,NYSE,2021/04/01 16:00:00,211.97,217.12,211.97,216.44,282153
WEX,NYSE,2021/04/05 16:00:00,215.79,219.74,212.8,215.17,289873
WEX,NYSE,2021/04/06 16:00:00,213.46,219.89,213.2,218.93,281894
WEX,NYSE,2021/04/07 16:00:00,218.16,220.92,214.43,215.26,228580
WEX,NYSE,2021/04/08 16:00:00,216.9,217.79,213.06,217.01,634607
WEX,NYSE,2021/04/09 16:00:00,216.56,220.04,215.24,219.31,126916
AQN,NYSE,2019/04/01 16:00:00,11.29,11.31,11.1,11.22,243755
AQN,NYSE,2019/04/02 16:00:00,11.22,11.29,11.13,11.29,517372
AQN,NYSE,2019/04/03 16:00:00,11.35,11.41,11.23,11.34,331393
AQN,NYSE,2019/04/04 16:00:00,11.35,11.42,11.24,11.31,391117
AQN,NYSE,2019/04/05 16:00:00,11.34,11.39,11.24,11.38,202440
AQN,NYSE,2019/04/08 16:00:00,11.4,11.43,11.34,11.4,319757
AQN,NYSE,2019/04/09 16:00:00,11.39,11.49,11.37,11.43,352076
AQN,NYSE,2019/04/10 16:00:00,11.44,11.6,11.43,11.48,295136
AQN,NYSE,2019/04/11 16:00:00,11.5,11.5,11.39,11.46,199442
AQN,NYSE,2019/04/12 16:00:00,11.5,11.53,11.44,11.48,289713
AQN,NYSE,2019/04/15 16:00:00,11.52,11.54,11.45,11.46,170542
AQN,NYSE,2019/04/16 16:00:00,11.48,11.54,11.4,11.4,217852
AQN,NYSE,2019/04/17 16:00:00,11.46,11.48,11.36,11.47,223046
AQN,NYSE,2019/04/18 16:00:00,11.49,11.52,11.42,11.46,194768
AQN,NYSE,2019/04/22 16:00:00,11.49,11.55,11.43,11.49,240683
AQN,NYSE,2019/04/23 16:00:00,11.43,11.51,11.37,11.42,342470
AQN,NYSE,2019/04/24 16:00:00,11.43,11.43,11.31,11.36,219137
AQN,NYSE,2019/04/25 16:00:00,11.37,11.45,11.31,11.4,358832
AQN,NYSE,2019/04/26 16:00:00,11.4,11.44,11.36,11.37,152971
AQN,NYSE,2019/04/29 16:00:00,11.37,11.37,11.26,11.29,195744
AQN,NYSE,2019/04/30 16:00:00,11.26,11.42,11.23,11.4,187103
AQN,NYSE,2019/05/01 16:00:00,11.4,11.4,11.24,11.28,330784
AQN,NYSE,2019/05/02 16:00:00,11.29,11.34,11.26,11.29,255007
AQN,NYSE,2019/05/03 16:00:00,11.34,11.38,11.29,11.32,152203
AQN,NYSE,2019/05/06 16:00:00,11.28,11.41,11.23,11.31,921372
AQN,NYSE,2019/05/07 16:00:00,11.28,11.33,11.22,11.25,258655
AQN,NYSE,2019/05/08 16:00:00,11.26,11.31,11.14,11.29,589808
AQN,NYSE,2019/05/09 16:00:00,11.29,11.37,11.22,11.34,372728
AQN,NYSE,2019/05/10 16:00:00,11.45,11.45,11.22,11.38,759769
AQN,NYSE,2019/05/13 16:00:00,11.32,11.39,11.25,11.38,435253
AQN,NYSE,2019/05/14 16:00:00,11.39,11.49,11.33,11.34,589134
AQN,NYSE,2019/05/15 16:00:00,11.39,11.55,11.33,11.52,859179
AQN,NYSE,2019/05/16 16:00:00,11.55,11.71,11.55,11.59,384369
AQN,NYSE,2019/05/17 16:00:00,11.58,11.69,11.55,11.66,271078
AQN,NYSE,2019/05/20 16:00:00,11.67,11.7,11.61,11.69,121298
AQN,NYSE,2019/05/21 16:00:00,11.73,11.81,11.64,11.65,346698
AQN,NYSE,2019/05/22 16:00:00,11.67,11.71,11.63,11.66,240729
AQN,NYSE,2019/05/23 16:00:00,11.65,11.75,11.61,11.72,211708
AQN,NYSE,2019/05/24 16:00:00,11.75,11.83,11.72,11.75,203273
AQN,NYSE,2019/05/28 16:00:00,11.78,11.87,11.76,11.79,382394
AQN,NYSE,2019/05/29 16:00:00,11.77,11.82,11.67,11.71,243085
AQN,NYSE,2019/05/30 16:00:00,11.72,11.78,11.65,11.69,164634
AQN,NYSE,2019/05/31 16:00:00,11.66,11.71,11.61,11.65,291203
AQN,NYSE,2019/06/03 16:00:00,11.7,11.8,11.63,11.75,286357
AQN,NYSE,2019/06/04 16:00:00,11.84,11.87,11.72,11.8,273760
AQN,NYSE,2019/06/05 16:00:00,11.86,12.03,11.84,11.95,262855
AQN,NYSE,2019/06/06 16:00:00,11.98,12.2,11.95,12.16,328284
AQN,NYSE,2019/06/07 16:00:00,12.25,12.34,12.23,12.27,177234
AQN,NYSE,2019/06/10 16:00:00,12.33,12.33,12.07,12.11,259720
AQN,NYSE,2019/06/11 16:00:00,12.13,12.19,12.04,12.13,295480
AQN,NYSE,2019/06/12 16:00:00,12.13,12.31,12.13,12.16,304676
AQN,NYSE,2019/06/13 16:00:00,12.17,12.22,12.13,12.16,161259
AQN,NYSE,2019/06/14 16:00:00,12.21,12.22,12.13,12.18,669921
AQN,NYSE,2019/06/17 16:00:00,12.16,12.23,12.13,12.22,289737
AQN,NYSE,2019/06/18 16:00:00,12.23,12.26,12.18,12.23,215889
AQN,NYSE,2019/06/19 16:00:00,12.27,12.4,12.22,12.36,242893
AQN,NYSE,2019/06/20 16:00:00,12.48,12.53,12.38,12.5,294005
AQN,NYSE,2019/06/21 16:00:00,12.48,12.52,12.38,12.47,699287
AQN,NYSE,2019/06/24 16:00:00,12.54,12.56,12.35,12.44,426391
AQN,NYSE,2019/06/25 16:00:00,12.46,12.48,12.37,12.39,284146
AQN,NYSE,2019/06/26 16:00:00,12.37,12.39,12.22,12.31,214790
AQN,NYSE,2019/06/27 16:00:00,12.24,12.27,11.99,12.09,385590
AQN,NYSE,2019/06/28 16:00:00,12.13,12.19,12.08,12.11,275250
AQN,NYSE,2019/07/01 16:00:00,12.16,12.17,12.01,12.04,186223
AQN,NYSE,2019/07/02 16:00:00,12.15,12.24,12.05,12.18,244074
AQN,NYSE,2019/07/03 13:00:00,12.21,12.43,12.21,12.37,268890
AQN,NYSE,2019/07/05 16:00:00,12.38,12.38,12.18,12.32,211282
AQN,NYSE,2019/07/08 16:00:00,12.35,12.35,12.27,12.34,223093
AQN,NYSE,2019/07/09 16:00:00,12.32,12.39,12.26,12.35,356217
AQN,NYSE,2019/07/10 16:00:00,12.39,12.47,12.34,12.41,285550
AQN,NYSE,2019/07/11 16:00:00,12.46,12.47,12.38,12.45,361453
AQN,NYSE,2019/07/12 16:00:00,12.43,12.48,12.38,12.46,320346
AQN,NYSE,2019/07/15 16:00:00,12.47,12.5,12.36,12.4,314851
AQN,NYSE,2019/07/16 16:00:00,12.39,12.45,12.31,12.43,1042080
AQN,NYSE,2019/07/17 16:00:00,12.48,12.59,12.47,12.54,269150
AQN,NYSE,2019/07/18 16:00:00,12.5,12.67,12.49,12.64,225788
AQN,NYSE,2019/07/19 16:00:00,12.63,12.67,12.5,12.54,207771
AQN,NYSE,2019/07/22 16:00:00,12.55,12.58,12.47,12.5,291299
AQN,NYSE,2019/07/23 16:00:00,12.51,12.52,12.4,12.5,191925
AQN,NYSE,2019/07/24 16:00:00,12.49,12.49,12.32,12.43,271192
AQN,NYSE,2019/07/25 16:00:00,12.45,12.55,12.44,12.46,266294
AQN,NYSE,2019/07/26 16:00:00,12.5,12.57,12.46,12.51,295586
AQN,NYSE,2019/07/29 16:00:00,12.51,12.63,12.5,12.58,314018
AQN,NYSE,2019/07/30 16:00:00,12.57,12.63,12.51,12.54,171558
AQN,NYSE,2019/07/31 16:00:00,12.58,12.6,12.37,12.45,262832
AQN,NYSE,2019/08/01 16:00:00,12.44,12.66,12.43,12.63,455136
AQN,NYSE,2019/08/02 16:00:00,12.65,12.79,12.58,12.76,402246
AQN,NYSE,2019/08/05 16:00:00,12.75,12.76,12.58,12.61,253198
AQN,NYSE,2019/08/06 16:00:00,12.71,12.82,12.69,12.8,577583
AQN,NYSE,2019/08/07 16:00:00,12.76,12.92,12.68,12.88,303401
AQN,NYSE,2019/08/08 16:00:00,12.81,12.99,12.73,12.94,379357
AQN,NYSE,2019/08/09 16:00:00,12.9,13.01,12.87,12.97,283505
AQN,NYSE,2019/08/12 16:00:00,13,13.06,12.87,12.9,336285
AQN,NYSE,2019/08/13 16:00:00,12.93,13.07,12.88,12.98,236243
AQN,NYSE,2019/08/14 16:00:00,13.06,13.06,12.86,12.91,272567
AQN,NYSE,2019/08/15 16:00:00,12.88,12.93,12.78,12.9,698713
AQN,NYSE,2019/08/16 16:00:00,12.85,12.93,12.84,12.88,425706
AQN,NYSE,2019/08/19 16:00:00,12.9,13.01,12.86,12.93,274064
AQN,NYSE,2019/08/20 16:00:00,12.91,12.98,12.9,12.94,281511
AQN,NYSE,2019/08/21 16:00:00,12.92,12.99,12.92,12.98,291617
AQN,NYSE,2019/08/22 16:00:00,12.96,13,12.91,12.92,220013
AQN,NYSE,2019/08/23 16:00:00,12.89,12.95,12.8,12.81,206553
AQN,NYSE,2019/08/26 16:00:00,12.84,12.9,12.8,12.86,216602
AQN,NYSE,2019/08/27 16:00:00,12.88,12.98,12.87,12.91,350778
AQN,NYSE,2019/08/28 16:00:00,12.91,13.02,12.86,12.98,299333
AQN,NYSE,2019/08/29 16:00:00,13.02,13.05,12.88,13.01,383593
AQN,NYSE,2019/08/30 16:00:00,13.06,13.1,13.01,13.07,186182
AQN,NYSE,2019/09/03 16:00:00,13.05,13.19,13.04,13.17,311788
AQN,NYSE,2019/09/04 16:00:00,13.21,13.4,13.21,13.37,405773
AQN,NYSE,2019/09/05 16:00:00,13.45,13.49,13.19,13.3,320572
AQN,NYSE,2019/09/06 16:00:00,13.3,13.37,13.26,13.3,127474
AQN,NYSE,2019/09/09 16:00:00,13.3,13.3,13.17,13.26,222731
AQN,NYSE,2019/09/10 16:00:00,13.25,13.25,13.05,13.18,231113
AQN,NYSE,2019/09/11 16:00:00,13.22,13.22,13.07,13.15,206176
AQN,NYSE,2019/09/12 16:00:00,13.17,13.5,13.17,13.45,337463
AQN,NYSE,2019/09/13 16:00:00,13.44,13.47,13.28,13.34,250660
AQN,NYSE,2019/09/16 16:00:00,13.38,13.51,13.34,13.49,349251
AQN,NYSE,2019/09/17 16:00:00,13.56,13.62,13.48,13.54,529676
AQN,NYSE,2019/09/18 16:00:00,13.55,13.58,13.33,13.46,251455
AQN,NYSE,2019/09/19 16:00:00,13.48,13.63,13.46,13.52,363508
AQN,NYSE,2019/09/20 16:00:00,13.58,13.61,13.45,13.6,716905
AQN,NYSE,2019/09/23 16:00:00,13.63,13.7,13.56,13.58,314734
AQN,NYSE,2019/09/24 16:00:00,13.61,13.88,13.6,13.81,424589
AQN,NYSE,2019/09/25 16:00:00,13.81,13.84,13.69,13.76,472630
AQN,NYSE,2019/09/26 16:00:00,13.82,13.93,13.81,13.84,583096
AQN,NYSE,2019/09/27 16:00:00,13.8,13.85,13.57,13.65,427809
AQN,NYSE,2019/09/30 16:00:00,13.67,13.88,13.63,13.7,487975
AQN,NYSE,2019/10/01 16:00:00,13.69,13.77,13.61,13.65,2526320
AQN,NYSE,2019/10/02 16:00:00,13.61,13.61,13.39,13.53,439852
AQN,NYSE,2019/10/03 16:00:00,13.52,13.78,13.5,13.74,2533878
AQN,NYSE,2019/10/04 16:00:00,13.76,14,13.75,13.94,584912
AQN,NYSE,2019/10/07 16:00:00,14,14.12,13.97,14.06,487583
AQN,NYSE,2019/10/08 16:00:00,13.81,14.45,13.67,14.03,921138
AQN,NYSE,2019/10/09 16:00:00,14.04,14.04,13.75,13.81,538730
AQN,NYSE,2019/10/10 16:00:00,13.76,13.98,13.65,13.88,886960
AQN,NYSE,2019/10/11 16:00:00,13.75,13.85,13.43,13.63,8386268
AQN,NYSE,2019/10/14 16:00:00,13.63,13.63,13.02,13.33,3039869
AQN,NYSE,2019/10/15 16:00:00,13.33,13.57,13.33,13.52,2812620
AQN,NYSE,2019/10/16 16:00:00,13.51,13.57,13.41,13.49,1331899
AQN,NYSE,2019/10/17 16:00:00,13.52,13.61,13.46,13.55,767627
AQN,NYSE,2019/10/18 16:00:00,13.55,13.69,13.52,13.67,733278
AQN,NYSE,2019/10/21 16:00:00,13.65,13.91,13.61,13.88,867271
AQN,NYSE,2019/10/22 16:00:00,13.89,14.01,13.83,13.86,909279
AQN,NYSE,2019/10/23 16:00:00,13.83,13.98,13.83,13.91,793615
AQN,NYSE,2019/10/24 16:00:00,13.95,14.03,13.92,14.02,1882043
AQN,NYSE,2019/10/25 16:00:00,14,14.01,13.66,13.7,1637924
AQN,NYSE,2019/10/28 16:00:00,13.6,13.72,13.43,13.51,1312631
AQN,NYSE,2019/10/29 16:00:00,13.51,13.53,13.34,13.45,751344
AQN,NYSE,2019/10/30 16:00:00,13.43,13.65,13.43,13.59,582086
AQN,NYSE,2019/10/31 16:00:00,13.59,13.84,13.59,13.72,778767
AQN,NYSE,2019/11/01 16:00:00,13.72,13.84,13.65,13.73,460672
AQN,NYSE,2019/11/04 16:00:00,13.75,13.75,13.58,13.61,492118
AQN,NYSE,2019/11/05 16:00:00,13.58,13.65,13.34,13.4,720751
AQN,NYSE,2019/11/06 16:00:00,13.38,13.66,13.38,13.54,390155
AQN,NYSE,2019/11/07 16:00:00,13.53,13.6,13.39,13.47,573554
AQN,NYSE,2019/11/08 16:00:00,13.44,13.61,13.31,13.46,1151916
AQN,NYSE,2019/11/11 16:00:00,13.5,13.69,13.48,13.55,680620
AQN,NYSE,2019/11/12 16:00:00,13.55,13.61,13.45,13.5,887537
AQN,NYSE,2019/11/13 16:00:00,13.54,13.75,13.51,13.59,1174359
AQN,NYSE,2019/11/14 16:00:00,13.6,13.87,13.6,13.77,1184640
AQN,NYSE,2019/11/15 16:00:00,13.79,13.87,13.76,13.81,364027
AQN,NYSE,2019/11/18 16:00:00,13.73,14,13.72,13.92,664196
AQN,NYSE,2019/11/19 16:00:00,13.9,13.96,13.82,13.84,730510
AQN,NYSE,2019/11/20 16:00:00,13.82,13.92,13.79,13.86,1244736
AQN,NYSE,2019/11/21 16:00:00,13.89,13.92,13.68,13.89,1054245
AQN,NYSE,2019/11/22 16:00:00,13.88,14,13.84,13.92,1179933
AQN,NYSE,2019/11/25 16:00:00,13.9,13.97,13.63,13.72,1184195
AQN,NYSE,2019/11/26 16:00:00,13.72,13.97,13.72,13.78,3903037
AQN,NYSE,2019/11/27 16:00:00,13.83,13.94,13.75,13.92,904165
AQN,NYSE,2019/11/29 13:00:00,13.92,14.04,13.83,13.96,660512
AQN,NYSE,2019/12/02 16:00:00,13.96,14.06,13.91,14.04,780555
AQN,NYSE,2019/12/03 16:00:00,14.08,14.24,14.07,14.2,1116001
AQN,NYSE,2019/12/04 16:00:00,14.28,14.61,14.25,14.31,1332117
AQN,NYSE,2019/12/05 16:00:00,14.28,14.36,14.24,14.34,1228380
AQN,NYSE,2019/12/06 16:00:00,14.28,14.35,14.15,14.22,582582
AQN,NYSE,2019/12/09 16:00:00,14.24,14.35,14.21,14.28,311548
AQN,NYSE,2019/12/10 16:00:00,14.25,14.35,14.24,14.29,395638
AQN,NYSE,2019/12/11 16:00:00,14.26,14.35,14.2,14.27,523347
AQN,NYSE,2019/12/12 16:00:00,14.25,14.33,13.95,14.04,622830
AQN,NYSE,2019/12/13 16:00:00,14.04,14.11,13.9,14.07,539220
AQN,NYSE,2019/12/16 16:00:00,14.17,14.25,14.1,14.25,790935
AQN,NYSE,2019/12/17 16:00:00,14.23,14.29,14.09,14.11,405687
AQN,NYSE,2019/12/18 16:00:00,14.11,14.23,14.01,14.07,690968
AQN,NYSE,2019/12/19 16:00:00,14.08,14.13,14,14.08,370520
AQN,NYSE,2019/12/20 16:00:00,14.1,14.17,14.02,14.13,545654
AQN,NYSE,2019/12/23 16:00:00,14.13,14.18,14.03,14.09,332054
AQN,NYSE,2019/12/24 13:00:00,14.07,14.14,14.04,14.13,148705
AQN,NYSE,2019/12/26 16:00:00,14.12,14.24,14.11,14.17,128664
AQN,NYSE,2019/12/27 16:00:00,14.2,14.27,14.16,14.25,352539
AQN,NYSE,2019/12/30 16:00:00,14.15,14.17,13.98,14.07,375892
AQN,NYSE,2019/12/31 16:00:00,14.13,14.21,14.08,14.15,393481
AQN,NYSE,2020/01/02 16:00:00,14.16,14.16,13.93,14.04,496475
AQN,NYSE,2020/01/03 16:00:00,14.04,14.26,14.01,14.13,539229
AQN,NYSE,2020/01/06 16:00:00,14.15,14.2,14.12,14.16,499375
AQN,NYSE,2020/01/07 16:00:00,14.11,14.24,14.11,14.18,1331365
AQN,NYSE,2020/01/08 16:00:00,14.18,14.19,14.01,14.04,872091
AQN,NYSE,2020/01/09 16:00:00,14.05,14.28,14.05,14.25,734035
AQN,NYSE,2020/01/10 16:00:00,14.29,14.41,14.27,14.31,717576
AQN,NYSE,2020/01/13 16:00:00,14.34,14.41,14.3,14.39,585002
AQN,NYSE,2020/01/14 16:00:00,14.4,14.45,14.26,14.35,497470
AQN,NYSE,2020/01/15 16:00:00,14.4,14.58,14.4,14.53,926692
AQN,NYSE,2020/01/16 16:00:00,14.56,14.66,14.52,14.62,668883
AQN,NYSE,2020/01/17 16:00:00,14.63,14.81,14.63,14.77,382095
AQN,NYSE,2020/01/21 16:00:00,14.8,15.02,14.79,14.95,977476
AQN,NYSE,2020/01/22 16:00:00,15.03,15.1,14.98,14.99,550531
AQN,NYSE,2020/01/23 16:00:00,15,15.14,14.99,15.1,664329
AQN,NYSE,2020/01/24 16:00:00,15.13,15.19,15.07,15.1,485642
AQN,NYSE,2020/01/27 16:00:00,15.07,15.18,15.01,15.11,570722
AQN,NYSE,2020/01/28 16:00:00,15.14,15.18,15.05,15.14,366258
AQN,NYSE,2020/01/29 16:00:00,15.17,15.27,15.07,15.22,384365
AQN,NYSE,2020/01/30 16:00:00,15.23,15.41,15.18,15.35,445004
AQN,NYSE,2020/01/31 16:00:00,15.35,15.5,15.25,15.31,642336
AQN,NYSE,2020/02/03 16:00:00,15.33,15.47,15.28,15.4,504916
AQN,NYSE,2020/02/04 16:00:00,15.42,15.45,15.29,15.36,631571
AQN,NYSE,2020/02/05 16:00:00,15.37,15.47,15.26,15.45,655826
AQN,NYSE,2020/02/06 16:00:00,15.37,15.47,14.91,15.07,1702198
AQN,NYSE,2020/02/07 16:00:00,15.2,15.6,15.13,15.57,1426762
AQN,NYSE,2020/02/10 16:00:00,15.56,15.86,15.54,15.78,702170
AQN,NYSE,2020/02/11 16:00:00,15.79,16.09,15.79,16.02,882692
AQN,NYSE,2020/02/12 16:00:00,16,16.17,15.84,16.12,1033246
AQN,NYSE,2020/02/13 16:00:00,16.1,16.34,16.06,16.28,823433
AQN,NYSE,2020/02/14 16:00:00,16.3,16.51,16.27,16.47,917170
AQN,NYSE,2020/02/18 16:00:00,16.48,16.64,16.45,16.49,697666
AQN,NYSE,2020/02/19 16:00:00,16.52,16.59,16.41,16.57,655756
AQN,NYSE,2020/02/20 16:00:00,16.55,16.61,16.43,16.56,440614
AQN,NYSE,2020/02/21 16:00:00,16.59,16.85,16.54,16.78,785334
AQN,NYSE,2020/02/24 16:00:00,16.68,16.73,16.49,16.55,867316
AQN,NYSE,2020/02/25 16:00:00,16.6,16.63,16.22,16.27,740160
AQN,NYSE,2020/02/26 16:00:00,16.17,16.42,16.11,16.17,785847
AQN,NYSE,2020/02/27 16:00:00,15.94,16,15.21,15.25,1505112
AQN,NYSE,2020/02/28 16:00:00,14.77,15.33,14.35,14.92,2088202
AQN,NYSE,2020/03/02 16:00:00,15,15.65,15,15.62,1545875
AQN,NYSE,2020/03/03 16:00:00,15.82,16.35,15.66,16.01,1504658
AQN,NYSE,2020/03/04 16:00:00,16.21,16.68,16.2,16.61,876864
AQN,NYSE,2020/03/05 16:00:00,16.33,16.68,16.27,16.57,990179
AQN,NYSE,2020/03/06 16:00:00,16.22,16.48,15.93,16.48,916789
AQN,NYSE,2020/03/09 16:00:00,15.11,15.63,14.13,14.91,1201339
AQN,NYSE,2020/03/10 16:00:00,15.03,15.23,14.21,14.51,1331507
AQN,NYSE,2020/03/11 16:00:00,14.41,14.41,13.45,13.65,2143716
AQN,NYSE,2020/03/12 16:00:00,12.13,12.51,11.06,11.8,1612922
AQN,NYSE,2020/03/13 16:00:00,12.5,13.12,11.9,13.08,1743621
AQN,NYSE,2020/03/16 16:00:00,11.84,12.64,11.5,11.63,973358
AQN,NYSE,2020/03/17 16:00:00,11.84,12.63,11.23,12.54,1372911
AQN,NYSE,2020/03/18 16:00:00,11.75,12.4,11.19,11.73,1276223
AQN,NYSE,2020/03/19 16:00:00,11.53,12.24,10.74,11.98,857077
AQN,NYSE,2020/03/20 16:00:00,12.18,12.54,11.17,11.25,1445098
AQN,NYSE,2020/03/23 16:00:00,10.86,11.2,9.53,9.59,1758639
AQN,NYSE,2020/03/24 16:00:00,10.05,10.63,10.01,10.55,1336247
AQN,NYSE,2020/03/25 16:00:00,10.65,12.32,10.46,12,1900582
AQN,NYSE,2020/03/26 16:00:00,11.99,13.07,11.99,12.93,1489204
AQN,NYSE,2020/03/27 16:00:00,12.39,12.96,11.68,12.52,1040418
AQN,NYSE,2020/03/30 16:00:00,12.48,12.65,12.01,12.62,1035799
AQN,NYSE,2020/03/31 16:00:00,12.5,13.51,12.5,13.4,1786188
AQN,NYSE,2020/04/01 16:00:00,12.92,13.14,12.35,12.54,1226842
AQN,NYSE,2020/04/02 16:00:00,12.41,12.67,12.3,12.61,942827
AQN,NYSE,2020/04/03 16:00:00,12.57,12.82,12.4,12.61,684466
AQN,NYSE,2020/04/06 16:00:00,12.99,13.69,12.83,13.67,1359717
AQN,NYSE,2020/04/07 16:00:00,14.29,14.4,13.28,13.47,1246113
AQN,NYSE,2020/04/08 16:00:00,13.62,13.93,13.31,13.7,767230
AQN,NYSE,2020/04/09 16:00:00,13.92,14.27,13.77,14.04,820304
AQN,NYSE,2020/04/13 16:00:00,14,14.34,13.68,14.11,790902
AQN,NYSE,2020/04/14 16:00:00,14.3,14.53,14.11,14.38,902906
AQN,NYSE,2020/04/15 16:00:00,14.07,14.07,13.6,13.62,766298
AQN,NYSE,2020/04/16 16:00:00,13.7,13.88,13.44,13.67,727879
AQN,NYSE,2020/04/17 16:00:00,14.1,14.11,13.69,14.1,725526
AQN,NYSE,2020/04/20 16:00:00,13.99,14.19,13.54,14.02,929040
AQN,NYSE,2020/04/21 16:00:00,13.75,14.09,13.54,13.58,640236
AQN,NYSE,2020/04/22 16:00:00,13.96,13.96,13.65,13.8,523622
AQN,NYSE,2020/04/23 16:00:00,13.52,13.87,13.3,13.46,893506
AQN,NYSE,2020/04/24 16:00:00,13.53,13.62,13.36,13.51,519712
AQN,NYSE,2020/04/27 16:00:00,13.4,13.86,13.34,13.84,526165
AQN,NYSE,2020/04/28 16:00:00,14.05,14.25,13.94,14.19,699697
AQN,NYSE,2020/04/29 16:00:00,14.38,14.7,14.25,14.43,2375979
AQN,NYSE,2020/04/30 16:00:00,14.24,14.31,13.64,13.85,703386
AQN,NYSE,2020/05/01 16:00:00,13.54,13.65,13.26,13.37,478142
AQN,NYSE,2020/05/04 16:00:00,13.29,13.45,13.14,13.41,571667
AQN,NYSE,2020/05/05 16:00:00,13.52,13.89,13.52,13.74,642693
AQN,NYSE,2020/05/06 16:00:00,13.89,13.91,13.57,13.6,509500
AQN,NYSE,2020/05/07 16:00:00,13.79,13.81,13.54,13.67,830909
AQN,NYSE,2020/05/08 16:00:00,13.41,13.73,13.36,13.64,742754
AQN,NYSE,2020/05/11 16:00:00,13.56,13.85,13.45,13.83,946059
AQN,NYSE,2020/05/12 16:00:00,13.89,14,13.43,13.46,462326
AQN,NYSE,2020/05/13 16:00:00,13.41,13.62,13.07,13.19,859212
AQN,NYSE,2020/05/14 16:00:00,13.01,13.32,12.74,13.29,665438
AQN,NYSE,2020/05/15 16:00:00,13.22,13.33,13.02,13.31,841889
AQN,NYSE,2020/05/18 16:00:00,13.69,13.79,13.52,13.73,403475
AQN,NYSE,2020/05/19 16:00:00,13.81,13.91,13.45,13.76,646739
AQN,NYSE,2020/05/20 16:00:00,14,14,13.41,13.45,448504
AQN,NYSE,2020/05/21 16:00:00,13.42,13.55,13.27,13.29,575311
AQN,NYSE,2020/05/22 16:00:00,13.26,13.44,13.08,13.43,362012
AQN,NYSE,2020/05/26 16:00:00,13.64,13.8,13.56,13.75,633931
AQN,NYSE,2020/05/27 16:00:00,13.88,13.88,13.52,13.77,392380
AQN,NYSE,2020/05/28 16:00:00,13.84,14.1,13.79,14.08,485249
AQN,NYSE,2020/05/29 16:00:00,14.03,14.18,13.92,14,678871
AQN,NYSE,2020/06/01 16:00:00,14.05,14.27,13.92,14.22,677359
AQN,NYSE,2020/06/02 16:00:00,14.31,14.4,14.15,14.21,522639
AQN,NYSE,2020/06/03 16:00:00,14.3,14.7,13.96,14.64,962635
AQN,NYSE,2020/06/04 16:00:00,14.62,14.65,14.35,14.42,639259
AQN,NYSE,2020/06/05 16:00:00,14.7,14.74,14.37,14.42,1201504
AQN,NYSE,2020/06/08 16:00:00,14.48,14.62,14.37,14.5,613819
AQN,NYSE,2020/06/09 16:00:00,14.47,14.47,14.09,14.32,453147
AQN,NYSE,2020/06/10 16:00:00,14.36,14.4,14.12,14.19,526342
AQN,NYSE,2020/06/11 16:00:00,13.87,13.89,13.32,13.34,702948
AQN,NYSE,2020/06/12 16:00:00,13.75,13.94,13.56,13.81,1064571
AQN,NYSE,2020/06/15 16:00:00,13.56,14.31,13.49,14.15,1645948
AQN,NYSE,2020/06/16 16:00:00,14.51,14.51,13.86,14.01,1040711
AQN,NYSE,2020/06/17 16:00:00,14.07,14.11,13.8,13.87,713830
AQN,NYSE,2020/06/18 16:00:00,13.8,13.93,13.78,13.86,526179
AQN,NYSE,2020/06/19 16:00:00,13.94,14.02,13.37,13.43,1837942
AQN,NYSE,2020/06/22 16:00:00,13.5,13.63,13.27,13.46,631359
AQN,NYSE,2020/06/23 16:00:00,13.53,13.57,13.22,13.4,1192708
AQN,NYSE,2020/06/24 16:00:00,13.35,13.35,13.05,13.19,812162
AQN,NYSE,2020/06/25 16:00:00,13.06,13.1,12.77,13.06,1092277
AQN,NYSE,2020/06/26 16:00:00,13.12,13.19,12.61,12.68,1239813
AQN,NYSE,2020/06/29 16:00:00,12.57,12.93,12.54,12.83,593404
AQN,NYSE,2020/06/30 16:00:00,12.83,12.99,12.78,12.94,710939
AQN,NYSE,2020/07/01 16:00:00,12.97,13.11,12.91,13.07,322595
AQN,NYSE,2020/07/02 16:00:00,13.27,13.27,13,13.05,581294
AQN,NYSE,2020/07/06 16:00:00,13.17,13.22,13,13.22,1146467
AQN,NYSE,2020/07/07 16:00:00,13.12,13.21,12.96,13.01,1206159
AQN,NYSE,2020/07/08 16:00:00,13.03,13.24,12.96,12.97,843675
AQN,NYSE,2020/07/09 16:00:00,12.6,12.6,12.45,12.55,1295302
AQN,NYSE,2020/07/10 16:00:00,12.55,12.97,12.51,12.96,908155
AQN,NYSE,2020/07/13 16:00:00,13.05,13.54,12.94,13.33,1217007
AQN,NYSE,2020/07/14 16:00:00,13.31,13.61,13.22,13.6,1071963
AQN,NYSE,2020/07/15 16:00:00,13.72,13.73,13.44,13.59,1075178
AQN,NYSE,2020/07/16 16:00:00,13.56,13.8,13.53,13.67,777496
AQN,NYSE,2020/07/17 16:00:00,13.75,13.83,13.63,13.8,905529
AQN,NYSE,2020/07/20 16:00:00,13.68,13.8,13.38,13.5,1139848
AQN,NYSE,2020/07/21 16:00:00,13.63,13.63,13.32,13.37,1338032
AQN,NYSE,2020/07/22 16:00:00,13.38,13.48,13.24,13.48,2144464
AQN,NYSE,2020/07/23 16:00:00,13.5,13.6,13.4,13.42,1650813
AQN,NYSE,2020/07/24 16:00:00,13.42,13.45,13.12,13.25,722337
AQN,NYSE,2020/07/27 16:00:00,13.25,13.43,13.12,13.42,940888
AQN,NYSE,2020/07/28 16:00:00,13.41,13.52,13.31,13.46,532109
AQN,NYSE,2020/07/29 16:00:00,13.56,13.6,13.32,13.6,570751
AQN,NYSE,2020/07/30 16:00:00,13.5,13.81,13.43,13.79,598037
AQN,NYSE,2020/07/31 16:00:00,13.8,13.92,13.66,13.79,693690
AQN,NYSE,2020/08/03 16:00:00,13.93,13.93,13.68,13.75,316697
AQN,NYSE,2020/08/04 16:00:00,13.82,13.95,13.64,13.79,679179
AQN,NYSE,2020/08/05 16:00:00,13.88,13.88,13.56,13.69,794223
AQN,NYSE,2020/08/06 16:00:00,13.63,13.71,13.53,13.59,419404
AQN,NYSE,2020/08/07 16:00:00,13.54,13.86,13.53,13.73,514760
AQN,NYSE,2020/08/10 16:00:00,13.84,13.87,13.66,13.74,436528
AQN,NYSE,2020/08/11 16:00:00,13.77,13.88,13.57,13.59,567907
AQN,NYSE,2020/08/12 16:00:00,13.68,13.91,13.65,13.69,721904
AQN,NYSE,2020/08/13 16:00:00,13.68,13.83,13.68,13.79,847788
AQN,NYSE,2020/08/14 16:00:00,13.68,13.7,13.19,13.63,1330164
AQN,NYSE,2020/08/17 16:00:00,13.56,13.81,13.56,13.64,565773
AQN,NYSE,2020/08/18 16:00:00,13.64,13.82,13.64,13.8,1094798
AQN,NYSE,2020/08/19 16:00:00,13.86,14.03,13.84,13.9,662533
AQN,NYSE,2020/08/20 16:00:00,13.87,13.92,13.74,13.88,521520
AQN,NYSE,2020/08/21 16:00:00,13.84,14.02,13.74,13.98,460262
AQN,NYSE,2020/08/24 16:00:00,14.07,14.14,13.85,13.97,623807
AQN,NYSE,2020/08/25 16:00:00,13.98,14.03,13.78,13.88,595091
AQN,NYSE,2020/08/26 16:00:00,13.9,13.9,13.7,13.81,709830
AQN,NYSE,2020/08/27 16:00:00,13.9,14.05,13.8,13.84,438168
AQN,NYSE,2020/08/28 16:00:00,13.88,13.94,13.68,13.74,410961
AQN,NYSE,2020/08/31 16:00:00,13.81,14,13.79,13.83,637374
AQN,NYSE,2020/09/01 16:00:00,13.92,14,13.62,13.93,727653
AQN,NYSE,2020/09/02 16:00:00,13.92,14.24,13.92,14.19,680737
AQN,NYSE,2020/09/03 16:00:00,14.2,14.21,13.68,13.81,606789
AQN,NYSE,2020/09/04 16:00:00,13.82,13.9,13.62,13.72,446204
AQN,NYSE,2020/09/08 16:00:00,13.62,13.89,13.52,13.74,642552
AQN,NYSE,2020/09/09 16:00:00,13.86,14.13,13.86,14.03,503511
AQN,NYSE,2020/09/10 16:00:00,14.02,14.02,13.76,13.79,732276
AQN,NYSE,2020/09/11 16:00:00,13.89,14.08,13.85,13.92,544692
AQN,NYSE,2020/09/14 16:00:00,14.04,14.18,13.99,14.05,881383
AQN,NYSE,2020/09/15 16:00:00,14.25,14.38,14.14,14.23,787895
AQN,NYSE,2020/09/16 16:00:00,14.3,14.41,14.13,14.14,659304
AQN,NYSE,2020/09/17 16:00:00,14.09,14.24,14.03,14.2,508072
AQN,NYSE,2020/09/18 16:00:00,14.22,14.24,13.89,14.05,1339968
AQN,NYSE,2020/09/21 16:00:00,13.87,14.04,13.72,13.99,704522
AQN,NYSE,2020/09/22 16:00:00,14.06,14.31,13.98,14.28,769310
AQN,NYSE,2020/09/23 16:00:00,14.36,14.37,13.93,13.95,552157
AQN,NYSE,2020/09/24 16:00:00,13.97,14.03,13.83,13.99,529123
AQN,NYSE,2020/09/25 16:00:00,14,14.2,13.95,14.2,542831
AQN,NYSE,2020/09/28 16:00:00,14.27,14.37,14.19,14.36,628865
AQN,NYSE,2020/09/29 16:00:00,14.26,14.37,14.14,14.29,698316
AQN,NYSE,2020/09/30 16:00:00,14.36,14.75,14.3,14.54,1476259
AQN,NYSE,2020/10/01 16:00:00,14.55,14.66,14.46,14.66,824528
AQN,NYSE,2020/10/02 16:00:00,14.48,14.81,14.48,14.76,772077
AQN,NYSE,2020/10/05 16:00:00,14.9,15.45,14.83,15.31,1179637
AQN,NYSE,2020/10/06 16:00:00,15.35,15.44,15.12,15.3,714964
AQN,NYSE,2020/10/07 16:00:00,15.45,15.5,15.28,15.41,736758
AQN,NYSE,2020/10/08 16:00:00,15.51,15.64,15.47,15.6,862525
AQN,NYSE,2020/10/09 16:00:00,15.6,15.8,15.57,15.65,1030778
AQN,NYSE,2020/10/12 16:00:00,15.78,15.78,15.54,15.57,768980
AQN,NYSE,2020/10/13 16:00:00,15.61,15.74,15.48,15.59,1340087
AQN,NYSE,2020/10/14 16:00:00,15.64,15.7,15.42,15.58,681699
AQN,NYSE,2020/10/15 16:00:00,15.35,15.68,15.35,15.6,735109
AQN,NYSE,2020/10/16 16:00:00,15.68,15.82,15.62,15.73,713447
AQN,NYSE,2020/10/19 16:00:00,15.79,15.8,15.43,15.46,681816
AQN,NYSE,2020/10/20 16:00:00,15.5,15.63,15.42,15.5,765281
AQN,NYSE,2020/10/21 16:00:00,15.5,15.76,15.47,15.75,665575
AQN,NYSE,2020/10/22 16:00:00,15.8,15.8,15.55,15.63,796365
AQN,NYSE,2020/10/23 16:00:00,15.7,15.76,15.58,15.72,411122
AQN,NYSE,2020/10/26 16:00:00,15.64,15.64,15.37,15.5,522748
AQN,NYSE,2020/10/27 16:00:00,15.51,15.63,15.46,15.49,543844
AQN,NYSE,2020/10/28 16:00:00,15.16,15.38,15.06,15.06,585345
AQN,NYSE,2020/10/29 16:00:00,15.08,15.42,14.99,15.36,608180
AQN,NYSE,2020/10/30 16:00:00,15.33,15.36,15.04,15.15,529774
AQN,NYSE,2020/11/02 16:00:00,15.25,15.51,15.24,15.48,422886
AQN,NYSE,2020/11/03 16:00:00,15.67,15.87,15.62,15.69,435863
AQN,NYSE,2020/11/04 16:00:00,15.72,15.94,15.65,15.66,529244
AQN,NYSE,2020/11/05 16:00:00,15.9,16.04,15.83,15.86,450914
AQN,NYSE,2020/11/06 16:00:00,15.88,16.04,15.81,15.97,448758
AQN,NYSE,2020/11/09 16:00:00,16.43,16.67,16.08,16.11,541527
AQN,NYSE,2020/11/10 16:00:00,16.24,16.49,16.21,16.28,1046140
AQN,NYSE,2020/11/11 16:00:00,16.41,16.65,16.33,16.38,578068
AQN,NYSE,2020/11/12 16:00:00,16.35,16.46,16.02,16.22,428058
AQN,NYSE,2020/11/13 16:00:00,16.4,16.4,15.85,15.89,1037460
AQN,NYSE,2020/11/16 16:00:00,16.05,16.1,15.51,15.73,972784
AQN,NYSE,2020/11/17 16:00:00,15.7,15.8,15.55,15.6,685754
AQN,NYSE,2020/11/18 16:00:00,15.64,15.67,15.4,15.41,529860
AQN,NYSE,2020/11/19 16:00:00,15.46,15.46,15.23,15.42,898669
AQN,NYSE,2020/11/20 16:00:00,15.49,15.54,15.3,15.44,541049
AQN,NYSE,2020/11/23 16:00:00,15.55,15.59,15.38,15.42,511706
AQN,NYSE,2020/11/24 16:00:00,15.54,15.56,15.37,15.43,648651
AQN,NYSE,2020/11/25 16:00:00,15.53,15.66,15.43,15.56,684270
AQN,NYSE,2020/11/27 13:00:00,15.65,15.77,15.64,15.71,405990
AQN,NYSE,2020/11/30 16:00:00,15.77,15.9,15.55,15.68,665657
AQN,NYSE,2020/12/01 16:00:00,15.93,16.05,15.84,15.94,740993
AQN,NYSE,2020/12/02 16:00:00,15.98,15.99,15.64,15.76,725791
AQN,NYSE,2020/12/03 16:00:00,15.86,16.13,15.79,16.01,464597
AQN,NYSE,2020/12/04 16:00:00,16.05,16.1,15.95,16.05,471303
AQN,NYSE,2020/12/07 16:00:00,16.03,16.07,15.91,15.96,468509
AQN,NYSE,2020/12/08 16:00:00,15.96,16.05,15.9,16.02,407534
AQN,NYSE,2020/12/09 16:00:00,16.02,16.14,15.89,16.02,556789
AQN,NYSE,2020/12/10 16:00:00,15.93,16.1,15.93,16.04,489514
AQN,NYSE,2020/12/11 16:00:00,16.01,16.06,15.82,15.94,634385
AQN,NYSE,2020/12/14 16:00:00,16.09,16.18,15.95,15.96,979981
AQN,NYSE,2020/12/15 16:00:00,16.08,16.29,16.01,16.22,508384
AQN,NYSE,2020/12/16 16:00:00,16.24,16.42,16.05,16.17,585861
AQN,NYSE,2020/12/17 16:00:00,16.23,16.39,16.13,16.22,639207
AQN,NYSE,2020/12/18 16:00:00,16.2,16.26,15.92,15.98,870582
AQN,NYSE,2020/12/21 16:00:00,15.85,15.96,15.62,15.89,672957
AQN,NYSE,2020/12/22 16:00:00,15.95,16.06,15.81,15.93,534524
AQN,NYSE,2020/12/23 16:00:00,16.05,16.21,16.05,16.13,391911
AQN,NYSE,2020/12/24 13:00:00,16.22,16.31,16.18,16.24,211559
AQN,NYSE,2020/12/28 16:00:00,16.34,16.37,16.25,16.28,431935
AQN,NYSE,2020/12/29 16:00:00,16.38,16.68,16.38,16.61,570964
AQN,NYSE,2020/12/30 16:00:00,16.51,16.6,16.38,16.52,691999
AQN,NYSE,2020/12/31 16:00:00,16.53,16.59,16.41,16.46,413566
AQN,NYSE,2021/01/04 16:00:00,16.48,16.6,16.11,16.25,655469
AQN,NYSE,2021/01/05 16:00:00,16.21,16.36,16.16,16.34,735702
AQN,NYSE,2021/01/06 16:00:00,16.33,16.96,16.26,16.58,1599855
AQN,NYSE,2021/01/07 16:00:00,16.59,16.93,16.56,16.81,1063375
AQN,NYSE,2021/01/08 16:00:00,16.93,17.24,16.85,17.17,1039141
AQN,NYSE,2021/01/11 16:00:00,17.05,17.15,16.72,16.85,756490
AQN,NYSE,2021/01/12 16:00:00,16.83,16.89,16.56,16.69,746637
AQN,NYSE,2021/01/13 16:00:00,16.65,17.06,16.58,16.94,1529596
AQN,NYSE,2021/01/14 16:00:00,17.03,17.08,16.77,16.84,505950
AQN,NYSE,2021/01/15 16:00:00,16.81,17.01,16.7,16.9,528680
AQN,NYSE,2021/01/19 16:00:00,17,17,16.73,16.85,517357
AQN,NYSE,2021/01/20 16:00:00,16.94,17.22,16.85,17.16,449776
AQN,NYSE,2021/01/21 16:00:00,17.26,17.36,17.11,17.31,644242
AQN,NYSE,2021/01/22 16:00:00,17.2,17.34,17.07,17.3,544026
AQN,NYSE,2021/01/25 16:00:00,17.37,17.63,17.31,17.58,806725
AQN,NYSE,2021/01/26 16:00:00,17.57,17.68,17.37,17.52,576387
AQN,NYSE,2021/01/27 16:00:00,17.29,17.35,16.83,16.92,713216
AQN,NYSE,2021/01/28 16:00:00,16.92,17.14,16.76,16.96,1431440
AQN,NYSE,2021/01/29 16:00:00,16.89,16.93,16.47,16.62,1188553
AQN,NYSE,2021/02/01 16:00:00,16.75,16.92,16.65,16.79,619390
AQN,NYSE,2021/02/02 16:00:00,16.88,17.12,16.88,17.03,374745
AQN,NYSE,2021/02/03 16:00:00,17.15,17.16,16.92,17.13,577491
AQN,NYSE,2021/02/04 16:00:00,17.13,17.35,17.03,17.34,880076
AQN,NYSE,2021/02/05 16:00:00,17.42,17.56,17.32,17.53,788066
AQN,NYSE,2021/02/08 16:00:00,17.61,17.67,17.43,17.44,1517702
AQN,NYSE,2021/02/09 16:00:00,17.51,17.51,17.26,17.48,1074560
AQN,NYSE,2021/02/10 16:00:00,17.62,17.64,17.36,17.5,665537
AQN,NYSE,2021/02/11 16:00:00,17.5,17.75,17.5,17.74,696370
AQN,NYSE,2021/02/12 16:00:00,17.74,17.75,17.57,17.7,595488
AQN,NYSE,2021/02/16 16:00:00,17.82,17.86,17.4,17.46,755990
AQN,NYSE,2021/02/17 16:00:00,17.43,17.48,17.28,17.29,516069
AQN,NYSE,2021/02/18 16:00:00,17.29,17.46,17.18,17.34,541557
AQN,NYSE,2021/02/19 16:00:00,17.45,17.45,17.15,17.26,816840
AQN,NYSE,2021/02/22 16:00:00,17.18,17.18,16.28,16.46,1526745
AQN,NYSE,2021/02/23 16:00:00,16.44,16.51,16.27,16.32,860476
AQN,NYSE,2021/02/24 16:00:00,16.32,16.42,16.04,16.17,1244228
AQN,NYSE,2021/02/25 16:00:00,16.09,16.26,15.76,15.89,1081169
AQN,NYSE,2021/02/26 16:00:00,15.88,15.93,15.46,15.46,1019170
AQN,NYSE,2021/03/01 16:00:00,15.68,15.98,15.68,15.74,1412637
AQN,NYSE,2021/03/02 16:00:00,15.79,15.96,15.61,15.89,1302937
AQN,NYSE,2021/03/03 16:00:00,15.93,15.93,15.56,15.6,956457
AQN,NYSE,2021/03/04 16:00:00,15.6,15.82,15.39,15.44,1498257
AQN,NYSE,2021/03/05 16:00:00,15.6,15.6,14.93,15.19,2142469
AQN,NYSE,2021/03/08 16:00:00,15.15,15.51,15.09,15.26,2240755
AQN,NYSE,2021/03/09 16:00:00,15.51,15.79,15.35,15.4,1996814
AQN,NYSE,2021/03/10 16:00:00,15.44,15.7,15.39,15.54,1066561
AQN,NYSE,2021/03/11 16:00:00,15.67,15.93,15.58,15.9,1576663
AQN,NYSE,2021/03/12 16:00:00,15.88,15.96,15.67,15.88,935749
AQN,NYSE,2021/03/15 16:00:00,15.98,16.08,15.85,16.02,913490
AQN,NYSE,2021/03/16 16:00:00,16.05,16.23,15.98,16.15,1654856
AQN,NYSE,2021/03/17 16:00:00,16.06,16.17,15.93,16.12,1114264
AQN,NYSE,2021/03/18 16:00:00,16.01,16.01,15.52,15.55,1298751
AQN,NYSE,2021/03/19 16:00:00,15.53,15.7,15.38,15.61,2569345
AQN,NYSE,2021/03/22 16:00:00,15.7,15.84,15.63,15.77,957632
AQN,NYSE,2021/03/23 16:00:00,15.85,15.97,15.72,15.78,1263578
AQN,NYSE,2021/03/24 16:00:00,15.77,15.9,15.63,15.74,1559107
AQN,NYSE,2021/03/25 16:00:00,15.74,15.89,15.65,15.84,792889
AQN,NYSE,2021/03/26 16:00:00,15.86,15.95,15.75,15.89,873071
AQN,NYSE,2021/03/29 16:00:00,15.95,15.95,15.78,15.91,1037731
AQN,NYSE,2021/03/30 16:00:00,15.68,15.73,15.5,15.67,977942
AQN,NYSE,2021/03/31 16:00:00,15.7,15.88,15.68,15.84,901136
AQN,NYSE,2021/04/01 16:00:00,15.91,16,15.84,15.97,781793
AQN,NYSE,2021/04/05 16:00:00,16.07,16.98,16.07,16.6,2540779
AQN,NYSE,2021/04/06 16:00:00,16.57,16.59,16.29,16.4,900230
AQN,NYSE,2021/04/07 16:00:00,16.49,16.49,16.22,16.3,629859
AQN,NYSE,2021/04/08 16:00:00,16.43,16.45,16.36,16.41,497783
AQN,NYSE,2021/04/09 16:00:00,16.5,16.5,16.34,16.43,496597
ACM,NYSE,2019/04/01 16:00:00,29.96,30.72,29.94,30.64,579931
ACM,NYSE,2019/04/02 16:00:00,30.79,30.82,30.23,30.51,633390
ACM,NYSE,2019/04/03 16:00:00,30.7,30.97,30.41,30.55,725885
ACM,NYSE,2019/04/04 16:00:00,30.61,31.05,30.6,30.98,702791
ACM,NYSE,2019/04/05 16:00:00,30.94,31.48,30.94,31.25,689336
ACM,NYSE,2019/04/08 16:00:00,31.15,31.47,31.05,31.44,832068
ACM,NYSE,2019/04/09 16:00:00,31.17,31.21,30.8,30.84,405785
ACM,NYSE,2019/04/10 16:00:00,30.84,31.26,30.72,31.15,621133
ACM,NYSE,2019/04/11 16:00:00,31.14,31.64,30.97,31.52,775989
ACM,NYSE,2019/04/12 16:00:00,31.7,32.31,31.6,31.99,752579
ACM,NYSE,2019/04/15 16:00:00,31.91,32.5,31.86,32.14,732880
ACM,NYSE,2019/04/16 16:00:00,32.2,32.53,32.2,32.37,506745
ACM,NYSE,2019/04/17 16:00:00,32.4,32.71,32.33,32.5,980615
ACM,NYSE,2019/04/18 16:00:00,32.52,32.82,32.46,32.79,504187
ACM,NYSE,2019/04/22 16:00:00,32.73,32.87,32.47,32.81,427433
ACM,NYSE,2019/04/23 16:00:00,32.75,33.57,32.66,33.57,816873
ACM,NYSE,2019/04/24 16:00:00,33.39,33.83,33.35,33.8,875267
ACM,NYSE,2019/04/25 16:00:00,33.6,33.6,32.92,32.96,698150
ACM,NYSE,2019/04/26 16:00:00,33.05,33.39,32.82,33.15,758492
ACM,NYSE,2019/04/29 16:00:00,33.15,33.5,33.03,33.22,559193
ACM,NYSE,2019/04/30 16:00:00,33.21,34.15,33.21,33.9,1412292
ACM,NYSE,2019/05/01 16:00:00,33.92,34.1,33.43,33.47,1181753
ACM,NYSE,2019/05/02 16:00:00,33.07,33.58,32.59,33.11,1145168
ACM,NYSE,2019/05/03 16:00:00,33.52,33.77,33.21,33.62,1225857
ACM,NYSE,2019/05/06 16:00:00,32.93,33.76,32.8,33.68,978864
ACM,NYSE,2019/05/07 16:00:00,33.17,33.6,32.76,33.11,1332892
ACM,NYSE,2019/05/08 16:00:00,33.3,34.14,33.07,33.74,1837361
ACM,NYSE,2019/05/09 16:00:00,33.78,34.28,33.53,33.86,1480469
ACM,NYSE,2019/05/10 16:00:00,33.78,33.96,32.96,33.74,774198
ACM,NYSE,2019/05/13 16:00:00,33.03,33.12,32.73,32.94,709694
ACM,NYSE,2019/05/14 16:00:00,33.01,33.47,33,33.21,555245
ACM,NYSE,2019/05/15 16:00:00,32.87,33.4,32.86,33.18,558666
ACM,NYSE,2019/05/16 16:00:00,33.29,33.59,33.25,33.29,386062
ACM,NYSE,2019/05/17 16:00:00,32.98,33.4,32.8,32.84,682879
ACM,NYSE,2019/05/20 16:00:00,32.63,32.9,32.56,32.75,750259
ACM,NYSE,2019/05/21 16:00:00,33.03,33.26,32.89,32.99,545523
ACM,NYSE,2019/05/22 16:00:00,32.8,32.94,32.27,32.28,712060
ACM,NYSE,2019/05/23 16:00:00,31.88,31.88,31.35,31.56,702923
ACM,NYSE,2019/05/24 16:00:00,31.78,31.97,31.4,31.56,470860
ACM,NYSE,2019/05/28 16:00:00,31.6,31.79,31.22,31.24,928796
ACM,NYSE,2019/05/29 16:00:00,31.05,31.35,30.97,31.22,860061
ACM,NYSE,2019/05/30 16:00:00,31.25,31.74,31.21,31.43,903388
ACM,NYSE,2019/05/31 16:00:00,31.17,32.01,30.98,31.9,1888711
ACM,NYSE,2019/06/03 16:00:00,31.86,32.58,31.75,32.33,1378281
ACM,NYSE,2019/06/04 16:00:00,32.66,33.33,32.54,33.17,1237630
ACM,NYSE,2019/06/05 16:00:00,33.13,33.46,32.66,33.29,1180342
ACM,NYSE,2019/06/06 16:00:00,33.24,33.4,32.96,33.18,1549911
ACM,NYSE,2019/06/07 16:00:00,33.25,33.66,33.21,33.47,1074104
ACM,NYSE,2019/06/10 16:00:00,33.59,33.98,33.41,33.45,940995
ACM,NYSE,2019/06/11 16:00:00,33.73,33.8,33.33,33.43,1244197
ACM,NYSE,2019/06/12 16:00:00,33.23,33.32,32.9,33.2,898668
ACM,NYSE,2019/06/13 16:00:00,33.37,33.57,33.26,33.42,824999
ACM,NYSE,2019/06/14 16:00:00,33.37,33.57,33.17,33.4,1004006
ACM,NYSE,2019/06/17 16:00:00,34.1,35.76,34,35.17,3167300
ACM,NYSE,2019/06/18 16:00:00,35.4,36,35.4,35.82,1997741
ACM,NYSE,2019/06/19 16:00:00,35.94,36.6,35.69,36.54,1133424
ACM,NYSE,2019/06/20 16:00:00,37,37.58,36.52,36.73,2751731
ACM,NYSE,2019/06/21 16:00:00,36.49,36.91,36.26,36.6,1868032
ACM,NYSE,2019/06/24 16:00:00,36.68,36.87,36.47,36.54,978065
ACM,NYSE,2019/06/25 16:00:00,36.61,36.8,36.46,36.59,1342258
ACM,NYSE,2019/06/26 16:00:00,36.57,37.02,36.28,36.87,1294960
ACM,NYSE,2019/06/27 16:00:00,36.94,37.46,36.87,37.42,740734
ACM,NYSE,2019/06/28 16:00:00,37.49,37.94,37.31,37.85,1454318
ACM,NYSE,2019/07/01 16:00:00,38,38.2,37.6,37.78,817165
ACM,NYSE,2019/07/02 16:00:00,37.7,37.75,37.25,37.39,922678
ACM,NYSE,2019/07/03 13:00:00,37.45,37.55,37.17,37.46,297490
ACM,NYSE,2019/07/05 16:00:00,37.23,37.31,36.85,37.29,553347
ACM,NYSE,2019/07/08 16:00:00,37.05,37.33,36.94,36.95,526473
ACM,NYSE,2019/07/09 16:00:00,36.72,37.08,36.66,37,492171
ACM,NYSE,2019/07/10 16:00:00,37.09,37.14,36.56,36.8,797498
ACM,NYSE,2019/07/11 16:00:00,36.83,36.92,36.42,36.68,858848
ACM,NYSE,2019/07/12 16:00:00,36.89,37.43,36.87,37.37,504673
ACM,NYSE,2019/07/15 16:00:00,37.4,37.52,37.23,37.36,371488
ACM,NYSE,2019/07/16 16:00:00,37.38,37.74,37.04,37.36,1016785
ACM,NYSE,2019/07/17 16:00:00,37.29,37.37,36.85,36.94,399273
ACM,NYSE,2019/07/18 16:00:00,36.84,36.88,36.33,36.5,685841
ACM,NYSE,2019/07/19 16:00:00,36.6,36.81,36.38,36.51,1069954
ACM,NYSE,2019/07/22 16:00:00,36.56,36.6,36.01,36.02,733116
ACM,NYSE,2019/07/23 16:00:00,36.25,36.49,36.16,36.44,926468
ACM,NYSE,2019/07/24 16:00:00,36.32,36.94,36.3,36.86,700389
ACM,NYSE,2019/07/25 16:00:00,37,37.26,36.63,36.65,523020
ACM,NYSE,2019/07/26 16:00:00,36.65,36.98,36.54,36.88,514466
ACM,NYSE,2019/07/29 16:00:00,36.86,37.08,36.57,36.68,964474
ACM,NYSE,2019/07/30 16:00:00,36.41,36.78,36.05,36.76,561289
ACM,NYSE,2019/07/31 16:00:00,36.7,36.9,35.72,35.95,929813
ACM,NYSE,2019/08/01 16:00:00,35.86,35.94,34.56,34.92,989036
ACM,NYSE,2019/08/02 16:00:00,34.5,34.78,33.89,34.4,1005371
ACM,NYSE,2019/08/05 16:00:00,33.88,33.92,33.22,33.44,902318
ACM,NYSE,2019/08/06 16:00:00,33.07,33.88,32.46,33.4,1472435
ACM,NYSE,2019/08/07 16:00:00,32.99,33.56,32.3,33.47,2022206
ACM,NYSE,2019/08/08 16:00:00,33.79,34.51,33.74,34.44,1169241
ACM,NYSE,2019/08/09 16:00:00,34.44,34.48,33.88,33.91,489112
ACM,NYSE,2019/08/12 16:00:00,33.66,33.79,33.02,33.22,562715
ACM,NYSE,2019/08/13 16:00:00,33.25,33.98,33,33.58,859471
ACM,NYSE,2019/08/14 16:00:00,32.96,32.98,32.29,32.48,983053
ACM,NYSE,2019/08/15 16:00:00,32.47,32.75,32.28,32.44,705068
ACM,NYSE,2019/08/16 16:00:00,32.69,33.03,32.49,32.94,832509
ACM,NYSE,2019/08/19 16:00:00,34.1,34.21,33.81,33.94,836096
ACM,NYSE,2019/08/20 16:00:00,33.7,33.97,33.55,33.75,582772
ACM,NYSE,2019/08/21 16:00:00,34.1,34.24,33.77,33.82,624082
ACM,NYSE,2019/08/22 16:00:00,33.96,34.12,33.49,33.6,507546
ACM,NYSE,2019/08/23 16:00:00,33.4,34.04,33.19,33.4,1208371
ACM,NYSE,2019/08/26 16:00:00,33.68,33.85,33.31,33.7,1005920
ACM,NYSE,2019/08/27 16:00:00,33.78,34.1,33.05,33.18,1020680
ACM,NYSE,2019/08/28 16:00:00,33.17,33.83,33.04,33.64,1176277
ACM,NYSE,2019/08/29 16:00:00,33.99,35.23,33.95,35.18,1389251
ACM,NYSE,2019/08/30 16:00:00,35.39,35.73,35.21,35.48,684798
ACM,NYSE,2019/09/03 16:00:00,35.12,35.14,34.63,34.92,802162
ACM,NYSE,2019/09/04 16:00:00,35.33,36.22,35.22,36.13,898457
ACM,NYSE,2019/09/05 16:00:00,36.5,37.61,36.5,37.08,1104689
ACM,NYSE,2019/09/06 16:00:00,37.11,37.77,37.11,37.53,1169452
ACM,NYSE,2019/09/09 16:00:00,37.7,38.34,37.34,38.24,1387730
ACM,NYSE,2019/09/10 16:00:00,38.31,38.41,37.79,38,1266920
ACM,NYSE,2019/09/11 16:00:00,38.09,38.41,37.93,38.39,782779
ACM,NYSE,2019/09/12 16:00:00,38.27,38.75,37.95,38.03,1077637
ACM,NYSE,2019/09/13 16:00:00,38.19,38.32,37.74,37.8,827749
ACM,NYSE,2019/09/16 16:00:00,37.41,38.37,37.41,38.14,872621
ACM,NYSE,2019/09/17 16:00:00,37.94,38.65,37.77,38.43,989280
ACM,NYSE,2019/09/18 16:00:00,38.33,38.61,38.07,38.31,919887
ACM,NYSE,2019/09/19 16:00:00,38.34,38.43,37.74,37.87,1055961
ACM,NYSE,2019/09/20 16:00:00,38.1,38.29,37.3,37.56,1763861
ACM,NYSE,2019/09/23 16:00:00,37.19,37.89,37,37.62,900409
ACM,NYSE,2019/09/24 16:00:00,37.75,37.79,37.07,37.21,1051378
ACM,NYSE,2019/09/25 16:00:00,37.19,37.72,37.1,37.48,1404856
ACM,NYSE,2019/09/26 16:00:00,37.42,37.7,37.22,37.45,821037
ACM,NYSE,2019/09/27 16:00:00,37.52,37.65,37.11,37.29,629929
ACM,NYSE,2019/09/30 16:00:00,37.31,37.69,37.28,37.56,834011
ACM,NYSE,2019/10/01 16:00:00,37.78,37.87,36.68,36.7,1033939
ACM,NYSE,2019/10/02 16:00:00,36.53,36.71,36.05,36.08,1330107
ACM,NYSE,2019/10/03 16:00:00,36,36.42,35.82,36.4,1015104
ACM,NYSE,2019/10/04 16:00:00,36.36,37.01,36.36,36.96,476680
ACM,NYSE,2019/10/07 16:00:00,36.87,37.15,36.65,36.79,454740
ACM,NYSE,2019/10/08 16:00:00,36.41,36.61,36.14,36.3,511034
ACM,NYSE,2019/10/09 16:00:00,36.72,37.01,36.4,36.6,857022
ACM,NYSE,2019/10/10 16:00:00,36.67,37.19,36.61,36.82,484560
ACM,NYSE,2019/10/11 16:00:00,37.39,37.88,37.11,37.16,923855
ACM,NYSE,2019/10/14 16:00:00,39.72,40.25,38.6,39.5,4532604
ACM,NYSE,2019/10/15 16:00:00,39.5,40.56,39.04,40.1,2138513
ACM,NYSE,2019/10/16 16:00:00,39.76,40.85,39.74,40.55,1441173
ACM,NYSE,2019/10/17 16:00:00,40.67,41.25,40.57,41.08,950666
ACM,NYSE,2019/10/18 16:00:00,40.94,41.46,40.78,41.06,1434786
ACM,NYSE,2019/10/21 16:00:00,41.32,41.85,41.01,41.03,1401105
ACM,NYSE,2019/10/22 16:00:00,41.12,41.32,40.42,40.94,1241401
ACM,NYSE,2019/10/23 16:00:00,41.01,41.02,40.59,40.83,514556
ACM,NYSE,2019/10/24 16:00:00,40.77,40.83,40.37,40.59,718176
ACM,NYSE,2019/10/25 16:00:00,40.41,40.74,40.03,40.37,1313971
ACM,NYSE,2019/10/28 16:00:00,40.57,40.95,40.35,40.56,1038633
ACM,NYSE,2019/10/29 16:00:00,40.34,41.13,40.34,40.9,828610
ACM,NYSE,2019/10/30 16:00:00,40.93,40.93,40.51,40.89,664881
ACM,NYSE,2019/10/31 16:00:00,40.67,40.76,39.87,40.01,1263373
ACM,NYSE,2019/11/01 16:00:00,40,40.93,40,40.87,1124503
ACM,NYSE,2019/11/04 16:00:00,41.16,41.7,40.89,41.61,839318
ACM,NYSE,2019/11/05 16:00:00,42.2,42.87,42.05,42.21,1580868
ACM,NYSE,2019/11/06 16:00:00,42.08,42.13,41.58,41.99,1194314
ACM,NYSE,2019/11/07 16:00:00,42.15,42.62,42.02,42.23,1413954
ACM,NYSE,2019/11/08 16:00:00,42.11,42.59,42.06,42.44,754876
ACM,NYSE,2019/11/11 16:00:00,42.45,43.16,41.9,43,1288377
ACM,NYSE,2019/11/12 16:00:00,42.99,44.36,42.5,43.11,2270235
ACM,NYSE,2019/11/13 16:00:00,42.83,43.1,42.19,42.24,1143554
ACM,NYSE,2019/11/14 16:00:00,42.41,43.66,42.39,43.51,1392149
ACM,NYSE,2019/11/15 16:00:00,43.76,43.87,43.03,43.19,943049
ACM,NYSE,2019/11/18 16:00:00,42.84,42.85,42.48,42.65,961239
ACM,NYSE,2019/11/19 16:00:00,42.81,42.88,42.52,42.59,750694
ACM,NYSE,2019/11/20 16:00:00,42.31,42.85,42.15,42.64,1192831
ACM,NYSE,2019/11/21 16:00:00,42.71,42.79,42.21,42.41,810545
ACM,NYSE,2019/11/22 16:00:00,42.65,42.95,42.39,42.66,1500507
ACM,NYSE,2019/11/25 16:00:00,42.83,43.43,42.68,42.96,1097862
ACM,NYSE,2019/11/26 16:00:00,42.98,43.22,42.64,42.86,798880
ACM,NYSE,2019/11/27 16:00:00,43.22,44.16,43.21,43.84,1398287
ACM,NYSE,2019/11/29 13:00:00,43.75,43.9,43.31,43.33,357437
ACM,NYSE,2019/12/02 16:00:00,43.33,43.53,42.55,42.65,868213
ACM,NYSE,2019/12/03 16:00:00,42.1,42.53,42,42.51,883985
ACM,NYSE,2019/12/04 16:00:00,42.52,42.65,41.91,41.93,880518
ACM,NYSE,2019/12/05 16:00:00,42.1,42.31,41.73,41.97,939994
ACM,NYSE,2019/12/06 16:00:00,42.38,42.68,41.92,42.15,1099973
ACM,NYSE,2019/12/09 16:00:00,42.09,42.41,41.92,42.3,804709
ACM,NYSE,2019/12/10 16:00:00,42.47,42.96,42.38,42.69,1144222
ACM,NYSE,2019/12/11 16:00:00,42.87,43.09,42.7,42.82,1539824
ACM,NYSE,2019/12/12 16:00:00,42.86,43.66,42.66,43.35,1281300
ACM,NYSE,2019/12/13 16:00:00,43.47,43.63,42.78,42.88,895402
ACM,NYSE,2019/12/16 16:00:00,43.21,43.38,42.98,43.06,1002803
ACM,NYSE,2019/12/17 16:00:00,43.01,43.44,42.99,43.26,787946
ACM,NYSE,2019/12/18 16:00:00,43.04,43.31,42.88,42.89,852229
ACM,NYSE,2019/12/19 16:00:00,42.86,43.22,42.78,43.02,965448
ACM,NYSE,2019/12/20 16:00:00,43.23,43.71,43.06,43.59,2026464
ACM,NYSE,2019/12/23 16:00:00,43.65,43.9,43.4,43.84,2014527
ACM,NYSE,2019/12/24 13:00:00,43.9,43.96,43.24,43.29,660815
ACM,NYSE,2019/12/26 16:00:00,43.36,43.6,43.28,43.6,555875
ACM,NYSE,2019/12/27 16:00:00,43.6,43.72,43.09,43.16,795807
ACM,NYSE,2019/12/30 16:00:00,43.16,43.55,43.15,43.37,494378
ACM,NYSE,2019/12/31 16:00:00,43.3,43.64,43.13,43.13,653405
ACM,NYSE,2020/01/02 16:00:00,43.3,43.46,42.52,42.98,855310
ACM,NYSE,2020/01/03 16:00:00,42.4,42.92,42.25,42.82,943801
ACM,NYSE,2020/01/06 16:00:00,42.65,42.8,42.26,42.75,865520
ACM,NYSE,2020/01/07 16:00:00,42.65,43.23,42.43,43.1,827325
ACM,NYSE,2020/01/08 16:00:00,43.05,43.9,42.85,43.73,1288246
ACM,NYSE,2020/01/09 16:00:00,43.92,45.95,43.9,45.86,2524931
ACM,NYSE,2020/01/10 16:00:00,45.83,46.51,45.8,46.16,1995565
ACM,NYSE,2020/01/13 16:00:00,46.22,47.26,45.92,47.08,1554971
ACM,NYSE,2020/01/14 16:00:00,49.02,50.32,48.61,49.74,5970718
ACM,NYSE,2020/01/15 16:00:00,49.71,50.19,48.85,49.42,3206966
ACM,NYSE,2020/01/16 16:00:00,49.87,50.27,49.71,50.27,1957154
ACM,NYSE,2020/01/17 16:00:00,50.17,50.52,50.07,50.33,961976
ACM,NYSE,2020/01/21 16:00:00,49.93,50.35,49.67,49.81,1259697
ACM,NYSE,2020/01/22 16:00:00,49.79,49.91,49.2,49.58,939005
ACM,NYSE,2020/01/23 16:00:00,49.5,50.04,49.2,49.88,1227784
ACM,NYSE,2020/01/24 16:00:00,49.94,49.99,49.15,49.66,644274
ACM,NYSE,2020/01/27 16:00:00,48.6,49.31,48.37,48.82,926765
ACM,NYSE,2020/01/28 16:00:00,49.15,49.41,48.7,49.22,1173451
ACM,NYSE,2020/01/29 16:00:00,49.24,49.78,49.1,49.47,1257390
ACM,NYSE,2020/01/30 16:00:00,48.88,49.62,48.73,49.3,1171488
ACM,NYSE,2020/01/31 16:00:00,49,49.29,48.09,48.23,2742419
ACM,NYSE,2020/02/03 16:00:00,47,49,47,47.6,2918830
ACM,NYSE,2020/02/04 16:00:00,48.22,48.84,47.45,47.48,1979096
ACM,NYSE,2020/02/05 16:00:00,47.59,48,47.35,47.58,1321641
ACM,NYSE,2020/02/06 16:00:00,47.57,48.01,47.29,47.7,1778182
ACM,NYSE,2020/02/07 16:00:00,47.56,47.71,47.09,47.1,1474717
ACM,NYSE,2020/02/10 16:00:00,47,47.54,46.9,47.18,836971
ACM,NYSE,2020/02/11 16:00:00,47.57,47.76,47.31,47.36,869623
ACM,NYSE,2020/02/12 16:00:00,47.71,48.09,47.4,47.8,1192354
ACM,NYSE,2020/02/13 16:00:00,47.72,48.06,47.43,47.84,1317994
ACM,NYSE,2020/02/14 16:00:00,47.91,48.09,47.61,47.79,1077187
ACM,NYSE,2020/02/18 16:00:00,47.41,47.77,47.17,47.24,1810506
ACM,NYSE,2020/02/19 16:00:00,47.73,51.45,47.73,50.75,4873929
ACM,NYSE,2020/02/20 16:00:00,50.53,52.08,50.49,51.37,3287718
ACM,NYSE,2020/02/21 16:00:00,51,52.07,50.93,51.92,1729986
ACM,NYSE,2020/02/24 16:00:00,49.81,50.66,49.74,50.49,1942319
ACM,NYSE,2020/02/25 16:00:00,50.51,50.73,48.93,49.01,1637195
ACM,NYSE,2020/02/26 16:00:00,49.14,49.43,47.85,47.86,1452660
ACM,NYSE,2020/02/27 16:00:00,46.89,47.89,45.33,46.11,2764622
ACM,NYSE,2020/02/28 16:00:00,44.8,45.35,43.65,44.94,2804287
ACM,NYSE,2020/03/02 16:00:00,45.12,45.77,43.87,45.65,2613977
ACM,NYSE,2020/03/03 16:00:00,45.86,48.31,45,47.67,2764759
ACM,NYSE,2020/03/04 16:00:00,48.33,52.4,48.31,49.98,6351683
ACM,NYSE,2020/03/05 16:00:00,48.79,49.91,47.03,47.23,3073863
ACM,NYSE,2020/03/06 16:00:00,45.23,45.7,43.49,44.78,4157652
ACM,NYSE,2020/03/09 16:00:00,41.19,42.24,38.19,38.53,4399861
ACM,NYSE,2020/03/10 16:00:00,40.2,40.89,36.11,39.43,4160783
ACM,NYSE,2020/03/11 16:00:00,38.15,38.42,35.66,36.4,4357727
ACM,NYSE,2020/03/12 16:00:00,34,34,30,30.85,4647393
ACM,NYSE,2020/03/13 16:00:00,32.91,33.44,31.22,33.4,2438061
ACM,NYSE,2020/03/16 16:00:00,29.88,29.88,24.35,27.76,5507876
ACM,NYSE,2020/03/17 16:00:00,28.23,28.43,26.28,27.93,3944881
ACM,NYSE,2020/03/18 16:00:00,25.78,25.78,21.76,23.82,3224320
ACM,NYSE,2020/03/19 16:00:00,23.52,26.18,21.77,25.6,2385264
ACM,NYSE,2020/03/20 16:00:00,26.4,27.61,25.29,25.55,3389361
ACM,NYSE,2020/03/23 16:00:00,25.43,26.52,23.58,24.52,1333372
ACM,NYSE,2020/03/24 16:00:00,26,27.48,25.44,25.86,3306587
ACM,NYSE,2020/03/25 16:00:00,26.69,28.97,25.43,27.06,2837645
ACM,NYSE,2020/03/26 16:00:00,27.56,30.68,27.13,29.64,2161048
ACM,NYSE,2020/03/27 16:00:00,28.57,29.29,27.79,28.75,3173338
ACM,NYSE,2020/03/30 16:00:00,28.53,29.39,27.15,28.58,5099166
ACM,NYSE,2020/03/31 16:00:00,28.44,30.04,27.65,29.85,5408283
ACM,NYSE,2020/04/01 16:00:00,28.33,28.53,26.76,27.19,1911759
ACM,NYSE,2020/04/02 16:00:00,27.06,28.78,26.97,27.53,1320390
ACM,NYSE,2020/04/03 16:00:00,27.44,27.9,25.81,26.19,1518275
ACM,NYSE,2020/04/06 16:00:00,27.6,28.79,27.14,28.27,2453992
ACM,NYSE,2020/04/07 16:00:00,30.04,30.61,28.84,29.3,2789164
ACM,NYSE,2020/04/08 16:00:00,29.86,31.39,29.04,31.32,1615010
ACM,NYSE,2020/04/09 16:00:00,32.37,34.71,31.84,33.08,3590887
ACM,NYSE,2020/04/13 16:00:00,33.25,33.46,31.01,32.79,2273779
ACM,NYSE,2020/04/14 16:00:00,33.37,34.01,32.66,33.61,1293849
ACM,NYSE,2020/04/15 16:00:00,32.13,32.55,31.37,31.83,1697995
ACM,NYSE,2020/04/16 16:00:00,31.75,31.78,30.66,31.13,1723858
ACM,NYSE,2020/04/17 16:00:00,32.27,33.09,32.08,32.85,1834987
ACM,NYSE,2020/04/20 16:00:00,31.88,33.88,31.76,32.46,1810101
ACM,NYSE,2020/04/21 16:00:00,31.41,32.23,31.4,31.58,1123511
ACM,NYSE,2020/04/22 16:00:00,32.58,33.2,31.96,32.25,1328810
ACM,NYSE,2020/04/23 16:00:00,32.95,33.84,32.62,33.16,2151433
ACM,NYSE,2020/04/24 16:00:00,33.16,34.06,32.59,33.96,2596661
ACM,NYSE,2020/04/27 16:00:00,34.25,35.14,34.07,34.76,2688878
ACM,NYSE,2020/04/28 16:00:00,36.14,36.64,35.61,35.9,2201762
ACM,NYSE,2020/04/29 16:00:00,36.83,37.48,36.04,36.88,1835722
ACM,NYSE,2020/04/30 16:00:00,36.16,36.83,35.52,36.26,1688997
ACM,NYSE,2020/05/01 16:00:00,35.52,35.69,34.41,35.01,1080828
ACM,NYSE,2020/05/04 16:00:00,34.34,34.78,33.75,34.4,1484516
ACM,NYSE,2020/05/05 16:00:00,35.41,36.49,35.2,35.3,1982475
ACM,NYSE,2020/05/06 16:00:00,35.95,36.2,34.51,35.43,1730045
ACM,NYSE,2020/05/07 16:00:00,36,36.36,34.57,35.15,1385488
ACM,NYSE,2020/05/08 16:00:00,36.16,36.42,35.78,36.14,1954476
ACM,NYSE,2020/05/11 16:00:00,35.49,35.67,34.91,34.98,2288204
ACM,NYSE,2020/05/12 16:00:00,35.18,35.26,32.85,32.86,1121474
ACM,NYSE,2020/05/13 16:00:00,32.5,32.8,29.73,30.15,2208744
ACM,NYSE,2020/05/14 16:00:00,30.07,31.09,28.87,30.99,2566101
ACM,NYSE,2020/05/15 16:00:00,30.6,32.19,30.13,32.02,1870596
ACM,NYSE,2020/05/18 16:00:00,33,34.83,33,34.69,1654744
ACM,NYSE,2020/05/19 16:00:00,34.39,35.11,33.9,33.92,1180746
ACM,NYSE,2020/05/20 16:00:00,34.68,35.78,34.59,35.52,1601313
ACM,NYSE,2020/05/21 16:00:00,35.56,36.14,35.27,35.63,2579665
ACM,NYSE,2020/05/22 16:00:00,35.61,36.15,35.39,35.82,1430077
ACM,NYSE,2020/05/26 16:00:00,37.52,38.76,37.4,38.17,1597447
ACM,NYSE,2020/05/27 16:00:00,39.65,39.65,37.77,39.2,2152794
ACM,NYSE,2020/05/28 16:00:00,39.62,39.62,38.42,38.68,1479972
ACM,NYSE,2020/05/29 16:00:00,38.1,39.35,37.97,38.77,2447675
ACM,NYSE,2020/06/01 16:00:00,38.86,39.68,38.47,39.21,1278719
ACM,NYSE,2020/06/02 16:00:00,40.35,43.59,40.25,43.48,4908968
ACM,NYSE,2020/06/03 16:00:00,44.15,44.68,42.9,43.95,4135821
ACM,NYSE,2020/06/04 16:00:00,43.47,44.39,43.18,44.15,2023811
ACM,NYSE,2020/06/05 16:00:00,45.24,46.28,44.92,45.44,2302958
ACM,NYSE,2020/06/08 16:00:00,46.73,46.73,44.96,45.15,1119979
ACM,NYSE,2020/06/09 16:00:00,43.89,44.66,43.3,44.11,1734830
ACM,NYSE,2020/06/10 16:00:00,43.96,43.99,41.52,41.62,1771314
ACM,NYSE,2020/06/11 16:00:00,40.18,40.26,38.27,38.41,2191871
ACM,NYSE,2020/06/12 16:00:00,40.44,40.44,38.55,39.85,2214653
ACM,NYSE,2020/06/15 16:00:00,38.25,39.84,37.77,39.26,3171237
ACM,NYSE,2020/06/16 16:00:00,41.79,42.57,40.61,40.81,2515363
ACM,NYSE,2020/06/17 16:00:00,40.92,41.19,39.31,39.44,1206805
ACM,NYSE,2020/06/18 16:00:00,39.19,39.66,38.82,38.9,1037212
ACM,NYSE,2020/06/19 16:00:00,39.5,39.56,38.19,38.4,1515832
ACM,NYSE,2020/06/22 16:00:00,38.12,38.84,37.26,38.53,945402
ACM,NYSE,2020/06/23 16:00:00,39.09,39.24,37.51,37.61,1447612
ACM,NYSE,2020/06/24 16:00:00,37.07,37.21,35.52,35.58,1644467
ACM,NYSE,2020/06/25 16:00:00,35.29,36.41,34.71,35.99,2444861
ACM,NYSE,2020/06/26 16:00:00,36.02,36.28,35.39,36.19,1956493
ACM,NYSE,2020/06/29 16:00:00,36.72,37.61,36.2,37.61,2033586
ACM,NYSE,2020/06/30 16:00:00,37.47,37.99,37,37.58,853549
ACM,NYSE,2020/07/01 16:00:00,37.53,37.57,36.12,36.29,1756309
ACM,NYSE,2020/07/02 16:00:00,37.13,37.52,36.2,36.49,797888
ACM,NYSE,2020/07/06 16:00:00,37.32,37.32,36.5,36.79,1150334
ACM,NYSE,2020/07/07 16:00:00,36.38,36.77,35.53,35.64,823642
ACM,NYSE,2020/07/08 16:00:00,35.63,36.19,35.22,35.96,900781
ACM,NYSE,2020/07/09 16:00:00,36.05,36.6,34.83,35.14,1001043
ACM,NYSE,2020/07/10 16:00:00,35.26,36,35.23,35.89,612257
ACM,NYSE,2020/07/13 16:00:00,36.17,36.56,35.37,35.41,846383
ACM,NYSE,2020/07/14 16:00:00,35.26,36.21,35.07,36.21,691073
ACM,NYSE,2020/07/15 16:00:00,37.18,38.15,36.98,37.94,1062014
ACM,NYSE,2020/07/16 16:00:00,37.78,37.78,37.21,37.48,641298
ACM,NYSE,2020/07/17 16:00:00,37.52,37.87,37.27,37.77,522804
ACM,NYSE,2020/07/20 16:00:00,37.47,37.64,36.58,36.74,676974
ACM,NYSE,2020/07/21 16:00:00,37.17,37.63,37,37.19,540437
ACM,NYSE,2020/07/22 16:00:00,36.94,37.77,36.88,37.31,685029
ACM,NYSE,2020/07/23 16:00:00,37.22,37.63,36.77,37,819611
ACM,NYSE,2020/07/24 16:00:00,36.85,37.07,36.51,36.59,494961
ACM,NYSE,2020/07/27 16:00:00,36.58,36.78,35.89,36.72,1177715
ACM,NYSE,2020/07/28 16:00:00,36.91,37.08,36.16,36.35,664285
ACM,NYSE,2020/07/29 16:00:00,36.54,37.36,36.19,37.33,704115
ACM,NYSE,2020/07/30 16:00:00,36.7,36.91,36.15,36.88,615559
ACM,NYSE,2020/07/31 16:00:00,36.74,36.79,35.49,36.19,1021113
ACM,NYSE,2020/08/03 16:00:00,36.55,37.35,36.18,37.26,769547
ACM,NYSE,2020/08/04 16:00:00,38.34,39.25,38.11,38.4,1265552
ACM,NYSE,2020/08/05 16:00:00,38.4,39.08,38.31,38.81,679265
ACM,NYSE,2020/08/06 16:00:00,38.67,38.95,38.09,38.31,728478
ACM,NYSE,2020/08/07 16:00:00,38.13,38.64,37.85,38.53,666316
ACM,NYSE,2020/08/10 16:00:00,38.49,39.02,38.4,38.84,1314379
ACM,NYSE,2020/08/11 16:00:00,39.38,39.8,39.07,39.24,829844
ACM,NYSE,2020/08/12 16:00:00,39.48,39.92,39.01,39.23,627830
ACM,NYSE,2020/08/13 16:00:00,38.85,39.29,38.55,38.82,735661
ACM,NYSE,2020/08/14 16:00:00,38.5,39.36,38.22,38.72,561761
ACM,NYSE,2020/08/17 16:00:00,38.7,39.24,38.67,38.73,469589
ACM,NYSE,2020/08/18 16:00:00,38.61,38.88,38.14,38.18,606668
ACM,NYSE,2020/08/19 16:00:00,38.19,38.71,37.71,38.49,730150
ACM,NYSE,2020/08/20 16:00:00,38.1,38.87,38.1,38.7,1213594
ACM,NYSE,2020/08/21 16:00:00,38.4,38.57,38.17,38.28,783828
ACM,NYSE,2020/08/24 16:00:00,38.49,38.9,38.04,38.75,823518
ACM,NYSE,2020/08/25 16:00:00,39,39.32,38.3,38.58,871374
ACM,NYSE,2020/08/26 16:00:00,38.53,38.77,38.06,38.48,889736
ACM,NYSE,2020/08/27 16:00:00,38.43,39.23,38.43,38.83,807203
ACM,NYSE,2020/08/28 16:00:00,39,39.23,38.49,39.23,762899
ACM,NYSE,2020/08/31 16:00:00,39.09,40.3,38.58,39.51,3317183
ACM,NYSE,2020/09/01 16:00:00,39.4,39.81,38.77,39.65,1097882
ACM,NYSE,2020/09/02 16:00:00,39.68,39.68,39.02,39.46,862712
ACM,NYSE,2020/09/03 16:00:00,39.56,39.59,37.61,37.96,1245464
ACM,NYSE,2020/09/04 16:00:00,38.41,38.67,37.7,38.37,863247
ACM,NYSE,2020/09/08 16:00:00,37.88,38.04,37.22,37.27,970498
ACM,NYSE,2020/09/09 16:00:00,37.47,38.63,37.15,37.98,1535157
ACM,NYSE,2020/09/10 16:00:00,38.17,38.49,37.58,37.71,1422174
ACM,NYSE,2020/09/11 16:00:00,37.87,38.42,37.58,38.29,959507
ACM,NYSE,2020/09/14 16:00:00,38.62,39.14,38.37,39.01,1245550
ACM,NYSE,2020/09/15 16:00:00,39.11,39.35,38.84,38.86,1455259
ACM,NYSE,2020/09/16 16:00:00,39,39.87,38.85,39.6,1283017
ACM,NYSE,2020/09/17 16:00:00,39.06,40.74,38.69,40.15,1730752
ACM,NYSE,2020/09/18 16:00:00,40.33,40.7,39.78,39.97,2738136
ACM,NYSE,2020/09/21 16:00:00,38.97,39.21,37.76,38.04,2040277
ACM,NYSE,2020/09/22 16:00:00,37.93,38.83,37.87,38.57,1183971
ACM,NYSE,2020/09/23 16:00:00,38.61,39.89,38.47,38.76,1734607
ACM,NYSE,2020/09/24 16:00:00,38.76,39.38,38,38.96,1069245
ACM,NYSE,2020/09/25 16:00:00,38.58,39.6,38.48,39.4,1015940
ACM,NYSE,2020/09/28 16:00:00,40,41.17,39.92,40.91,1482929
ACM,NYSE,2020/09/29 16:00:00,40.98,41.65,40.87,41.37,1354591
ACM,NYSE,2020/09/30 16:00:00,41.54,42.67,41.42,41.84,1939967
ACM,NYSE,2020/10/01 16:00:00,41.91,42.47,41.68,42.24,1357933
ACM,NYSE,2020/10/02 16:00:00,41.41,44.59,41.32,44.05,3008405
ACM,NYSE,2020/10/05 16:00:00,44.46,45.14,44.28,44.34,2406666
ACM,NYSE,2020/10/06 16:00:00,44.71,45.5,43.8,44.11,2111458
ACM,NYSE,2020/10/07 16:00:00,44.75,45.58,44.63,45.26,1651665
ACM,NYSE,2020/10/08 16:00:00,45.48,46.18,45.29,46.08,1637642
ACM,NYSE,2020/10/09 16:00:00,46.35,46.55,45.89,46.16,1615624
ACM,NYSE,2020/10/12 16:00:00,46.05,47.04,45.85,46.55,1765744
ACM,NYSE,2020/10/13 16:00:00,46.06,46.65,45.7,45.7,1296353
ACM,NYSE,2020/10/14 16:00:00,45.98,46.2,45.56,45.66,1181343
ACM,NYSE,2020/10/15 16:00:00,45.13,46.68,45.09,46.1,1159922
ACM,NYSE,2020/10/16 16:00:00,46.2,47.12,46.2,46.44,942272
ACM,NYSE,2020/10/19 16:00:00,46.78,47.3,45.87,45.97,959161
ACM,NYSE,2020/10/20 16:00:00,46.43,46.7,45.89,46.15,1165348
ACM,NYSE,2020/10/21 16:00:00,46.13,46.75,45.82,45.84,1059710
ACM,NYSE,2020/10/22 16:00:00,45.86,46.42,45.66,46.15,1062327
ACM,NYSE,2020/10/23 16:00:00,46.57,46.88,46.09,46.38,1098140
ACM,NYSE,2020/10/26 16:00:00,45.68,45.71,44.55,44.83,1002467
ACM,NYSE,2020/10/27 16:00:00,44.87,45.2,44.17,44.33,1083466
ACM,NYSE,2020/10/28 16:00:00,43.37,43.89,42.69,42.8,1831187
ACM,NYSE,2020/10/29 16:00:00,42.51,44.2,42.32,43.84,1501580
ACM,NYSE,2020/10/30 16:00:00,43.65,44.84,43.46,44.84,1391848
ACM,NYSE,2020/11/02 16:00:00,45.47,46.97,45.32,46.96,1952446
ACM,NYSE,2020/11/03 16:00:00,47.47,47.99,47.19,47.4,1883871
ACM,NYSE,2020/11/04 16:00:00,46.96,47.05,44.51,44.8,2901544
ACM,NYSE,2020/11/05 16:00:00,45.54,47.44,45.5,46.36,2098672
ACM,NYSE,2020/11/06 16:00:00,46.56,46.81,45.92,46,1412134
ACM,NYSE,2020/11/09 16:00:00,49.38,50,47.31,47.34,2037295
ACM,NYSE,2020/11/10 16:00:00,47.76,49.34,47.76,48.33,1782148
ACM,NYSE,2020/11/11 16:00:00,48.58,48.58,47.04,47.37,1424922
ACM,NYSE,2020/11/12 16:00:00,47.14,48.16,47.01,47.57,1783706
ACM,NYSE,2020/11/13 16:00:00,48.19,49.69,48.01,49.51,2960261
ACM,NYSE,2020/11/16 16:00:00,50,51.43,49.84,50.55,2366409
ACM,NYSE,2020/11/17 16:00:00,50.35,50.64,49.38,49.9,1405810
ACM,NYSE,2020/11/18 16:00:00,49.97,51.01,49.95,50.26,1693989
ACM,NYSE,2020/11/19 16:00:00,50,50.66,49.73,50.47,1503524
ACM,NYSE,2020/11/20 16:00:00,50.32,50.52,49.84,50.23,1312389
ACM,NYSE,2020/11/23 16:00:00,50.67,52.1,50.31,51.73,1595576
ACM,NYSE,2020/11/24 16:00:00,52.29,52.83,51.68,52.18,1475240
ACM,NYSE,2020/11/25 16:00:00,51.95,52.71,51.1,52.24,875144
ACM,NYSE,2020/11/27 13:00:00,52.27,52.86,52.01,52.28,445489
ACM,NYSE,2020/11/30 16:00:00,51.96,52.59,51.57,51.89,825669
ACM,NYSE,2020/12/01 16:00:00,52.8,53.21,52.07,52.46,977920
ACM,NYSE,2020/12/02 16:00:00,52.19,52.81,52.09,52.54,1004369
ACM,NYSE,2020/12/03 16:00:00,51,51.43,50.06,50.3,2910408
ACM,NYSE,2020/12/04 16:00:00,50.89,51.68,50.62,51.33,1307359
ACM,NYSE,2020/12/07 16:00:00,51.32,51.74,50.91,51.11,972428
ACM,NYSE,2020/12/08 16:00:00,50.81,51.4,50.77,51.18,1651047
ACM,NYSE,2020/12/09 16:00:00,51.54,51.85,48.88,49.19,1984082
ACM,NYSE,2020/12/10 16:00:00,48.86,48.96,47.87,48.61,1629274
ACM,NYSE,2020/12/11 16:00:00,48.38,49.13,48.08,48.17,1341401
ACM,NYSE,2020/12/14 16:00:00,48.59,48.68,46.72,46.8,1941399
ACM,NYSE,2020/12/15 16:00:00,47.23,48.05,46.87,47.88,1446293
ACM,NYSE,2020/12/16 16:00:00,48.19,48.25,47.15,47.45,1509511
ACM,NYSE,2020/12/17 16:00:00,47.37,47.93,47.34,47.92,1310543
ACM,NYSE,2020/12/18 16:00:00,48.21,48.22,47.33,47.78,3267502
ACM,NYSE,2020/12/21 16:00:00,46.62,48.51,46.61,47.98,1604856
ACM,NYSE,2020/12/22 16:00:00,48.25,48.61,47.74,47.93,1617446
ACM,NYSE,2020/12/23 16:00:00,48.3,48.97,48.29,48.55,660095
ACM,NYSE,2020/12/24 13:00:00,48.43,48.7,48.21,48.66,403690
ACM,NYSE,2020/12/28 16:00:00,48.78,49.14,48.16,48.21,686317
ACM,NYSE,2020/12/29 16:00:00,48.33,48.66,47.96,48.49,680416
ACM,NYSE,2020/12/30 16:00:00,48.57,49.53,48.57,49.47,679253
ACM,NYSE,2020/12/31 16:00:00,49.34,50.27,49.03,49.78,1115116
ACM,NYSE,2021/01/04 16:00:00,49.83,50.6,48.76,48.92,1101050
ACM,NYSE,2021/01/05 16:00:00,48.7,50.58,48.7,50.21,940623
ACM,NYSE,2021/01/06 16:00:00,51.44,55.28,50.69,54.82,3524970
ACM,NYSE,2021/01/07 16:00:00,55.2,55.73,54.69,54.98,1238779
ACM,NYSE,2021/01/08 16:00:00,55.2,55.2,53.53,54.3,1086945
ACM,NYSE,2021/01/11 16:00:00,53.53,54.79,53.53,54.46,768482
ACM,NYSE,2021/01/12 16:00:00,54.76,54.97,54.02,54.02,1176850
ACM,NYSE,2021/01/13 16:00:00,54.04,54.29,53.54,53.75,721131
ACM,NYSE,2021/01/14 16:00:00,54.22,54.45,53.2,53.96,566812
ACM,NYSE,2021/01/15 16:00:00,53.72,53.92,52.78,53.73,579026
ACM,NYSE,2021/01/19 16:00:00,54.28,55.45,54.05,54.94,803033
ACM,NYSE,2021/01/20 16:00:00,55.3,55.5,54.06,54.71,679354
ACM,NYSE,2021/01/21 16:00:00,54.65,55,53.46,53.48,610140
ACM,NYSE,2021/01/22 16:00:00,53.18,53.95,52.62,53.68,468205
ACM,NYSE,2021/01/25 16:00:00,53.7,53.89,52.43,53.66,513318
ACM,NYSE,2021/01/26 16:00:00,53.67,53.72,52.33,53.07,556089
ACM,NYSE,2021/01/27 16:00:00,51.86,51.97,49.81,50.48,1437177
ACM,NYSE,2021/01/28 16:00:00,51.05,51.75,50.31,50.96,822810
ACM,NYSE,2021/01/29 16:00:00,50.5,50.97,49.34,50.1,1160964
ACM,NYSE,2021/02/01 16:00:00,50.74,52.22,50.13,52.08,958081
ACM,NYSE,2021/02/02 16:00:00,52.98,54.4,52.1,54.14,1289333
ACM,NYSE,2021/02/03 16:00:00,54.02,54.12,53.28,53.56,727934
ACM,NYSE,2021/02/04 16:00:00,53.76,54.28,53.48,53.95,514948
ACM,NYSE,2021/02/05 16:00:00,54.57,54.99,53.85,54.37,665955
ACM,NYSE,2021/02/08 16:00:00,54.88,55.22,53.82,55.22,792988
ACM,NYSE,2021/02/09 16:00:00,53.67,55.1,53.05,53.51,1160737
ACM,NYSE,2021/02/10 16:00:00,53.95,53.95,52.45,52.94,1092527
ACM,NYSE,2021/02/11 16:00:00,53.38,54.85,53.38,54.61,906112
ACM,NYSE,2021/02/12 16:00:00,54.44,56.8,54.07,56.02,1488599
ACM,NYSE,2021/02/16 16:00:00,56.6,58.82,56.4,57.7,2001763
ACM,NYSE,2021/02/17 16:00:00,58,58.06,56.62,56.98,1183928
ACM,NYSE,2021/02/18 16:00:00,56.62,56.99,55.12,56.02,792835
ACM,NYSE,2021/02/19 16:00:00,56.15,57.48,55.99,57.16,724886
ACM,NYSE,2021/02/22 16:00:00,57.06,58.44,56.84,57.02,1033502
ACM,NYSE,2021/02/23 16:00:00,56.71,58.04,56.25,57.78,1006897
ACM,NYSE,2021/02/24 16:00:00,58.03,60.34,58.01,59.88,1888413
ACM,NYSE,2021/02/25 16:00:00,60,60.59,58.65,59.04,1155253
ACM,NYSE,2021/02/26 16:00:00,59.03,59.43,57.5,57.89,1080399
ACM,NYSE,2021/03/01 16:00:00,59.29,59.47,58.32,58.62,786809
ACM,NYSE,2021/03/02 16:00:00,58.52,58.71,57.6,57.68,822701
ACM,NYSE,2021/03/03 16:00:00,57.92,58.5,57.07,57.45,748467
ACM,NYSE,2021/03/04 16:00:00,57.3,57.72,55.49,56.58,667398
ACM,NYSE,2021/03/05 16:00:00,57.2,58.26,55.3,58.26,811486
ACM,NYSE,2021/03/08 16:00:00,59.01,59.4,58.04,58.61,585626
ACM,NYSE,2021/03/09 16:00:00,59.48,60.46,58.65,59.4,911923
ACM,NYSE,2021/03/10 16:00:00,59.66,60.99,59.5,60.81,1043462
ACM,NYSE,2021/03/11 16:00:00,61.45,62.23,60.73,60.81,1012808
ACM,NYSE,2021/03/12 16:00:00,60.66,62.82,60.36,62.7,790926
ACM,NYSE,2021/03/15 16:00:00,62.46,62.89,61.44,62.56,860625
ACM,NYSE,2021/03/16 16:00:00,62.55,62.66,61.27,61.39,765102
ACM,NYSE,2021/03/17 16:00:00,61.48,62.06,60.5,61.89,795761
ACM,NYSE,2021/03/18 16:00:00,61.97,63.87,61.31,61.63,1282785
ACM,NYSE,2021/03/19 16:00:00,62.73,63.35,61.12,61.94,2153297
ACM,NYSE,2021/03/22 16:00:00,61.95,62.25,61.29,61.71,1082828
ACM,NYSE,2021/03/23 16:00:00,61.06,61.97,59.98,60.29,1084890
ACM,NYSE,2021/03/24 16:00:00,60.77,62.47,60.77,61.25,1300505
ACM,NYSE,2021/03/25 16:00:00,60.75,63.3,60.03,62.89,1010548
ACM,NYSE,2021/03/26 16:00:00,63.49,64.71,62.62,64.44,1219862
ACM,NYSE,2021/03/29 16:00:00,64.4,65.41,63.17,63.44,1383628
ACM,NYSE,2021/03/30 16:00:00,63.61,65.33,63.61,65.29,1106783
ACM,NYSE,2021/03/31 16:00:00,66.02,66.4,64.09,64.11,1479136
ACM,NYSE,2021/04/01 16:00:00,64.76,65.42,63.92,64.38,1065932
ACM,NYSE,2021/04/05 16:00:00,65.28,66.06,65.01,65.95,735085
ACM,NYSE,2021/04/06 16:00:00,65.76,67.31,65.76,66.47,1205216
ACM,NYSE,2021/04/07 16:00:00,66.54,66.66,65.57,66.03,1512121
ACM,NYSE,2021/04/08 16:00:00,66.05,66.32,65.04,65.78,716491
ACM,NYSE,2021/04/09 16:00:00,65.84,66.48,65.7,66.28,660942
RS,NYSE,2019/04/01 16:00:00,91.25,92.19,91.2,92.08,332409
RS,NYSE,2019/04/02 16:00:00,92.44,92.72,91.18,92,324118
RS,NYSE,2019/04/03 16:00:00,93.03,93.7,92.63,93.08,455902
RS,NYSE,2019/04/04 16:00:00,93.14,94.23,92.72,94.2,335671
RS,NYSE,2019/04/05 16:00:00,94.23,94.97,94.04,94.25,309024
RS,NYSE,2019/04/08 16:00:00,94.25,94.32,93.32,93.49,583768
RS,NYSE,2019/04/09 16:00:00,92.88,92.88,91.02,91.22,421317
RS,NYSE,2019/04/10 16:00:00,91.7,91.74,90.76,91.36,595210
RS,NYSE,2019/04/11 16:00:00,91.28,91.68,90.29,90.78,544260
RS,NYSE,2019/04/12 16:00:00,91.23,91.73,90.65,91.3,354989
RS,NYSE,2019/04/15 16:00:00,91.26,91.56,90.56,91.28,321109
RS,NYSE,2019/04/16 16:00:00,91.78,91.98,91.4,91.69,314166
RS,NYSE,2019/04/17 16:00:00,92.51,93.22,91.05,91.13,293915
RS,NYSE,2019/04/18 16:00:00,89.74,90.6,89.38,90,359339
RS,NYSE,2019/04/22 16:00:00,89.64,89.7,88.19,88.98,338964
RS,NYSE,2019/04/23 16:00:00,88.87,90.15,88.58,89.34,441259
RS,NYSE,2019/04/24 16:00:00,89.57,89.68,88.65,88.82,359210
RS,NYSE,2019/04/25 16:00:00,91.92,92.88,89.35,91.34,664014
RS,NYSE,2019/04/26 16:00:00,91,92.72,90.9,91.76,558560
RS,NYSE,2019/04/29 16:00:00,91.5,91.94,90.68,91.7,395254
RS,NYSE,2019/04/30 16:00:00,91.68,92.3,91.2,91.96,387460
RS,NYSE,2019/05/01 16:00:00,91.76,91.76,89.94,90.01,227358
RS,NYSE,2019/05/02 16:00:00,89.64,90.85,89.28,90.04,298573
RS,NYSE,2019/05/03 16:00:00,91,92.64,91,92.14,431708
RS,NYSE,2019/05/06 16:00:00,90.23,92.43,90.14,91.66,491245
RS,NYSE,2019/05/07 16:00:00,90.7,91.44,88.48,89.05,483016
RS,NYSE,2019/05/08 16:00:00,88.79,90.53,88.62,89.92,378311
RS,NYSE,2019/05/09 16:00:00,89,90.66,88.59,90.27,378996
RS,NYSE,2019/05/10 16:00:00,89.88,91.38,89.51,91.31,499186
RS,NYSE,2019/05/13 16:00:00,89.15,89.19,85.52,87.02,473343
RS,NYSE,2019/05/14 16:00:00,87.74,89.49,87.19,88.98,540662
RS,NYSE,2019/05/15 16:00:00,87.95,89.43,87.21,89.34,318979
RS,NYSE,2019/05/16 16:00:00,89.68,90.31,89.19,89.54,388520
RS,NYSE,2019/05/17 16:00:00,88.68,89.76,87.67,87.72,1094914
RS,NYSE,2019/05/20 16:00:00,86.98,88.16,86.77,87.34,482539
RS,NYSE,2019/05/21 16:00:00,88.12,89.86,87.9,89.32,470243
RS,NYSE,2019/05/22 16:00:00,88.69,88.7,86.86,87,357589
RS,NYSE,2019/05/23 16:00:00,85.12,85.8,83.64,84.85,520670
RS,NYSE,2019/05/24 16:00:00,85.72,85.86,84.78,84.97,236300
RS,NYSE,2019/05/28 16:00:00,85.18,85.33,83.9,83.98,632272
RS,NYSE,2019/05/29 16:00:00,83.01,85.15,82.62,84.82,503018
RS,NYSE,2019/05/30 16:00:00,85.45,85.91,84.64,84.95,444737
RS,NYSE,2019/05/31 16:00:00,83.6,84.11,82.77,83.27,582527
RS,NYSE,2019/06/03 16:00:00,83.36,85.2,83.36,85.1,568593
RS,NYSE,2019/06/04 16:00:00,85.64,86.73,85.33,86.44,334546
RS,NYSE,2019/06/05 16:00:00,86.67,86.67,85.24,86.39,310150
RS,NYSE,2019/06/06 16:00:00,86.27,86.97,85.61,86.73,459770
RS,NYSE,2019/06/07 16:00:00,86.8,87.39,85.77,86.61,276468
RS,NYSE,2019/06/10 16:00:00,87.01,87.86,86.63,86.87,210625
RS,NYSE,2019/06/11 16:00:00,88.08,89.33,88.08,89.1,704472
RS,NYSE,2019/06/12 16:00:00,88.78,89.51,87.92,89.07,327364
RS,NYSE,2019/06/13 16:00:00,89.51,89.94,88.7,89.55,300361
RS,NYSE,2019/06/14 16:00:00,89.01,89.27,88.33,88.94,180378
RS,NYSE,2019/06/17 16:00:00,88.33,88.44,86.45,87.47,441964
RS,NYSE,2019/06/18 16:00:00,88.35,91.12,88.35,89.26,406537
RS,NYSE,2019/06/19 16:00:00,89.75,90.52,89.1,89.98,398135
RS,NYSE,2019/06/20 16:00:00,91.09,91.33,89.79,90.51,342328
RS,NYSE,2019/06/21 16:00:00,90.25,90.95,89.98,90.29,442353
RS,NYSE,2019/06/24 16:00:00,90.2,90.21,88.93,89.79,288867
RS,NYSE,2019/06/25 16:00:00,89.85,90.82,89.33,89.71,432353
RS,NYSE,2019/06/26 16:00:00,90.43,92.29,89.92,92.05,280167
RS,NYSE,2019/06/27 16:00:00,92.45,93.09,92.08,92.97,333295
RS,NYSE,2019/06/28 16:00:00,93.2,94.65,92.67,94.62,824718
RS,NYSE,2019/07/01 16:00:00,95,95.66,94.84,95.52,404221
RS,NYSE,2019/07/02 16:00:00,95.35,95.35,94.05,94.57,584590
RS,NYSE,2019/07/03 13:00:00,94.83,95.09,94.02,94.39,217931
RS,NYSE,2019/07/05 16:00:00,93.57,94.06,91.58,93.94,251902
RS,NYSE,2019/07/08 16:00:00,93.63,94.19,92.19,92.4,286055
RS,NYSE,2019/07/09 16:00:00,91.59,92.42,90.36,92.3,561077
RS,NYSE,2019/07/10 16:00:00,93.07,93.36,91.36,91.48,274403
RS,NYSE,2019/07/11 16:00:00,91.21,91.42,90.36,90.81,339354
RS,NYSE,2019/07/12 16:00:00,91.22,91.97,90.92,91.84,1193488
RS,NYSE,2019/07/15 16:00:00,92.53,92.75,91.28,92.37,538828
RS,NYSE,2019/07/16 16:00:00,92.37,94.27,92.21,93.27,434107
RS,NYSE,2019/07/17 16:00:00,93.25,93.54,91.88,91.92,468527
RS,NYSE,2019/07/18 16:00:00,92.29,92.93,91.76,92.37,256806
RS,NYSE,2019/07/19 16:00:00,92.82,94.12,92.05,93.3,260586
RS,NYSE,2019/07/22 16:00:00,93.44,94.06,92.58,93.32,327575
RS,NYSE,2019/07/23 16:00:00,93.87,95.05,93.46,93.49,498770
RS,NYSE,2019/07/24 16:00:00,92.78,93.48,91.96,93.1,608224
RS,NYSE,2019/07/25 16:00:00,95.89,101.55,95.53,101.09,1387361
RS,NYSE,2019/07/26 16:00:00,101.31,105.25,100.67,103,802366
RS,NYSE,2019/07/29 16:00:00,102.59,102.7,101.23,101.31,595057
RS,NYSE,2019/07/30 16:00:00,100.31,101.28,100.26,100.73,557696
RS,NYSE,2019/07/31 16:00:00,100.73,101.14,99.15,99.95,898408
RS,NYSE,2019/08/01 16:00:00,99.65,100.3,97.85,98.88,531124
RS,NYSE,2019/08/02 16:00:00,98.09,98.79,96.91,97.91,399437
RS,NYSE,2019/08/05 16:00:00,96.26,96.92,95.56,96.64,539122
RS,NYSE,2019/08/06 16:00:00,96.76,98.1,95.75,98.08,496678
RS,NYSE,2019/08/07 16:00:00,96.63,98.06,95.7,97.93,447307
RS,NYSE,2019/08/08 16:00:00,98.96,100.54,98.68,100.2,625710
RS,NYSE,2019/08/09 16:00:00,99.36,99.58,98.13,98.42,585285
RS,NYSE,2019/08/12 16:00:00,98.46,98.52,96.91,97.5,505672
RS,NYSE,2019/08/13 16:00:00,97.55,100.64,97.06,99.26,481467
RS,NYSE,2019/08/14 16:00:00,96.82,97.54,95.84,96.23,591843
RS,NYSE,2019/08/15 16:00:00,96.18,96.5,95.04,95.81,441930
RS,NYSE,2019/08/16 16:00:00,96.2,97.84,96.2,97.59,1213680
RS,NYSE,2019/08/19 16:00:00,98.82,99.49,98.62,98.92,277076
RS,NYSE,2019/08/20 16:00:00,98.33,99.29,97.81,98.19,547785
RS,NYSE,2019/08/21 16:00:00,99.14,99.14,97.64,98.15,529283
RS,NYSE,2019/08/22 16:00:00,98.68,98.88,97.49,97.76,430229
RS,NYSE,2019/08/23 16:00:00,97.21,98.14,95.24,95.57,466910
RS,NYSE,2019/08/26 16:00:00,96.14,96.45,95.31,95.78,495030
RS,NYSE,2019/08/27 16:00:00,96.1,96.1,94.48,94.51,777798
RS,NYSE,2019/08/28 16:00:00,94.18,95.83,93.43,95.43,278569
RS,NYSE,2019/08/29 16:00:00,96.5,98.14,96.5,97.59,533509
RS,NYSE,2019/08/30 16:00:00,98.52,98.52,96.96,97.23,599043
RS,NYSE,2019/09/03 16:00:00,96.31,96.71,95.25,96.61,381372
RS,NYSE,2019/09/04 16:00:00,97.96,99.14,97.76,99.12,518836
RS,NYSE,2019/09/05 16:00:00,100.31,102.18,99.8,100.17,618555
RS,NYSE,2019/09/06 16:00:00,101.63,101.94,99.98,100.08,615989
RS,NYSE,2019/09/09 16:00:00,100.84,101.13,99.81,100.38,454039
RS,NYSE,2019/09/10 16:00:00,100.33,103.1,99.33,103.04,428381
RS,NYSE,2019/09/11 16:00:00,103.5,103.5,101.78,103.34,382398
RS,NYSE,2019/09/12 16:00:00,103.56,104.35,102.69,103.74,358948
RS,NYSE,2019/09/13 16:00:00,104.97,104.97,103.36,103.4,281892
RS,NYSE,2019/09/16 16:00:00,102.33,103.72,101.22,102.56,465482
RS,NYSE,2019/09/17 16:00:00,101.44,103.59,100.99,103.33,516366
RS,NYSE,2019/09/18 16:00:00,102.7,103.3,102.08,103.15,291318
RS,NYSE,2019/09/19 16:00:00,102.74,104.7,102.38,103.53,507097
RS,NYSE,2019/09/20 16:00:00,103.44,103.53,100.35,100.47,1187531
RS,NYSE,2019/09/23 16:00:00,99.86,102.3,99.23,101.27,347129
RS,NYSE,2019/09/24 16:00:00,100.94,101.18,97.8,98.35,990218
RS,NYSE,2019/09/25 16:00:00,98.05,100.46,98.05,100.2,742673
RS,NYSE,2019/09/26 16:00:00,99.78,99.78,97.58,98.79,434723
RS,NYSE,2019/09/27 16:00:00,99.3,99.82,98.47,98.89,478899
RS,NYSE,2019/09/30 16:00:00,98.66,99.91,98.56,99.66,284375
RS,NYSE,2019/10/01 16:00:00,100.34,102,98.91,99.15,369691
RS,NYSE,2019/10/02 16:00:00,98.01,98.49,96.53,97.1,312140
RS,NYSE,2019/10/03 16:00:00,96.72,98.09,95.39,98.07,471436
RS,NYSE,2019/10/04 16:00:00,98.45,99.6,98.13,99.5,322921
RS,NYSE,2019/10/07 16:00:00,99.33,99.62,98.1,98.72,340110
RS,NYSE,2019/10/08 16:00:00,97.98,99.19,97.31,98.18,413135
RS,NYSE,2019/10/09 16:00:00,99.13,99.13,96.74,98.04,436811
RS,NYSE,2019/10/10 16:00:00,98.96,100.41,98.13,100.01,440747
RS,NYSE,2019/10/11 16:00:00,101.51,102.88,101.5,101.64,372838
RS,NYSE,2019/10/14 16:00:00,100.41,100.74,98.95,99.88,293578
RS,NYSE,2019/10/15 16:00:00,99.63,101.97,98.8,100.82,385254
RS,NYSE,2019/10/16 16:00:00,99.9,100.57,98.67,99.32,382698
RS,NYSE,2019/10/17 16:00:00,100.42,101.1,99.12,99.95,451970
RS,NYSE,2019/10/18 16:00:00,100,100.17,98.97,99.35,310406
RS,NYSE,2019/10/21 16:00:00,100.27,100.91,98.97,99.01,314320
RS,NYSE,2019/10/22 16:00:00,99.28,100.19,98.74,99.65,451574
RS,NYSE,2019/10/23 16:00:00,99.65,99.68,98.32,99.23,503376
RS,NYSE,2019/10/24 16:00:00,105.63,112.89,105,112.84,1834782
RS,NYSE,2019/10/25 16:00:00,113.25,117.31,112.79,116.05,889884
RS,NYSE,2019/10/28 16:00:00,116.11,118.75,116.1,118.12,606719
RS,NYSE,2019/10/29 16:00:00,118.1,120.85,118.1,119.73,465214
RS,NYSE,2019/10/30 16:00:00,118.14,118.9,117.44,118.05,518324
RS,NYSE,2019/10/31 16:00:00,117.18,117.61,115.73,116.04,680077
RS,NYSE,2019/11/01 16:00:00,117.28,119.1,117.28,117.67,427618
RS,NYSE,2019/11/04 16:00:00,118.5,119.05,117.74,118.6,394622
RS,NYSE,2019/11/05 16:00:00,119.5,120.49,118.51,118.57,577306
RS,NYSE,2019/11/06 16:00:00,117.94,118.54,116.98,117.2,704921
RS,NYSE,2019/11/07 16:00:00,118.62,119.09,117.31,117.44,569720
RS,NYSE,2019/11/08 16:00:00,117.03,118.58,116.94,117.34,373219
RS,NYSE,2019/11/11 16:00:00,116.81,116.88,116.08,116.52,304236
RS,NYSE,2019/11/12 16:00:00,116.52,116.79,115.36,115.72,463650
RS,NYSE,2019/11/13 16:00:00,115.39,116.31,114.59,114.81,471753
RS,NYSE,2019/11/14 16:00:00,113.65,114.67,112.64,112.94,892810
RS,NYSE,2019/11/15 16:00:00,113.83,114.73,112.8,113.17,600931
RS,NYSE,2019/11/18 16:00:00,113.04,116.52,112.7,116.44,798465
RS,NYSE,2019/11/19 16:00:00,116.56,116.56,114.36,115.82,831315
RS,NYSE,2019/11/20 16:00:00,115.21,118.38,114.62,117.21,769774
RS,NYSE,2019/11/21 16:00:00,116.79,117.64,116.26,116.28,684907
RS,NYSE,2019/11/22 16:00:00,117.16,117.23,116.23,116.39,402037
RS,NYSE,2019/11/25 16:00:00,116.86,118.51,115.87,116.86,691355
RS,NYSE,2019/11/26 16:00:00,117.19,119.32,116.53,119.16,469548
RS,NYSE,2019/11/27 16:00:00,119.3,119.35,117.9,118.97,441012
RS,NYSE,2019/11/29 13:00:00,118.52,118.76,117.58,117.98,120637
RS,NYSE,2019/12/02 16:00:00,118.28,118.96,117.79,118.51,392437
RS,NYSE,2019/12/03 16:00:00,116.88,118.13,116.06,118.03,429946
RS,NYSE,2019/12/04 16:00:00,118.69,119.3,116.76,117.12,548566
RS,NYSE,2019/12/05 16:00:00,116.94,118.67,116.7,118.65,671301
RS,NYSE,2019/12/06 16:00:00,119,121.09,119,120.22,566467
RS,NYSE,2019/12/09 16:00:00,120.17,121.72,120.14,120.54,403529
RS,NYSE,2019/12/10 16:00:00,119.9,121.29,119.83,120.33,358355
RS,NYSE,2019/12/11 16:00:00,120.24,120.96,119.97,120.47,527073
RS,NYSE,2019/12/12 16:00:00,119.4,120.99,118.44,120.87,456177
RS,NYSE,2019/12/13 16:00:00,120.28,121.16,119.02,119.75,306333
RS,NYSE,2019/12/16 16:00:00,120.45,120.47,118.74,118.87,384655
RS,NYSE,2019/12/17 16:00:00,119.31,121.43,118.18,121.08,399160
RS,NYSE,2019/12/18 16:00:00,120.66,120.97,119.26,120.84,363528
RS,NYSE,2019/12/19 16:00:00,120.62,121.04,120.1,120.16,376946
RS,NYSE,2019/12/20 16:00:00,120.55,122.17,119.97,121.33,1640620
RS,NYSE,2019/12/23 16:00:00,121.25,121.26,120.41,120.83,355161
RS,NYSE,2019/12/24 13:00:00,121.12,121.34,120.58,120.65,119563
RS,NYSE,2019/12/26 16:00:00,120.65,121.25,119.53,120.83,287157
RS,NYSE,2019/12/27 16:00:00,120.97,121.31,120.01,120.28,322089
RS,NYSE,2019/12/30 16:00:00,120.59,120.83,119.74,120.09,315522
RS,NYSE,2019/12/31 16:00:00,119.94,120.82,119.63,119.76,369153
RS,NYSE,2020/01/02 16:00:00,120.85,120.88,118.45,119.25,345673
RS,NYSE,2020/01/03 16:00:00,117.57,119.47,117.57,118.81,292334
RS,NYSE,2020/01/06 16:00:00,118.42,119.04,117.82,118.52,399059
RS,NYSE,2020/01/07 16:00:00,117.73,119.85,117.73,118.85,412233
RS,NYSE,2020/01/08 16:00:00,118.38,120.14,118.28,118.73,279167
RS,NYSE,2020/01/09 16:00:00,119.2,119.82,118.47,119.69,397891
RS,NYSE,2020/01/10 16:00:00,119.62,119.71,117.89,118.02,327011
RS,NYSE,2020/01/13 16:00:00,119.31,121.53,118.77,120.52,503649
RS,NYSE,2020/01/14 16:00:00,120.31,121.28,119.95,121.24,416802
RS,NYSE,2020/01/15 16:00:00,120.58,121.71,120.46,121.34,424967
RS,NYSE,2020/01/16 16:00:00,121.98,121.98,120.19,120.84,343747
RS,NYSE,2020/01/17 16:00:00,121.57,122.06,120.92,121.5,382437
RS,NYSE,2020/01/21 16:00:00,119.67,120.13,116.09,116.95,752567
RS,NYSE,2020/01/22 16:00:00,117.43,118.27,117.11,117.41,394991
RS,NYSE,2020/01/23 16:00:00,116.61,118.46,114.82,118.06,373352
RS,NYSE,2020/01/24 16:00:00,118.02,118.02,115.58,116.74,267613
RS,NYSE,2020/01/27 16:00:00,114.72,116.19,114.32,114.98,334309
RS,NYSE,2020/01/28 16:00:00,115.93,116.81,114.76,115.73,283203
RS,NYSE,2020/01/29 16:00:00,115.52,116.39,114.71,114.77,318583
RS,NYSE,2020/01/30 16:00:00,114.16,117.68,113.96,117.65,292709
RS,NYSE,2020/01/31 16:00:00,116.59,116.84,114.6,114.8,735393
RS,NYSE,2020/02/03 16:00:00,115.33,116.79,114.84,116.14,325918
RS,NYSE,2020/02/04 16:00:00,118.13,118.13,116.45,116.71,280868
RS,NYSE,2020/02/05 16:00:00,117.81,119.34,117.18,118.98,328961
RS,NYSE,2020/02/06 16:00:00,119.85,120.03,118.09,118.59,534081
RS,NYSE,2020/02/07 16:00:00,117.85,118.2,115.74,116.06,330050
RS,NYSE,2020/02/10 16:00:00,115.5,117.17,115.5,116.51,309979
RS,NYSE,2020/02/11 16:00:00,117.19,119.09,117.19,117.82,452729
RS,NYSE,2020/02/12 16:00:00,118.91,118.99,116.69,116.97,278004
RS,NYSE,2020/02/13 16:00:00,116.39,117.23,116.14,116.38,195338
RS,NYSE,2020/02/14 16:00:00,116.35,116.65,115.33,116.05,405496
RS,NYSE,2020/02/18 16:00:00,115.77,116.91,115.27,116.02,365519
RS,NYSE,2020/02/19 16:00:00,116.51,117.78,116.32,117.2,681734
RS,NYSE,2020/02/20 16:00:00,117.52,118.86,106.01,109.4,1423752
RS,NYSE,2020/02/21 16:00:00,108.47,111.97,107.79,110.95,887556
RS,NYSE,2020/02/24 16:00:00,107.11,109.64,106.78,108.75,485579
RS,NYSE,2020/02/25 16:00:00,109.06,110.31,106.69,107.46,574413
RS,NYSE,2020/02/26 16:00:00,108.23,109.85,107.84,108.62,763517
RS,NYSE,2020/02/27 16:00:00,106.26,107.97,104.28,104.49,653596
RS,NYSE,2020/02/28 16:00:00,100.8,103.21,99.39,102.29,940501
RS,NYSE,2020/03/02 16:00:00,102.83,105.9,101.38,105.77,1159753
RS,NYSE,2020/03/03 16:00:00,105.77,109.44,104.77,105.38,618209
RS,NYSE,2020/03/04 16:00:00,106.98,108.93,105,108.71,501371
RS,NYSE,2020/03/05 16:00:00,105.76,106.91,104.68,105.28,512246
RS,NYSE,2020/03/06 16:00:00,102.13,104.31,101.33,102.7,700705
RS,NYSE,2020/03/09 16:00:00,99.2,99.2,94.1,94.25,663986
RS,NYSE,2020/03/10 16:00:00,97.02,99.31,94.74,98.99,762126
RS,NYSE,2020/03/11 16:00:00,96.26,98.1,94.12,95.48,639256
RS,NYSE,2020/03/12 16:00:00,88.79,92.33,80.1,86.05,774588
RS,NYSE,2020/03/13 16:00:00,91.36,91.46,85.1,89.92,1031410
RS,NYSE,2020/03/16 16:00:00,79.5,86.99,75.53,80.57,953579
RS,NYSE,2020/03/17 16:00:00,82.18,85.35,78.72,83.45,1023544
RS,NYSE,2020/03/18 16:00:00,78.26,80.26,75.02,75.98,961052
RS,NYSE,2020/03/19 16:00:00,75.14,82.4,73.01,78.32,884594
RS,NYSE,2020/03/20 16:00:00,78.47,80.57,73.59,74.41,1030331
RS,NYSE,2020/03/23 16:00:00,73.97,75.24,70.57,71.42,875653
RS,NYSE,2020/03/24 16:00:00,74.25,83.35,73.86,82.81,867713
RS,NYSE,2020/03/25 16:00:00,82.91,89.55,80.4,83.37,1027687
RS,NYSE,2020/03/26 16:00:00,84.3,92.09,83.74,91.56,960590
RS,NYSE,2020/03/27 16:00:00,88.26,89.06,83.04,83.42,717224
RS,NYSE,2020/03/30 16:00:00,83.89,89.26,81.76,88.67,581380
RS,NYSE,2020/03/31 16:00:00,89.1,91.28,86.54,87.59,656733
RS,NYSE,2020/04/01 16:00:00,83.98,86.15,81.63,83.13,632503
RS,NYSE,2020/04/02 16:00:00,83.53,85.33,80.01,83.53,512110
RS,NYSE,2020/04/03 16:00:00,82.14,83.92,78.22,79.76,423490
RS,NYSE,2020/04/06 16:00:00,83.74,85.07,83.11,84.32,1102592
RS,NYSE,2020/04/07 16:00:00,87.23,88.92,85.15,85.18,383706
RS,NYSE,2020/04/08 16:00:00,86.29,89.69,84.3,87.71,347118
RS,NYSE,2020/04/09 16:00:00,90,92.6,89,89.84,408085
RS,NYSE,2020/04/13 16:00:00,89.28,90,86.82,87.2,343273
RS,NYSE,2020/04/14 16:00:00,89.43,90.91,87.36,88.72,303694
RS,NYSE,2020/04/15 16:00:00,85.08,85.8,82.11,82.92,581909
RS,NYSE,2020/04/16 16:00:00,83.17,83.66,80.06,82.7,1004105
RS,NYSE,2020/04/17 16:00:00,85.31,88.47,85.31,88.07,450966
RS,NYSE,2020/04/20 16:00:00,85.46,87.81,84.68,85.04,395928
RS,NYSE,2020/04/21 16:00:00,82.65,84.71,81.86,83.49,367818
RS,NYSE,2020/04/22 16:00:00,85.28,86,82.65,83.83,523675
RS,NYSE,2020/04/23 16:00:00,85.13,90.47,85.01,85.91,535546
RS,NYSE,2020/04/24 16:00:00,88.98,88.98,85.7,87.12,522588
RS,NYSE,2020/04/27 16:00:00,87.74,91.16,86.4,90.22,369211
RS,NYSE,2020/04/28 16:00:00,91.13,92,88.21,89.46,442827
RS,NYSE,2020/04/29 16:00:00,91.19,96.28,91.19,94.94,406640
RS,NYSE,2020/04/30 16:00:00,93.45,94.06,89.28,89.58,862386
RS,NYSE,2020/05/01 16:00:00,87.46,90.4,86.7,87.75,385893
RS,NYSE,2020/05/04 16:00:00,87.04,88.43,86.2,87.39,398431
RS,NYSE,2020/05/05 16:00:00,88.91,89.9,87,87.08,397312
RS,NYSE,2020/05/06 16:00:00,87.75,88.23,85.72,86.62,358275
RS,NYSE,2020/05/07 16:00:00,88.42,90.22,88.42,88.85,288154
RS,NYSE,2020/05/08 16:00:00,90.66,93.07,90.41,92.87,460801
RS,NYSE,2020/05/11 16:00:00,90.41,91.92,89.41,91.33,564891
RS,NYSE,2020/05/12 16:00:00,91.58,91.58,86.99,86.99,429274
RS,NYSE,2020/05/13 16:00:00,84.13,86,82.51,83.02,460381
RS,NYSE,2020/05/14 16:00:00,81.4,85.73,80.2,85.53,395444
RS,NYSE,2020/05/15 16:00:00,85.16,87.83,83.79,87.55,307001
RS,NYSE,2020/05/18 16:00:00,91.31,94.03,90.56,93.47,445426
RS,NYSE,2020/05/19 16:00:00,92.87,94.28,91.31,91.42,330039
RS,NYSE,2020/05/20 16:00:00,91.87,93.25,91.01,91.3,413077
RS,NYSE,2020/05/21 16:00:00,91.21,92.52,91.03,91.28,366739
RS,NYSE,2020/05/22 16:00:00,91.32,91.96,89.6,91.46,149621
RS,NYSE,2020/05/26 16:00:00,95,95.61,93.66,94.14,280510
RS,NYSE,2020/05/27 16:00:00,95.93,98.87,95.38,98.75,502842
RS,NYSE,2020/05/28 16:00:00,99.31,99.31,96.8,97.68,414967
RS,NYSE,2020/05/29 16:00:00,96.94,97.25,94.68,97,542558
RS,NYSE,2020/06/01 16:00:00,97.33,98.41,96.39,97.96,397393
RS,NYSE,2020/06/02 16:00:00,99.29,99.29,97.74,98.54,387933
RS,NYSE,2020/06/03 16:00:00,99.75,102.35,99.41,100.15,880334
RS,NYSE,2020/06/04 16:00:00,99.58,101.17,98.67,101.1,444977
RS,NYSE,2020/06/05 16:00:00,103.77,105.78,101.78,101.92,456883
RS,NYSE,2020/06/08 16:00:00,103.11,104.29,101.45,102.13,326774
RS,NYSE,2020/06/09 16:00:00,100.22,101.24,98.8,101.07,429226
RS,NYSE,2020/06/10 16:00:00,101.07,103.31,100.91,101.92,635563
RS,NYSE,2020/06/11 16:00:00,98.23,98.98,91.46,91.69,399919
RS,NYSE,2020/06/12 16:00:00,94.32,96.2,91.25,93.15,491841
RS,NYSE,2020/06/15 16:00:00,89.86,94.68,89.86,93.81,505070
RS,NYSE,2020/06/16 16:00:00,97.85,99.69,96.25,97.05,421968
RS,NYSE,2020/06/17 16:00:00,96.74,97.35,95.63,95.98,291410
RS,NYSE,2020/06/18 16:00:00,94.85,96.1,94.54,95.48,377858
RS,NYSE,2020/06/19 16:00:00,96.31,97.07,94.21,95.75,1114096
RS,NYSE,2020/06/22 16:00:00,95.74,96.48,94.33,96.25,336502
RS,NYSE,2020/06/23 16:00:00,97.79,98.1,95.33,95.38,256136
RS,NYSE,2020/06/24 16:00:00,94.09,94.27,90.9,91.06,513568
RS,NYSE,2020/06/25 16:00:00,91.11,92.96,90,92.89,293634
RS,NYSE,2020/06/26 16:00:00,91.82,91.82,89.6,90.41,599560
RS,NYSE,2020/06/29 16:00:00,91.54,93.86,91.54,92.89,520811
RS,NYSE,2020/06/30 16:00:00,92.39,95.22,92.39,94.93,419604
RS,NYSE,2020/07/01 16:00:00,95.53,95.53,92.29,92.97,321945
RS,NYSE,2020/07/02 16:00:00,95.04,96.02,93.34,94.35,326775
RS,NYSE,2020/07/06 16:00:00,96.32,96.36,93.45,95.16,279056
RS,NYSE,2020/07/07 16:00:00,93.8,95.23,93.03,93.86,390743
RS,NYSE,2020/07/08 16:00:00,94.32,94.48,91.78,92.1,373054
RS,NYSE,2020/07/09 16:00:00,92.86,93.04,89.38,89.88,434353
RS,NYSE,2020/07/10 16:00:00,89.89,92.55,89.89,92.46,248840
RS,NYSE,2020/07/13 16:00:00,94.01,94.01,91.13,91.24,396210
RS,NYSE,2020/07/14 16:00:00,90.73,93.9,90.01,93.89,604275
RS,NYSE,2020/07/15 16:00:00,95.65,95.84,93.81,95.1,284027
RS,NYSE,2020/07/16 16:00:00,94.6,95.05,94.02,94.56,220528
RS,NYSE,2020/07/17 16:00:00,94.75,95.15,93.85,94.15,231839
RS,NYSE,2020/07/20 16:00:00,94,94.55,93.61,93.88,254371
RS,NYSE,2020/07/21 16:00:00,94.22,96.48,94.22,95.37,377291
RS,NYSE,2020/07/22 16:00:00,94.59,96.67,94.47,96.5,313085
RS,NYSE,2020/07/23 16:00:00,101.51,107.06,100.24,100.82,760407
RS,NYSE,2020/07/24 16:00:00,100.75,102.46,99.09,102.45,575638
RS,NYSE,2020/07/27 16:00:00,102.34,103.57,101.11,103.46,412774
RS,NYSE,2020/07/28 16:00:00,102.56,102.56,100.08,100.25,251165
RS,NYSE,2020/07/29 16:00:00,100.99,101.96,100.09,101.76,232573
RS,NYSE,2020/07/30 16:00:00,100.04,100.72,98.76,99.56,283002
RS,NYSE,2020/07/31 16:00:00,99.53,99.53,97.31,98.26,345277
RS,NYSE,2020/08/03 16:00:00,99.22,101.83,98.38,101.09,468942
RS,NYSE,2020/08/04 16:00:00,103.34,103.54,101.02,102.07,245610
RS,NYSE,2020/08/05 16:00:00,103.86,104.77,102.61,102.79,188574
RS,NYSE,2020/08/06 16:00:00,102.31,102.94,101.91,102.3,338559
RS,NYSE,2020/08/07 16:00:00,101.61,104.3,100.58,104.14,268206
RS,NYSE,2020/08/10 16:00:00,104.78,106.92,104.68,106.64,266979
RS,NYSE,2020/08/11 16:00:00,107.74,109.43,106.57,107.02,469943
RS,NYSE,2020/08/12 16:00:00,108.14,108.24,106.46,107.44,259958
RS,NYSE,2020/08/13 16:00:00,106.15,106.58,105.16,105.66,188801
RS,NYSE,2020/08/14 16:00:00,105.17,107.51,104.99,106.32,279748
RS,NYSE,2020/08/17 16:00:00,106.52,107.9,106.15,106.64,1107378
RS,NYSE,2020/08/18 16:00:00,106.98,107.87,106,106.17,228831
RS,NYSE,2020/08/19 16:00:00,105.71,107.01,104.53,104.67,237607
RS,NYSE,2020/08/20 16:00:00,103.48,106.22,103.2,105.29,540461
RS,NYSE,2020/08/21 16:00:00,104.37,105.02,103.22,103.49,546476
RS,NYSE,2020/08/24 16:00:00,104.53,105.9,103.72,105.79,246417
RS,NYSE,2020/08/25 16:00:00,105.66,106.36,103.89,104.85,215939
RS,NYSE,2020/08/26 16:00:00,104.59,105.54,104.14,105.26,250326
RS,NYSE,2020/08/27 16:00:00,105.9,106.3,105.06,105.54,276969
RS,NYSE,2020/08/28 16:00:00,105.91,106.66,105.07,106.27,266786
RS,NYSE,2020/08/31 16:00:00,106.73,106.97,104.8,104.87,445691
RS,NYSE,2020/09/01 16:00:00,105.06,107.15,104.54,107.01,276882
RS,NYSE,2020/09/02 16:00:00,106.75,109.44,105.82,109.24,328401
RS,NYSE,2020/09/03 16:00:00,108.64,110.56,106.52,106.97,327874
RS,NYSE,2020/09/04 16:00:00,108.74,109.45,106.66,107.95,413053
RS,NYSE,2020/09/08 16:00:00,106.32,106.53,103.84,103.87,283059
RS,NYSE,2020/09/09 16:00:00,104.5,107.65,104.35,105.8,315587
RS,NYSE,2020/09/10 16:00:00,106.46,106.48,104.1,104.16,278425
RS,NYSE,2020/09/11 16:00:00,104.34,105.75,103.19,105,504168
RS,NYSE,2020/09/14 16:00:00,105.78,106.14,104.64,106.07,310715
RS,NYSE,2020/09/15 16:00:00,106.82,107.8,106.17,106.37,187793
RS,NYSE,2020/09/16 16:00:00,106.63,107.9,105.96,106.41,515396
RS,NYSE,2020/09/17 16:00:00,105.39,108.35,103.91,107.48,271216
RS,NYSE,2020/09/18 16:00:00,108.14,109.18,105.78,106.6,724987
RS,NYSE,2020/09/21 16:00:00,104.35,104.53,100,101.25,299570
RS,NYSE,2020/09/22 16:00:00,101.35,102.5,99.98,100.79,317120
RS,NYSE,2020/09/23 16:00:00,100.57,102.82,100.46,100.75,315625
RS,NYSE,2020/09/24 16:00:00,100.58,103.64,99.98,101.9,259352
RS,NYSE,2020/09/25 16:00:00,101.01,102.99,100.46,102.62,149611
RS,NYSE,2020/09/28 16:00:00,104.76,105.93,103.57,104.27,187047
RS,NYSE,2020/09/29 16:00:00,103.83,104.45,102.09,102.13,218205
RS,NYSE,2020/09/30 16:00:00,102.06,103.67,101.39,102.04,389718
RS,NYSE,2020/10/01 16:00:00,102.51,105.36,102.37,104.75,437721
RS,NYSE,2020/10/02 16:00:00,102.88,107.05,102.88,105.98,262023
RS,NYSE,2020/10/05 16:00:00,107.12,109.25,107.02,108.33,259918
RS,NYSE,2020/10/06 16:00:00,109.08,109.8,106.38,106.53,324062
RS,NYSE,2020/10/07 16:00:00,108.3,109.98,106.53,109.46,257677
RS,NYSE,2020/10/08 16:00:00,110,112.01,109.59,112,208370
RS,NYSE,2020/10/09 16:00:00,113.05,113.58,111.46,111.75,193441
RS,NYSE,2020/10/12 16:00:00,112.13,113.78,111.59,112.58,168257
RS,NYSE,2020/10/13 16:00:00,111.43,112.93,110.41,112.15,210387
RS,NYSE,2020/10/14 16:00:00,112.58,113.62,111.96,112.34,180034
RS,NYSE,2020/10/15 16:00:00,110.71,113.35,110.66,113.21,233832
RS,NYSE,2020/10/16 16:00:00,113.29,114.36,112.47,113.24,295531
RS,NYSE,2020/10/19 16:00:00,113.43,115.17,111.79,112.4,575066
RS,NYSE,2020/10/20 16:00:00,113.53,114.99,112.07,112.24,352017
RS,NYSE,2020/10/21 16:00:00,112.27,113.56,112,112,318286
RS,NYSE,2020/10/22 16:00:00,108,111.16,107,110.74,517380
RS,NYSE,2020/10/23 16:00:00,112.59,112.63,110.31,111.24,374967
RS,NYSE,2020/10/26 16:00:00,110.03,110.65,107.67,107.9,367631
RS,NYSE,2020/10/27 16:00:00,107.23,110.35,107.01,108.89,477616
RS,NYSE,2020/10/28 16:00:00,106.26,107.92,105.99,106.34,434071
RS,NYSE,2020/10/29 16:00:00,105.42,109.79,105.01,108.71,445369
RS,NYSE,2020/10/30 16:00:00,108.2,109.79,107.43,108.99,413310
RS,NYSE,2020/11/02 16:00:00,110.43,111.25,109.08,110.92,263748
RS,NYSE,2020/11/03 16:00:00,112.59,112.59,110.74,111.59,309533
RS,NYSE,2020/11/04 16:00:00,110.05,111.04,107.36,108.26,290610
RS,NYSE,2020/11/05 16:00:00,109.56,113.54,109.56,112.12,251360
RS,NYSE,2020/11/06 16:00:00,113.39,113.94,111.71,112.3,210777
RS,NYSE,2020/11/09 16:00:00,118.95,122.16,115.22,117.21,359285
RS,NYSE,2020/11/10 16:00:00,117.98,120.38,117.16,118.99,346263
RS,NYSE,2020/11/11 16:00:00,119.21,119.3,116.03,117.22,227388
RS,NYSE,2020/11/12 16:00:00,116.43,116.8,113.9,115.05,211585
RS,NYSE,2020/11/13 16:00:00,116.13,118.79,116.13,118.2,152858
RS,NYSE,2020/11/16 16:00:00,120.98,121.99,119.26,120.82,350779
RS,NYSE,2020/11/17 16:00:00,119.32,121.78,118.92,121.52,286694
RS,NYSE,2020/11/18 16:00:00,121.38,121.83,118.64,118.66,520454
RS,NYSE,2020/11/19 16:00:00,118.25,119.5,117.3,117.84,240725
RS,NYSE,2020/11/20 16:00:00,117.97,119.05,117.32,118.2,271652
RS,NYSE,2020/11/23 16:00:00,119.5,120.56,118.36,119.82,228699
RS,NYSE,2020/11/24 16:00:00,120.1,123.09,119.52,122.65,482303
RS,NYSE,2020/11/25 16:00:00,121.99,122.35,119.56,121.42,227194
RS,NYSE,2020/11/27 13:00:00,121.75,122.35,120.77,121.23,140046
RS,NYSE,2020/11/30 16:00:00,120.61,120.82,117.76,117.8,471717
RS,NYSE,2020/12/01 16:00:00,120.15,121.55,119.74,120.24,321064
RS,NYSE,2020/12/02 16:00:00,120.3,120.62,118.67,119.09,738482
RS,NYSE,2020/12/03 16:00:00,119.44,120.43,118.46,119.47,337651
RS,NYSE,2020/12/04 16:00:00,120.27,122.03,120.07,121.53,285588
RS,NYSE,2020/12/07 16:00:00,121.05,121.88,120.16,120.44,347029
RS,NYSE,2020/12/08 16:00:00,119.7,122.05,119.08,121.02,380970
RS,NYSE,2020/12/09 16:00:00,122.25,122.69,120.01,120.08,376480
RS,NYSE,2020/12/10 16:00:00,119.6,122.85,119.45,122.29,349266
RS,NYSE,2020/12/11 16:00:00,121.35,122.28,119.89,121.28,284456
RS,NYSE,2020/12/14 16:00:00,122.65,122.85,119.47,119.57,377627
RS,NYSE,2020/12/15 16:00:00,121.3,122,119,121.9,382092
RS,NYSE,2020/12/16 16:00:00,122.43,122.87,119.91,120.13,280262
RS,NYSE,2020/12/17 16:00:00,120.77,120.77,118.95,119.76,280366
RS,NYSE,2020/12/18 16:00:00,120.29,120.29,117.11,117.74,1232810
RS,NYSE,2020/12/21 16:00:00,116.08,118.77,116.08,118.67,228529
RS,NYSE,2020/12/22 16:00:00,118.44,119.03,117.31,117.51,246444
RS,NYSE,2020/12/23 16:00:00,118.09,119.22,117.93,118.48,173768
RS,NYSE,2020/12/24 13:00:00,119.01,119.01,117.26,118.12,67243
RS,NYSE,2020/12/28 16:00:00,118.97,119.92,118.14,118.41,144373
RS,NYSE,2020/12/29 16:00:00,118.78,119.59,117.76,118.17,207296
RS,NYSE,2020/12/30 16:00:00,118.41,120.85,118.06,119.16,235176
RS,NYSE,2020/12/31 16:00:00,119.65,120.63,118.35,119.75,226964
RS,NYSE,2021/01/04 16:00:00,121.78,123.92,118.69,119.71,266016
RS,NYSE,2021/01/05 16:00:00,119.72,124.06,119.72,123.14,351712
RS,NYSE,2021/01/06 16:00:00,126.38,131.62,126.38,131.04,748756
RS,NYSE,2021/01/07 16:00:00,132.18,134.02,130.74,132.44,637846
RS,NYSE,2021/01/08 16:00:00,130.34,132,129.2,131.29,591473
RS,NYSE,2021/01/11 16:00:00,129.06,133.63,128.34,132.25,305539
RS,NYSE,2021/01/12 16:00:00,132.25,135.33,130.88,135.21,420388
RS,NYSE,2021/01/13 16:00:00,134.28,134.28,130.26,132.12,282836
RS,NYSE,2021/01/14 16:00:00,133.57,134.36,131.42,131.94,458128
RS,NYSE,2021/01/15 16:00:00,129.61,130.03,126.68,127.63,322301
RS,NYSE,2021/01/19 16:00:00,128.62,129.55,127.5,128.18,379018
RS,NYSE,2021/01/20 16:00:00,128.88,129.61,127,128.44,275751
RS,NYSE,2021/01/21 16:00:00,128.5,128.66,125.24,125.41,375631
RS,NYSE,2021/01/22 16:00:00,124.39,126.51,123.86,126.22,290001
RS,NYSE,2021/01/25 16:00:00,126.67,126.67,124.4,125.66,411130
RS,NYSE,2021/01/26 16:00:00,126.61,126.61,122.59,122.7,386609
RS,NYSE,2021/01/27 16:00:00,121.16,121.96,117.93,119.34,468364
RS,NYSE,2021/01/28 16:00:00,121.23,121.55,116.71,117.58,477439
RS,NYSE,2021/01/29 16:00:00,117.82,118.01,114.26,116.08,565538
RS,NYSE,2021/02/01 16:00:00,117.85,119.56,116.19,119.18,323576
RS,NYSE,2021/02/02 16:00:00,119.58,121.01,118.78,120.86,312885
RS,NYSE,2021/02/03 16:00:00,121.01,122.45,120.9,122.1,241161
RS,NYSE,2021/02/04 16:00:00,122.57,124.21,121.19,123.92,256267
RS,NYSE,2021/02/05 16:00:00,125.42,126.16,123.53,123.74,328526
RS,NYSE,2021/02/08 16:00:00,125.4,126.31,123.73,124.53,287996
RS,NYSE,2021/02/09 16:00:00,124.19,125.27,123.21,124.83,401241
RS,NYSE,2021/02/10 16:00:00,125.69,125.99,123.76,123.85,187807
RS,NYSE,2021/02/11 16:00:00,123.94,124.69,122.61,124.34,230233
RS,NYSE,2021/02/12 16:00:00,123.95,125.77,123.48,125.59,160703
RS,NYSE,2021/02/16 16:00:00,126.38,128.08,125.97,127.49,288393
RS,NYSE,2021/02/17 16:00:00,127.6,128.29,125.42,125.43,358094
RS,NYSE,2021/02/18 16:00:00,125.49,128.96,124.03,126.9,439884
RS,NYSE,2021/02/19 16:00:00,127.84,131.99,126.42,131.37,474915
RS,NYSE,2021/02/22 16:00:00,131.37,136,131.34,135.37,463788
RS,NYSE,2021/02/23 16:00:00,135.1,136.04,133.5,135.54,400938
RS,NYSE,2021/02/24 16:00:00,135.54,138.65,134.47,138.19,595017
RS,NYSE,2021/02/25 16:00:00,139,139.45,134.79,135.42,338129
RS,NYSE,2021/02/26 16:00:00,134.69,135.43,131.13,132.2,358807
RS,NYSE,2021/03/01 16:00:00,135.08,139.91,134.57,139.33,505879
RS,NYSE,2021/03/02 16:00:00,139.65,139.86,137.6,138.69,380788
RS,NYSE,2021/03/03 16:00:00,139.39,142.57,138.08,140.44,375991
RS,NYSE,2021/03/04 16:00:00,140.47,140.47,134.67,136.54,325258
RS,NYSE,2021/03/05 16:00:00,138.42,140.9,135.94,140.27,439084
RS,NYSE,2021/03/08 16:00:00,141.73,147.33,140.52,146.66,424713
RS,NYSE,2021/03/09 16:00:00,146.25,147.12,142.62,146,452090
RS,NYSE,2021/03/10 16:00:00,146.26,149.68,144.61,148.74,372439
RS,NYSE,2021/03/11 16:00:00,149.84,151.27,148.56,151.07,408848
RS,NYSE,2021/03/12 16:00:00,152.02,154.09,150.81,152.83,427238
RS,NYSE,2021/03/15 16:00:00,153.06,153.06,150.17,152.35,346655
RS,NYSE,2021/03/16 16:00:00,152.58,152.91,149.47,149.97,339120
RS,NYSE,2021/03/17 16:00:00,149.57,152.29,148.03,149.93,403739
RS,NYSE,2021/03/18 16:00:00,150.54,153.75,148.43,149.35,594282
RS,NYSE,2021/03/19 16:00:00,149.74,150.26,145.46,148.78,1279568
RS,NYSE,2021/03/22 16:00:00,147.93,148.48,145.73,145.91,382636
RS,NYSE,2021/03/23 16:00:00,144.3,145.06,140.59,141.41,583871
RS,NYSE,2021/03/24 16:00:00,143.53,146.72,142.18,142.4,281082
RS,NYSE,2021/03/25 16:00:00,140.98,147.39,140.4,146.72,326387
RS,NYSE,2021/03/26 16:00:00,148.17,155.72,148.17,155.62,478374
RS,NYSE,2021/03/29 16:00:00,154.62,158.63,150.52,150.8,533163
RS,NYSE,2021/03/30 16:00:00,150.66,152.49,149.16,151.25,341147
RS,NYSE,2021/03/31 16:00:00,152.78,154.23,150.67,152.29,543415
RS,NYSE,2021/04/01 16:00:00,152.05,156.02,150.7,155.65,409714
RS,NYSE,2021/04/05 16:00:00,158.12,159.02,156,156.95,365311
RS,NYSE,2021/04/06 16:00:00,156.79,158,153.73,154.86,457261
RS,NYSE,2021/04/07 16:00:00,155.44,156.05,153.53,154.53,277231
RS,NYSE,2021/04/08 16:00:00,153.96,154.84,151.86,154.28,373178
RS,NYSE,2021/04/09 16:00:00,153.89,156.26,153.6,154.26,355637
ARMK,NYSE,2019/04/01 16:00:00,29.72,30.32,29.68,29.98,1607317
ARMK,NYSE,2019/04/02 16:00:00,30.02,30.18,29.81,29.86,1698564
ARMK,NYSE,2019/04/03 16:00:00,30.1,30.21,29.87,30.07,1673939
ARMK,NYSE,2019/04/04 16:00:00,30.08,30.16,29.8,29.85,2972041
ARMK,NYSE,2019/04/05 16:00:00,30.02,30.66,29.9,30.55,4188978
ARMK,NYSE,2019/04/08 16:00:00,30.52,31.13,30.35,31.05,3102769
ARMK,NYSE,2019/04/09 16:00:00,30.91,30.94,29.96,30.05,3028774
ARMK,NYSE,2019/04/10 16:00:00,30.26,30.67,30.19,30.43,1748145
ARMK,NYSE,2019/04/11 16:00:00,30.5,31.04,30.49,30.97,2246417
ARMK,NYSE,2019/04/12 16:00:00,31.21,31.59,31.08,31.23,2124095
ARMK,NYSE,2019/04/15 16:00:00,31.27,31.4,30.98,31.02,1723125
ARMK,NYSE,2019/04/16 16:00:00,31.09,31.35,30.93,31.02,1172338
ARMK,NYSE,2019/04/17 16:00:00,31.08,31.29,30.94,31.27,2208708
ARMK,NYSE,2019/04/18 16:00:00,31.38,31.68,31.16,31.65,1860636
ARMK,NYSE,2019/04/22 16:00:00,31.55,31.71,31.18,31.26,1977510
ARMK,NYSE,2019/04/23 16:00:00,31.36,31.45,30.89,31.11,2531567
ARMK,NYSE,2019/04/24 16:00:00,31.13,31.49,31.04,31.37,1363425
ARMK,NYSE,2019/04/25 16:00:00,31.33,31.45,30.79,30.8,1700140
ARMK,NYSE,2019/04/26 16:00:00,30.89,31.26,30.64,31.04,4088564
ARMK,NYSE,2019/04/29 16:00:00,30.95,31.45,30.95,31.13,2639122
ARMK,NYSE,2019/04/30 16:00:00,31.14,31.31,30.79,31.08,3494753
ARMK,NYSE,2019/05/01 16:00:00,31.23,31.29,30.79,30.83,2618008
ARMK,NYSE,2019/05/02 16:00:00,30.84,31.2,30.53,30.72,2124973
ARMK,NYSE,2019/05/03 16:00:00,30.92,31.27,30.75,31.18,4347838
ARMK,NYSE,2019/05/06 16:00:00,30.52,31.38,30.52,31.31,3775856
ARMK,NYSE,2019/05/07 16:00:00,26.73,29.55,25.49,29.53,17313207
ARMK,NYSE,2019/05/08 16:00:00,29.35,30.9,29.18,30.49,6710245
ARMK,NYSE,2019/05/09 16:00:00,30.05,31.77,29.68,31.35,6930578
ARMK,NYSE,2019/05/10 16:00:00,31.16,31.8,30.77,31.32,5110585
ARMK,NYSE,2019/05/13 16:00:00,30.61,31.32,30.21,31.2,4467648
ARMK,NYSE,2019/05/14 16:00:00,31.24,31.91,30.97,31.56,4458325
ARMK,NYSE,2019/05/15 16:00:00,31.46,32.08,31.29,31.87,5212134
ARMK,NYSE,2019/05/16 16:00:00,31.86,32.28,31.5,31.55,4772123
ARMK,NYSE,2019/05/17 16:00:00,31.27,31.96,31.18,31.64,3329664
ARMK,NYSE,2019/05/20 16:00:00,31.43,31.83,31.25,31.7,3193027
ARMK,NYSE,2019/05/21 16:00:00,31.78,32.26,31.7,32.25,3416534
ARMK,NYSE,2019/05/22 16:00:00,32.11,32.13,31.71,31.82,4054391
ARMK,NYSE,2019/05/23 16:00:00,31.57,31.61,31.08,31.21,4463862
ARMK,NYSE,2019/05/24 16:00:00,31.38,31.67,31.06,31.56,1686615
ARMK,NYSE,2019/05/28 16:00:00,31.67,31.87,31.47,31.73,6634155
ARMK,NYSE,2019/05/29 16:00:00,31.67,32.82,31.67,32.74,6993174
ARMK,NYSE,2019/05/30 16:00:00,32.9,36.25,32.83,34.89,16755609
ARMK,NYSE,2019/05/31 16:00:00,34.75,35.6,34.59,34.79,7106827
ARMK,NYSE,2019/06/03 16:00:00,34.69,34.9,33.86,34.5,4772418
ARMK,NYSE,2019/06/04 16:00:00,34.88,35.28,34.78,35.26,4212579
ARMK,NYSE,2019/06/05 16:00:00,35.29,35.51,35.07,35.43,5754942
ARMK,NYSE,2019/06/06 16:00:00,35.35,35.51,35.18,35.18,3073748
ARMK,NYSE,2019/06/07 16:00:00,35.27,35.6,35.13,35.56,2789687
ARMK,NYSE,2019/06/10 16:00:00,35.76,36.03,34.58,34.73,2185634
ARMK,NYSE,2019/06/11 16:00:00,35,35.42,34.87,35.06,2360803
ARMK,NYSE,2019/06/12 16:00:00,34.92,35.16,34.59,34.93,1236380
ARMK,NYSE,2019/06/13 16:00:00,35.04,35.19,34.39,34.52,1069349
ARMK,NYSE,2019/06/14 16:00:00,34.5,34.72,34.34,34.47,1511873
ARMK,NYSE,2019/06/17 16:00:00,34.48,34.84,34.46,34.65,1218241
ARMK,NYSE,2019/06/18 16:00:00,34.9,35.43,34.8,34.86,1228366
ARMK,NYSE,2019/06/19 16:00:00,34.91,34.97,34.69,34.86,1575191
ARMK,NYSE,2019/06/20 16:00:00,35.04,35.18,34.64,34.82,1267978
ARMK,NYSE,2019/06/21 16:00:00,34.66,34.95,34.6,34.6,1043772
ARMK,NYSE,2019/06/24 16:00:00,34.56,34.78,34.2,34.31,1354063
ARMK,NYSE,2019/06/25 16:00:00,34.39,34.7,34.31,34.31,1310006
ARMK,NYSE,2019/06/26 16:00:00,34.38,34.69,33.98,34.04,1361408
ARMK,NYSE,2019/06/27 16:00:00,34.23,35.19,33.91,35.16,2348144
ARMK,NYSE,2019/06/28 16:00:00,35.13,36.06,35.01,36.06,4054826
ARMK,NYSE,2019/07/01 16:00:00,36.33,36.42,35.26,35.74,1594670
ARMK,NYSE,2019/07/02 16:00:00,35.69,36.01,35.42,35.85,1507029
ARMK,NYSE,2019/07/03 13:00:00,36,36.09,35.79,35.93,682877
ARMK,NYSE,2019/07/05 16:00:00,35.86,36.32,35.72,36.31,609407
ARMK,NYSE,2019/07/08 16:00:00,36.09,36.28,35.83,36.05,1382472
ARMK,NYSE,2019/07/09 16:00:00,35.81,36.23,35.45,36.19,3147376
ARMK,NYSE,2019/07/10 16:00:00,36.17,36.53,35.93,36.08,3620359
ARMK,NYSE,2019/07/11 16:00:00,36.26,36.88,36.25,36.51,3505179
ARMK,NYSE,2019/07/12 16:00:00,36.43,36.73,36.38,36.45,2981753
ARMK,NYSE,2019/07/15 16:00:00,36.44,36.51,36.14,36.29,2218964
ARMK,NYSE,2019/07/16 16:00:00,36.25,36.49,35.77,35.84,2304575
ARMK,NYSE,2019/07/17 16:00:00,36.13,36.46,35.71,35.81,3858434
ARMK,NYSE,2019/07/18 16:00:00,35.74,36.35,35.67,36.19,2797451
ARMK,NYSE,2019/07/19 16:00:00,36.33,36.37,35.75,35.82,2086625
ARMK,NYSE,2019/07/22 16:00:00,35.99,36.05,35.5,35.54,3381726
ARMK,NYSE,2019/07/23 16:00:00,35.77,36.38,35.61,36.24,3642199
ARMK,NYSE,2019/07/24 16:00:00,36.19,36.78,35.98,36.72,2096240
ARMK,NYSE,2019/07/25 16:00:00,36.7,36.82,36.58,36.6,1893671
ARMK,NYSE,2019/07/26 16:00:00,36.8,37.18,36.76,36.99,2113985
ARMK,NYSE,2019/07/29 16:00:00,36.9,37.14,36.6,36.6,4636830
ARMK,NYSE,2019/07/30 16:00:00,36.38,36.99,36.21,36.98,2569843
ARMK,NYSE,2019/07/31 16:00:00,36.97,37.04,36.03,36.19,2847063
ARMK,NYSE,2019/08/01 16:00:00,36.27,36.57,35.43,35.74,2556839
ARMK,NYSE,2019/08/02 16:00:00,35.71,35.91,35.06,35.44,2003823
ARMK,NYSE,2019/08/05 16:00:00,34.88,34.89,34.31,34.88,12816343
ARMK,NYSE,2019/08/06 16:00:00,35.73,38.87,35.73,36.52,9586716
ARMK,NYSE,2019/08/07 16:00:00,35.61,37.7,35.51,37.67,7644579
ARMK,NYSE,2019/08/08 16:00:00,37.61,37.8,36.58,37.66,7532612
ARMK,NYSE,2019/08/09 16:00:00,37.48,38.14,37.3,38.1,7251542
ARMK,NYSE,2019/08/12 16:00:00,38,38.22,36.92,38.05,4607891
ARMK,NYSE,2019/08/13 16:00:00,38.05,38.76,37.73,37.92,5861375
ARMK,NYSE,2019/08/14 16:00:00,37.35,37.57,36.81,37.16,3663012
ARMK,NYSE,2019/08/15 16:00:00,37.38,37.76,37.08,37.14,3186206
ARMK,NYSE,2019/08/16 16:00:00,37.4,37.54,37.07,37.1,1249751
ARMK,NYSE,2019/08/19 16:00:00,41.54,41.82,39.92,40.18,13481469
ARMK,NYSE,2019/08/20 16:00:00,40.15,40.15,39.37,39.37,3799992
ARMK,NYSE,2019/08/21 16:00:00,39.65,39.8,39.37,39.67,2356304
ARMK,NYSE,2019/08/22 16:00:00,39.78,40.2,39.57,39.96,2611150
ARMK,NYSE,2019/08/23 16:00:00,40,40.38,39.44,39.64,1723653
ARMK,NYSE,2019/08/26 16:00:00,40.05,41.35,40.05,41.2,4404212
ARMK,NYSE,2019/08/27 16:00:00,41.28,41.46,39.98,40.01,2295653
ARMK,NYSE,2019/08/28 16:00:00,39.87,40.3,39.65,40.06,2076994
ARMK,NYSE,2019/08/29 16:00:00,40.33,40.67,39.98,40.65,1490853
ARMK,NYSE,2019/08/30 16:00:00,40.78,41.04,40.47,40.86,2534724
ARMK,NYSE,2019/09/03 16:00:00,40.66,41.26,40.66,41.22,3564483
ARMK,NYSE,2019/09/04 16:00:00,41.37,41.59,40.93,41.57,2131536
ARMK,NYSE,2019/09/05 16:00:00,42.05,42.15,41.33,42.01,2120521
ARMK,NYSE,2019/09/06 16:00:00,41.91,42.02,41.42,42,1832781
ARMK,NYSE,2019/09/09 16:00:00,42.19,42.19,41.54,42,4340622
ARMK,NYSE,2019/09/10 16:00:00,41.82,42.15,41.25,42.15,1832789
ARMK,NYSE,2019/09/11 16:00:00,42.07,42.74,41.85,42.7,1019802
ARMK,NYSE,2019/09/12 16:00:00,42.73,43.21,42.45,43.12,3127567
ARMK,NYSE,2019/09/13 16:00:00,43.26,43.64,42.6,42.69,2912769
ARMK,NYSE,2019/09/16 16:00:00,42.36,43.09,42.26,42.9,1582079
ARMK,NYSE,2019/09/17 16:00:00,42.88,43.37,42.67,42.76,3408178
ARMK,NYSE,2019/09/18 16:00:00,42.77,43.09,42.34,42.67,1805340
ARMK,NYSE,2019/09/19 16:00:00,42.78,43.07,42.4,42.42,1526559
ARMK,NYSE,2019/09/20 16:00:00,42.32,42.65,42.19,42.22,1510232
ARMK,NYSE,2019/09/23 16:00:00,42.34,42.99,42.11,42.69,3703844
ARMK,NYSE,2019/09/24 16:00:00,42.78,43.06,42.38,42.63,1333605
ARMK,NYSE,2019/09/25 16:00:00,42.59,43.11,42.4,42.99,2055225
ARMK,NYSE,2019/09/26 16:00:00,42.93,43.11,42.69,42.99,1774826
ARMK,NYSE,2019/09/27 16:00:00,43.01,43.24,42.78,43.02,1648015
ARMK,NYSE,2019/09/30 16:00:00,43.09,43.63,43.05,43.58,2510291
ARMK,NYSE,2019/10/01 16:00:00,43.62,43.75,42.57,42.68,2151172
ARMK,NYSE,2019/10/02 16:00:00,42.62,42.62,41.92,42.25,2126658
ARMK,NYSE,2019/10/03 16:00:00,42.29,42.48,41.8,42.26,1666267
ARMK,NYSE,2019/10/04 16:00:00,42.32,42.82,42.27,42.71,911980
ARMK,NYSE,2019/10/07 16:00:00,42.73,44.16,42.59,43.94,5223119
ARMK,NYSE,2019/10/08 16:00:00,43.68,43.94,42.54,42.68,2525389
ARMK,NYSE,2019/10/09 16:00:00,42.92,43.12,42.57,42.75,1396704
ARMK,NYSE,2019/10/10 16:00:00,42.82,43.48,42.54,43.4,1639895
ARMK,NYSE,2019/10/11 16:00:00,43.75,44.4,43.67,44.17,1678260
ARMK,NYSE,2019/10/14 16:00:00,44.07,44.15,43.7,43.92,3659998
ARMK,NYSE,2019/10/15 16:00:00,43.83,44.23,43.7,44.06,2644612
ARMK,NYSE,2019/10/16 16:00:00,43.94,44.09,43.46,43.82,3485806
ARMK,NYSE,2019/10/17 16:00:00,43.98,44.41,43.71,44.23,2965054
ARMK,NYSE,2019/10/18 16:00:00,44.12,44.58,43.95,44.56,2334294
ARMK,NYSE,2019/10/21 16:00:00,44.67,44.8,44.21,44.41,1934179
ARMK,NYSE,2019/10/22 16:00:00,44.32,44.56,43.92,44.24,1628676
ARMK,NYSE,2019/10/23 16:00:00,44.12,44.37,43.91,44.33,4524703
ARMK,NYSE,2019/10/24 16:00:00,44.51,44.79,44.4,44.69,2280634
ARMK,NYSE,2019/10/25 16:00:00,44.53,44.94,44.15,44.22,2274953
ARMK,NYSE,2019/10/28 16:00:00,44.41,44.57,44,44.26,2986043
ARMK,NYSE,2019/10/29 16:00:00,44.3,45.04,44.2,44.34,3341286
ARMK,NYSE,2019/10/30 16:00:00,44.3,44.3,43.69,43.8,4730441
ARMK,NYSE,2019/10/31 16:00:00,43.88,44.11,43.47,43.76,11922823
ARMK,NYSE,2019/11/01 16:00:00,44.11,44.25,43.22,43.25,1938481
ARMK,NYSE,2019/11/04 16:00:00,43.28,43.5,42.72,42.93,3177001
ARMK,NYSE,2019/11/05 16:00:00,42.95,43.64,42.95,43.52,1842733
ARMK,NYSE,2019/11/06 16:00:00,43.59,43.67,43.05,43.21,2859042
ARMK,NYSE,2019/11/07 16:00:00,43.39,43.52,43.13,43.33,3013666
ARMK,NYSE,2019/11/08 16:00:00,43.3,43.67,42.98,42.99,1889980
ARMK,NYSE,2019/11/11 16:00:00,42.97,43.19,42.76,42.83,770278
ARMK,NYSE,2019/11/12 16:00:00,42.8,42.93,42.51,42.77,3515075
ARMK,NYSE,2019/11/13 16:00:00,42.71,43.39,42.51,43.24,2922953
ARMK,NYSE,2019/11/14 16:00:00,43.3,43.45,43.06,43.31,2983464
ARMK,NYSE,2019/11/15 16:00:00,43.52,43.9,43.3,43.66,1842201
ARMK,NYSE,2019/11/18 16:00:00,43.75,43.96,43.35,43.94,3149966
ARMK,NYSE,2019/11/19 16:00:00,44.06,45.69,43.8,45.12,4043522
ARMK,NYSE,2019/11/20 16:00:00,44.92,45.1,43.26,43.77,3646232
ARMK,NYSE,2019/11/21 16:00:00,43.59,43.76,42.33,42.43,2975862
ARMK,NYSE,2019/11/22 16:00:00,42.4,43.24,42.26,43.09,1669694
ARMK,NYSE,2019/11/25 16:00:00,43.44,44.6,43.4,44.41,3944265
ARMK,NYSE,2019/11/26 16:00:00,44.21,44.4,43.87,43.88,3810506
ARMK,NYSE,2019/11/27 16:00:00,44.03,44.63,43.74,44.25,2129507
ARMK,NYSE,2019/11/29 13:00:00,44.14,44.29,43.55,43.64,1109412
ARMK,NYSE,2019/12/02 16:00:00,43.7,43.83,42.55,42.64,1472788
ARMK,NYSE,2019/12/03 16:00:00,42.12,42.39,41.97,41.99,2359532
ARMK,NYSE,2019/12/04 16:00:00,41.96,42.41,41.78,42.24,2007073
ARMK,NYSE,2019/12/05 16:00:00,42.36,42.52,42.16,42.33,1599252
ARMK,NYSE,2019/12/06 16:00:00,42.58,43.18,42.58,43.03,2802923
ARMK,NYSE,2019/12/09 16:00:00,42.8,43.02,42.27,42.28,1482474
ARMK,NYSE,2019/12/10 16:00:00,42.36,42.66,41.87,42.62,1003250
ARMK,NYSE,2019/12/11 16:00:00,42.54,42.87,42.31,42.82,687679
ARMK,NYSE,2019/12/12 16:00:00,42.68,43.39,42.58,43.25,1321509
ARMK,NYSE,2019/12/13 16:00:00,43.1,43.81,43.02,43.78,1740711
ARMK,NYSE,2019/12/16 16:00:00,43.95,44.16,43.7,43.75,1407553
ARMK,NYSE,2019/12/17 16:00:00,43.7,44.13,43.45,44.07,954580
ARMK,NYSE,2019/12/18 16:00:00,44.15,44.18,43.65,43.67,1321145
ARMK,NYSE,2019/12/19 16:00:00,43.58,44.24,43.56,43.7,1221888
ARMK,NYSE,2019/12/20 16:00:00,43.87,44.05,43.54,43.68,3706705
ARMK,NYSE,2019/12/23 16:00:00,43.63,43.88,43.41,43.53,1991547
ARMK,NYSE,2019/12/24 13:00:00,43.53,43.74,43.51,43.68,315941
ARMK,NYSE,2019/12/26 16:00:00,43.67,43.95,43.46,43.75,1827275
ARMK,NYSE,2019/12/27 16:00:00,43.88,43.88,43.45,43.51,1513611
ARMK,NYSE,2019/12/30 16:00:00,43.56,43.77,43.39,43.52,2831729
ARMK,NYSE,2019/12/31 16:00:00,43.56,43.84,42.97,43.4,1671754
ARMK,NYSE,2020/01/02 16:00:00,43.4,43.84,43.25,43.53,2181974
ARMK,NYSE,2020/01/03 16:00:00,43.19,43.45,43.04,43.27,973033
ARMK,NYSE,2020/01/06 16:00:00,43.35,44.09,43.22,44.08,2385079
ARMK,NYSE,2020/01/07 16:00:00,43.89,44.1,43.5,43.57,2417420
ARMK,NYSE,2020/01/08 16:00:00,43.47,44.27,43.47,44.27,1239589
ARMK,NYSE,2020/01/09 16:00:00,44.3,44.8,44.09,44.73,1733798
ARMK,NYSE,2020/01/10 16:00:00,44.76,45.2,44.49,44.9,2063614
ARMK,NYSE,2020/01/13 16:00:00,44.9,45.35,44.61,45.13,5008973
ARMK,NYSE,2020/01/14 16:00:00,45.02,45.75,44.96,45.73,2054419
ARMK,NYSE,2020/01/15 16:00:00,45.7,45.9,45.29,45.7,2162773
ARMK,NYSE,2020/01/16 16:00:00,45.75,46.86,45.6,46.61,5001297
ARMK,NYSE,2020/01/17 16:00:00,45.96,46.45,45.82,46.42,3892381
ARMK,NYSE,2020/01/21 16:00:00,46.23,46.95,46.07,46.75,2215999
ARMK,NYSE,2020/01/22 16:00:00,47,47.22,46.7,46.78,2188389
ARMK,NYSE,2020/01/23 16:00:00,46.6,46.76,46.26,46.72,1398566
ARMK,NYSE,2020/01/24 16:00:00,46.63,46.66,45.69,46.09,1329927
ARMK,NYSE,2020/01/27 16:00:00,45.28,45.55,44.63,45.32,2643850
ARMK,NYSE,2020/01/28 16:00:00,45.53,45.75,45.37,45.56,1361603
ARMK,NYSE,2020/01/29 16:00:00,45.63,46.3,45.61,46.02,1023176
ARMK,NYSE,2020/01/30 16:00:00,45.55,45.76,45.02,45.3,1079628
ARMK,NYSE,2020/01/31 16:00:00,45.27,45.4,44.11,44.14,2042926
ARMK,NYSE,2020/02/03 16:00:00,44.41,44.65,43.82,43.84,2872644
ARMK,NYSE,2020/02/04 16:00:00,43.47,44.19,42.82,43.14,3619506
ARMK,NYSE,2020/02/05 16:00:00,43.14,43.31,41.75,43.02,3071842
ARMK,NYSE,2020/02/06 16:00:00,42.96,43.16,41.37,41.39,3055620
ARMK,NYSE,2020/02/07 16:00:00,41.29,41.35,40.72,40.77,3425644
ARMK,NYSE,2020/02/10 16:00:00,40.38,40.7,39.99,40.68,2773614
ARMK,NYSE,2020/02/11 16:00:00,40.85,41.8,40.75,41.56,2514019
ARMK,NYSE,2020/02/12 16:00:00,41.55,41.76,41.3,41.6,3762533
ARMK,NYSE,2020/02/13 16:00:00,41.37,41.96,41.27,41.67,2115956
ARMK,NYSE,2020/02/14 16:00:00,41.75,42.51,41.5,42.48,2443844
ARMK,NYSE,2020/02/18 16:00:00,42.41,42.86,42.26,42.75,2254140
ARMK,NYSE,2020/02/19 16:00:00,42.86,43.17,42.4,42.62,2146108
ARMK,NYSE,2020/02/20 16:00:00,42.6,43.13,42.3,42.86,1138909
ARMK,NYSE,2020/02/21 16:00:00,42.73,42.82,42.32,42.46,828368
ARMK,NYSE,2020/02/24 16:00:00,41.39,41.58,41.01,41.28,1865724
ARMK,NYSE,2020/02/25 16:00:00,41.44,41.58,39.33,39.75,3518180
ARMK,NYSE,2020/02/26 16:00:00,39.85,40.57,39,39,3116348
ARMK,NYSE,2020/02/27 16:00:00,38.48,38.48,35.58,35.66,3655472
ARMK,NYSE,2020/02/28 16:00:00,34.39,35.51,33.57,34.74,5521640
ARMK,NYSE,2020/03/02 16:00:00,34.79,35.01,33.09,34.42,3199844
ARMK,NYSE,2020/03/03 16:00:00,34.5,36.49,34.31,35.53,4291500
ARMK,NYSE,2020/03/04 16:00:00,36.44,36.68,35.11,36.33,2791954
ARMK,NYSE,2020/03/05 16:00:00,35.46,35.55,33.08,33.61,2574964
ARMK,NYSE,2020/03/06 16:00:00,31.86,33.34,31.04,33.14,3190888
ARMK,NYSE,2020/03/09 16:00:00,33.12,33.12,28.65,29.76,3576222
ARMK,NYSE,2020/03/10 16:00:00,30.79,30.95,28.9,30.09,3251550
ARMK,NYSE,2020/03/11 16:00:00,29.06,29.16,24.45,26.01,26552353
ARMK,NYSE,2020/03/12 16:00:00,23.21,24.9,19.27,24.32,19014474
ARMK,NYSE,2020/03/13 16:00:00,25.96,25.96,21.74,24.21,4700536
ARMK,NYSE,2020/03/16 16:00:00,20.39,21.04,17.14,17.31,6143905
ARMK,NYSE,2020/03/17 16:00:00,17.43,17.5,9.65,15,13861827
ARMK,NYSE,2020/03/18 16:00:00,14.14,14.14,10,12.94,8527753
ARMK,NYSE,2020/03/19 16:00:00,13.01,19.26,11.45,18.27,9529983
ARMK,NYSE,2020/03/20 16:00:00,19.66,22.95,18.53,19.43,11223131
ARMK,NYSE,2020/03/23 16:00:00,19.79,19.99,15.5,17,7952883
ARMK,NYSE,2020/03/24 16:00:00,18.7,19.87,17.31,18.66,5095992
ARMK,NYSE,2020/03/25 16:00:00,19.5,22.21,18.67,19.74,4832766
ARMK,NYSE,2020/03/26 16:00:00,20.23,24.43,19.77,21.37,5449784
ARMK,NYSE,2020/03/27 16:00:00,20.26,22.72,19.5,21.15,4706101
ARMK,NYSE,2020/03/30 16:00:00,21.16,21.99,19.58,21.09,9057784
ARMK,NYSE,2020/03/31 16:00:00,20.91,21.21,19.55,19.97,4004323
ARMK,NYSE,2020/04/01 16:00:00,19.1,19.35,17.52,18.46,3006602
ARMK,NYSE,2020/04/02 16:00:00,18.2,19.36,17.55,17.95,4659036
ARMK,NYSE,2020/04/03 16:00:00,17.74,17.88,16.29,17,3580448
ARMK,NYSE,2020/04/06 16:00:00,18.06,20.15,17.99,19.22,4177029
ARMK,NYSE,2020/04/07 16:00:00,21,21.92,19.97,20.55,7295412
ARMK,NYSE,2020/04/08 16:00:00,21.22,23.7,21.09,23.31,5164215
ARMK,NYSE,2020/04/09 16:00:00,24.31,28.12,23.13,23.29,8307273
ARMK,NYSE,2020/04/13 16:00:00,23.28,23.77,21.7,22.34,8744292
ARMK,NYSE,2020/04/14 16:00:00,22.83,23.96,22.41,22.42,3134098
ARMK,NYSE,2020/04/15 16:00:00,21.46,21.62,20.48,20.93,3340353
ARMK,NYSE,2020/04/16 16:00:00,20.74,21.19,19.56,20.87,2402037
ARMK,NYSE,2020/04/17 16:00:00,22.07,22.67,21.44,21.97,2706831
ARMK,NYSE,2020/04/20 16:00:00,21.3,22.35,20.27,20.5,2774448
ARMK,NYSE,2020/04/21 16:00:00,19.97,20.53,19.76,20.43,1678025
ARMK,NYSE,2020/04/22 16:00:00,20.98,23.25,20.67,23.05,4922489
ARMK,NYSE,2020/04/23 16:00:00,23.24,24.14,22.79,23.09,2912386
ARMK,NYSE,2020/04/24 16:00:00,23.27,24.86,23.17,24.57,2188510
ARMK,NYSE,2020/04/27 16:00:00,24.81,25.64,24.64,24.68,2510945
ARMK,NYSE,2020/04/28 16:00:00,25.37,26.9,25.37,26.63,3751767
ARMK,NYSE,2020/04/29 16:00:00,27.65,28.98,27.65,28.61,3513187
ARMK,NYSE,2020/04/30 16:00:00,28.03,28.75,26.98,27.31,1810859
ARMK,NYSE,2020/05/01 16:00:00,26.56,26.56,25.04,26.02,1712029
ARMK,NYSE,2020/05/04 16:00:00,25.33,26.39,24.5,25.55,2287703
ARMK,NYSE,2020/05/05 16:00:00,25.91,26.59,24.46,25.23,3052972
ARMK,NYSE,2020/05/06 16:00:00,25.05,25.16,23.7,23.76,3383712
ARMK,NYSE,2020/05/07 16:00:00,24.09,24.96,23.67,23.78,3298579
ARMK,NYSE,2020/05/08 16:00:00,24.5,26.24,24.15,26.08,2322574
ARMK,NYSE,2020/05/11 16:00:00,25.65,25.73,24.34,24.39,1520969
ARMK,NYSE,2020/05/12 16:00:00,24.72,24.79,23.05,23.05,1705189
ARMK,NYSE,2020/05/13 16:00:00,23.56,23.56,20.89,22.64,3345461
ARMK,NYSE,2020/05/14 16:00:00,22.03,23.44,20.91,23.38,2396275
ARMK,NYSE,2020/05/15 16:00:00,23.18,24.03,22.54,23.99,3375072
ARMK,NYSE,2020/05/18 16:00:00,25,27.18,24.92,25.61,5519531
ARMK,NYSE,2020/05/19 16:00:00,25.54,25.63,24.45,25.08,5541516
ARMK,NYSE,2020/05/20 16:00:00,25.35,25.77,25,25.41,7000119
ARMK,NYSE,2020/05/21 16:00:00,25.41,26.19,25.05,25.1,3762334
ARMK,NYSE,2020/05/22 16:00:00,25.16,25.2,24,24.56,2856911
ARMK,NYSE,2020/05/26 16:00:00,26.26,27.6,26.07,27.32,5948772
ARMK,NYSE,2020/05/27 16:00:00,28.5,29.75,27.07,27.8,4664983
ARMK,NYSE,2020/05/28 16:00:00,27.82,28.31,26.47,26.8,3737980
ARMK,NYSE,2020/05/29 16:00:00,26.54,27.02,25.47,25.89,3955954
ARMK,NYSE,2020/06/01 16:00:00,25.88,26.67,25.38,26.23,2783047
ARMK,NYSE,2020/06/02 16:00:00,26.53,26.66,25.83,26.54,1592723
ARMK,NYSE,2020/06/03 16:00:00,27.07,28.7,27.05,27.89,2705627
ARMK,NYSE,2020/06/04 16:00:00,27.99,28.41,27.4,28.22,2254628
ARMK,NYSE,2020/06/05 16:00:00,30.1,31.49,29.71,30.46,4354802
ARMK,NYSE,2020/06/08 16:00:00,31.3,32.52,30.21,32.25,3820612
ARMK,NYSE,2020/06/09 16:00:00,31,31.25,29.56,30.11,3394352
ARMK,NYSE,2020/06/10 16:00:00,29.65,29.85,27.44,27.48,2330871
ARMK,NYSE,2020/06/11 16:00:00,25.34,26.19,24.07,24.31,4191362
ARMK,NYSE,2020/06/12 16:00:00,25.62,26.02,24.49,25.3,1774006
ARMK,NYSE,2020/06/15 16:00:00,24,25.66,23.4,25.15,4140098
ARMK,NYSE,2020/06/16 16:00:00,26.29,26.76,25.25,25.9,4430227
ARMK,NYSE,2020/06/17 16:00:00,25.87,25.87,24.59,24.73,2955862
ARMK,NYSE,2020/06/18 16:00:00,24.38,25.49,24.01,25.27,2140776
ARMK,NYSE,2020/06/19 16:00:00,25.41,25.57,23.55,23.67,2897026
ARMK,NYSE,2020/06/22 16:00:00,23.41,23.49,22.33,23.34,2641129
ARMK,NYSE,2020/06/23 16:00:00,23.82,24.13,23.29,24.04,2481703
ARMK,NYSE,2020/06/24 16:00:00,23.27,23.28,21.37,22.68,3125433
ARMK,NYSE,2020/06/25 16:00:00,22.52,22.98,21.69,22.24,2264324
ARMK,NYSE,2020/06/26 16:00:00,22.1,22.25,21.18,21.54,3758161
ARMK,NYSE,2020/06/29 16:00:00,21.8,22.53,20.94,22.41,2741738
ARMK,NYSE,2020/06/30 16:00:00,22.45,22.87,21.66,22.57,2351168
ARMK,NYSE,2020/07/01 16:00:00,22.84,23.45,22.16,22.25,2198836
ARMK,NYSE,2020/07/02 16:00:00,22.88,23.31,21.86,21.95,1526592
ARMK,NYSE,2020/07/06 16:00:00,22.51,22.69,21.78,22.37,2616102
ARMK,NYSE,2020/07/07 16:00:00,21.82,22.04,20.88,21.12,3633269
ARMK,NYSE,2020/07/08 16:00:00,21.03,21.8,20.51,21.65,4065354
ARMK,NYSE,2020/07/09 16:00:00,21.57,21.63,20.61,20.77,2362652
ARMK,NYSE,2020/07/10 16:00:00,20.74,21.63,20.64,21.62,2132465
ARMK,NYSE,2020/07/13 16:00:00,21.88,22.3,21.1,21.64,1783731
ARMK,NYSE,2020/07/14 16:00:00,21.59,22.21,21.33,22.02,1847614
ARMK,NYSE,2020/07/15 16:00:00,23.04,24.06,22.71,23.95,2650645
ARMK,NYSE,2020/07/16 16:00:00,22.55,23.44,22.1,23.25,2371413
ARMK,NYSE,2020/07/17 16:00:00,23.2,23.43,22.78,23.13,936650
ARMK,NYSE,2020/07/20 16:00:00,23,23.12,22.27,22.52,1471619
ARMK,NYSE,2020/07/21 16:00:00,22.87,23.46,22.78,22.96,1758244
ARMK,NYSE,2020/07/22 16:00:00,22.73,23.46,22.69,23.28,1182205
ARMK,NYSE,2020/07/23 16:00:00,22.97,23.73,22.91,23.2,1180032
ARMK,NYSE,2020/07/24 16:00:00,23.18,23.25,22.54,22.66,1595010
ARMK,NYSE,2020/07/27 16:00:00,22.41,22.48,21.81,22.06,1166205
ARMK,NYSE,2020/07/28 16:00:00,21.93,22.44,21.88,22.12,1410653
ARMK,NYSE,2020/07/29 16:00:00,22.52,22.79,22.22,22.57,1207840
ARMK,NYSE,2020/07/30 16:00:00,22.15,22.33,21.78,22.05,1459981
ARMK,NYSE,2020/07/31 16:00:00,21.79,21.91,20.98,21.12,1913505
ARMK,NYSE,2020/08/03 16:00:00,21.17,21.5,20.83,20.97,5791744
ARMK,NYSE,2020/08/04 16:00:00,21.6,22.37,20.31,21.89,4206646
ARMK,NYSE,2020/08/05 16:00:00,21.9,22.13,20.82,21.36,2813779
ARMK,NYSE,2020/08/06 16:00:00,21.15,22.23,21.13,22.12,2874687
ARMK,NYSE,2020/08/07 16:00:00,22.03,23.64,21.87,23.58,2727093
ARMK,NYSE,2020/08/10 16:00:00,23.79,24.83,23.75,24.52,3626732
ARMK,NYSE,2020/08/11 16:00:00,25.21,26.51,25.08,25.26,3819801
ARMK,NYSE,2020/08/12 16:00:00,25.43,25.77,24.46,25.28,2991359
ARMK,NYSE,2020/08/13 16:00:00,25.1,25.45,24.75,24.97,4034991
ARMK,NYSE,2020/08/14 16:00:00,24.78,25.2,24.48,24.99,1719953
ARMK,NYSE,2020/08/17 16:00:00,25.07,25.08,24.22,24.31,1576501
ARMK,NYSE,2020/08/18 16:00:00,24.08,24.19,23.08,23.29,1694552
ARMK,NYSE,2020/08/19 16:00:00,23.24,23.62,22.94,23.49,2282496
ARMK,NYSE,2020/08/20 16:00:00,23.4,23.55,23.19,23.36,2628468
ARMK,NYSE,2020/08/21 16:00:00,23.36,24.16,23.36,24.04,3207469
ARMK,NYSE,2020/08/24 16:00:00,24.22,25.72,23.47,25.65,2784632
ARMK,NYSE,2020/08/25 16:00:00,25.87,25.87,24.82,25.08,2173380
ARMK,NYSE,2020/08/26 16:00:00,25.05,25.11,24.29,24.87,2154736
ARMK,NYSE,2020/08/27 16:00:00,25.13,27.07,25.1,26.2,2750724
ARMK,NYSE,2020/08/28 16:00:00,26.49,29.12,26.45,28.81,3241448
ARMK,NYSE,2020/08/31 16:00:00,28.62,28.62,27.18,27.56,2725783
ARMK,NYSE,2020/09/01 16:00:00,26.97,27.89,26.59,27.83,1833705
ARMK,NYSE,2020/09/02 16:00:00,28.1,28.98,28,28.96,1865875
ARMK,NYSE,2020/09/03 16:00:00,29.3,29.65,28.29,28.88,5260603
ARMK,NYSE,2020/09/04 16:00:00,29.2,29.39,28.29,28.3,1993383
ARMK,NYSE,2020/09/08 16:00:00,27.69,28.59,27.37,27.94,3151302
ARMK,NYSE,2020/09/09 16:00:00,29.03,29.36,28.2,28.77,2070821
ARMK,NYSE,2020/09/10 16:00:00,29.01,29.51,27.73,27.75,2006812
ARMK,NYSE,2020/09/11 16:00:00,27.89,27.89,26.77,27.5,2131266
ARMK,NYSE,2020/09/14 16:00:00,27.88,28.78,27.88,28.69,2726507
ARMK,NYSE,2020/09/15 16:00:00,28.75,29.13,28.57,28.78,1622068
ARMK,NYSE,2020/09/16 16:00:00,28.98,29.09,28.35,28.71,6139490
ARMK,NYSE,2020/09/17 16:00:00,28.25,28.33,27.63,28.24,1833992
ARMK,NYSE,2020/09/18 16:00:00,28.1,28.56,26.96,27.13,3260952
ARMK,NYSE,2020/09/21 16:00:00,26.3,26.3,24.92,26.09,3801774
ARMK,NYSE,2020/09/22 16:00:00,26.15,26.59,25.67,26.22,3025414
ARMK,NYSE,2020/09/23 16:00:00,26.44,27.04,25.77,25.89,1856055
ARMK,NYSE,2020/09/24 16:00:00,25.69,26.32,25.3,25.86,3051365
ARMK,NYSE,2020/09/25 16:00:00,25.89,27,25.65,26.64,3460697
ARMK,NYSE,2020/09/28 16:00:00,27.16,27.6,26.72,27.14,1613085
ARMK,NYSE,2020/09/29 16:00:00,27.06,27.1,26.19,26.42,2382350
ARMK,NYSE,2020/09/30 16:00:00,26.62,27.45,26.26,26.45,2612849
ARMK,NYSE,2020/10/01 16:00:00,26.77,27.2,26.33,27.06,1707886
ARMK,NYSE,2020/10/02 16:00:00,26.12,27.61,25.84,27.55,1609696
ARMK,NYSE,2020/10/05 16:00:00,28.1,28.19,27.35,27.81,1878380
ARMK,NYSE,2020/10/06 16:00:00,28.24,28.83,27.34,27.37,2387133
ARMK,NYSE,2020/10/07 16:00:00,27.83,28.23,27.64,27.93,1319778
ARMK,NYSE,2020/10/08 16:00:00,28.31,28.37,27.93,28.28,1480803
ARMK,NYSE,2020/10/09 16:00:00,28.4,28.91,28.3,28.49,898332
ARMK,NYSE,2020/10/12 16:00:00,28.41,28.92,28.18,28.48,2374341
ARMK,NYSE,2020/10/13 16:00:00,28.01,28.34,27.25,27.35,2008238
ARMK,NYSE,2020/10/14 16:00:00,27.51,28,27.26,27.5,1900953
ARMK,NYSE,2020/10/15 16:00:00,27.28,28.13,27.13,27.95,3150914
ARMK,NYSE,2020/10/16 16:00:00,27.94,28.41,27.6,28.17,2211503
ARMK,NYSE,2020/10/19 16:00:00,28.21,28.83,27.96,27.97,2118290
ARMK,NYSE,2020/10/20 16:00:00,28.4,29.08,28.26,28.78,2234422
ARMK,NYSE,2020/10/21 16:00:00,28.59,29.32,28.32,29.01,2388875
ARMK,NYSE,2020/10/22 16:00:00,28.66,29.71,28.66,29.3,2348811
ARMK,NYSE,2020/10/23 16:00:00,29.48,30.28,29.36,30.27,1862298
ARMK,NYSE,2020/10/26 16:00:00,29.63,29.76,28.45,28.95,2578900
ARMK,NYSE,2020/10/27 16:00:00,28.71,29.08,28.34,28.76,2292005
ARMK,NYSE,2020/10/28 16:00:00,28.07,28.4,27.11,27.18,3029837
ARMK,NYSE,2020/10/29 16:00:00,27.27,28.38,26.93,28.2,1925633
ARMK,NYSE,2020/10/30 16:00:00,28.01,28.46,27.15,27.74,1780827
ARMK,NYSE,2020/11/02 16:00:00,28.11,28.96,27.75,28.4,1664592
ARMK,NYSE,2020/11/03 16:00:00,28.79,29.25,28.61,28.73,1390422
ARMK,NYSE,2020/11/04 16:00:00,28.58,29.32,27.76,28.43,1221856
ARMK,NYSE,2020/11/05 16:00:00,28.91,30.43,28.48,30.24,1896627
ARMK,NYSE,2020/11/06 16:00:00,30.39,30.91,30.12,30.65,2728090
ARMK,NYSE,2020/11/09 16:00:00,34.5,37.03,34,35.12,6284299
ARMK,NYSE,2020/11/10 16:00:00,35.26,36.9,35.26,36.18,3130280
ARMK,NYSE,2020/11/11 16:00:00,36.22,36.26,34.39,34.94,2877834
ARMK,NYSE,2020/11/12 16:00:00,34.23,34.4,32.6,32.96,2355238
ARMK,NYSE,2020/11/13 16:00:00,33.55,34.35,33.42,34.19,1695914
ARMK,NYSE,2020/11/16 16:00:00,35.21,35.42,34.29,35.13,2723257
ARMK,NYSE,2020/11/17 16:00:00,34.59,35.08,33.32,34.74,4451784
ARMK,NYSE,2020/11/18 16:00:00,34.81,35,33.93,33.97,1755506
ARMK,NYSE,2020/11/19 16:00:00,33.83,35.35,33.01,35.26,1959754
ARMK,NYSE,2020/11/20 16:00:00,34.93,35.89,34.52,35.49,2003570
ARMK,NYSE,2020/11/23 16:00:00,35.89,35.97,34.94,35.83,1340193
ARMK,NYSE,2020/11/24 16:00:00,36.36,37.41,36.31,36.95,2757453
ARMK,NYSE,2020/11/25 16:00:00,36.64,37.06,36.17,36.35,1273518
ARMK,NYSE,2020/11/27 13:00:00,36.47,36.69,35.97,36.18,717424
ARMK,NYSE,2020/11/30 16:00:00,35.85,35.99,34.87,35,2571038
ARMK,NYSE,2020/12/01 16:00:00,35.72,36.94,35.62,36.68,2006219
ARMK,NYSE,2020/12/02 16:00:00,36.18,36.5,35.01,36.47,1590813
ARMK,NYSE,2020/12/03 16:00:00,36.76,37.53,35.97,36.71,2036386
ARMK,NYSE,2020/12/04 16:00:00,37.15,38.4,37.01,38.23,2089383
ARMK,NYSE,2020/12/07 16:00:00,37.83,38.32,37.6,37.88,1608543
ARMK,NYSE,2020/12/08 16:00:00,37.51,38.61,37.51,38.03,1306905
ARMK,NYSE,2020/12/09 16:00:00,38.43,38.73,37.59,38.44,1905457
ARMK,NYSE,2020/12/10 16:00:00,37.96,38.42,37.39,38.06,1502859
ARMK,NYSE,2020/12/11 16:00:00,37.87,38.24,37.5,37.6,1058983
ARMK,NYSE,2020/12/14 16:00:00,37.97,38.32,37.17,37.24,3098728
ARMK,NYSE,2020/12/15 16:00:00,38.62,38.62,37.09,38.1,1522816
ARMK,NYSE,2020/12/16 16:00:00,37.96,38.17,37.11,37.37,2706859
ARMK,NYSE,2020/12/17 16:00:00,37.58,37.92,36.71,37.92,1848265
ARMK,NYSE,2020/12/18 16:00:00,37.96,38.28,37.28,37.48,2126634
ARMK,NYSE,2020/12/21 16:00:00,36.64,37.33,35.96,37.14,1931342
ARMK,NYSE,2020/12/22 16:00:00,37.02,37.32,36.31,37.06,2485104
ARMK,NYSE,2020/12/23 16:00:00,37.33,37.72,37.07,37.53,1816396
ARMK,NYSE,2020/12/24 13:00:00,37.7,37.83,37.2,37.64,696515
ARMK,NYSE,2020/12/28 16:00:00,38.2,38.23,37.34,37.49,1391050
ARMK,NYSE,2020/12/29 16:00:00,37.86,37.98,37.43,37.84,832132
ARMK,NYSE,2020/12/30 16:00:00,37.84,38.56,37.6,37.99,1266281
ARMK,NYSE,2020/12/31 16:00:00,37.84,38.74,37.38,38.48,1255690
ARMK,NYSE,2021/01/04 16:00:00,38.45,38.74,37.15,37.72,2043875
ARMK,NYSE,2021/01/05 16:00:00,37.6,38.33,37.52,37.9,1884511
ARMK,NYSE,2021/01/06 16:00:00,38.28,39.03,37.67,38.21,3047120
ARMK,NYSE,2021/01/07 16:00:00,38.77,39.2,37.66,37.86,2477315
ARMK,NYSE,2021/01/08 16:00:00,38.22,38.94,37.64,38,1485446
ARMK,NYSE,2021/01/11 16:00:00,37.5,37.81,37.08,37.49,1002313
ARMK,NYSE,2021/01/12 16:00:00,37.64,38.17,37.28,37.9,2902188
ARMK,NYSE,2021/01/13 16:00:00,38.02,38.11,36.55,36.93,1836427
ARMK,NYSE,2021/01/14 16:00:00,36.97,37.75,36.68,36.88,2164984
ARMK,NYSE,2021/01/15 16:00:00,36.53,36.95,35.99,36.55,1194570
ARMK,NYSE,2021/01/19 16:00:00,36.79,37.31,36.08,36.19,2100378
ARMK,NYSE,2021/01/20 16:00:00,36.35,36.9,36.12,36.37,1133610
ARMK,NYSE,2021/01/21 16:00:00,36.49,36.75,35.78,36.19,1037357
ARMK,NYSE,2021/01/22 16:00:00,35.68,35.84,35.1,35.46,1506145
ARMK,NYSE,2021/01/25 16:00:00,35.13,35.72,34.72,35.65,1134856
ARMK,NYSE,2021/01/26 16:00:00,36.07,36.19,35.12,35.12,849919
ARMK,NYSE,2021/01/27 16:00:00,34.61,35.78,33.73,34.34,3858276
ARMK,NYSE,2021/01/28 16:00:00,34.84,36.29,34.7,35.64,1951553
ARMK,NYSE,2021/01/29 16:00:00,35.36,35.36,34.28,34.29,1825780
ARMK,NYSE,2021/02/01 16:00:00,34.51,35.18,34.17,34.92,1040195
ARMK,NYSE,2021/02/02 16:00:00,35.46,35.93,35.33,35.42,590487
ARMK,NYSE,2021/02/03 16:00:00,35.37,36.58,35.19,35.97,1322160
ARMK,NYSE,2021/02/04 16:00:00,36.34,37.5,36.2,37.31,2226327
ARMK,NYSE,2021/02/05 16:00:00,37.7,38.43,36.59,36.69,2276553
ARMK,NYSE,2021/02/08 16:00:00,36.79,37.21,36.4,37,2247227
ARMK,NYSE,2021/02/09 16:00:00,38.8,38.93,35.9,36.02,1820990
ARMK,NYSE,2021/02/10 16:00:00,36.32,36.95,35.91,36.73,1849424
ARMK,NYSE,2021/02/11 16:00:00,36.57,36.78,35.36,35.69,2172068
ARMK,NYSE,2021/02/12 16:00:00,35.57,36.16,35.46,36,1047374
ARMK,NYSE,2021/02/16 16:00:00,35.92,37.08,35.56,36.97,3110151
ARMK,NYSE,2021/02/17 16:00:00,36.73,37.23,36.39,37.05,2483908
ARMK,NYSE,2021/02/18 16:00:00,36.66,37.26,35.96,36.5,2544417
ARMK,NYSE,2021/02/19 16:00:00,36.62,38.62,36.62,38.01,2381969
ARMK,NYSE,2021/02/22 16:00:00,37.58,39.23,37.58,38.13,2411851
ARMK,NYSE,2021/02/23 16:00:00,38.29,38.96,37.78,38.49,1815294
ARMK,NYSE,2021/02/24 16:00:00,38.79,40.21,38.5,39.6,2249646
ARMK,NYSE,2021/02/25 16:00:00,39.55,39.66,37.69,37.89,1028303
ARMK,NYSE,2021/02/26 16:00:00,37.93,38.18,36.84,37.12,1902269
ARMK,NYSE,2021/03/01 16:00:00,38.05,39.28,37.93,38.6,1622507
ARMK,NYSE,2021/03/02 16:00:00,38.64,39.39,38.28,38.8,940712
ARMK,NYSE,2021/03/03 16:00:00,38.86,41.79,38.86,40.63,4390593
ARMK,NYSE,2021/03/04 16:00:00,40.65,41.3,39.38,40.63,2092224
ARMK,NYSE,2021/03/05 16:00:00,41.18,41.69,39.1,41.24,4319849
ARMK,NYSE,2021/03/08 16:00:00,41.86,42.84,41.16,42.2,2483310
ARMK,NYSE,2021/03/09 16:00:00,42.48,42.73,41.63,41.81,1986284
ARMK,NYSE,2021/03/10 16:00:00,41.95,42.47,41,41.37,1524797
ARMK,NYSE,2021/03/11 16:00:00,41.43,42.14,40.97,41.63,3069615
ARMK,NYSE,2021/03/12 16:00:00,41.83,42.5,41.41,42.32,1561665
ARMK,NYSE,2021/03/15 16:00:00,42.6,43.12,41.61,42.23,1147957
ARMK,NYSE,2021/03/16 16:00:00,41.99,42.13,41.22,41.59,9998349
ARMK,NYSE,2021/03/17 16:00:00,41.53,41.66,40.24,40.64,2613021
ARMK,NYSE,2021/03/18 16:00:00,40.34,41.65,39.89,40.28,2860264
ARMK,NYSE,2021/03/19 16:00:00,40.1,40.32,38.88,39.11,1787554
ARMK,NYSE,2021/03/22 16:00:00,38.96,39.17,38.03,38.97,1862409
ARMK,NYSE,2021/03/23 16:00:00,38.73,39.07,37.1,37.47,2347286
ARMK,NYSE,2021/03/24 16:00:00,37.94,39.47,37.92,38.07,3490711
ARMK,NYSE,2021/03/25 16:00:00,37.82,39.6,37.15,39.33,1917621
ARMK,NYSE,2021/03/26 16:00:00,39.75,39.87,38.22,38.9,1515200
ARMK,NYSE,2021/03/29 16:00:00,38.54,39,37.49,37.75,2010177
ARMK,NYSE,2021/03/30 16:00:00,37.81,38.7,37.35,38.31,1534527
ARMK,NYSE,2021/03/31 16:00:00,38.28,38.76,37.78,37.78,1496967
ARMK,NYSE,2021/04/01 16:00:00,37.88,38.53,37.52,38.25,1224337
ARMK,NYSE,2021/04/05 16:00:00,38.65,39.07,38.41,38.53,2098432
ARMK,NYSE,2021/04/06 16:00:00,38.77,39.18,38.68,38.78,1684705
ARMK,NYSE,2021/04/07 16:00:00,38.84,39.29,38.77,39.29,1001847
ARMK,NYSE,2021/04/08 16:00:00,39.24,39.37,38.39,38.71,2123077
ARMK,NYSE,2021/04/09 16:00:00,38.59,38.9,38.38,38.89,1098201
PNW,NYSE,2019/04/01 16:00:00,95.41,95.41,93.91,94.88,1067042
PNW,NYSE,2019/04/02 16:00:00,95.09,95.21,94.39,94.53,1107339
PNW,NYSE,2019/04/03 16:00:00,94.43,94.64,93.58,94.12,854426
PNW,NYSE,2019/04/04 16:00:00,94.6,94.6,93.14,93.66,694774
PNW,NYSE,2019/04/05 16:00:00,93.74,94.71,93.35,94.64,586448
PNW,NYSE,2019/04/08 16:00:00,94.58,94.69,93.62,93.89,669870
PNW,NYSE,2019/04/09 16:00:00,94.13,94.36,93.79,94.28,697810
PNW,NYSE,2019/04/10 16:00:00,94.63,95.35,93.97,94.12,711944
PNW,NYSE,2019/04/11 16:00:00,94.2,95.32,93.73,95.26,846211
PNW,NYSE,2019/04/12 16:00:00,94.92,95.57,94.3,95.31,842509
PNW,NYSE,2019/04/15 16:00:00,95.89,96.33,95.58,95.82,751693
PNW,NYSE,2019/04/16 16:00:00,95.67,95.98,94.09,94.22,880609
PNW,NYSE,2019/04/17 16:00:00,94.2,94.87,93.73,94.36,685967
PNW,NYSE,2019/04/18 16:00:00,94.48,94.8,93.9,94.07,914802
PNW,NYSE,2019/04/22 16:00:00,94.1,94.21,93.19,93.58,802382
PNW,NYSE,2019/04/23 16:00:00,93.86,94.62,93.52,94.5,916302
PNW,NYSE,2019/04/24 16:00:00,94.94,95.8,94.05,94.8,1046724
PNW,NYSE,2019/04/25 16:00:00,94.41,95.7,94.31,95.14,673246
PNW,NYSE,2019/04/26 16:00:00,96.27,96.31,94.97,95.09,946685
PNW,NYSE,2019/04/29 16:00:00,94.96,94.98,93.78,94.37,772416
PNW,NYSE,2019/04/30 16:00:00,93.41,95.28,93.25,95.27,1063020
PNW,NYSE,2019/05/01 16:00:00,94.56,95.89,93.86,94.08,1486549
PNW,NYSE,2019/05/02 16:00:00,93.76,94.19,92.52,93.07,1492162
PNW,NYSE,2019/05/03 16:00:00,93.2,94.3,93.2,94.12,670902
PNW,NYSE,2019/05/06 16:00:00,94.39,94.46,93.35,93.47,798836
PNW,NYSE,2019/05/07 16:00:00,93.47,94.11,92.93,93.35,742231
PNW,NYSE,2019/05/08 16:00:00,93.08,93.08,91.95,92.18,728420
PNW,NYSE,2019/05/09 16:00:00,92.41,93.12,92.05,92.57,638724
PNW,NYSE,2019/05/10 16:00:00,92.7,94.72,92.46,94.72,574243
PNW,NYSE,2019/05/13 16:00:00,94.61,96.48,94.58,96.31,983713
PNW,NYSE,2019/05/14 16:00:00,96.21,96.52,94.78,94.98,923974
PNW,NYSE,2019/05/15 16:00:00,95.3,95.72,94.68,95.19,613374
PNW,NYSE,2019/05/16 16:00:00,95,96.1,94.75,95.82,554812
PNW,NYSE,2019/05/17 16:00:00,95.38,96.67,95.23,96.06,722380
PNW,NYSE,2019/05/20 16:00:00,96.4,96.94,96.04,96.59,658444
PNW,NYSE,2019/05/21 16:00:00,96.67,97.21,95.98,96.04,709773
PNW,NYSE,2019/05/22 16:00:00,96.34,96.62,95.72,96.43,970991
PNW,NYSE,2019/05/23 16:00:00,96.57,97.37,96.54,97.32,740368
PNW,NYSE,2019/05/24 16:00:00,97.34,97.92,96.52,96.67,568244
PNW,NYSE,2019/05/28 16:00:00,96.89,96.89,94.97,95.4,1101305
PNW,NYSE,2019/05/29 16:00:00,95.73,95.92,93.89,93.91,924219
PNW,NYSE,2019/05/30 16:00:00,93.99,94.36,92.83,93,866451
PNW,NYSE,2019/05/31 16:00:00,93.2,94.07,92.95,93.91,1268740
PNW,NYSE,2019/06/03 16:00:00,94.31,95.4,93.89,95.4,816551
PNW,NYSE,2019/06/04 16:00:00,95.53,95.53,93.35,95.24,730713
PNW,NYSE,2019/06/05 16:00:00,95.81,97.93,95.3,97.79,1375133
PNW,NYSE,2019/06/06 16:00:00,97.85,99.08,97.63,98.76,882218
PNW,NYSE,2019/06/07 16:00:00,99.27,99.81,97.68,97.68,782020
PNW,NYSE,2019/06/10 16:00:00,97.16,97.65,96.72,97.27,550648
PNW,NYSE,2019/06/11 16:00:00,97.16,97.54,95.65,96.39,979397
PNW,NYSE,2019/06/12 16:00:00,95.43,96.86,95.18,96.49,1195829
PNW,NYSE,2019/06/13 16:00:00,96.45,97.11,96.13,96.67,1428830
PNW,NYSE,2019/06/14 16:00:00,96.65,97.75,96.65,97.48,709962
PNW,NYSE,2019/06/17 16:00:00,97.6,98.03,96.5,97.02,485728
PNW,NYSE,2019/06/18 16:00:00,97.64,97.64,96.21,96.83,901178
PNW,NYSE,2019/06/19 16:00:00,96.71,98.25,96.71,97.94,727246
PNW,NYSE,2019/06/20 16:00:00,98.33,98.94,97.39,98.56,974736
PNW,NYSE,2019/06/21 16:00:00,98.13,98.22,96.87,97.62,2253154
PNW,NYSE,2019/06/24 16:00:00,97.9,98.14,96.77,96.98,2065201
PNW,NYSE,2019/06/25 16:00:00,97.17,97.36,96.35,96.64,1320847
PNW,NYSE,2019/06/26 16:00:00,96.49,96.81,94.48,94.48,1250787
PNW,NYSE,2019/06/27 16:00:00,94.91,95.52,93.48,93.74,914433
PNW,NYSE,2019/06/28 16:00:00,93.7,94.82,93.45,94.09,1304397
PNW,NYSE,2019/07/01 16:00:00,94.09,94.34,92.92,93.92,664855
PNW,NYSE,2019/07/02 16:00:00,94.09,95.08,94.05,94.99,644530
PNW,NYSE,2019/07/03 13:00:00,95.19,96.25,95.19,95.63,344650
PNW,NYSE,2019/07/05 16:00:00,94.7,95.62,93.91,95.29,810866
PNW,NYSE,2019/07/08 16:00:00,95.45,95.88,94.55,95.36,808651
PNW,NYSE,2019/07/09 16:00:00,95.12,95.64,94.78,95.52,809606
PNW,NYSE,2019/07/10 16:00:00,96.06,96.45,95.36,95.46,453175
PNW,NYSE,2019/07/11 16:00:00,95.34,95.76,94.07,94.71,1029983
PNW,NYSE,2019/07/12 16:00:00,94.63,94.65,93.27,93.51,958712
PNW,NYSE,2019/07/15 16:00:00,93.67,94.43,93.16,93.77,775323
PNW,NYSE,2019/07/16 16:00:00,93.5,93.92,92.64,93.3,965200
PNW,NYSE,2019/07/17 16:00:00,93.84,94.37,93.61,94.05,671519
PNW,NYSE,2019/07/18 16:00:00,94.3,95.24,93.32,95.15,918052
PNW,NYSE,2019/07/19 16:00:00,94.93,95.39,93.49,93.59,854415
PNW,NYSE,2019/07/22 16:00:00,93.8,94.08,92.65,93.36,766417
PNW,NYSE,2019/07/23 16:00:00,93.23,93.35,92.42,92.84,1082047
PNW,NYSE,2019/07/24 16:00:00,93.26,93.31,91.28,91.8,1272034
PNW,NYSE,2019/07/25 16:00:00,91.45,91.91,90.53,91.06,1225223
PNW,NYSE,2019/07/26 16:00:00,91.25,92.1,90.81,92.02,708386
PNW,NYSE,2019/07/29 16:00:00,92.41,93.17,91.78,93.12,884809
PNW,NYSE,2019/07/30 16:00:00,93.55,93.71,91.43,91.93,1418065
PNW,NYSE,2019/07/31 16:00:00,91.35,92.36,90.84,91.22,1092889
PNW,NYSE,2019/08/01 16:00:00,91.04,92.68,90.65,91.97,880999
PNW,NYSE,2019/08/02 16:00:00,92.02,93.17,91.91,92.49,1168131
PNW,NYSE,2019/08/05 16:00:00,92.71,93.62,91.09,91.55,1289177
PNW,NYSE,2019/08/06 16:00:00,91.46,93.32,90.48,93.02,1015066
PNW,NYSE,2019/08/07 16:00:00,93.23,93.72,91.65,93.01,863116
PNW,NYSE,2019/08/08 16:00:00,91.21,94.42,91.16,92.78,1546521
PNW,NYSE,2019/08/09 16:00:00,91.36,92.93,91.36,92.44,1294488
PNW,NYSE,2019/08/12 16:00:00,92.84,92.84,91.07,91.84,1059294
PNW,NYSE,2019/08/13 16:00:00,91.5,93.08,90.96,92.97,1381975
PNW,NYSE,2019/08/14 16:00:00,93.27,93.47,91.49,91.8,979303
PNW,NYSE,2019/08/15 16:00:00,91.75,94.01,91.75,93.78,839203
PNW,NYSE,2019/08/16 16:00:00,93.84,94.63,93.25,94.12,1365043
PNW,NYSE,2019/08/19 16:00:00,94.17,95.32,93.75,94.96,1188161
PNW,NYSE,2019/08/20 16:00:00,95.34,95.56,94.43,94.77,969374
PNW,NYSE,2019/08/21 16:00:00,94.46,95.74,94.44,95.73,714533
PNW,NYSE,2019/08/22 16:00:00,95.53,95.66,94.23,94.89,1224038
PNW,NYSE,2019/08/23 16:00:00,95.14,95.41,93.61,94.14,1225205
PNW,NYSE,2019/08/26 16:00:00,94.19,95,94.02,94.99,818038
PNW,NYSE,2019/08/27 16:00:00,95.47,95.55,94.48,94.5,1186714
PNW,NYSE,2019/08/28 16:00:00,94.52,94.95,94.03,94.75,731406
PNW,NYSE,2019/08/29 16:00:00,95.23,95.36,94.58,95.28,695517
PNW,NYSE,2019/08/30 16:00:00,95.64,95.79,94.99,95.31,1111389
PNW,NYSE,2019/09/03 16:00:00,95.25,95.67,94.91,95.58,1683052
PNW,NYSE,2019/09/04 16:00:00,95.88,96.08,95.15,95.92,1358930
PNW,NYSE,2019/09/05 16:00:00,95.42,95.53,94.11,94.31,974958
PNW,NYSE,2019/09/06 16:00:00,94.49,94.93,93.3,93.81,1225918
PNW,NYSE,2019/09/09 16:00:00,93.55,93.67,91.89,92.45,976651
PNW,NYSE,2019/09/10 16:00:00,92.4,92.41,91.18,91.99,787987
PNW,NYSE,2019/09/11 16:00:00,91.88,93.25,91.61,93.15,782426
PNW,NYSE,2019/09/12 16:00:00,93.9,94.17,92.77,93.28,841512
PNW,NYSE,2019/09/13 16:00:00,92.93,94,92.54,93.08,1052729
PNW,NYSE,2019/09/16 16:00:00,93.43,93.76,92.77,93.49,747429
PNW,NYSE,2019/09/17 16:00:00,93.83,94.63,93.83,94.36,927536
PNW,NYSE,2019/09/18 16:00:00,94.85,95.93,94.07,95.88,852293
PNW,NYSE,2019/09/19 16:00:00,96.39,96.54,95.85,96.26,754988
PNW,NYSE,2019/09/20 16:00:00,97.19,97.47,96.48,97.17,1299617
PNW,NYSE,2019/09/23 16:00:00,97.32,98.16,97.05,97.39,1239374
PNW,NYSE,2019/09/24 16:00:00,97.63,98.58,97.24,97.87,846342
PNW,NYSE,2019/09/25 16:00:00,97.63,97.92,97.12,97.78,840362
PNW,NYSE,2019/09/26 16:00:00,98.01,98.37,97.49,97.67,756733
PNW,NYSE,2019/09/27 16:00:00,97.54,97.85,96.77,97.41,491292
PNW,NYSE,2019/09/30 16:00:00,97.44,98,96.95,97.07,744511
PNW,NYSE,2019/10/01 16:00:00,96.81,97.4,96.31,97.31,669118
PNW,NYSE,2019/10/02 16:00:00,97.24,97.45,95.57,95.59,765271
PNW,NYSE,2019/10/03 16:00:00,95.8,96.1,95.24,95.73,741478
PNW,NYSE,2019/10/04 16:00:00,95.79,97.41,95.79,97.23,765742
PNW,NYSE,2019/10/07 16:00:00,97.25,97.52,96.65,97.44,734583
PNW,NYSE,2019/10/08 16:00:00,97.38,97.38,95.48,95.58,846449
PNW,NYSE,2019/10/09 16:00:00,95.58,95.9,94.86,95.41,661121
PNW,NYSE,2019/10/10 16:00:00,95.13,95.84,94.4,95.37,516735
PNW,NYSE,2019/10/11 16:00:00,95.16,95.91,94.43,95.46,1311768
PNW,NYSE,2019/10/14 16:00:00,95.59,95.81,94.25,94.53,607934
PNW,NYSE,2019/10/15 16:00:00,94.55,94.82,93.56,93.66,514194
PNW,NYSE,2019/10/16 16:00:00,93.61,94.18,93.19,93.83,908693
PNW,NYSE,2019/10/17 16:00:00,93.79,94.1,93.43,93.69,648513
PNW,NYSE,2019/10/18 16:00:00,93.7,94.17,93.1,93.91,494714
PNW,NYSE,2019/10/21 16:00:00,93.5,94.11,93.39,93.99,502909
PNW,NYSE,2019/10/22 16:00:00,94.32,94.68,94.05,94.53,542504
PNW,NYSE,2019/10/23 16:00:00,94.79,94.92,93.89,94.15,795580
PNW,NYSE,2019/10/24 16:00:00,94.56,95.68,94.26,95.09,959561
PNW,NYSE,2019/10/25 16:00:00,95.06,95.1,93.88,94.2,571078
PNW,NYSE,2019/10/28 16:00:00,93.75,94.03,92.06,92.23,679464
PNW,NYSE,2019/10/29 16:00:00,92.16,93.27,92.11,93.08,633931
PNW,NYSE,2019/10/30 16:00:00,93.11,94.21,93.11,93.84,558452
PNW,NYSE,2019/10/31 16:00:00,94.16,94.42,93.3,94.12,867480
PNW,NYSE,2019/11/01 16:00:00,93.31,93.88,93.06,93.49,1231237
PNW,NYSE,2019/11/04 16:00:00,93.39,93.39,91.37,91.72,780518
PNW,NYSE,2019/11/05 16:00:00,91.28,91.85,90.71,90.78,1356206
PNW,NYSE,2019/11/06 16:00:00,90.98,91.91,90.98,91.17,1374496
PNW,NYSE,2019/11/07 16:00:00,87,89.01,85.51,87.82,2761213
PNW,NYSE,2019/11/08 16:00:00,87.18,87.56,86.08,86.39,1451727
PNW,NYSE,2019/11/11 16:00:00,86.36,86.61,85,85.13,972239
PNW,NYSE,2019/11/12 16:00:00,85.02,85.64,84.26,85.61,1491920
PNW,NYSE,2019/11/13 16:00:00,85.86,86.73,85.41,85.94,1307137
PNW,NYSE,2019/11/14 16:00:00,86.13,87.06,85.97,86.99,1071114
PNW,NYSE,2019/11/15 16:00:00,86.99,87.63,86.8,87.61,1038748
PNW,NYSE,2019/11/18 16:00:00,87.68,88.59,86.66,86.8,958738
PNW,NYSE,2019/11/19 16:00:00,86.54,87.09,86.25,86.75,1115046
PNW,NYSE,2019/11/20 16:00:00,87.12,87.55,86.63,87.28,846485
PNW,NYSE,2019/11/21 16:00:00,87.2,87.67,86.63,87.27,838295
PNW,NYSE,2019/11/22 16:00:00,87.57,87.57,86.73,87.2,426951
PNW,NYSE,2019/11/25 16:00:00,87.26,87.67,86.57,86.6,817494
PNW,NYSE,2019/11/26 16:00:00,86.57,87.73,86.41,87.5,2156617
PNW,NYSE,2019/11/27 16:00:00,87.59,87.83,87.08,87.39,677705
PNW,NYSE,2019/11/29 13:00:00,87.7,88.14,87.35,87.39,407406
PNW,NYSE,2019/12/02 16:00:00,87.07,87.22,85.7,85.75,806973
PNW,NYSE,2019/12/03 16:00:00,85.45,86.35,85.34,86.08,983218
PNW,NYSE,2019/12/04 16:00:00,85.99,87.17,85.89,86.94,853404
PNW,NYSE,2019/12/05 16:00:00,86.79,86.85,86.23,86.59,1244816
PNW,NYSE,2019/12/06 16:00:00,86.49,86.91,86.12,86.2,934800
PNW,NYSE,2019/12/09 16:00:00,86.37,86.38,85.32,85.55,677225
PNW,NYSE,2019/12/10 16:00:00,85.55,85.79,85.1,85.21,769480
PNW,NYSE,2019/12/11 16:00:00,85.37,85.91,84.88,85.44,760049
PNW,NYSE,2019/12/12 16:00:00,85.39,86.37,85.21,85.74,1270500
PNW,NYSE,2019/12/13 16:00:00,85.66,86.34,85.27,86.14,712349
PNW,NYSE,2019/12/16 16:00:00,86.2,87.62,85.96,87.6,1697853
PNW,NYSE,2019/12/17 16:00:00,87.66,88.2,87.26,87.6,856273
PNW,NYSE,2019/12/18 16:00:00,87.85,88.67,87.16,88.57,785133
PNW,NYSE,2019/12/19 16:00:00,88.57,89.26,88.25,89.25,1342139
PNW,NYSE,2019/12/20 16:00:00,89.5,90.68,89.31,90.19,2606540
PNW,NYSE,2019/12/23 16:00:00,90.34,90.34,88.74,88.98,744987
PNW,NYSE,2019/12/24 13:00:00,89.09,89.27,88.59,88.86,242008
PNW,NYSE,2019/12/26 16:00:00,88.93,89.35,88.56,88.95,484326
PNW,NYSE,2019/12/27 16:00:00,89.1,89.2,88.68,88.85,598454
PNW,NYSE,2019/12/30 16:00:00,88.63,89.26,88.61,89.25,553228
PNW,NYSE,2019/12/31 16:00:00,89.33,89.98,89.28,89.93,882473
PNW,NYSE,2020/01/02 16:00:00,90.13,90.25,88.4,88.71,707637
PNW,NYSE,2020/01/03 16:00:00,88.55,89.27,88.49,88.99,1058507
PNW,NYSE,2020/01/06 16:00:00,89.09,89.4,88.8,88.9,909261
PNW,NYSE,2020/01/07 16:00:00,88.39,88.72,88.1,88.68,931276
PNW,NYSE,2020/01/08 16:00:00,88.81,89.09,88.47,88.51,797170
PNW,NYSE,2020/01/09 16:00:00,88.51,89.91,88.33,89.89,779272
PNW,NYSE,2020/01/10 16:00:00,89.94,90.6,89.88,90.56,808525
PNW,NYSE,2020/01/13 16:00:00,90.53,91.91,90.44,91.23,1074917
PNW,NYSE,2020/01/14 16:00:00,91.16,92.04,91.01,92.04,758269
PNW,NYSE,2020/01/15 16:00:00,92.2,92.92,92.09,92.64,1034128
PNW,NYSE,2020/01/16 16:00:00,92.86,93.46,92.77,93.24,1204233
PNW,NYSE,2020/01/17 16:00:00,93.33,93.75,92.52,93.34,935066
PNW,NYSE,2020/01/21 16:00:00,93.67,94.59,93.23,94.38,700621
PNW,NYSE,2020/01/22 16:00:00,94.72,95.21,94.48,94.56,761523
PNW,NYSE,2020/01/23 16:00:00,94.57,95.93,94.49,95.84,701139
PNW,NYSE,2020/01/24 16:00:00,95.6,97.2,95.57,97.12,763107
PNW,NYSE,2020/01/27 16:00:00,97.28,98.06,96.97,97.67,1228350
PNW,NYSE,2020/01/28 16:00:00,97.86,98.36,97.05,97.05,840075
PNW,NYSE,2020/01/29 16:00:00,96.99,98.1,96.9,98.05,816274
PNW,NYSE,2020/01/30 16:00:00,97.71,98.81,97.37,98.78,743983
PNW,NYSE,2020/01/31 16:00:00,98.05,98.64,97.46,97.69,2172599
PNW,NYSE,2020/02/03 16:00:00,97.93,98.59,97.49,98.24,776460
PNW,NYSE,2020/02/04 16:00:00,98.05,98.58,97.62,97.62,1090628
PNW,NYSE,2020/02/05 16:00:00,97.39,98.23,97,98.17,751837
PNW,NYSE,2020/02/06 16:00:00,98.21,98.55,97.84,97.99,984523
PNW,NYSE,2020/02/07 16:00:00,98.36,98.49,97.84,98.06,1000869
PNW,NYSE,2020/02/10 16:00:00,98.24,98.88,97.87,98.81,649042
PNW,NYSE,2020/02/11 16:00:00,98.68,99.33,98.45,98.61,689573
PNW,NYSE,2020/02/12 16:00:00,98.32,98.83,98.07,98.65,649270
PNW,NYSE,2020/02/13 16:00:00,98.76,100.22,98.71,100.22,685061
PNW,NYSE,2020/02/14 16:00:00,100.4,100.74,99.88,100.43,714985
PNW,NYSE,2020/02/18 16:00:00,100.72,102.17,100.45,101.81,1066945
PNW,NYSE,2020/02/19 16:00:00,101.66,101.98,101.12,101.54,894733
PNW,NYSE,2020/02/20 16:00:00,101.16,101.74,101.02,101.09,1309365
PNW,NYSE,2020/02/21 16:00:00,100.71,105.51,100.38,103.6,2333689
PNW,NYSE,2020/02/24 16:00:00,103.31,103.31,100.94,100.94,1312558
PNW,NYSE,2020/02/25 16:00:00,100.94,101.33,98.34,98.4,975091
PNW,NYSE,2020/02/26 16:00:00,98.76,99.3,97.16,97.2,978438
PNW,NYSE,2020/02/27 16:00:00,96.78,97.62,93.54,93.61,1451857
PNW,NYSE,2020/02/28 16:00:00,91.38,91.91,88.6,89.49,1847867
PNW,NYSE,2020/03/02 16:00:00,90,94.99,89.59,94.91,1534550
PNW,NYSE,2020/03/03 16:00:00,94.69,97.53,94.1,94.49,1527005
PNW,NYSE,2020/03/04 16:00:00,95.68,100.73,95.68,100.26,1217490
PNW,NYSE,2020/03/05 16:00:00,98.39,100.34,98.05,99.67,988961
PNW,NYSE,2020/03/06 16:00:00,96.88,99.71,95.35,99.31,1995707
PNW,NYSE,2020/03/09 16:00:00,95.79,97.95,93.11,95.37,1250970
PNW,NYSE,2020/03/10 16:00:00,96.39,98.29,92.31,96.19,997232
PNW,NYSE,2020/03/11 16:00:00,94.11,94.14,88.15,89.55,1454247
PNW,NYSE,2020/03/12 16:00:00,81.51,83.44,77.83,80.1,2171880
PNW,NYSE,2020/03/13 16:00:00,83.83,84.38,76.88,81.57,1233380
PNW,NYSE,2020/03/16 16:00:00,75.5,78.26,67.61,68.11,1342795
PNW,NYSE,2020/03/17 16:00:00,69.97,74.98,67.27,74.83,1861789
PNW,NYSE,2020/03/18 16:00:00,70.51,70.83,60.05,65.57,2921204
PNW,NYSE,2020/03/19 16:00:00,65.26,72.17,61.73,68.36,1860865
PNW,NYSE,2020/03/20 16:00:00,69.25,72.11,65.27,65.55,1976268
PNW,NYSE,2020/03/23 16:00:00,64.01,66.45,61.22,62.91,1412427
PNW,NYSE,2020/03/24 16:00:00,65.7,71.75,65.08,71.04,1116696
PNW,NYSE,2020/03/25 16:00:00,70.81,75.88,67.75,72.66,1112863
PNW,NYSE,2020/03/26 16:00:00,72.86,80.31,72.32,79.34,1217528
PNW,NYSE,2020/03/27 16:00:00,76.26,79.93,75.13,77.63,1084023
PNW,NYSE,2020/03/30 16:00:00,78.44,80.21,76.63,78.36,902577
PNW,NYSE,2020/03/31 16:00:00,77.34,78.95,75.51,75.79,1030260
PNW,NYSE,2020/04/01 16:00:00,72.56,74.13,69.22,70.84,896513
PNW,NYSE,2020/04/02 16:00:00,69.83,74.52,69.83,71.77,993337
PNW,NYSE,2020/04/03 16:00:00,70.93,72.11,67.29,68.19,1152603
PNW,NYSE,2020/04/06 16:00:00,71.72,76.5,70.67,74.33,1194554
PNW,NYSE,2020/04/07 16:00:00,77.15,77.31,72.78,73.6,1010649
PNW,NYSE,2020/04/08 16:00:00,73.68,79.92,73.4,78.87,1165301
PNW,NYSE,2020/04/09 16:00:00,80.29,84.69,79.72,82.23,1634571
PNW,NYSE,2020/04/13 16:00:00,81.1,81.56,78.09,79.61,819540
PNW,NYSE,2020/04/14 16:00:00,81.03,82.02,79.93,81.83,1198775
PNW,NYSE,2020/04/15 16:00:00,79.01,80.63,78.38,79.66,902186
PNW,NYSE,2020/04/16 16:00:00,79.88,80.56,78.01,79.01,971409
PNW,NYSE,2020/04/17 16:00:00,80.59,81.92,78.69,79.91,1505261
PNW,NYSE,2020/04/20 16:00:00,79.65,79.86,76.14,76.6,649436
PNW,NYSE,2020/04/21 16:00:00,75.15,76.1,74.13,75.61,687283
PNW,NYSE,2020/04/22 16:00:00,76.78,78.21,75.66,77.58,671638
PNW,NYSE,2020/04/23 16:00:00,77.64,78.18,75.69,75.82,660385
PNW,NYSE,2020/04/24 16:00:00,76.25,77.4,75.03,77.14,1026802
PNW,NYSE,2020/04/27 16:00:00,77.95,79.57,77.55,78.76,740815
PNW,NYSE,2020/04/28 16:00:00,80.87,80.87,79.13,79.99,1197564
PNW,NYSE,2020/04/29 16:00:00,81.5,81.52,78.25,78.55,1226161
PNW,NYSE,2020/04/30 16:00:00,77.78,77.97,75.5,76.99,1381421
PNW,NYSE,2020/05/01 16:00:00,75.48,75.48,72.99,74.12,1479753
PNW,NYSE,2020/05/04 16:00:00,74,74.23,72.75,73.65,834385
PNW,NYSE,2020/05/05 16:00:00,74.04,75.74,73.78,74.64,1037320
PNW,NYSE,2020/05/06 16:00:00,74.97,74.98,71.7,72.01,868418
PNW,NYSE,2020/05/07 16:00:00,72.94,73.87,71.62,71.76,1585461
PNW,NYSE,2020/05/08 16:00:00,74.32,74.97,72.63,73.87,1268379
PNW,NYSE,2020/05/11 16:00:00,73,73.91,71.93,73.65,1189830
PNW,NYSE,2020/05/12 16:00:00,74.5,74.65,72.3,72.48,1271544
PNW,NYSE,2020/05/13 16:00:00,71.96,72.66,70.91,72.46,1373636
PNW,NYSE,2020/05/14 16:00:00,71.59,72.7,70.11,72.02,1554856
PNW,NYSE,2020/05/15 16:00:00,71.23,71.76,69.56,71.42,2709431
PNW,NYSE,2020/05/18 16:00:00,73.69,75.5,73.37,74.86,940628
PNW,NYSE,2020/05/19 16:00:00,74.63,74.63,72.56,72.59,638207
PNW,NYSE,2020/05/20 16:00:00,72.92,73.03,71.77,72.77,1446351
PNW,NYSE,2020/05/21 16:00:00,72.61,73.32,72.15,72.28,941195
PNW,NYSE,2020/05/22 16:00:00,72.2,72.74,71.5,72.66,825208
PNW,NYSE,2020/05/26 16:00:00,74.38,75.4,73.76,74.34,1085333
PNW,NYSE,2020/05/27 16:00:00,75.63,75.85,73.79,75.5,1433462
PNW,NYSE,2020/05/28 16:00:00,76.85,77.4,75.64,76.85,1264029
PNW,NYSE,2020/05/29 16:00:00,76.42,78.67,75.56,77.9,4708486
PNW,NYSE,2020/06/01 16:00:00,77.9,78.14,76.69,77.58,1245444
PNW,NYSE,2020/06/02 16:00:00,78.11,78.76,77.65,78.16,1035720
PNW,NYSE,2020/06/03 16:00:00,79.11,80.14,78.88,78.97,718911
PNW,NYSE,2020/06/04 16:00:00,78.58,78.58,76.79,77.83,879523
PNW,NYSE,2020/06/05 16:00:00,79.22,81.07,79.22,79.38,778389
PNW,NYSE,2020/06/08 16:00:00,79.6,82.29,79.35,82.04,1445658
PNW,NYSE,2020/06/09 16:00:00,81.14,81.14,78.03,80.11,972163
PNW,NYSE,2020/06/10 16:00:00,79.9,80.38,77.82,78.13,1321060
PNW,NYSE,2020/06/11 16:00:00,76.47,77,73.97,74.7,1828865
PNW,NYSE,2020/06/12 16:00:00,76.54,76.54,74.57,75.6,1437635
PNW,NYSE,2020/06/15 16:00:00,75.44,77.6,74.44,77.09,1112332
PNW,NYSE,2020/06/16 16:00:00,79.04,79.69,76.82,77.23,1114658
PNW,NYSE,2020/06/17 16:00:00,77.68,77.7,75.83,76.25,1204838
PNW,NYSE,2020/06/18 16:00:00,76.29,77.52,76.02,76.65,1279822
PNW,NYSE,2020/06/19 16:00:00,77.55,77.76,73.43,73.5,2726812
PNW,NYSE,2020/06/22 16:00:00,73.59,74.47,72.82,73.28,1146139
PNW,NYSE,2020/06/23 16:00:00,73.91,74.08,71.95,72.24,861815
PNW,NYSE,2020/06/24 16:00:00,71.53,72.33,70.98,71.62,1235287
PNW,NYSE,2020/06/25 16:00:00,71.35,71.42,70.35,71.36,1313799
PNW,NYSE,2020/06/26 16:00:00,71.2,72.22,69.96,71.05,1302787
PNW,NYSE,2020/06/29 16:00:00,71.81,72.96,70.88,72.96,775070
PNW,NYSE,2020/06/30 16:00:00,72.85,73.58,72.33,73.29,1229956
PNW,NYSE,2020/07/01 16:00:00,73.52,75.72,73.43,75.39,1026536
PNW,NYSE,2020/07/02 16:00:00,75.89,77.11,75.51,76.03,1001121
PNW,NYSE,2020/07/06 16:00:00,76.73,77.54,75.91,76.8,921853
PNW,NYSE,2020/07/07 16:00:00,75.88,76.69,75.53,76,1347863
PNW,NYSE,2020/07/08 16:00:00,76,76.91,75.7,76.72,715308
PNW,NYSE,2020/07/09 16:00:00,76.48,76.71,75.11,76.25,698031
PNW,NYSE,2020/07/10 16:00:00,76.08,78.4,76.08,78.26,627656
PNW,NYSE,2020/07/13 16:00:00,78.32,79.6,78.14,78.91,749481
PNW,NYSE,2020/07/14 16:00:00,78.87,79.99,78.82,79.62,837713
PNW,NYSE,2020/07/15 16:00:00,80.73,80.9,79.4,79.88,808066
PNW,NYSE,2020/07/16 16:00:00,80,80.76,79.83,80.56,696690
PNW,NYSE,2020/07/17 16:00:00,81.25,82.6,81.09,82.53,641168
PNW,NYSE,2020/07/20 16:00:00,82.32,82.52,80.61,80.78,904039
PNW,NYSE,2020/07/21 16:00:00,80.85,81.66,80.53,80.92,764010
PNW,NYSE,2020/07/22 16:00:00,80.45,83.09,79.86,82.98,1020561
PNW,NYSE,2020/07/23 16:00:00,82.9,83.33,81.92,82.31,811367
PNW,NYSE,2020/07/24 16:00:00,82.65,83.23,81.03,81.38,849042
PNW,NYSE,2020/07/27 16:00:00,81.3,81.33,79.07,80.28,638657
PNW,NYSE,2020/07/28 16:00:00,79.96,81.6,79.96,81.23,710320
PNW,NYSE,2020/07/29 16:00:00,81.24,82.36,80.73,82.09,833936
PNW,NYSE,2020/07/30 16:00:00,81.45,83.4,80.43,82.7,1145271
PNW,NYSE,2020/07/31 16:00:00,81.12,83.28,80.59,83.08,1542590
PNW,NYSE,2020/08/03 16:00:00,82.99,83.04,80.63,81.99,817017
PNW,NYSE,2020/08/04 16:00:00,81.54,81.86,80.71,81.59,1320807
PNW,NYSE,2020/08/05 16:00:00,81.7,81.83,79.25,79.74,1150237
PNW,NYSE,2020/08/06 16:00:00,80,81.65,78.88,80.79,1113010
PNW,NYSE,2020/08/07 16:00:00,80.5,82.53,80.5,82.16,968042
PNW,NYSE,2020/08/10 16:00:00,82.61,82.93,81.95,82.58,787246
PNW,NYSE,2020/08/11 16:00:00,82.9,83.43,80.68,80.77,1447221
PNW,NYSE,2020/08/12 16:00:00,81.16,81.42,80.31,80.43,780575
PNW,NYSE,2020/08/13 16:00:00,80.08,80.08,77.41,78.49,1420008
PNW,NYSE,2020/08/14 16:00:00,78.48,78.72,77.75,78,662138
PNW,NYSE,2020/08/17 16:00:00,77.87,78.19,76.24,76.4,1436773
PNW,NYSE,2020/08/18 16:00:00,76.52,76.84,74.92,75.75,1525697
PNW,NYSE,2020/08/19 16:00:00,76.06,76.3,75.08,76.02,945305
PNW,NYSE,2020/08/20 16:00:00,75.75,75.88,74.72,74.97,516077
PNW,NYSE,2020/08/21 16:00:00,75.06,75.15,73.75,74.26,727553
PNW,NYSE,2020/08/24 16:00:00,74.39,75.39,73.48,75.15,655720
PNW,NYSE,2020/08/25 16:00:00,75.33,75.33,74.05,74.47,492565
PNW,NYSE,2020/08/26 16:00:00,74.12,74.17,72.35,72.82,779983
PNW,NYSE,2020/08/27 16:00:00,73.01,73.54,72.29,73.23,602898
PNW,NYSE,2020/08/28 16:00:00,73.59,73.92,72.73,73.48,528753
PNW,NYSE,2020/08/31 16:00:00,73.23,73.98,72.98,73.35,852308
PNW,NYSE,2020/09/01 16:00:00,73,73.06,71.27,71.54,1026150
PNW,NYSE,2020/09/02 16:00:00,71.54,74.44,71.5,73.92,889598
PNW,NYSE,2020/09/03 16:00:00,74.4,74.78,72.29,72.97,839029
PNW,NYSE,2020/09/04 16:00:00,73.12,73.39,71.43,72.4,906746
PNW,NYSE,2020/09/08 16:00:00,72.5,73.57,71.46,73.18,987131
PNW,NYSE,2020/09/09 16:00:00,72.99,74.07,72.51,72.63,570503
PNW,NYSE,2020/09/10 16:00:00,72.57,72.69,71.13,71.39,1005475
PNW,NYSE,2020/09/11 16:00:00,71.69,71.69,70.5,70.9,514195
PNW,NYSE,2020/09/14 16:00:00,71.1,72.57,71.03,72.09,807477
PNW,NYSE,2020/09/15 16:00:00,72.35,73.25,71.66,72.02,773249
PNW,NYSE,2020/09/16 16:00:00,72,73.03,71.9,72.3,805900
PNW,NYSE,2020/09/17 16:00:00,72.05,72.49,71.32,72.16,901403
PNW,NYSE,2020/09/18 16:00:00,71.7,72.41,70.41,70.43,1575647
PNW,NYSE,2020/09/21 16:00:00,70,71.56,69.29,70.81,944086
PNW,NYSE,2020/09/22 16:00:00,70.61,72.43,70.52,71.83,767707
PNW,NYSE,2020/09/23 16:00:00,71.86,72.5,70.91,70.93,675214
PNW,NYSE,2020/09/24 16:00:00,71,73.04,70.4,72.76,978589
PNW,NYSE,2020/09/25 16:00:00,72.29,73.9,72,73.77,747111
PNW,NYSE,2020/09/28 16:00:00,74.17,74.85,73.63,73.89,781338
PNW,NYSE,2020/09/29 16:00:00,73.82,74.65,73.38,73.45,658992
PNW,NYSE,2020/09/30 16:00:00,74.16,75.2,73.76,74.55,1265969
PNW,NYSE,2020/10/01 16:00:00,74.97,75.86,74.35,75.32,843651
PNW,NYSE,2020/10/02 16:00:00,74.37,78.1,74.18,77.86,1039504
PNW,NYSE,2020/10/05 16:00:00,77.92,80.34,77.53,79.64,1166296
PNW,NYSE,2020/10/06 16:00:00,80.01,82.54,79.39,81.12,1251332
PNW,NYSE,2020/10/07 16:00:00,81.67,83.4,81.18,82.95,1056496
PNW,NYSE,2020/10/08 16:00:00,82.88,84.11,82.85,83.54,761988
PNW,NYSE,2020/10/09 16:00:00,84.07,84.24,82.12,82.56,670805
PNW,NYSE,2020/10/12 16:00:00,81.65,82.13,81.07,81.56,732010
PNW,NYSE,2020/10/13 16:00:00,81.32,81.32,79.44,80.73,1060837
PNW,NYSE,2020/10/14 16:00:00,80.96,81.32,80.12,80.26,783189
PNW,NYSE,2020/10/15 16:00:00,79.55,81.48,79.44,80.88,686004
PNW,NYSE,2020/10/16 16:00:00,80.93,81.87,80.4,81.07,600567
PNW,NYSE,2020/10/19 16:00:00,81.41,82.26,81.38,81.81,762614
PNW,NYSE,2020/10/20 16:00:00,82.27,82.65,81.58,82.33,444954
PNW,NYSE,2020/10/21 16:00:00,82.29,84.2,81.94,83.69,1025615
PNW,NYSE,2020/10/22 16:00:00,83.66,85.91,82.78,85.73,1137519
PNW,NYSE,2020/10/23 16:00:00,86.67,87.05,85.73,86.73,1161076
PNW,NYSE,2020/10/26 16:00:00,86.26,86.87,85.29,86.51,963904
PNW,NYSE,2020/10/27 16:00:00,86.32,87.13,85.84,85.86,921038
PNW,NYSE,2020/10/28 16:00:00,84.81,85.74,82.44,82.77,1441137
PNW,NYSE,2020/10/29 16:00:00,82.21,83.99,80.97,83.26,1147369
PNW,NYSE,2020/10/30 16:00:00,82.35,83.33,80,81.57,1420741
PNW,NYSE,2020/11/02 16:00:00,82.08,82.86,80.19,81.07,982233
PNW,NYSE,2020/11/03 16:00:00,82.12,82.82,80.95,81.76,867428
PNW,NYSE,2020/11/04 16:00:00,81.18,85.02,81.18,82.2,1135926
PNW,NYSE,2020/11/05 16:00:00,82.95,85.76,82.67,84.48,985013
PNW,NYSE,2020/11/06 16:00:00,84.25,85.6,83.59,83.79,926101
PNW,NYSE,2020/11/09 16:00:00,86.67,89.85,86.67,87.94,1408596
PNW,NYSE,2020/11/10 16:00:00,88.26,91.06,88.05,90.9,1191585
PNW,NYSE,2020/11/11 16:00:00,90.75,91.88,89.5,89.59,817972
PNW,NYSE,2020/11/12 16:00:00,89.38,89.7,86.72,87.84,889571
PNW,NYSE,2020/11/13 16:00:00,88.33,89.98,88.26,89.46,682205
PNW,NYSE,2020/11/16 16:00:00,91.01,91.4,89.72,90.44,704383
PNW,NYSE,2020/11/17 16:00:00,89.6,90.14,86.72,86.78,1153967
PNW,NYSE,2020/11/18 16:00:00,87.43,88.14,84.52,84.72,1033613
PNW,NYSE,2020/11/19 16:00:00,84.95,85.01,83.25,83.55,773715
PNW,NYSE,2020/11/20 16:00:00,83.34,84.54,83.15,83.25,744660
PNW,NYSE,2020/11/23 16:00:00,83.39,84.73,83.33,84.48,662090
PNW,NYSE,2020/11/24 16:00:00,85.01,86.21,84.76,85.78,781351
PNW,NYSE,2020/11/25 16:00:00,85.55,86.71,84.88,86.52,986685
PNW,NYSE,2020/11/27 13:00:00,86.34,86.34,83.61,83.94,289245
PNW,NYSE,2020/11/30 16:00:00,84,84.26,81.36,81.85,1460424
PNW,NYSE,2020/12/01 16:00:00,82.7,83.17,82.21,82.35,610322
PNW,NYSE,2020/12/02 16:00:00,81.95,83.12,81.08,82.89,657942
PNW,NYSE,2020/12/03 16:00:00,82.89,82.95,81.25,81.4,818344
PNW,NYSE,2020/12/04 16:00:00,81.5,82.71,81.3,82.41,1231281
PNW,NYSE,2020/12/07 16:00:00,81.79,83.38,81.6,82.58,576915
PNW,NYSE,2020/12/08 16:00:00,82.03,82.82,81.58,81.82,690294
PNW,NYSE,2020/12/09 16:00:00,81.83,82.32,80.57,81.33,1133713
PNW,NYSE,2020/12/10 16:00:00,81.49,81.83,80.55,80.74,895900
PNW,NYSE,2020/12/11 16:00:00,80.58,81.13,79.69,79.72,879806
PNW,NYSE,2020/12/14 16:00:00,80.62,81.18,78.9,79.14,1505787
PNW,NYSE,2020/12/15 16:00:00,79.45,80.48,78.75,80.03,1215524
PNW,NYSE,2020/12/16 16:00:00,80.38,80.8,78.61,78.65,766033
PNW,NYSE,2020/12/17 16:00:00,78.8,80.21,78.72,79.32,870821
PNW,NYSE,2020/12/18 16:00:00,79.24,79.75,78.21,78.65,1319356
PNW,NYSE,2020/12/21 16:00:00,78,78.46,76.4,77.29,823258
PNW,NYSE,2020/12/22 16:00:00,77.14,78.17,76.15,77.78,894023
PNW,NYSE,2020/12/23 16:00:00,78.39,79.37,77.35,77.4,635344
PNW,NYSE,2020/12/24 13:00:00,77.42,78.06,76.72,77.87,239259
PNW,NYSE,2020/12/28 16:00:00,78.18,79.21,77.84,78.43,386702
PNW,NYSE,2020/12/29 16:00:00,78.43,79.35,78.43,79.07,641297
PNW,NYSE,2020/12/30 16:00:00,78.85,79.61,78.51,79.11,561948
PNW,NYSE,2020/12/31 16:00:00,79.05,80.03,78.84,79.95,539364
PNW,NYSE,2021/01/04 16:00:00,80,80.75,78.7,79.09,963539
PNW,NYSE,2021/01/05 16:00:00,79.09,79.32,77.33,77.73,1020318
PNW,NYSE,2021/01/06 16:00:00,78.08,80.64,78,80.48,852966
PNW,NYSE,2021/01/07 16:00:00,80.48,80.52,77.57,77.94,816386
PNW,NYSE,2021/01/08 16:00:00,77.97,78.09,76.96,77.77,513238
PNW,NYSE,2021/01/11 16:00:00,77.41,78.11,76.18,76.69,637087
PNW,NYSE,2021/01/12 16:00:00,76.75,77.22,75.85,76.42,1083504
PNW,NYSE,2021/01/13 16:00:00,76.46,78.13,76.19,77.93,847928
PNW,NYSE,2021/01/14 16:00:00,78.1,78.21,76.91,77.05,584585
PNW,NYSE,2021/01/15 16:00:00,76.94,78.75,76.15,78.55,789707
PNW,NYSE,2021/01/19 16:00:00,78.71,78.8,77.65,78,1131497
PNW,NYSE,2021/01/20 16:00:00,77.59,78.15,76.77,77.94,1188857
PNW,NYSE,2021/01/21 16:00:00,77.73,77.9,76.37,77.53,956289
PNW,NYSE,2021/01/22 16:00:00,77.24,77.51,76.46,77.09,504663
PNW,NYSE,2021/01/25 16:00:00,76.69,78.46,76.62,78.36,855604
PNW,NYSE,2021/01/26 16:00:00,78.48,78.69,77.02,77.5,770509
PNW,NYSE,2021/01/27 16:00:00,76.88,77.38,75.05,76.31,1166902
PNW,NYSE,2021/01/28 16:00:00,76.64,77.89,76.17,76.68,1063054
PNW,NYSE,2021/01/29 16:00:00,75.24,76.06,74.73,75.25,1756941
PNW,NYSE,2021/02/01 16:00:00,75.58,76.74,75.05,76.2,782345
PNW,NYSE,2021/02/02 16:00:00,76.48,78.25,76.19,76.7,920147
PNW,NYSE,2021/02/03 16:00:00,76.4,77.19,75.91,76.73,614587
PNW,NYSE,2021/02/04 16:00:00,76.62,77.27,76.25,77.06,773191
PNW,NYSE,2021/02/05 16:00:00,77.61,78.04,76.86,77.78,728645
PNW,NYSE,2021/02/08 16:00:00,77.81,77.94,76.3,76.94,806565
PNW,NYSE,2021/02/09 16:00:00,77.06,77.92,76.03,76.66,516622
PNW,NYSE,2021/02/10 16:00:00,77,77.5,76.41,77.12,644452
PNW,NYSE,2021/02/11 16:00:00,77.23,77.43,76.32,76.66,522335
PNW,NYSE,2021/02/12 16:00:00,76.44,77.06,75.87,76.19,610941
PNW,NYSE,2021/02/16 16:00:00,76.13,76.38,75.37,76.02,663078
PNW,NYSE,2021/02/17 16:00:00,76.14,77.21,75.88,77.15,580446
PNW,NYSE,2021/02/18 16:00:00,77.09,77.92,77.01,77.17,741787
PNW,NYSE,2021/02/19 16:00:00,77.15,77.25,76.15,76.26,508078
PNW,NYSE,2021/02/22 16:00:00,76.04,76.18,73.11,74.59,1207870
PNW,NYSE,2021/02/23 16:00:00,75.3,76.08,74.25,75.5,998662
PNW,NYSE,2021/02/24 16:00:00,75.25,75.42,72.53,73.06,1779578
PNW,NYSE,2021/02/25 16:00:00,72.5,73.76,72.1,73.04,1290189
PNW,NYSE,2021/02/26 16:00:00,72.98,73.7,69.89,69.93,1309384
PNW,NYSE,2021/03/01 16:00:00,71.48,73.5,70.86,72.3,1436685
PNW,NYSE,2021/03/02 16:00:00,72.31,74.37,72.05,73.72,954538
PNW,NYSE,2021/03/03 16:00:00,73.59,73.62,72.07,72.99,770859
PNW,NYSE,2021/03/04 16:00:00,73.36,75.53,72.95,74.65,1106499
PNW,NYSE,2021/03/05 16:00:00,74.88,76.69,74.84,76.3,1022287
PNW,NYSE,2021/03/08 16:00:00,77,78.87,76.3,78.25,1293112
PNW,NYSE,2021/03/09 16:00:00,78.4,78.84,77.12,77.58,873492
PNW,NYSE,2021/03/10 16:00:00,77.37,78.65,76.9,78.46,854984
PNW,NYSE,2021/03/11 16:00:00,78.06,78.6,76.77,76.78,732832
PNW,NYSE,2021/03/12 16:00:00,77.3,78.54,76.76,78.33,721827
PNW,NYSE,2021/03/15 16:00:00,78.53,80.42,78.35,80.41,858231
PNW,NYSE,2021/03/16 16:00:00,78.65,79.69,78.65,79.58,712362
PNW,NYSE,2021/03/17 16:00:00,79.9,80.53,79.08,79.2,681807
PNW,NYSE,2021/03/18 16:00:00,79.15,79.69,78.24,79.58,1278410
PNW,NYSE,2021/03/19 16:00:00,79.8,81.34,78.67,80.79,1771658
PNW,NYSE,2021/03/22 16:00:00,80.16,80.65,79.18,79.73,764577
PNW,NYSE,2021/03/23 16:00:00,79.94,80.83,79.29,79.9,634893
PNW,NYSE,2021/03/24 16:00:00,79.81,80.38,79.41,79.6,799602
PNW,NYSE,2021/03/25 16:00:00,80.05,80.6,78.86,80.27,954204
PNW,NYSE,2021/03/26 16:00:00,80.26,80.63,79.51,80.22,490543
PNW,NYSE,2021/03/29 16:00:00,80.12,81.9,80.04,81.43,676237
PNW,NYSE,2021/03/30 16:00:00,81.04,81.12,79.58,80.72,657926
PNW,NYSE,2021/03/31 16:00:00,80.71,81.5,80.4,81.35,716351
PNW,NYSE,2021/04/01 16:00:00,81.24,81.83,80.61,81.81,697107
PNW,NYSE,2021/04/05 16:00:00,81.85,83.05,81.8,83.05,533032
PNW,NYSE,2021/04/06 16:00:00,82.75,83.4,82.15,83.33,508199
PNW,NYSE,2021/04/07 16:00:00,83.5,83.79,82.04,82.26,735575
PNW,NYSE,2021/04/08 16:00:00,82.07,82.54,81.73,81.82,905297
PNW,NYSE,2021/04/09 16:00:00,82.23,82.58,81.52,81.77,561988
KGC,NYSE,2019/04/01 16:00:00,3.46,3.48,3.3,3.34,9577612
KGC,NYSE,2019/04/02 16:00:00,3.35,3.4,3.33,3.36,7634792
KGC,NYSE,2019/04/03 16:00:00,3.36,3.44,3.33,3.39,11327067
KGC,NYSE,2019/04/04 16:00:00,3.33,3.49,3.3,3.47,7516635
KGC,NYSE,2019/04/05 16:00:00,3.48,3.52,3.43,3.5,8467439
KGC,NYSE,2019/04/08 16:00:00,3.55,3.58,3.51,3.55,8197915
KGC,NYSE,2019/04/09 16:00:00,3.58,3.6,3.54,3.6,5578411
KGC,NYSE,2019/04/10 16:00:00,3.57,3.62,3.52,3.52,5860897
KGC,NYSE,2019/04/11 16:00:00,3.45,3.56,3.44,3.47,8581834
KGC,NYSE,2019/04/12 16:00:00,3.5,3.52,3.45,3.47,7942670
KGC,NYSE,2019/04/15 16:00:00,3.43,3.52,3.41,3.5,6557741
KGC,NYSE,2019/04/16 16:00:00,3.41,3.48,3.4,3.46,6727461
KGC,NYSE,2019/04/17 16:00:00,3.46,3.48,3.33,3.36,9075624
KGC,NYSE,2019/04/18 16:00:00,3.34,3.36,3.21,3.23,10113983
KGC,NYSE,2019/04/22 16:00:00,3.23,3.25,3.15,3.17,7077693
KGC,NYSE,2019/04/23 16:00:00,3.1,3.23,3.1,3.15,8666271
KGC,NYSE,2019/04/24 16:00:00,3.18,3.27,3.15,3.24,9889825
KGC,NYSE,2019/04/25 16:00:00,3.25,3.27,3.15,3.19,10377896
KGC,NYSE,2019/04/26 16:00:00,3.21,3.31,3.21,3.29,9620647
KGC,NYSE,2019/04/29 16:00:00,3.25,3.27,3.19,3.2,6923689
KGC,NYSE,2019/04/30 16:00:00,3.21,3.26,3.18,3.18,13023667
KGC,NYSE,2019/05/01 16:00:00,3.18,3.18,3.04,3.06,14004956
KGC,NYSE,2019/05/02 16:00:00,3.07,3.09,3,3.05,8567238
KGC,NYSE,2019/05/03 16:00:00,3.08,3.13,3.05,3.07,7501188
KGC,NYSE,2019/05/06 16:00:00,3.05,3.12,3.04,3.07,5158213
KGC,NYSE,2019/05/07 16:00:00,3.06,3.1,3.02,3.06,12778210
KGC,NYSE,2019/05/08 16:00:00,3.16,3.3,3.06,3.11,19770170
KGC,NYSE,2019/05/09 16:00:00,3.1,3.16,3.08,3.08,8040591
KGC,NYSE,2019/05/10 16:00:00,3.09,3.1,3.04,3.05,7184545
KGC,NYSE,2019/05/13 16:00:00,3.09,3.18,3.06,3.16,9243921
KGC,NYSE,2019/05/14 16:00:00,3.14,3.17,3.07,3.13,5034006
KGC,NYSE,2019/05/15 16:00:00,3.13,3.19,3.13,3.17,6243984
KGC,NYSE,2019/05/16 16:00:00,3.15,3.16,3.09,3.13,9387556
KGC,NYSE,2019/05/17 16:00:00,3.1,3.17,3.06,3.16,7101636
KGC,NYSE,2019/05/20 16:00:00,3.14,3.21,3.12,3.16,5056391
KGC,NYSE,2019/05/21 16:00:00,3.15,3.15,3.1,3.14,5593620
KGC,NYSE,2019/05/22 16:00:00,3.14,3.14,3.09,3.1,3590576
KGC,NYSE,2019/05/23 16:00:00,3.13,3.21,3.12,3.12,5587300
KGC,NYSE,2019/05/24 16:00:00,3.13,3.18,3.11,3.14,5101222
KGC,NYSE,2019/05/28 16:00:00,3.13,3.22,3.11,3.21,8252414
KGC,NYSE,2019/05/29 16:00:00,3.23,3.24,3.17,3.19,5860348
KGC,NYSE,2019/05/30 16:00:00,3.14,3.21,3.1,3.19,6314154
KGC,NYSE,2019/05/31 16:00:00,3.22,3.31,3.22,3.27,7416054
KGC,NYSE,2019/06/03 16:00:00,3.33,3.57,3.32,3.56,14118234
KGC,NYSE,2019/06/04 16:00:00,3.49,3.56,3.48,3.55,13892252
KGC,NYSE,2019/06/05 16:00:00,3.59,3.71,3.48,3.5,11818800
KGC,NYSE,2019/06/06 16:00:00,3.51,3.57,3.48,3.51,7304826
KGC,NYSE,2019/06/07 16:00:00,3.55,3.56,3.46,3.46,8904095
KGC,NYSE,2019/06/10 16:00:00,3.41,3.45,3.36,3.43,8779724
KGC,NYSE,2019/06/11 16:00:00,3.43,3.46,3.38,3.44,7305738
KGC,NYSE,2019/06/12 16:00:00,3.48,3.54,3.46,3.49,7494224
KGC,NYSE,2019/06/13 16:00:00,3.49,3.6,3.48,3.57,7518410
KGC,NYSE,2019/06/14 16:00:00,3.61,3.7,3.49,3.54,11956550
KGC,NYSE,2019/06/17 16:00:00,3.52,3.56,3.41,3.5,11891626
KGC,NYSE,2019/06/18 16:00:00,3.57,3.65,3.51,3.6,13412234
KGC,NYSE,2019/06/19 16:00:00,3.56,3.66,3.52,3.65,15064236
KGC,NYSE,2019/06/20 16:00:00,3.79,3.93,3.76,3.82,18831842
KGC,NYSE,2019/06/21 16:00:00,3.8,3.85,3.69,3.79,36959937
KGC,NYSE,2019/06/24 16:00:00,3.86,3.96,3.83,3.95,18282587
KGC,NYSE,2019/06/25 16:00:00,3.98,4.01,3.81,3.9,21779838
KGC,NYSE,2019/06/26 16:00:00,3.8,3.95,3.77,3.84,13521644
KGC,NYSE,2019/06/27 16:00:00,3.8,3.89,3.75,3.86,9749628
KGC,NYSE,2019/06/28 16:00:00,3.86,3.93,3.82,3.88,9107901
KGC,NYSE,2019/07/01 16:00:00,3.74,3.75,3.64,3.65,13210272
KGC,NYSE,2019/07/02 16:00:00,3.72,3.84,3.7,3.82,15132347
KGC,NYSE,2019/07/03 13:00:00,3.86,3.9,3.8,3.89,9191147
KGC,NYSE,2019/07/05 16:00:00,3.74,3.86,3.71,3.83,11158178
KGC,NYSE,2019/07/08 16:00:00,3.84,3.89,3.79,3.83,8467921
KGC,NYSE,2019/07/09 16:00:00,3.82,3.93,3.8,3.92,9608600
KGC,NYSE,2019/07/10 16:00:00,3.98,4.13,3.91,4.12,14667053
KGC,NYSE,2019/07/11 16:00:00,4.12,4.13,3.97,4.02,11150879
KGC,NYSE,2019/07/12 16:00:00,4.04,4.07,3.99,4.05,7846387
KGC,NYSE,2019/07/15 16:00:00,4.05,4.08,3.99,4.03,6804817
KGC,NYSE,2019/07/16 16:00:00,4.03,4.08,3.99,4.01,6601386
KGC,NYSE,2019/07/17 16:00:00,4.01,4.16,3.99,4.15,10240341
KGC,NYSE,2019/07/18 16:00:00,4.14,4.35,4.08,4.31,15542244
KGC,NYSE,2019/07/19 16:00:00,4.28,4.38,4.19,4.31,12691437
KGC,NYSE,2019/07/22 16:00:00,4.32,4.36,4.23,4.24,11719807
KGC,NYSE,2019/07/23 16:00:00,4.23,4.31,4.13,4.2,12680893
KGC,NYSE,2019/07/24 16:00:00,4.21,4.3,4.18,4.26,11148579
KGC,NYSE,2019/07/25 16:00:00,4.25,4.27,4.15,4.17,11181217
KGC,NYSE,2019/07/26 16:00:00,4.22,4.27,4.16,4.24,6686416
KGC,NYSE,2019/07/29 16:00:00,4.26,4.28,4.15,4.26,19229637
KGC,NYSE,2019/07/30 16:00:00,4.26,4.29,4.21,4.27,10591420
KGC,NYSE,2019/07/31 16:00:00,4.27,4.29,4,4.02,21211187
KGC,NYSE,2019/08/01 16:00:00,3.99,4.48,3.94,4.47,39348642
KGC,NYSE,2019/08/02 16:00:00,4.43,4.63,4.39,4.57,21748629
KGC,NYSE,2019/08/05 16:00:00,4.71,4.89,4.7,4.78,19645524
KGC,NYSE,2019/08/06 16:00:00,4.69,4.84,4.65,4.83,20650934
KGC,NYSE,2019/08/07 16:00:00,4.99,5.15,4.97,5.06,28079123
KGC,NYSE,2019/08/08 16:00:00,5,5.16,4.91,5.14,22581182
KGC,NYSE,2019/08/09 16:00:00,5.11,5.17,5.03,5.05,13864855
KGC,NYSE,2019/08/12 16:00:00,5.12,5.16,4.95,4.97,17634147
KGC,NYSE,2019/08/13 16:00:00,5.07,5.07,4.73,4.86,22575663
KGC,NYSE,2019/08/14 16:00:00,4.94,5.01,4.84,4.84,17675262
KGC,NYSE,2019/08/15 16:00:00,4.79,4.94,4.69,4.91,18765706
KGC,NYSE,2019/08/16 16:00:00,4.83,4.9,4.74,4.78,12958806
KGC,NYSE,2019/08/19 16:00:00,4.68,4.77,4.58,4.69,15176451
KGC,NYSE,2019/08/20 16:00:00,4.71,4.81,4.65,4.77,9762531
KGC,NYSE,2019/08/21 16:00:00,4.75,4.78,4.67,4.7,12636066
KGC,NYSE,2019/08/22 16:00:00,4.66,4.75,4.64,4.68,9711989
KGC,NYSE,2019/08/23 16:00:00,4.71,5.04,4.68,5.03,18383479
KGC,NYSE,2019/08/26 16:00:00,5.06,5.09,4.96,4.99,9410033
KGC,NYSE,2019/08/27 16:00:00,4.98,5.21,4.97,5.15,14723066
KGC,NYSE,2019/08/28 16:00:00,5.16,5.24,5.06,5.15,13526183
KGC,NYSE,2019/08/29 16:00:00,5.12,5.17,4.9,4.99,17492281
KGC,NYSE,2019/08/30 16:00:00,4.96,5.07,4.91,4.97,10988460
KGC,NYSE,2019/09/03 16:00:00,5.09,5.32,5.06,5.19,20940256
KGC,NYSE,2019/09/04 16:00:00,5.2,5.32,5.15,5.26,10046356
KGC,NYSE,2019/09/05 16:00:00,5.17,5.23,4.96,5.08,24741273
KGC,NYSE,2019/09/06 16:00:00,5.1,5.19,4.95,4.95,18712798
KGC,NYSE,2019/09/09 16:00:00,4.95,4.99,4.74,4.81,15227657
KGC,NYSE,2019/09/10 16:00:00,4.75,4.92,4.7,4.8,17053396
KGC,NYSE,2019/09/11 16:00:00,4.83,4.99,4.78,4.83,16001168
KGC,NYSE,2019/09/12 16:00:00,4.99,5.09,4.73,4.73,18357057
KGC,NYSE,2019/09/13 16:00:00,4.76,4.85,4.67,4.72,21645311
KGC,NYSE,2019/09/16 16:00:00,4.83,4.97,4.76,4.92,25660160
KGC,NYSE,2019/09/17 16:00:00,4.94,5.19,4.93,5.18,18146042
KGC,NYSE,2019/09/18 16:00:00,5.2,5.25,4.9,5.02,22566649
KGC,NYSE,2019/09/19 16:00:00,5.07,5.11,5,5.04,13002379
KGC,NYSE,2019/09/20 16:00:00,5.03,5.2,4.99,5.18,19476050
KGC,NYSE,2019/09/23 16:00:00,5.23,5.35,5.22,5.34,15271309
KGC,NYSE,2019/09/24 16:00:00,5.28,5.46,5.26,5.43,12398578
KGC,NYSE,2019/09/25 16:00:00,5.4,5.47,5.12,5.15,17089074
KGC,NYSE,2019/09/26 16:00:00,5.17,5.21,5.07,5.09,14129077
KGC,NYSE,2019/09/27 16:00:00,4.94,4.94,4.77,4.8,16710360
KGC,NYSE,2019/09/30 16:00:00,4.69,4.77,4.55,4.6,18499499
KGC,NYSE,2019/10/01 16:00:00,4.57,4.81,4.51,4.73,17376154
KGC,NYSE,2019/10/02 16:00:00,4.82,4.88,4.74,4.85,14737926
KGC,NYSE,2019/10/03 16:00:00,4.83,5,4.79,4.79,18321890
KGC,NYSE,2019/10/04 16:00:00,4.8,4.91,4.78,4.87,8836688
KGC,NYSE,2019/10/07 16:00:00,4.84,4.91,4.8,4.81,7004659
KGC,NYSE,2019/10/08 16:00:00,4.91,4.93,4.83,4.88,15248665
KGC,NYSE,2019/10/09 16:00:00,4.85,4.89,4.79,4.8,11643061
KGC,NYSE,2019/10/10 16:00:00,4.81,4.83,4.61,4.75,17030450
KGC,NYSE,2019/10/11 16:00:00,4.71,4.75,4.58,4.6,13855125
KGC,NYSE,2019/10/14 16:00:00,4.6,4.74,4.59,4.66,5719173
KGC,NYSE,2019/10/15 16:00:00,4.6,4.64,4.5,4.51,11547185
KGC,NYSE,2019/10/16 16:00:00,4.56,4.64,4.52,4.63,7953680
KGC,NYSE,2019/10/17 16:00:00,4.63,4.77,4.59,4.69,7275094
KGC,NYSE,2019/10/18 16:00:00,4.7,4.75,4.59,4.66,7163916
KGC,NYSE,2019/10/21 16:00:00,4.69,4.71,4.52,4.53,8529512
KGC,NYSE,2019/10/22 16:00:00,4.59,4.62,4.46,4.6,9905621
KGC,NYSE,2019/10/23 16:00:00,4.65,4.68,4.59,4.61,9405653
KGC,NYSE,2019/10/24 16:00:00,4.64,4.75,4.62,4.74,10032196
KGC,NYSE,2019/10/25 16:00:00,4.8,4.92,4.75,4.82,12517511
KGC,NYSE,2019/10/28 16:00:00,4.74,4.77,4.63,4.7,10091945
KGC,NYSE,2019/10/29 16:00:00,4.66,4.81,4.64,4.77,8981074
KGC,NYSE,2019/10/30 16:00:00,4.77,4.85,4.67,4.8,12880547
KGC,NYSE,2019/10/31 16:00:00,4.85,4.98,4.8,4.85,16433055
KGC,NYSE,2019/11/01 16:00:00,4.82,4.87,4.74,4.84,10871521
KGC,NYSE,2019/11/04 16:00:00,4.81,4.85,4.76,4.78,10563422
KGC,NYSE,2019/11/05 16:00:00,4.7,4.81,4.61,4.78,18337424
KGC,NYSE,2019/11/06 16:00:00,4.82,4.87,4.73,4.81,17010069
KGC,NYSE,2019/11/07 16:00:00,4.62,4.65,4.07,4.24,30551689
KGC,NYSE,2019/11/08 16:00:00,4.12,4.29,4.1,4.17,13323002
KGC,NYSE,2019/11/11 16:00:00,4.16,4.24,4.13,4.13,11682263
KGC,NYSE,2019/11/12 16:00:00,4.14,4.31,4.09,4.29,19625747
KGC,NYSE,2019/11/13 16:00:00,4.36,4.4,4.26,4.27,15886879
KGC,NYSE,2019/11/14 16:00:00,4.32,4.32,4.2,4.27,16060761
KGC,NYSE,2019/11/15 16:00:00,4.24,4.3,4.2,4.21,8701123
KGC,NYSE,2019/11/18 16:00:00,4.19,4.3,4.19,4.27,9933050
KGC,NYSE,2019/11/19 16:00:00,4.24,4.34,4.23,4.27,10289368
KGC,NYSE,2019/11/20 16:00:00,4.28,4.39,4.27,4.39,9783006
KGC,NYSE,2019/11/21 16:00:00,4.36,4.43,4.28,4.3,14431854
KGC,NYSE,2019/11/22 16:00:00,4.35,4.36,4.24,4.25,7434598
KGC,NYSE,2019/11/25 16:00:00,4.23,4.29,4.19,4.19,9856583
KGC,NYSE,2019/11/26 16:00:00,4.2,4.31,4.2,4.29,12112832
KGC,NYSE,2019/11/27 16:00:00,4.25,4.29,4.2,4.24,8929160
KGC,NYSE,2019/11/29 13:00:00,4.25,4.36,4.21,4.33,6904328
KGC,NYSE,2019/12/02 16:00:00,4.3,4.39,4.27,4.37,7123261
KGC,NYSE,2019/12/03 16:00:00,4.42,4.56,4.42,4.55,19278077
KGC,NYSE,2019/12/04 16:00:00,4.56,4.57,4.37,4.37,9080189
KGC,NYSE,2019/12/05 16:00:00,4.36,4.47,4.36,4.44,7763305
KGC,NYSE,2019/12/06 16:00:00,4.35,4.36,4.27,4.27,10188392
KGC,NYSE,2019/12/09 16:00:00,4.34,4.34,4.23,4.25,7167451
KGC,NYSE,2019/12/10 16:00:00,4.29,4.31,4.23,4.27,6029898
KGC,NYSE,2019/12/11 16:00:00,4.29,4.43,4.27,4.42,9849792
KGC,NYSE,2019/12/12 16:00:00,4.48,4.52,4.34,4.36,10163724
KGC,NYSE,2019/12/13 16:00:00,4.34,4.43,4.33,4.34,12364443
KGC,NYSE,2019/12/16 16:00:00,4.35,4.39,4.26,4.28,11596451
KGC,NYSE,2019/12/17 16:00:00,4.3,4.3,4.21,4.21,12470527
KGC,NYSE,2019/12/18 16:00:00,4.21,4.29,4.17,4.29,11685017
KGC,NYSE,2019/12/19 16:00:00,4.28,4.34,4.22,4.31,19667924
KGC,NYSE,2019/12/20 16:00:00,4.26,4.35,4.25,4.26,15061872
KGC,NYSE,2019/12/23 16:00:00,4.3,4.46,4.29,4.45,8926289
KGC,NYSE,2019/12/24 13:00:00,4.47,4.62,4.45,4.62,8019273
KGC,NYSE,2019/12/26 16:00:00,4.67,4.76,4.65,4.67,9249129
KGC,NYSE,2019/12/27 16:00:00,4.67,4.69,4.61,4.62,8646380
KGC,NYSE,2019/12/30 16:00:00,4.62,4.76,4.61,4.76,10187875
KGC,NYSE,2019/12/31 16:00:00,4.78,4.82,4.72,4.74,11045465
KGC,NYSE,2020/01/02 16:00:00,4.81,4.86,4.74,4.76,11674659
KGC,NYSE,2020/01/03 16:00:00,4.86,4.87,4.68,4.71,11971191
KGC,NYSE,2020/01/06 16:00:00,4.83,4.83,4.59,4.65,14538344
KGC,NYSE,2020/01/07 16:00:00,4.64,4.79,4.59,4.76,12663410
KGC,NYSE,2020/01/08 16:00:00,4.77,4.79,4.5,4.52,15734863
KGC,NYSE,2020/01/09 16:00:00,4.46,4.54,4.44,4.46,7273063
KGC,NYSE,2020/01/10 16:00:00,4.48,4.59,4.48,4.53,7142011
KGC,NYSE,2020/01/13 16:00:00,4.49,4.54,4.35,4.35,7980451
KGC,NYSE,2020/01/14 16:00:00,4.32,4.49,4.3,4.47,11617138
KGC,NYSE,2020/01/15 16:00:00,4.51,4.66,4.51,4.63,11811513
KGC,NYSE,2020/01/16 16:00:00,4.62,4.64,4.55,4.59,10426201
KGC,NYSE,2020/01/17 16:00:00,4.6,4.61,4.48,4.5,7429122
KGC,NYSE,2020/01/21 16:00:00,4.53,4.7,4.46,4.68,11944238
KGC,NYSE,2020/01/22 16:00:00,4.71,4.72,4.62,4.71,7871998
KGC,NYSE,2020/01/23 16:00:00,4.71,4.85,4.67,4.75,10623992
KGC,NYSE,2020/01/24 16:00:00,4.76,4.92,4.74,4.92,11496466
KGC,NYSE,2020/01/27 16:00:00,5.01,5.05,4.84,4.91,17398834
KGC,NYSE,2020/01/28 16:00:00,4.85,4.9,4.7,4.8,12567651
KGC,NYSE,2020/01/29 16:00:00,4.8,5.01,4.79,5,14863046
KGC,NYSE,2020/01/30 16:00:00,5.02,5.04,4.9,5,17547219
KGC,NYSE,2020/01/31 16:00:00,4.99,5.15,4.98,5.07,18725593
KGC,NYSE,2020/02/03 16:00:00,5.02,5.1,4.97,5.01,12981994
KGC,NYSE,2020/02/04 16:00:00,4.9,4.97,4.86,4.92,15160497
KGC,NYSE,2020/02/05 16:00:00,4.91,5.05,4.87,4.99,11120684
KGC,NYSE,2020/02/06 16:00:00,5.06,5.12,4.98,5.09,11473136
KGC,NYSE,2020/02/07 16:00:00,5.14,5.16,4.9,4.93,14622962
KGC,NYSE,2020/02/10 16:00:00,4.95,5.07,4.87,5,15246244
KGC,NYSE,2020/02/11 16:00:00,4.98,5.07,4.92,4.99,12766848
KGC,NYSE,2020/02/12 16:00:00,4.98,5.06,4.93,5,9125028
KGC,NYSE,2020/02/13 16:00:00,5.14,5.21,5.06,5.14,18675954
KGC,NYSE,2020/02/14 16:00:00,5.14,5.17,5.03,5.05,18533990
KGC,NYSE,2020/02/18 16:00:00,5.1,5.33,5.04,5.32,17198219
KGC,NYSE,2020/02/19 16:00:00,5.38,5.57,5.28,5.57,23751668
KGC,NYSE,2020/02/20 16:00:00,5.53,5.74,5.53,5.59,20102450
KGC,NYSE,2020/02/21 16:00:00,5.71,5.98,5.68,5.96,23682801
KGC,NYSE,2020/02/24 16:00:00,6.27,6.27,5.83,5.94,37567624
KGC,NYSE,2020/02/25 16:00:00,5.8,6.05,5.7,5.7,27319331
KGC,NYSE,2020/02/26 16:00:00,5.65,5.88,5.62,5.76,21587501
KGC,NYSE,2020/02/27 16:00:00,5.85,5.86,5.31,5.34,36123906
KGC,NYSE,2020/02/28 16:00:00,5.03,5.16,4.74,5.02,34305893
KGC,NYSE,2020/03/02 16:00:00,5.21,5.32,5.07,5.29,24371082
KGC,NYSE,2020/03/03 16:00:00,5.36,5.73,5.25,5.51,32156405
KGC,NYSE,2020/03/04 16:00:00,5.56,5.64,5.37,5.53,15622756
KGC,NYSE,2020/03/05 16:00:00,5.62,5.75,5.46,5.73,29835577
KGC,NYSE,2020/03/06 16:00:00,5.77,5.79,5.34,5.57,38838190
KGC,NYSE,2020/03/09 16:00:00,5.3,5.52,5.16,5.18,17727367
KGC,NYSE,2020/03/10 16:00:00,5.19,5.28,4.92,5.21,35810573
KGC,NYSE,2020/03/11 16:00:00,5.1,5.21,4.75,4.81,23622234
KGC,NYSE,2020/03/12 16:00:00,3.98,4.56,3.76,4.07,28467062
KGC,NYSE,2020/03/13 16:00:00,4.26,4.26,3.44,3.47,31404472
KGC,NYSE,2020/03/16 16:00:00,2.96,4.19,2.72,4,43583792
KGC,NYSE,2020/03/17 16:00:00,3.95,4.93,3.92,4.76,36064474
KGC,NYSE,2020/03/18 16:00:00,4.5,4.8,4.01,4.06,25601800
KGC,NYSE,2020/03/19 16:00:00,4.03,4.59,3.53,3.94,28581832
KGC,NYSE,2020/03/20 16:00:00,4.23,4.27,3.57,3.61,30171844
KGC,NYSE,2020/03/23 16:00:00,3.86,4.17,3.67,3.95,42471328
KGC,NYSE,2020/03/24 16:00:00,4.46,4.67,4.16,4.55,39186885
KGC,NYSE,2020/03/25 16:00:00,4.49,4.84,4.31,4.66,33793037
KGC,NYSE,2020/03/26 16:00:00,4.8,5.02,4.53,4.65,28254256
KGC,NYSE,2020/03/27 16:00:00,4.51,4.61,4.13,4.22,22946534
KGC,NYSE,2020/03/30 16:00:00,4.24,4.5,3.95,4.08,18043653
KGC,NYSE,2020/03/31 16:00:00,4.01,4.27,3.98,3.98,17751305
KGC,NYSE,2020/04/01 16:00:00,4.06,4.45,4,4.42,20808834
KGC,NYSE,2020/04/02 16:00:00,4.53,4.92,4.49,4.84,26751949
KGC,NYSE,2020/04/03 16:00:00,4.84,5.1,4.82,4.86,18094445
KGC,NYSE,2020/04/06 16:00:00,5.04,5.14,4.84,5.09,22692359
KGC,NYSE,2020/04/07 16:00:00,5.06,5.18,4.94,5.01,14800608
KGC,NYSE,2020/04/08 16:00:00,5.02,5.12,4.9,5.09,12331597
KGC,NYSE,2020/04/09 16:00:00,5.26,5.64,5.26,5.62,20226836
KGC,NYSE,2020/04/13 16:00:00,5.64,6.35,5.42,6.25,28986545
KGC,NYSE,2020/04/14 16:00:00,6.31,6.64,5.95,6.14,32324928
KGC,NYSE,2020/04/15 16:00:00,5.96,6.12,5.72,5.98,20237875
KGC,NYSE,2020/04/16 16:00:00,6.08,6.45,6.01,6.14,25243834
KGC,NYSE,2020/04/17 16:00:00,5.75,6.11,5.7,6.06,31321109
KGC,NYSE,2020/04/20 16:00:00,6.09,6.31,6.02,6.17,18575754
KGC,NYSE,2020/04/21 16:00:00,5.95,6.36,5.91,6.2,18157210
KGC,NYSE,2020/04/22 16:00:00,6.46,6.76,6.46,6.7,22715259
KGC,NYSE,2020/04/23 16:00:00,6.86,7.25,6.79,6.87,28828587
KGC,NYSE,2020/04/24 16:00:00,7.1,7.1,6.7,7.09,19751665
KGC,NYSE,2020/04/27 16:00:00,7.1,7.14,6.77,6.96,16220952
KGC,NYSE,2020/04/28 16:00:00,6.88,6.98,6.66,6.9,18244406
KGC,NYSE,2020/04/29 16:00:00,6.79,7.02,6.6,7,19403700
KGC,NYSE,2020/04/30 16:00:00,6.88,7.08,6.59,6.61,16446498
KGC,NYSE,2020/05/01 16:00:00,6.5,6.85,6.37,6.84,16726945
KGC,NYSE,2020/05/04 16:00:00,6.96,7.02,6.8,6.85,13587933
KGC,NYSE,2020/05/05 16:00:00,6.72,7,6.57,6.99,19019947
KGC,NYSE,2020/05/06 16:00:00,6.9,7,6.68,6.77,15851681
KGC,NYSE,2020/05/07 16:00:00,6.91,7.19,6.77,7.1,19098685
KGC,NYSE,2020/05/08 16:00:00,7.04,7.24,6.93,7.02,15821268
KGC,NYSE,2020/05/11 16:00:00,7.01,7.1,6.78,6.9,18259350
KGC,NYSE,2020/05/12 16:00:00,6.97,7.19,6.9,6.93,19072716
KGC,NYSE,2020/05/13 16:00:00,7.06,7.09,6.75,6.89,18374257
KGC,NYSE,2020/05/14 16:00:00,6.88,7.38,6.86,7.2,25312148
KGC,NYSE,2020/05/15 16:00:00,7.42,7.47,7.25,7.44,18059901
KGC,NYSE,2020/05/18 16:00:00,7.45,7.49,7.01,7.05,20401856
KGC,NYSE,2020/05/19 16:00:00,7.24,7.63,7.19,7.56,22076603
KGC,NYSE,2020/05/20 16:00:00,7.6,7.67,7.33,7.34,17627654
KGC,NYSE,2020/05/21 16:00:00,7.26,7.27,6.94,7.15,17359690
KGC,NYSE,2020/05/22 16:00:00,7.21,7.33,7,7.05,13826023
KGC,NYSE,2020/05/26 16:00:00,6.92,6.94,6.62,6.65,20114425
KGC,NYSE,2020/05/27 16:00:00,6.4,6.65,6.34,6.63,20267497
KGC,NYSE,2020/05/28 16:00:00,6.79,6.85,6.49,6.57,18667993
KGC,NYSE,2020/05/29 16:00:00,6.74,6.78,6.48,6.55,22318057
KGC,NYSE,2020/06/01 16:00:00,6.59,6.84,6.55,6.77,17650837
KGC,NYSE,2020/06/02 16:00:00,6.8,6.8,6.35,6.37,21846822
KGC,NYSE,2020/06/03 16:00:00,6.26,6.29,6.03,6.16,22245081
KGC,NYSE,2020/06/04 16:00:00,6.37,6.38,6.17,6.32,26549756
KGC,NYSE,2020/06/05 16:00:00,6.02,6.22,5.99,6.22,18683964
KGC,NYSE,2020/06/08 16:00:00,6.22,6.3,6.1,6.24,16115111
KGC,NYSE,2020/06/09 16:00:00,6.35,6.37,6.21,6.24,13251953
KGC,NYSE,2020/06/10 16:00:00,6.35,6.65,6.13,6.64,21828047
KGC,NYSE,2020/06/11 16:00:00,6.64,6.72,6.09,6.23,28401206
KGC,NYSE,2020/06/12 16:00:00,6.35,6.42,6.13,6.19,16846949
KGC,NYSE,2020/06/15 16:00:00,6,6.56,5.88,6.5,21143914
KGC,NYSE,2020/06/16 16:00:00,6.54,6.63,6.22,6.27,21433448
KGC,NYSE,2020/06/17 16:00:00,6.27,6.43,6.24,6.3,11331514
KGC,NYSE,2020/06/18 16:00:00,6.24,6.4,6.2,6.22,10254822
KGC,NYSE,2020/06/19 16:00:00,6.33,6.59,6.25,6.4,19419647
KGC,NYSE,2020/06/22 16:00:00,6.59,7,6.57,6.79,22620338
KGC,NYSE,2020/06/23 16:00:00,6.88,6.95,6.79,6.84,17697435
KGC,NYSE,2020/06/24 16:00:00,6.76,6.89,6.58,6.71,18081111
KGC,NYSE,2020/06/25 16:00:00,6.67,6.7,6.5,6.69,13531186
KGC,NYSE,2020/06/26 16:00:00,6.61,6.94,6.56,6.88,17468018
KGC,NYSE,2020/06/29 16:00:00,6.89,7.06,6.82,7.02,18398137
KGC,NYSE,2020/06/30 16:00:00,7.01,7.33,6.93,7.22,19913893
KGC,NYSE,2020/07/01 16:00:00,7.21,7.23,7,7.2,13587119
KGC,NYSE,2020/07/02 16:00:00,7.16,7.33,7.12,7.17,18343710
KGC,NYSE,2020/07/06 16:00:00,7.22,7.36,7.14,7.27,14984018
KGC,NYSE,2020/07/07 16:00:00,7.26,7.5,7.23,7.43,15010749
KGC,NYSE,2020/07/08 16:00:00,7.55,7.69,7.48,7.59,18785858
KGC,NYSE,2020/07/09 16:00:00,7.69,7.79,7.44,7.67,17340351
KGC,NYSE,2020/07/10 16:00:00,7.69,7.72,7.51,7.63,12074592
KGC,NYSE,2020/07/13 16:00:00,7.76,7.86,7.3,7.34,16603275
KGC,NYSE,2020/07/14 16:00:00,7.3,7.74,7.27,7.73,16221096
KGC,NYSE,2020/07/15 16:00:00,7.66,7.68,7.44,7.66,13180990
KGC,NYSE,2020/07/16 16:00:00,7.62,7.76,7.5,7.58,11545590
KGC,NYSE,2020/07/17 16:00:00,7.68,7.91,7.63,7.88,12561837
KGC,NYSE,2020/07/20 16:00:00,8,8.25,7.96,8.19,13686131
KGC,NYSE,2020/07/21 16:00:00,8.39,8.56,8.27,8.41,19429277
KGC,NYSE,2020/07/22 16:00:00,8.57,8.61,8.38,8.48,16454795
KGC,NYSE,2020/07/23 16:00:00,8.49,8.59,8.08,8.26,19967078
KGC,NYSE,2020/07/24 16:00:00,8.35,8.46,8.29,8.42,14611396
KGC,NYSE,2020/07/27 16:00:00,8.82,8.99,8.61,8.71,26094530
KGC,NYSE,2020/07/28 16:00:00,8.55,8.82,8.42,8.78,14586665
KGC,NYSE,2020/07/29 16:00:00,8.83,8.94,8.51,8.82,23229664
KGC,NYSE,2020/07/30 16:00:00,8.62,8.88,8.47,8.69,16900494
KGC,NYSE,2020/07/31 16:00:00,8.91,9.38,8.85,9.37,20792538
KGC,NYSE,2020/08/03 16:00:00,9.39,9.46,9.02,9.28,16477463
KGC,NYSE,2020/08/04 16:00:00,9.28,9.68,9.14,9.66,18889734
KGC,NYSE,2020/08/05 16:00:00,9.88,10.21,9.73,9.87,31310565
KGC,NYSE,2020/08/06 16:00:00,10.1,10.11,9.64,9.76,22615065
KGC,NYSE,2020/08/07 16:00:00,9.55,9.65,9.3,9.41,19326169
KGC,NYSE,2020/08/10 16:00:00,9.48,9.8,9.31,9.32,13126341
KGC,NYSE,2020/08/11 16:00:00,8.58,9,8.4,8.54,30296910
KGC,NYSE,2020/08/12 16:00:00,8.81,8.85,8.51,8.52,17976437
KGC,NYSE,2020/08/13 16:00:00,8.65,8.9,8.63,8.81,15915267
KGC,NYSE,2020/08/14 16:00:00,8.8,8.84,8.59,8.71,13675993
KGC,NYSE,2020/08/17 16:00:00,9.1,9.41,9.02,9.3,21497715
KGC,NYSE,2020/08/18 16:00:00,9.61,9.64,9.11,9.21,18185280
KGC,NYSE,2020/08/19 16:00:00,9.09,9.23,8.77,8.85,15377965
KGC,NYSE,2020/08/20 16:00:00,8.76,9,8.7,8.92,12936871
KGC,NYSE,2020/08/21 16:00:00,8.75,8.78,8.51,8.65,10771948
KGC,NYSE,2020/08/24 16:00:00,8.76,8.78,8.45,8.5,12569559
KGC,NYSE,2020/08/25 16:00:00,8.52,8.55,8.31,8.55,12184245
KGC,NYSE,2020/08/26 16:00:00,8.41,8.73,8.4,8.72,15564198
KGC,NYSE,2020/08/27 16:00:00,8.86,8.86,8.33,8.46,17210773
KGC,NYSE,2020/08/28 16:00:00,8.67,9.01,8.61,8.89,13710182
KGC,NYSE,2020/08/31 16:00:00,8.96,9.1,8.85,8.88,14003031
KGC,NYSE,2020/09/01 16:00:00,9.07,9.1,8.65,8.76,9876094
KGC,NYSE,2020/09/02 16:00:00,8.65,8.84,8.4,8.83,11122971
KGC,NYSE,2020/09/03 16:00:00,8.67,8.81,8.44,8.72,16678624
KGC,NYSE,2020/09/04 16:00:00,8.64,8.7,8.29,8.63,14196295
KGC,NYSE,2020/09/08 16:00:00,8.38,8.74,8.24,8.54,11538063
KGC,NYSE,2020/09/09 16:00:00,8.65,9.18,8.63,9.17,14768674
KGC,NYSE,2020/09/10 16:00:00,9.28,9.33,8.83,8.91,17266312
KGC,NYSE,2020/09/11 16:00:00,9.02,9.12,8.74,8.8,10443659
KGC,NYSE,2020/09/14 16:00:00,8.94,9.28,8.94,9.26,15673279
KGC,NYSE,2020/09/15 16:00:00,9.44,9.54,9.15,9.3,14347015
KGC,NYSE,2020/09/16 16:00:00,9.45,9.45,9.19,9.33,13462868
KGC,NYSE,2020/09/17 16:00:00,8.98,9.4,8.9,9.35,13285746
KGC,NYSE,2020/09/18 16:00:00,9.68,10.32,9.59,10,33886650
KGC,NYSE,2020/09/21 16:00:00,9.66,9.98,9.17,9.23,31915055
KGC,NYSE,2020/09/22 16:00:00,9.3,9.33,9.09,9.21,12570069
KGC,NYSE,2020/09/23 16:00:00,9,9.03,8.18,8.22,31580672
KGC,NYSE,2020/09/24 16:00:00,8.09,8.85,8.05,8.84,18700093
KGC,NYSE,2020/09/25 16:00:00,8.75,8.82,8.57,8.75,11332701
KGC,NYSE,2020/09/28 16:00:00,8.89,8.89,8.61,8.87,15923085
KGC,NYSE,2020/09/29 16:00:00,8.92,9.08,8.88,8.94,8090741
KGC,NYSE,2020/09/30 16:00:00,8.9,8.93,8.67,8.82,8566725
KGC,NYSE,2020/10/01 16:00:00,8.97,9.19,8.85,9.05,11053192
KGC,NYSE,2020/10/02 16:00:00,9.02,9.09,8.85,8.89,7744810
KGC,NYSE,2020/10/05 16:00:00,8.94,9.31,8.92,9.14,10193105
KGC,NYSE,2020/10/06 16:00:00,9.2,9.24,8.64,8.65,14908883
KGC,NYSE,2020/10/07 16:00:00,8.76,8.83,8.41,8.43,13885237
KGC,NYSE,2020/10/08 16:00:00,8.52,8.67,8.46,8.62,11957890
KGC,NYSE,2020/10/09 16:00:00,8.86,9.12,8.83,9.1,12136902
KGC,NYSE,2020/10/12 16:00:00,9.09,9.23,8.95,9.15,6222637
KGC,NYSE,2020/10/13 16:00:00,9.04,9.14,8.77,9.08,9132360
KGC,NYSE,2020/10/14 16:00:00,9.2,9.42,9.08,9.35,9747113
KGC,NYSE,2020/10/15 16:00:00,9.2,9.34,9.1,9.2,7120848
KGC,NYSE,2020/10/16 16:00:00,9.25,9.28,9.1,9.11,6134571
KGC,NYSE,2020/10/19 16:00:00,9.19,9.22,8.88,8.89,8030630
KGC,NYSE,2020/10/20 16:00:00,8.94,9.06,8.82,8.98,8241087
KGC,NYSE,2020/10/21 16:00:00,9.12,9.31,9.03,9.12,11344922
KGC,NYSE,2020/10/22 16:00:00,9,9.03,8.69,8.78,12337140
KGC,NYSE,2020/10/23 16:00:00,8.76,8.8,8.52,8.61,10630337
KGC,NYSE,2020/10/26 16:00:00,8.54,8.7,8.48,8.51,9766797
KGC,NYSE,2020/10/27 16:00:00,8.57,8.76,8.48,8.75,10263052
KGC,NYSE,2020/10/28 16:00:00,8.43,8.47,7.8,7.82,24030017
KGC,NYSE,2020/10/29 16:00:00,7.73,7.95,7.73,7.85,13471630
KGC,NYSE,2020/10/30 16:00:00,7.98,8.04,7.71,7.97,11929156
KGC,NYSE,2020/11/02 16:00:00,8.13,8.2,7.9,8.2,9373018
KGC,NYSE,2020/11/03 16:00:00,8.28,8.33,8.13,8.22,10367875
KGC,NYSE,2020/11/04 16:00:00,8.21,8.32,8.04,8.11,9699849
KGC,NYSE,2020/11/05 16:00:00,8.58,8.89,8.57,8.84,17128825
KGC,NYSE,2020/11/06 16:00:00,8.93,8.97,8.65,8.74,9771935
KGC,NYSE,2020/11/09 16:00:00,8.01,8.1,7.67,8.06,21784374
KGC,NYSE,2020/11/10 16:00:00,8.09,8.23,7.71,7.74,19296002
KGC,NYSE,2020/11/11 16:00:00,7.67,7.75,7.58,7.66,12807957
KGC,NYSE,2020/11/12 16:00:00,7.79,8.04,7.76,7.94,18797689
KGC,NYSE,2020/11/13 16:00:00,8.07,8.09,7.93,8.02,12391904
KGC,NYSE,2020/11/16 16:00:00,7.92,8.03,7.8,7.89,10133456
KGC,NYSE,2020/11/17 16:00:00,7.89,7.95,7.72,7.77,13208029
KGC,NYSE,2020/11/18 16:00:00,7.74,7.78,7.5,7.53,12000584
KGC,NYSE,2020/11/19 16:00:00,7.43,7.62,7.38,7.52,10373772
KGC,NYSE,2020/11/20 16:00:00,7.62,7.74,7.48,7.52,10448776
KGC,NYSE,2020/11/23 16:00:00,7.43,7.47,7.14,7.17,13498954
KGC,NYSE,2020/11/24 16:00:00,6.9,7.1,6.88,6.98,14881918
KGC,NYSE,2020/11/25 16:00:00,7.08,7.24,6.99,7.12,12705679
KGC,NYSE,2020/11/27 13:00:00,7.01,7.14,6.96,7.11,6425433
KGC,NYSE,2020/11/30 16:00:00,7.06,7.18,6.96,7.14,12582887
KGC,NYSE,2020/12/01 16:00:00,7.37,7.49,7.25,7.46,16795901
KGC,NYSE,2020/12/02 16:00:00,7.47,7.47,7.25,7.35,14529351
KGC,NYSE,2020/12/03 16:00:00,7.41,7.44,7.19,7.3,10485765
KGC,NYSE,2020/12/04 16:00:00,7.34,7.41,7.16,7.2,12748950
KGC,NYSE,2020/12/07 16:00:00,7.22,7.84,7.21,7.73,17566273
KGC,NYSE,2020/12/08 16:00:00,7.74,7.8,7.52,7.55,15918210
KGC,NYSE,2020/12/09 16:00:00,7.47,7.56,7.23,7.31,18526228
KGC,NYSE,2020/12/10 16:00:00,7.39,7.5,7.23,7.31,9661867
KGC,NYSE,2020/12/11 16:00:00,7.36,7.37,7.13,7.2,18082862
KGC,NYSE,2020/12/14 16:00:00,7.12,7.13,6.85,6.9,30973682
KGC,NYSE,2020/12/15 16:00:00,7.12,7.25,7.06,7.13,26025252
KGC,NYSE,2020/12/16 16:00:00,7.2,7.31,6.96,7.27,29259611
KGC,NYSE,2020/12/17 16:00:00,7.5,7.72,7.37,7.52,32065782
KGC,NYSE,2020/12/18 16:00:00,7.56,7.64,7.27,7.63,98912332
KGC,NYSE,2020/12/21 16:00:00,7.53,7.65,7.38,7.49,21122429
KGC,NYSE,2020/12/22 16:00:00,7.52,7.58,7.09,7.2,21644379
KGC,NYSE,2020/12/23 16:00:00,7.26,7.43,7.25,7.38,11952610
KGC,NYSE,2020/12/24 13:00:00,7.36,7.48,7.3,7.39,5908255
KGC,NYSE,2020/12/28 16:00:00,7.52,7.56,7.24,7.28,11934844
KGC,NYSE,2020/12/29 16:00:00,7.32,7.46,7.27,7.33,14445170
KGC,NYSE,2020/12/30 16:00:00,7.35,7.59,7.34,7.56,10319654
KGC,NYSE,2020/12/31 16:00:00,7.56,7.62,7.34,7.34,12112723
KGC,NYSE,2021/01/04 16:00:00,7.7,8.04,7.66,7.98,23226134
KGC,NYSE,2021/01/05 16:00:00,8.09,8.11,7.79,7.89,14015162
KGC,NYSE,2021/01/06 16:00:00,7.82,8.02,7.72,8.01,34458467
KGC,NYSE,2021/01/07 16:00:00,8.01,8.15,7.75,7.83,21495783
KGC,NYSE,2021/01/08 16:00:00,7.66,7.68,7.25,7.38,23941295
KGC,NYSE,2021/01/11 16:00:00,7.23,7.3,7.13,7.21,20178131
KGC,NYSE,2021/01/12 16:00:00,7.25,7.27,7.1,7.25,18886856
KGC,NYSE,2021/01/13 16:00:00,7.26,7.41,7.17,7.18,13512457
KGC,NYSE,2021/01/14 16:00:00,7.18,7.29,7.12,7.19,12478183
KGC,NYSE,2021/01/15 16:00:00,7.13,7.15,6.95,6.96,15539880
KGC,NYSE,2021/01/19 16:00:00,7.08,7.08,6.9,6.99,21655424
KGC,NYSE,2021/01/20 16:00:00,7.08,7.26,7.07,7.19,19513391
KGC,NYSE,2021/01/21 16:00:00,7.19,7.2,7,7.13,14784288
KGC,NYSE,2021/01/22 16:00:00,6.96,7.11,6.88,7.01,14499004
KGC,NYSE,2021/01/25 16:00:00,7.11,7.17,6.93,7.04,15940710
KGC,NYSE,2021/01/26 16:00:00,7.02,7.17,6.99,7.05,15754879
KGC,NYSE,2021/01/27 16:00:00,6.98,7.04,6.76,6.76,20940073
KGC,NYSE,2021/01/28 16:00:00,6.96,7.19,6.82,6.98,19114850
KGC,NYSE,2021/01/29 16:00:00,7.19,7.35,6.96,6.98,18780855
KGC,NYSE,2021/02/01 16:00:00,7.28,7.3,7.06,7.19,17260901
KGC,NYSE,2021/02/02 16:00:00,7,7.05,6.85,7.03,13088944
KGC,NYSE,2021/02/03 16:00:00,7.06,7.18,7,7.15,14353200
KGC,NYSE,2021/02/04 16:00:00,6.96,7.03,6.9,6.98,15846353
KGC,NYSE,2021/02/05 16:00:00,7.05,7.27,7.02,7.24,13728351
KGC,NYSE,2021/02/08 16:00:00,7.36,7.45,7.3,7.39,24326421
KGC,NYSE,2021/02/09 16:00:00,7.43,7.47,7.25,7.34,19294683
KGC,NYSE,2021/02/10 16:00:00,7.45,7.5,7.24,7.31,13420405
KGC,NYSE,2021/02/11 16:00:00,7.4,7.6,7.2,7.28,19920725
KGC,NYSE,2021/02/12 16:00:00,7.21,7.43,7.06,7.38,18009944
KGC,NYSE,2021/02/16 16:00:00,7.29,7.31,7.06,7.07,20843650
KGC,NYSE,2021/02/17 16:00:00,6.98,6.98,6.8,6.85,22527957
KGC,NYSE,2021/02/18 16:00:00,6.86,6.92,6.68,6.7,18424244
KGC,NYSE,2021/02/19 16:00:00,6.77,6.77,6.5,6.54,19903463
KGC,NYSE,2021/02/22 16:00:00,6.65,6.95,6.62,6.93,19392257
KGC,NYSE,2021/02/23 16:00:00,6.85,6.85,6.61,6.72,21720168
KGC,NYSE,2021/02/24 16:00:00,6.67,6.92,6.54,6.81,16603522
KGC,NYSE,2021/02/25 16:00:00,6.7,6.85,6.55,6.58,17871097
KGC,NYSE,2021/02/26 16:00:00,6.51,6.54,6.2,6.23,26431135
KGC,NYSE,2021/03/01 16:00:00,6.33,6.44,6.12,6.19,23257443
KGC,NYSE,2021/03/02 16:00:00,6.18,6.52,6.17,6.44,18406247
KGC,NYSE,2021/03/03 16:00:00,6.28,6.43,6.18,6.38,18981913
KGC,NYSE,2021/03/04 16:00:00,6.39,6.56,6.29,6.45,18850835
KGC,NYSE,2021/03/05 16:00:00,6.44,6.58,6.38,6.55,18051293
KGC,NYSE,2021/03/08 16:00:00,6.53,6.57,6.4,6.44,13765639
KGC,NYSE,2021/03/09 16:00:00,6.7,6.83,6.6,6.63,12762380
KGC,NYSE,2021/03/10 16:00:00,6.68,6.72,6.54,6.65,11688806
KGC,NYSE,2021/03/11 16:00:00,6.71,6.82,6.64,6.81,13856947
KGC,NYSE,2021/03/12 16:00:00,6.64,6.77,6.6,6.73,13059082
KGC,NYSE,2021/03/15 16:00:00,6.8,6.88,6.73,6.88,13774096
KGC,NYSE,2021/03/16 16:00:00,6.92,6.94,6.79,6.88,13127893
KGC,NYSE,2021/03/17 16:00:00,6.81,7.14,6.76,7.06,20781859
KGC,NYSE,2021/03/18 16:00:00,6.92,6.97,6.81,6.84,13771197
KGC,NYSE,2021/03/19 16:00:00,6.85,7.01,6.8,6.92,19981979
KGC,NYSE,2021/03/22 16:00:00,6.94,7.01,6.89,6.94,9366912
KGC,NYSE,2021/03/23 16:00:00,6.89,6.9,6.66,6.72,12472884
KGC,NYSE,2021/03/24 16:00:00,6.71,6.74,6.6,6.63,12075163
KGC,NYSE,2021/03/25 16:00:00,6.58,6.66,6.49,6.57,10770162
KGC,NYSE,2021/03/26 16:00:00,6.55,6.72,6.55,6.72,8683237
KGC,NYSE,2021/03/29 16:00:00,6.65,6.72,6.55,6.72,11210719
KGC,NYSE,2021/03/30 16:00:00,6.52,6.54,6.43,6.44,15280097
KGC,NYSE,2021/03/31 16:00:00,6.48,6.75,6.46,6.67,11965024
KGC,NYSE,2021/04/01 16:00:00,6.78,7.05,6.72,7.02,18863119
KGC,NYSE,2021/04/05 16:00:00,7.06,7.1,6.94,7.04,11765463
KGC,NYSE,2021/04/06 16:00:00,7.1,7.3,7.08,7.25,15416899
KGC,NYSE,2021/04/07 16:00:00,7.21,7.24,7.15,7.17,9291647
KGC,NYSE,2021/04/08 16:00:00,7.31,7.49,7.31,7.46,16481137
KGC,NYSE,2021/04/09 16:00:00,7.29,7.42,7.24,7.41,11195026
UAA,NYSE,2019/04/01 16:00:00,21.28,21.43,20.96,21.1,3672932
UAA,NYSE,2019/04/02 16:00:00,21.07,21.44,20.94,21.33,3823888
UAA,NYSE,2019/04/03 16:00:00,21.46,21.68,21.32,21.39,3007809
UAA,NYSE,2019/04/04 16:00:00,21.42,22.04,21.42,22.01,2846006
UAA,NYSE,2019/04/05 16:00:00,22.02,22.15,21.65,21.83,4780398
UAA,NYSE,2019/04/08 16:00:00,21.74,21.86,21.49,21.74,4311821
UAA,NYSE,2019/04/09 16:00:00,21.62,21.65,20.56,20.72,6759869
UAA,NYSE,2019/04/10 16:00:00,21.15,21.51,21.03,21.36,5090685
UAA,NYSE,2019/04/11 16:00:00,21.43,21.69,21.26,21.4,2611450
UAA,NYSE,2019/04/12 16:00:00,21.54,21.9,21.47,21.86,2655215
UAA,NYSE,2019/04/15 16:00:00,21.92,22.15,21.82,21.91,3055038
UAA,NYSE,2019/04/16 16:00:00,21.97,21.99,21.68,21.8,3237702
UAA,NYSE,2019/04/17 16:00:00,21.79,22.22,21.7,21.93,2402620
UAA,NYSE,2019/04/18 16:00:00,21.83,22.36,21.74,22.16,3707669
UAA,NYSE,2019/04/22 16:00:00,22.06,22.18,21.82,21.94,2331521
UAA,NYSE,2019/04/23 16:00:00,22.03,22.49,22.03,22.38,2611258
UAA,NYSE,2019/04/24 16:00:00,22.44,22.98,22.27,22.83,4414242
UAA,NYSE,2019/04/25 16:00:00,22.8,22.86,22.39,22.47,3640003
UAA,NYSE,2019/04/26 16:00:00,22.59,22.82,22.39,22.8,2519523
UAA,NYSE,2019/04/29 16:00:00,22.88,23.09,22.77,22.86,3028294
UAA,NYSE,2019/04/30 16:00:00,22.83,23.17,22.79,23.09,5748959
UAA,NYSE,2019/05/01 16:00:00,23.16,23.3,21.98,22.04,7976126
UAA,NYSE,2019/05/02 16:00:00,23.96,24.1,22.56,22.82,17779924
UAA,NYSE,2019/05/03 16:00:00,22.82,23.01,22.31,22.74,6157854
UAA,NYSE,2019/05/06 16:00:00,22.28,22.42,21.84,22.33,6136651
UAA,NYSE,2019/05/07 16:00:00,22.11,22.44,21.65,21.88,6837001
UAA,NYSE,2019/05/08 16:00:00,21.81,22.51,21.73,22.28,3659479
UAA,NYSE,2019/05/09 16:00:00,22.22,22.3,21.67,22.12,4617747
UAA,NYSE,2019/05/10 16:00:00,22.04,22.08,21.4,21.79,5153572
UAA,NYSE,2019/05/13 16:00:00,21.32,21.35,20.84,20.95,5226862
UAA,NYSE,2019/05/14 16:00:00,21,21.68,20.9,21.63,4392077
UAA,NYSE,2019/05/15 16:00:00,21.53,21.72,21.34,21.36,4220829
UAA,NYSE,2019/05/16 16:00:00,21.44,22.05,21.41,21.88,3756868
UAA,NYSE,2019/05/17 16:00:00,22.6,23.71,22.41,23.58,14481483
UAA,NYSE,2019/05/20 16:00:00,23.4,23.81,23.1,23.74,8659859
UAA,NYSE,2019/05/21 16:00:00,23.76,23.92,23.36,23.87,4280993
UAA,NYSE,2019/05/22 16:00:00,23.72,24.31,23.58,24.27,5058876
UAA,NYSE,2019/05/23 16:00:00,24.05,24.16,23.35,23.46,5275350
UAA,NYSE,2019/05/24 16:00:00,23.44,23.66,23.23,23.54,3327799
UAA,NYSE,2019/05/28 16:00:00,23.65,24.02,23.53,23.53,4071582
UAA,NYSE,2019/05/29 16:00:00,23.35,23.4,22.57,22.8,5466626
UAA,NYSE,2019/05/30 16:00:00,22.65,23.15,22.42,22.95,3189515
UAA,NYSE,2019/05/31 16:00:00,22.62,23.07,22.61,22.8,3548854
UAA,NYSE,2019/06/03 16:00:00,22.73,23.6,22.71,23.57,6684030
UAA,NYSE,2019/06/04 16:00:00,23.86,24.72,23.78,24.7,6538727
UAA,NYSE,2019/06/05 16:00:00,24.78,25.8,24.68,25.76,7512079
UAA,NYSE,2019/06/06 16:00:00,25.75,25.93,25.46,25.68,4595370
UAA,NYSE,2019/06/07 16:00:00,25.7,26.03,25.62,25.9,3349802
UAA,NYSE,2019/06/10 16:00:00,26.01,26.44,25.78,25.78,3602376
UAA,NYSE,2019/06/11 16:00:00,25.98,26.26,25.9,26.18,3928864
UAA,NYSE,2019/06/12 16:00:00,26.22,26.38,25.9,25.98,3124563
UAA,NYSE,2019/06/13 16:00:00,26.36,26.73,26.22,26.6,3685609
UAA,NYSE,2019/06/14 16:00:00,26.58,27.11,26.55,27.07,3584292
UAA,NYSE,2019/06/17 16:00:00,27.02,27.15,26.51,26.69,4589639
UAA,NYSE,2019/06/18 16:00:00,26.87,27.5,26.83,27.27,4564337
UAA,NYSE,2019/06/19 16:00:00,27.36,27.41,26.9,26.96,4253735
UAA,NYSE,2019/06/20 16:00:00,27.1,27.34,26.53,26.58,5433730
UAA,NYSE,2019/06/21 16:00:00,26.44,26.57,26.06,26.15,5469706
UAA,NYSE,2019/06/24 16:00:00,26.15,26.42,25.42,25.5,5853752
UAA,NYSE,2019/06/25 16:00:00,25.56,25.73,24.84,24.9,4874409
UAA,NYSE,2019/06/26 16:00:00,25.01,25.5,24.8,25.07,3632679
UAA,NYSE,2019/06/27 16:00:00,24.88,25.36,24.82,25.3,3375638
UAA,NYSE,2019/06/28 16:00:00,25.3,25.46,25.14,25.35,3856683
UAA,NYSE,2019/07/01 16:00:00,25.81,25.91,24.98,25.15,4291318
UAA,NYSE,2019/07/02 16:00:00,25.21,25.55,25.01,25.53,4062023
UAA,NYSE,2019/07/03 13:00:00,25.7,25.96,25.44,25.93,2365736
UAA,NYSE,2019/07/05 16:00:00,25.78,25.99,25.56,25.9,2963948
UAA,NYSE,2019/07/08 16:00:00,25.78,26.56,25.76,26.49,3344957
UAA,NYSE,2019/07/09 16:00:00,26.4,26.8,26.26,26.59,4373938
UAA,NYSE,2019/07/10 16:00:00,26.63,26.75,26.05,26.42,4019888
UAA,NYSE,2019/07/11 16:00:00,26.5,26.59,26.08,26.56,2813419
UAA,NYSE,2019/07/12 16:00:00,26.69,27.56,26.69,27.3,3693754
UAA,NYSE,2019/07/15 16:00:00,27.4,27.69,27.31,27.51,3772993
UAA,NYSE,2019/07/16 16:00:00,27.49,27.67,27.26,27.36,2712777
UAA,NYSE,2019/07/17 16:00:00,27.36,27.41,26.82,26.93,2940885
UAA,NYSE,2019/07/18 16:00:00,26.94,27.07,26.7,26.97,2203291
UAA,NYSE,2019/07/19 16:00:00,27.25,27.34,26.92,26.95,3187779
UAA,NYSE,2019/07/22 16:00:00,27.1,27.22,26.62,26.64,2712582
UAA,NYSE,2019/07/23 16:00:00,26.97,27.25,26.56,27.19,2487679
UAA,NYSE,2019/07/24 16:00:00,27.22,27.72,26.99,27.34,2742441
UAA,NYSE,2019/07/25 16:00:00,27.27,27.72,27.19,27.34,3972000
UAA,NYSE,2019/07/26 16:00:00,27.44,27.52,27.15,27.24,3732661
UAA,NYSE,2019/07/29 16:00:00,27.32,27.52,27,27.44,6859583
UAA,NYSE,2019/07/30 16:00:00,22.84,24.35,22.05,24.08,25192056
UAA,NYSE,2019/07/31 16:00:00,23.83,24.08,22.84,23.07,9407939
UAA,NYSE,2019/08/01 16:00:00,23.05,23.16,21.37,21.58,11145715
UAA,NYSE,2019/08/02 16:00:00,21.44,22.06,21.23,21.57,7780392
UAA,NYSE,2019/08/05 16:00:00,20.96,21.15,20.52,20.82,5904356
UAA,NYSE,2019/08/06 16:00:00,21.04,21.42,20.68,21.27,7050277
UAA,NYSE,2019/08/07 16:00:00,21.02,21.27,20.87,20.93,5106235
UAA,NYSE,2019/08/08 16:00:00,21.15,21.19,20.69,21.08,4250384
UAA,NYSE,2019/08/09 16:00:00,20.95,21.12,20.01,20.19,6516277
UAA,NYSE,2019/08/12 16:00:00,20,20.1,19.58,19.68,4954565
UAA,NYSE,2019/08/13 16:00:00,19.6,20.4,19.36,19.85,4460513
UAA,NYSE,2019/08/14 16:00:00,19.39,19.41,18.89,19.01,4799837
UAA,NYSE,2019/08/15 16:00:00,19.11,19.11,18.29,18.51,5174364
UAA,NYSE,2019/08/16 16:00:00,18.66,18.86,18.46,18.65,3324270
UAA,NYSE,2019/08/19 16:00:00,19,19.1,18.77,18.77,3756804
UAA,NYSE,2019/08/20 16:00:00,18.61,18.76,18.28,18.55,4220005
UAA,NYSE,2019/08/21 16:00:00,18.81,18.91,18.56,18.75,2801480
UAA,NYSE,2019/08/22 16:00:00,18.82,19.12,18.78,18.98,3704885
UAA,NYSE,2019/08/23 16:00:00,18.64,18.73,17.85,17.92,5271702
UAA,NYSE,2019/08/26 16:00:00,18.22,18.29,17.91,18,3814068
UAA,NYSE,2019/08/27 16:00:00,18.14,18.22,17.76,17.82,5285139
UAA,NYSE,2019/08/28 16:00:00,17.65,18.36,17.64,18.2,3734476
UAA,NYSE,2019/08/29 16:00:00,18.47,18.75,18.34,18.62,3944284
UAA,NYSE,2019/08/30 16:00:00,18.82,18.96,18.55,18.61,3125971
UAA,NYSE,2019/09/03 16:00:00,18.61,18.61,18.24,18.56,3978549
UAA,NYSE,2019/09/04 16:00:00,18.6,19.23,18.57,18.95,3678311
UAA,NYSE,2019/09/05 16:00:00,19.26,19.81,19.22,19.77,4749911
UAA,NYSE,2019/09/06 16:00:00,19.9,20.08,19.37,19.56,2931001
UAA,NYSE,2019/09/09 16:00:00,19.55,20.32,19.51,20.22,5252966
UAA,NYSE,2019/09/10 16:00:00,20.05,20.76,20.05,20.75,5308623
UAA,NYSE,2019/09/11 16:00:00,20.75,21.44,20.3,21.36,5717864
UAA,NYSE,2019/09/12 16:00:00,21.42,21.76,21.29,21.62,5915355
UAA,NYSE,2019/09/13 16:00:00,21.66,21.88,21.16,21.18,5400095
UAA,NYSE,2019/09/16 16:00:00,20.91,21.42,20.88,21.11,2371929
UAA,NYSE,2019/09/17 16:00:00,21.05,21.18,20.69,20.98,3817656
UAA,NYSE,2019/09/18 16:00:00,21,21.08,20.48,20.79,3298680
UAA,NYSE,2019/09/19 16:00:00,20.8,20.84,20.1,20.21,3750313
UAA,NYSE,2019/09/20 16:00:00,20.27,20.59,19.66,19.66,5119301
UAA,NYSE,2019/09/23 16:00:00,19.64,20.14,19.62,19.78,3043384
UAA,NYSE,2019/09/24 16:00:00,19.89,19.89,19.21,19.4,2546487
UAA,NYSE,2019/09/25 16:00:00,19.4,19.98,19.35,19.59,3796938
UAA,NYSE,2019/09/26 16:00:00,19.64,19.86,19.5,19.79,2776027
UAA,NYSE,2019/09/27 16:00:00,19.78,20.13,19.5,19.57,2273781
UAA,NYSE,2019/09/30 16:00:00,19.64,20.05,19.57,19.94,3016062
UAA,NYSE,2019/10/01 16:00:00,20.01,20.2,19.73,19.73,3206347
UAA,NYSE,2019/10/02 16:00:00,19.5,19.64,18.99,19.25,3106024
UAA,NYSE,2019/10/03 16:00:00,19.21,19.28,18.68,19.28,3280648
UAA,NYSE,2019/10/04 16:00:00,19.22,19.4,18.93,19.31,2451694
UAA,NYSE,2019/10/07 16:00:00,19.17,19.46,19.1,19.1,3274910
UAA,NYSE,2019/10/08 16:00:00,18.84,19.25,18.7,19.01,2878577
UAA,NYSE,2019/10/09 16:00:00,19.18,19.69,19.14,19.47,4276620
UAA,NYSE,2019/10/10 16:00:00,19.5,19.93,19.5,19.64,4031665
UAA,NYSE,2019/10/11 16:00:00,19.93,20.39,19.82,19.99,3627290
UAA,NYSE,2019/10/14 16:00:00,19.94,20.26,19.89,20.07,2711552
UAA,NYSE,2019/10/15 16:00:00,20.1,20.44,19.94,20.4,2455045
UAA,NYSE,2019/10/16 16:00:00,20.42,20.5,20.22,20.25,1918333
UAA,NYSE,2019/10/17 16:00:00,20.4,20.63,20.3,20.52,1847897
UAA,NYSE,2019/10/18 16:00:00,20.04,20.07,19.51,19.69,4233268
UAA,NYSE,2019/10/21 16:00:00,19.82,20.09,19.77,20.09,2095305
UAA,NYSE,2019/10/22 16:00:00,20.48,21.45,20.17,21.38,6520312
UAA,NYSE,2019/10/23 16:00:00,21.22,21.22,20.6,20.82,4249867
UAA,NYSE,2019/10/24 16:00:00,20.86,20.92,20.37,20.86,2810325
UAA,NYSE,2019/10/25 16:00:00,20.62,21.31,20.51,21.06,2700080
UAA,NYSE,2019/10/28 16:00:00,21.12,21.47,21.06,21.19,2870341
UAA,NYSE,2019/10/29 16:00:00,21.15,21.17,20.79,20.86,2454447
UAA,NYSE,2019/10/30 16:00:00,20.83,20.95,20.55,20.81,3051759
UAA,NYSE,2019/10/31 16:00:00,20.65,20.73,20.4,20.65,3220352
UAA,NYSE,2019/11/01 16:00:00,20.81,21.31,20.78,21.14,4988502
UAA,NYSE,2019/11/04 16:00:00,17.83,18.51,16.83,17.14,43580490
UAA,NYSE,2019/11/05 16:00:00,17.25,18.31,17.07,17.9,15039907
UAA,NYSE,2019/11/06 16:00:00,18.11,18.37,17.77,18.17,7430604
UAA,NYSE,2019/11/07 16:00:00,18.44,18.57,17.39,17.59,8155147
UAA,NYSE,2019/11/08 16:00:00,17.74,17.91,17.41,17.56,4354598
UAA,NYSE,2019/11/11 16:00:00,17.45,17.61,17.27,17.57,3648812
UAA,NYSE,2019/11/12 16:00:00,17.7,17.86,17.25,17.29,3831816
UAA,NYSE,2019/11/13 16:00:00,17.2,17.34,17.08,17.23,3907196
UAA,NYSE,2019/11/14 16:00:00,17.11,17.48,17.09,17.12,3095534
UAA,NYSE,2019/11/15 16:00:00,17.12,17.89,17.11,17.79,5882938
UAA,NYSE,2019/11/18 16:00:00,17.8,17.86,17.31,17.33,4208147
UAA,NYSE,2019/11/19 16:00:00,17.25,17.51,17.17,17.33,4610636
UAA,NYSE,2019/11/20 16:00:00,17.3,17.31,16.93,16.99,2746788
UAA,NYSE,2019/11/21 16:00:00,17.01,17.06,16.74,16.99,4108784
UAA,NYSE,2019/11/22 16:00:00,17.09,17.46,17.03,17.43,3137307
UAA,NYSE,2019/11/25 16:00:00,17.62,17.63,17.23,17.36,2997887
UAA,NYSE,2019/11/26 16:00:00,17.38,18.04,17.27,17.99,6231712
UAA,NYSE,2019/11/27 16:00:00,18.8,19.39,18.66,19.1,9707886
UAA,NYSE,2019/11/29 13:00:00,19.19,19.2,18.77,18.89,3266054
UAA,NYSE,2019/12/02 16:00:00,18.95,18.95,18.38,18.44,3693601
UAA,NYSE,2019/12/03 16:00:00,18.03,18.37,17.91,18.11,3436394
UAA,NYSE,2019/12/04 16:00:00,18.23,18.62,18.14,18.61,2760696
UAA,NYSE,2019/12/05 16:00:00,18.76,18.83,18.51,18.78,3969135
UAA,NYSE,2019/12/06 16:00:00,18.94,19.13,18.84,18.96,3416317
UAA,NYSE,2019/12/09 16:00:00,18.9,19.36,18.82,19.27,3383499
UAA,NYSE,2019/12/10 16:00:00,19.23,19.32,19.1,19.24,2489044
UAA,NYSE,2019/12/11 16:00:00,19.31,19.31,19.06,19.2,2304893
UAA,NYSE,2019/12/12 16:00:00,19.15,19.31,19.01,19.29,3084580
UAA,NYSE,2019/12/13 16:00:00,19.38,19.9,19.34,19.53,5570201
UAA,NYSE,2019/12/16 16:00:00,19.62,20.54,19.53,20.43,11063748
UAA,NYSE,2019/12/17 16:00:00,20.4,20.65,20.23,20.56,5020914
UAA,NYSE,2019/12/18 16:00:00,20.42,21.04,20.42,21.04,4278220
UAA,NYSE,2019/12/19 16:00:00,20.97,21.24,20.92,21.16,3949860
UAA,NYSE,2019/12/20 16:00:00,21.2,21.55,21.1,21.5,6496646
UAA,NYSE,2019/12/23 16:00:00,21.55,21.65,21.42,21.55,2872652
UAA,NYSE,2019/12/24 13:00:00,21.56,21.67,21.49,21.64,2122821
UAA,NYSE,2019/12/26 16:00:00,21.61,21.87,21.57,21.8,1997582
UAA,NYSE,2019/12/27 16:00:00,21.88,21.89,21.38,21.45,2125429
UAA,NYSE,2019/12/30 16:00:00,21.42,21.49,21.18,21.28,3232576
UAA,NYSE,2019/12/31 16:00:00,21.24,21.61,21.12,21.6,3156731
UAA,NYSE,2020/01/02 16:00:00,21.83,21.83,21.38,21.78,4273629
UAA,NYSE,2020/01/03 16:00:00,21.48,21.96,21.4,21.85,4596587
UAA,NYSE,2020/01/06 16:00:00,21.51,21.53,20.35,20.44,11134777
UAA,NYSE,2020/01/07 16:00:00,20.37,20.83,20.29,20.7,6651477
UAA,NYSE,2020/01/08 16:00:00,20.75,21,20.31,20.42,4366256
UAA,NYSE,2020/01/09 16:00:00,20.45,20.5,19.66,19.79,5836941
UAA,NYSE,2020/01/10 16:00:00,19.77,19.84,19.55,19.77,3522620
UAA,NYSE,2020/01/13 16:00:00,19.8,20.23,19.69,20.17,3005838
UAA,NYSE,2020/01/14 16:00:00,20.26,21.2,20.21,21.12,4830887
UAA,NYSE,2020/01/15 16:00:00,21.01,21.42,20.94,21.18,3072552
UAA,NYSE,2020/01/16 16:00:00,21.39,21.65,21.09,21.19,4429251
UAA,NYSE,2020/01/17 16:00:00,21.28,21.28,20.32,20.39,6915537
UAA,NYSE,2020/01/21 16:00:00,20.4,20.47,20.09,20.2,5646458
UAA,NYSE,2020/01/22 16:00:00,20.44,20.97,20.27,20.52,5394199
UAA,NYSE,2020/01/23 16:00:00,20.46,21.3,20.14,21.23,5476008
UAA,NYSE,2020/01/24 16:00:00,21.24,21.39,20.84,20.99,6097502
UAA,NYSE,2020/01/27 16:00:00,20.33,20.95,20.26,20.65,3034688
UAA,NYSE,2020/01/28 16:00:00,20.78,20.95,20.43,20.89,3248721
UAA,NYSE,2020/01/29 16:00:00,21.04,21.52,20.88,21,4111908
UAA,NYSE,2020/01/30 16:00:00,20.91,21.01,20.52,20.86,4422107
UAA,NYSE,2020/01/31 16:00:00,20.87,20.87,20.15,20.18,4033677
UAA,NYSE,2020/02/03 16:00:00,20.33,20.66,20.23,20.28,3560192
UAA,NYSE,2020/02/04 16:00:00,20.49,21.12,20.44,20.79,6064570
UAA,NYSE,2020/02/05 16:00:00,20.94,21.16,20.28,20.73,5061711
UAA,NYSE,2020/02/06 16:00:00,20.82,21.04,20.62,20.67,3927064
UAA,NYSE,2020/02/07 16:00:00,20.83,20.85,20.09,20.25,5762491
UAA,NYSE,2020/02/10 16:00:00,20.44,20.8,20.21,20.45,7466230
UAA,NYSE,2020/02/11 16:00:00,17.08,17.47,16.5,16.59,44669814
UAA,NYSE,2020/02/12 16:00:00,16.79,17.49,16.57,17.04,13865746
UAA,NYSE,2020/02/13 16:00:00,16.89,17.05,16.58,16.76,7962998
UAA,NYSE,2020/02/14 16:00:00,16.78,17.21,16.76,17.19,13846593
UAA,NYSE,2020/02/18 16:00:00,17.02,17.18,16.67,16.73,7922844
UAA,NYSE,2020/02/19 16:00:00,16.8,16.87,16.43,16.57,11305873
UAA,NYSE,2020/02/20 16:00:00,16.56,16.72,16.26,16.5,7386666
UAA,NYSE,2020/02/21 16:00:00,16.4,16.61,16,16.04,6879563
UAA,NYSE,2020/02/24 16:00:00,15.37,15.72,15.2,15.48,9382840
UAA,NYSE,2020/02/25 16:00:00,15.7,15.74,14.6,14.82,8994202
UAA,NYSE,2020/02/26 16:00:00,14.98,15.06,14.36,14.42,8875337
UAA,NYSE,2020/02/27 16:00:00,14.03,14.72,13.7,13.99,10802020
UAA,NYSE,2020/02/28 16:00:00,13.53,14.26,13.51,14.19,11062858
UAA,NYSE,2020/03/02 16:00:00,14.36,14.37,13.75,14.1,11772879
UAA,NYSE,2020/03/03 16:00:00,14.13,14.35,13.2,13.6,10627023
UAA,NYSE,2020/03/04 16:00:00,13.88,14.01,13.28,13.88,9297227
UAA,NYSE,2020/03/05 16:00:00,13.52,13.69,13.05,13.25,7077163
UAA,NYSE,2020/03/06 16:00:00,12.79,13.12,12.49,12.63,8600247
UAA,NYSE,2020/03/09 16:00:00,11.76,11.96,10.63,11.17,8460400
UAA,NYSE,2020/03/10 16:00:00,11.64,11.83,11.02,11.75,5503807
UAA,NYSE,2020/03/11 16:00:00,11.47,11.6,11.19,11.38,6467075
UAA,NYSE,2020/03/12 16:00:00,10.62,10.74,9.59,9.69,7135421
UAA,NYSE,2020/03/13 16:00:00,10.2,10.82,9.84,10.81,7101910
UAA,NYSE,2020/03/16 16:00:00,9.17,10.44,9.08,9.2,8246927
UAA,NYSE,2020/03/17 16:00:00,9.49,10.04,8.87,9.87,8110854
UAA,NYSE,2020/03/18 16:00:00,9.22,9.72,8.09,8.55,6979347
UAA,NYSE,2020/03/19 16:00:00,8.34,9.21,7.61,9.06,6082254
UAA,NYSE,2020/03/20 16:00:00,9.3,9.49,8.11,8.17,4809015
UAA,NYSE,2020/03/23 16:00:00,8.18,8.54,7.7,8.06,5098881
UAA,NYSE,2020/03/24 16:00:00,8.58,9.19,8.47,9.15,7582015
UAA,NYSE,2020/03/25 16:00:00,9.11,9.88,8.61,9.29,6384857
UAA,NYSE,2020/03/26 16:00:00,9.34,10.15,9.06,9.89,5427911
UAA,NYSE,2020/03/27 16:00:00,9.34,9.76,9.07,9.44,5064734
UAA,NYSE,2020/03/30 16:00:00,9.37,9.68,8.93,9.57,4810851
UAA,NYSE,2020/03/31 16:00:00,9.51,9.83,9.06,9.21,4729171
UAA,NYSE,2020/04/01 16:00:00,8.78,8.92,8.05,8.26,5430200
UAA,NYSE,2020/04/02 16:00:00,8.16,8.42,7.5,7.79,6708865
UAA,NYSE,2020/04/03 16:00:00,7.68,8.34,7.39,8.22,7826040
UAA,NYSE,2020/04/06 16:00:00,8.72,9.29,8.55,8.99,5781258
UAA,NYSE,2020/04/07 16:00:00,9.67,10.05,9.27,9.52,8479929
UAA,NYSE,2020/04/08 16:00:00,9.71,10.19,9.59,9.75,6544356
UAA,NYSE,2020/04/09 16:00:00,10.12,10.75,10.07,10.43,5306347
UAA,NYSE,2020/04/13 16:00:00,10.31,10.36,9.64,9.81,4244535
UAA,NYSE,2020/04/14 16:00:00,10.15,10.34,9.79,10.01,3790754
UAA,NYSE,2020/04/15 16:00:00,9.51,9.76,9.2,9.6,4460934
UAA,NYSE,2020/04/16 16:00:00,9.68,9.73,9.21,9.34,5508119
UAA,NYSE,2020/04/17 16:00:00,9.76,10.14,9.72,9.85,3927802
UAA,NYSE,2020/04/20 16:00:00,9.63,10.09,9.6,9.65,4024459
UAA,NYSE,2020/04/21 16:00:00,9.35,9.91,9.32,9.54,4260674
UAA,NYSE,2020/04/22 16:00:00,9.8,9.99,9.57,9.59,2826744
UAA,NYSE,2020/04/23 16:00:00,9.61,10.07,9.6,9.81,4146646
UAA,NYSE,2020/04/24 16:00:00,10.07,10.25,9.91,10,4633310
UAA,NYSE,2020/04/27 16:00:00,10.02,10.59,9.91,10.44,3962124
UAA,NYSE,2020/04/28 16:00:00,10.82,11.05,10.51,10.83,4622387
UAA,NYSE,2020/04/29 16:00:00,11.03,11.31,10.82,10.87,5765415
UAA,NYSE,2020/04/30 16:00:00,10.37,10.82,10.25,10.42,7309317
UAA,NYSE,2020/05/01 16:00:00,10.08,10.15,9.64,9.8,7183801
UAA,NYSE,2020/05/04 16:00:00,9.5,9.9,9.28,9.69,6656213
UAA,NYSE,2020/05/05 16:00:00,9.91,9.95,9.32,9.38,7331939
UAA,NYSE,2020/05/06 16:00:00,9.36,9.57,9.01,9.19,7892198
UAA,NYSE,2020/05/07 16:00:00,9.35,9.88,9.3,9.61,8331917
UAA,NYSE,2020/05/08 16:00:00,9.9,10.05,9.7,9.98,15619998
UAA,NYSE,2020/05/11 16:00:00,9.04,9.38,8.62,9.01,23292668
UAA,NYSE,2020/05/12 16:00:00,9.13,9.32,8.54,8.63,10755532
UAA,NYSE,2020/05/13 16:00:00,8.49,8.53,7.64,7.79,15082623
UAA,NYSE,2020/05/14 16:00:00,7.7,7.85,7.15,7.71,9998144
UAA,NYSE,2020/05/15 16:00:00,7.5,7.8,7.36,7.71,11275913
UAA,NYSE,2020/05/18 16:00:00,8.25,8.48,8.09,8.23,19171026
UAA,NYSE,2020/05/19 16:00:00,8.24,8.24,7.73,7.81,17606977
UAA,NYSE,2020/05/20 16:00:00,7.97,8.35,7.86,8.24,12753427
UAA,NYSE,2020/05/21 16:00:00,7.78,8.94,7.66,8.68,17328856
UAA,NYSE,2020/05/22 16:00:00,8.74,8.75,8.26,8.34,9182798
UAA,NYSE,2020/05/26 16:00:00,8.75,8.99,8.59,8.88,10964048
UAA,NYSE,2020/05/27 16:00:00,9.28,9.61,8.99,9.61,10146001
UAA,NYSE,2020/05/28 16:00:00,9.94,10,9.01,9.05,8792331
UAA,NYSE,2020/05/29 16:00:00,8.91,9.13,8.68,8.75,15491987
UAA,NYSE,2020/06/01 16:00:00,8.82,9.33,8.73,9.26,7330380
UAA,NYSE,2020/06/02 16:00:00,9.42,9.68,9.29,9.41,8628412
UAA,NYSE,2020/06/03 16:00:00,9.65,10.38,9.65,10.3,11609735
UAA,NYSE,2020/06/04 16:00:00,10.28,10.63,10.01,10.41,10675123
UAA,NYSE,2020/06/05 16:00:00,11.41,11.59,10.97,11.1,13743071
UAA,NYSE,2020/06/08 16:00:00,11.63,11.8,11.36,11.51,10108176
UAA,NYSE,2020/06/09 16:00:00,11.42,11.43,10.74,10.92,9992765
UAA,NYSE,2020/06/10 16:00:00,10.9,10.92,10.16,10.51,8694735
UAA,NYSE,2020/06/11 16:00:00,9.6,9.73,9.4,9.47,9573396
UAA,NYSE,2020/06/12 16:00:00,10.01,10.05,9.26,9.7,6866919
UAA,NYSE,2020/06/15 16:00:00,9.19,9.93,9.14,9.86,8180682
UAA,NYSE,2020/06/16 16:00:00,10.49,10.55,9.99,10.36,8839456
UAA,NYSE,2020/06/17 16:00:00,10.28,10.3,9.78,9.81,7022713
UAA,NYSE,2020/06/18 16:00:00,9.69,10.01,9.51,9.78,5859126
UAA,NYSE,2020/06/19 16:00:00,10.03,10.03,9.36,9.51,8672093
UAA,NYSE,2020/06/22 16:00:00,9.5,9.62,9.23,9.51,5579913
UAA,NYSE,2020/06/23 16:00:00,9.65,9.93,9.45,9.86,6042317
UAA,NYSE,2020/06/24 16:00:00,9.64,9.69,9.19,9.47,6957778
UAA,NYSE,2020/06/25 16:00:00,9.26,9.62,9.19,9.6,6014829
UAA,NYSE,2020/06/26 16:00:00,9.46,9.66,8.95,9.11,13563197
UAA,NYSE,2020/06/29 16:00:00,9.23,9.97,9.05,9.83,7074425
UAA,NYSE,2020/06/30 16:00:00,9.78,9.84,9.46,9.74,6886104
UAA,NYSE,2020/07/01 16:00:00,9.68,10.01,9.55,9.57,7918818
UAA,NYSE,2020/07/02 16:00:00,9.86,10,9.53,9.58,5462937
UAA,NYSE,2020/07/06 16:00:00,9.79,9.94,9.54,9.91,6178065
UAA,NYSE,2020/07/07 16:00:00,9.8,10.04,9.47,9.5,7811651
UAA,NYSE,2020/07/08 16:00:00,9.51,9.63,9.3,9.61,4785744
UAA,NYSE,2020/07/09 16:00:00,9.54,9.57,9.12,9.18,4810398
UAA,NYSE,2020/07/10 16:00:00,9.18,9.56,9.07,9.52,6961308
UAA,NYSE,2020/07/13 16:00:00,9.49,9.65,9.21,9.39,5436232
UAA,NYSE,2020/07/14 16:00:00,9.3,9.56,9.19,9.47,5800440
UAA,NYSE,2020/07/15 16:00:00,9.76,10.35,9.71,10.31,9887887
UAA,NYSE,2020/07/16 16:00:00,10.16,10.47,10.07,10.36,8782292
UAA,NYSE,2020/07/17 16:00:00,10.36,10.6,10.15,10.2,5019307
UAA,NYSE,2020/07/20 16:00:00,10.16,10.26,9.86,9.91,6013809
UAA,NYSE,2020/07/21 16:00:00,10.05,10.58,10.04,10.5,6485400
UAA,NYSE,2020/07/22 16:00:00,10.31,10.67,10.28,10.44,5631462
UAA,NYSE,2020/07/23 16:00:00,10.46,11.15,10.4,10.87,8563826
UAA,NYSE,2020/07/24 16:00:00,11.07,11.25,10.76,10.91,8881888
UAA,NYSE,2020/07/27 16:00:00,10.76,11.22,10.71,11.2,12390043
UAA,NYSE,2020/07/28 16:00:00,11.13,11.41,11.09,11.3,10226376
UAA,NYSE,2020/07/29 16:00:00,11.29,11.84,11.28,11.61,8027865
UAA,NYSE,2020/07/30 16:00:00,11.5,11.84,11.35,11.45,9889551
UAA,NYSE,2020/07/31 16:00:00,11.29,11.9,10.3,10.52,20752668
UAA,NYSE,2020/08/03 16:00:00,10.62,10.62,9.66,9.67,13854283
UAA,NYSE,2020/08/04 16:00:00,9.7,10.03,9.63,9.93,7634723
UAA,NYSE,2020/08/05 16:00:00,10.04,10.65,10.04,10.61,7415417
UAA,NYSE,2020/08/06 16:00:00,10.49,10.59,10.14,10.14,5483456
UAA,NYSE,2020/08/07 16:00:00,10.08,10.35,10,10.33,5371821
UAA,NYSE,2020/08/10 16:00:00,10.41,10.88,10.39,10.71,6273145
UAA,NYSE,2020/08/11 16:00:00,11.09,11.32,10.77,10.98,8222281
UAA,NYSE,2020/08/12 16:00:00,11.23,11.26,10.72,11.01,7897846
UAA,NYSE,2020/08/13 16:00:00,10.92,11.02,10.69,10.84,5031503
UAA,NYSE,2020/08/14 16:00:00,10.7,10.91,10.56,10.74,6442038
UAA,NYSE,2020/08/17 16:00:00,10.67,10.71,10.28,10.47,6197731
UAA,NYSE,2020/08/18 16:00:00,10.41,10.45,10.07,10.24,4962626
UAA,NYSE,2020/08/19 16:00:00,10.23,10.36,9.96,9.98,5233486
UAA,NYSE,2020/08/20 16:00:00,9.96,10.01,9.7,9.76,5468706
UAA,NYSE,2020/08/21 16:00:00,9.89,9.99,9.7,9.73,4325582
UAA,NYSE,2020/08/24 16:00:00,9.75,10.25,9.71,10.24,7388160
UAA,NYSE,2020/08/25 16:00:00,10.31,10.39,10.09,10.17,3794701
UAA,NYSE,2020/08/26 16:00:00,10.14,10.19,9.87,9.88,5813459
UAA,NYSE,2020/08/27 16:00:00,9.9,10.24,9.9,9.92,7586783
UAA,NYSE,2020/08/28 16:00:00,9.98,10.17,9.84,10.15,3930108
UAA,NYSE,2020/08/31 16:00:00,10.09,10.13,9.73,9.81,3833886
UAA,NYSE,2020/09/01 16:00:00,9.72,10.26,9.66,10.25,5305853
UAA,NYSE,2020/09/02 16:00:00,10.32,10.56,10.18,10.39,6585444
UAA,NYSE,2020/09/03 16:00:00,10.38,10.76,10.37,10.43,7687398
UAA,NYSE,2020/09/04 16:00:00,10.55,10.62,10.14,10.43,5935815
UAA,NYSE,2020/09/08 16:00:00,10.22,11.04,10.22,10.95,9653968
UAA,NYSE,2020/09/09 16:00:00,10.86,10.91,10.53,10.59,8725208
UAA,NYSE,2020/09/10 16:00:00,10.66,10.85,10.6,10.74,9623344
UAA,NYSE,2020/09/11 16:00:00,10.92,11.43,10.82,11.32,12549240
UAA,NYSE,2020/09/14 16:00:00,11.38,11.75,11.13,11.72,9473217
UAA,NYSE,2020/09/15 16:00:00,11.79,11.82,11.49,11.66,9094113
UAA,NYSE,2020/09/16 16:00:00,11.68,12.42,11.66,12.23,9282671
UAA,NYSE,2020/09/17 16:00:00,12.02,12.27,11.78,11.97,10406592
UAA,NYSE,2020/09/18 16:00:00,11.95,11.97,11.37,11.52,9509717
UAA,NYSE,2020/09/21 16:00:00,11.19,11.25,10.57,10.69,6536900
UAA,NYSE,2020/09/22 16:00:00,10.67,10.97,10.51,10.92,6674549
UAA,NYSE,2020/09/23 16:00:00,11.33,11.99,11.28,11.43,14312381
UAA,NYSE,2020/09/24 16:00:00,11.3,11.32,10.75,11.01,8635170
UAA,NYSE,2020/09/25 16:00:00,10.91,11.3,10.9,11.16,6573517
UAA,NYSE,2020/09/28 16:00:00,11.37,11.53,11.25,11.43,5783013
UAA,NYSE,2020/09/29 16:00:00,11.37,11.37,10.89,11.08,4985966
UAA,NYSE,2020/09/30 16:00:00,11.17,11.47,11.13,11.23,4808427
UAA,NYSE,2020/10/01 16:00:00,11.37,11.94,11.34,11.86,7503739
UAA,NYSE,2020/10/02 16:00:00,11.49,12.1,11.43,12.06,4764496
UAA,NYSE,2020/10/05 16:00:00,12.25,12.31,12.07,12.16,4230830
UAA,NYSE,2020/10/06 16:00:00,12.2,12.3,11.64,11.69,4555315
UAA,NYSE,2020/10/07 16:00:00,11.88,12.23,11.85,12.17,3982889
UAA,NYSE,2020/10/08 16:00:00,12.25,12.65,12.22,12.6,6377841
UAA,NYSE,2020/10/09 16:00:00,12.66,12.71,12.29,12.55,5409446
UAA,NYSE,2020/10/12 16:00:00,12.59,12.74,12.45,12.73,5060983
UAA,NYSE,2020/10/13 16:00:00,12.65,13.02,12.51,12.82,7108597
UAA,NYSE,2020/10/14 16:00:00,12.75,13.05,12.52,12.54,4183164
UAA,NYSE,2020/10/15 16:00:00,12.29,12.95,12.26,12.92,7798119
UAA,NYSE,2020/10/16 16:00:00,13.02,13.21,12.7,13,7309146
UAA,NYSE,2020/10/19 16:00:00,12.93,13.47,12.84,13.26,5984315
UAA,NYSE,2020/10/20 16:00:00,13.37,13.95,13.31,13.47,8807035
UAA,NYSE,2020/10/21 16:00:00,13.6,14.04,13.54,13.94,9057112
UAA,NYSE,2020/10/22 16:00:00,14.05,14.21,13.88,14.18,6301728
UAA,NYSE,2020/10/23 16:00:00,14.42,14.67,13.86,14.66,7714297
UAA,NYSE,2020/10/26 16:00:00,14.54,14.54,13.7,13.93,9384476
UAA,NYSE,2020/10/27 16:00:00,13.87,13.97,13.56,13.67,7279462
UAA,NYSE,2020/10/28 16:00:00,13.27,13.51,13.12,13.31,6512108
UAA,NYSE,2020/10/29 16:00:00,13.3,13.99,13.16,13.79,15083009
UAA,NYSE,2020/10/30 16:00:00,15.21,15.39,13.52,13.84,21996528
UAA,NYSE,2020/11/02 16:00:00,14.14,14.77,14.01,14.46,8594553
UAA,NYSE,2020/11/03 16:00:00,14.76,14.84,14.44,14.77,6601938
UAA,NYSE,2020/11/04 16:00:00,14.37,14.71,14.08,14.4,6009339
UAA,NYSE,2020/11/05 16:00:00,14.46,15.05,14.45,14.97,8328680
UAA,NYSE,2020/11/06 16:00:00,14.92,15.25,14.57,14.81,5842122
UAA,NYSE,2020/11/09 16:00:00,15.82,16.2,15.37,15.37,9357531
UAA,NYSE,2020/11/10 16:00:00,15.37,15.61,14.9,15.06,9725153
UAA,NYSE,2020/11/11 16:00:00,15.13,15.13,14.36,14.51,8678283
UAA,NYSE,2020/11/12 16:00:00,14.37,14.61,14.05,14.33,6016694
UAA,NYSE,2020/11/13 16:00:00,14.5,14.98,14.43,14.89,4157910
UAA,NYSE,2020/11/16 16:00:00,15.41,15.8,15.21,15.76,7395501
UAA,NYSE,2020/11/17 16:00:00,15.76,16.16,15.43,16.1,6168159
UAA,NYSE,2020/11/18 16:00:00,16.34,16.78,16.24,16.27,6423326
UAA,NYSE,2020/11/19 16:00:00,16.15,16.72,16.06,16.69,4459564
UAA,NYSE,2020/11/20 16:00:00,16.67,16.89,16.48,16.73,6643944
UAA,NYSE,2020/11/23 16:00:00,16.91,16.98,16.41,16.54,6149501
UAA,NYSE,2020/11/24 16:00:00,16.83,17.15,16.6,17.01,6180784
UAA,NYSE,2020/11/25 16:00:00,16.82,16.95,16.33,16.86,4630451
UAA,NYSE,2020/11/27 13:00:00,16.94,17.02,16.64,16.68,2524450
UAA,NYSE,2020/11/30 16:00:00,16.7,16.76,16.33,16.57,4781673
UAA,NYSE,2020/12/01 16:00:00,16.78,16.91,16.22,16.54,13307996
UAA,NYSE,2020/12/02 16:00:00,16.45,16.61,16.23,16.32,6701482
UAA,NYSE,2020/12/03 16:00:00,16.35,17.16,16.3,17,6263097
UAA,NYSE,2020/12/04 16:00:00,17.02,17.16,16.7,16.83,4249862
UAA,NYSE,2020/12/07 16:00:00,16.73,17.08,16.55,17.06,4324205
UAA,NYSE,2020/12/08 16:00:00,16.89,17.62,16.82,17.24,6261013
UAA,NYSE,2020/12/09 16:00:00,17.44,17.94,17.3,17.57,7243684
UAA,NYSE,2020/12/10 16:00:00,17.39,17.6,17.13,17.6,3913525
UAA,NYSE,2020/12/11 16:00:00,17.41,17.68,17.11,17.17,4007798
UAA,NYSE,2020/12/14 16:00:00,17.43,17.49,17.09,17.14,3639453
UAA,NYSE,2020/12/15 16:00:00,17.34,17.69,17.28,17.67,4969367
UAA,NYSE,2020/12/16 16:00:00,17.68,17.85,17.25,17.46,3503191
UAA,NYSE,2020/12/17 16:00:00,17.48,17.58,17.31,17.42,3653229
UAA,NYSE,2020/12/18 16:00:00,17.3,17.54,17.2,17.37,5770979
UAA,NYSE,2020/12/21 16:00:00,17.05,17.45,16.98,17.35,4649517
UAA,NYSE,2020/12/22 16:00:00,17.4,17.41,16.86,16.88,4583542
UAA,NYSE,2020/12/23 16:00:00,16.87,17.47,16.86,17.36,4838584
UAA,NYSE,2020/12/24 13:00:00,17.42,17.43,16.9,17.41,3020348
UAA,NYSE,2020/12/28 16:00:00,17.42,17.66,17.21,17.27,4039096
UAA,NYSE,2020/12/29 16:00:00,17.07,17.21,16.72,16.87,4910167
UAA,NYSE,2020/12/30 16:00:00,17.01,17.5,16.96,17.45,5027084
UAA,NYSE,2020/12/31 16:00:00,17.39,17.48,17.1,17.17,3206200
UAA,NYSE,2021/01/04 16:00:00,17.58,17.58,17.05,17.35,4891677
UAA,NYSE,2021/01/05 16:00:00,17.37,18,17.26,17.85,4977371
UAA,NYSE,2021/01/06 16:00:00,17.86,18.32,17.74,17.97,4523979
UAA,NYSE,2021/01/07 16:00:00,18.1,18.28,17.79,18.03,5284535
UAA,NYSE,2021/01/08 16:00:00,18.13,18.21,17.67,17.7,4376938
UAA,NYSE,2021/01/11 16:00:00,17.43,18.02,17.31,17.98,4962088
UAA,NYSE,2021/01/12 16:00:00,17.96,19.01,17.88,18.87,6735376
UAA,NYSE,2021/01/13 16:00:00,18.86,18.92,18.31,18.45,3257583
UAA,NYSE,2021/01/14 16:00:00,18.63,18.92,18.45,18.5,3480152
UAA,NYSE,2021/01/15 16:00:00,18.36,18.49,17.72,18.09,4158160
UAA,NYSE,2021/01/19 16:00:00,18.29,18.34,17.94,18.13,4201919
UAA,NYSE,2021/01/20 16:00:00,18.15,18.82,18.12,18.61,6608254
UAA,NYSE,2021/01/21 16:00:00,19.38,19.55,18.68,18.68,5917981
UAA,NYSE,2021/01/22 16:00:00,18.54,18.7,18.2,18.51,3370295
UAA,NYSE,2021/01/25 16:00:00,18.56,18.99,18.11,18.64,5930959
UAA,NYSE,2021/01/26 16:00:00,19.24,19.24,18.32,18.51,5649467
UAA,NYSE,2021/01/27 16:00:00,17.98,18.31,17.16,17.35,11097003
UAA,NYSE,2021/01/28 16:00:00,17.55,18.19,17.51,17.81,8392535
UAA,NYSE,2021/01/29 16:00:00,17.66,17.92,17.29,17.5,4467417
UAA,NYSE,2021/02/01 16:00:00,17.65,18.03,17.37,17.99,4241900
UAA,NYSE,2021/02/02 16:00:00,18.26,18.78,18.14,18.57,3840839
UAA,NYSE,2021/02/03 16:00:00,18.77,19.65,18.64,19.49,5425915
UAA,NYSE,2021/02/04 16:00:00,19.6,20.29,19.53,20.26,5263811
UAA,NYSE,2021/02/05 16:00:00,20.49,20.97,20.37,20.7,5063662
UAA,NYSE,2021/02/08 16:00:00,20.77,21.05,20.55,20.77,5833869
UAA,NYSE,2021/02/09 16:00:00,20.61,21.2,20.53,20.72,7892006
UAA,NYSE,2021/02/10 16:00:00,22.88,23.23,21.82,22.45,12503147
UAA,NYSE,2021/02/11 16:00:00,22.83,23.5,22.71,22.99,7808621
UAA,NYSE,2021/02/12 16:00:00,22.56,22.88,22.28,22.37,5466142
UAA,NYSE,2021/02/16 16:00:00,22.37,22.65,22.06,22.4,5162728
UAA,NYSE,2021/02/17 16:00:00,22.08,22.62,21.98,22.4,4279193
UAA,NYSE,2021/02/18 16:00:00,22.33,22.44,21.98,22.28,4579260
UAA,NYSE,2021/02/19 16:00:00,22.64,23.12,22.5,22.81,7010704
UAA,NYSE,2021/02/22 16:00:00,22.53,22.9,22.13,22.16,4846758
UAA,NYSE,2021/02/23 16:00:00,21.95,22.08,21.06,21.81,8624229
UAA,NYSE,2021/02/24 16:00:00,21.81,22.11,21.55,21.89,6849246
UAA,NYSE,2021/02/25 16:00:00,21.94,22.62,21.49,21.59,6187120
UAA,NYSE,2021/02/26 16:00:00,21.6,22.29,21.35,21.89,4500182
UAA,NYSE,2021/03/01 16:00:00,22.32,23.15,22.2,22.74,5747215
UAA,NYSE,2021/03/02 16:00:00,22.66,23.12,22.61,22.87,8022644
UAA,NYSE,2021/03/03 16:00:00,23.07,23.73,22.97,23.23,7028824
UAA,NYSE,2021/03/04 16:00:00,23.11,23.54,22.23,22.79,6628248
UAA,NYSE,2021/03/05 16:00:00,22.99,23.28,21.46,22.66,6948843
UAA,NYSE,2021/03/08 16:00:00,22.85,23.57,22.66,22.93,6798464
UAA,NYSE,2021/03/09 16:00:00,23.13,23.14,22.4,22.41,4301440
UAA,NYSE,2021/03/10 16:00:00,22.55,22.92,22.31,22.54,3964299
UAA,NYSE,2021/03/11 16:00:00,22.65,22.96,22.4,22.82,5019941
UAA,NYSE,2021/03/12 16:00:00,22.86,23.56,22.79,23.38,3851566
UAA,NYSE,2021/03/15 16:00:00,23.44,24.39,23.44,24.2,5684440
UAA,NYSE,2021/03/16 16:00:00,24.07,24.35,23.2,23.38,3985510
UAA,NYSE,2021/03/17 16:00:00,23.41,23.41,22.74,22.99,6696030
UAA,NYSE,2021/03/18 16:00:00,23.05,24.14,22.88,23.47,5555218
UAA,NYSE,2021/03/19 16:00:00,23.2,23.64,22.98,23.43,4049228
UAA,NYSE,2021/03/22 16:00:00,23.57,23.66,22.89,23.48,4135328
UAA,NYSE,2021/03/23 16:00:00,23.24,23.75,22.31,22.47,5187328
UAA,NYSE,2021/03/24 16:00:00,22.6,23.07,22.03,22.05,4333926
UAA,NYSE,2021/03/25 16:00:00,21.47,22.56,20.72,22.44,4703623
UAA,NYSE,2021/03/26 16:00:00,22.7,22.87,21.75,22.36,4480700
UAA,NYSE,2021/03/29 16:00:00,22.19,22.37,21.24,21.46,4987465
UAA,NYSE,2021/03/30 16:00:00,21.52,21.8,21.22,21.71,4006658
UAA,NYSE,2021/03/31 16:00:00,21.74,22.32,21.64,22.16,4799332
UAA,NYSE,2021/04/01 16:00:00,22.13,22.34,21.8,21.97,4350796
UAA,NYSE,2021/04/05 16:00:00,22.21,23.14,22.01,22.97,7651160
UAA,NYSE,2021/04/06 16:00:00,23,23.5,23,23.26,5259724
UAA,NYSE,2021/04/07 16:00:00,23.21,23.38,22.72,22.83,3677148
UAA,NYSE,2021/04/08 16:00:00,22.7,23.03,22.42,22.75,12874247
UAA,NYSE,2021/04/09 16:00:00,22.92,23.18,22.57,23,8834655
Y,NYSE,2019/04/01 16:00:00,616.16,622.14,616.16,621.73,97809
Y,NYSE,2019/04/02 16:00:00,622,622.51,611.46,613.06,108885
Y,NYSE,2019/04/03 16:00:00,617,627.35,612.82,619.55,148270
Y,NYSE,2019/04/04 16:00:00,620.79,622.91,616.36,617.86,100797
Y,NYSE,2019/04/05 16:00:00,619.05,622.03,616.8,617.2,56016
Y,NYSE,2019/04/08 16:00:00,617,622.27,615.18,616,62471
Y,NYSE,2019/04/09 16:00:00,614.29,616.2,608.9,609.11,68648
Y,NYSE,2019/04/10 16:00:00,609.21,618,609.21,617.63,76285
Y,NYSE,2019/04/11 16:00:00,618.9,628.93,616.38,622.47,55953
Y,NYSE,2019/04/12 16:00:00,626,628.86,623.51,627.1,53030
Y,NYSE,2019/04/15 16:00:00,627.88,634.32,625.28,628.8,75595
Y,NYSE,2019/04/16 16:00:00,631.52,640.55,631.52,639.79,88903
Y,NYSE,2019/04/17 16:00:00,640.86,644.12,632.45,637.54,79477
Y,NYSE,2019/04/18 16:00:00,639.85,655.03,639.85,646.92,148364
Y,NYSE,2019/04/22 16:00:00,644.11,644.69,636.92,642.28,110214
Y,NYSE,2019/04/23 16:00:00,642.26,653.59,642.26,651.74,106205
Y,NYSE,2019/04/24 16:00:00,652.45,656.94,646.37,646.37,60091
Y,NYSE,2019/04/25 16:00:00,645.81,651.35,640.26,647.99,57930
Y,NYSE,2019/04/26 16:00:00,648.82,653.19,645,653.07,51511
Y,NYSE,2019/04/29 16:00:00,652.61,654,647.29,648.94,64255
Y,NYSE,2019/04/30 16:00:00,648.89,656.88,647.99,656.88,103879
Y,NYSE,2019/05/01 16:00:00,657.47,659.81,652.34,656.9,114597
Y,NYSE,2019/05/02 16:00:00,657.4,659.71,647.9,655.3,94489
Y,NYSE,2019/05/03 16:00:00,658.17,663.96,656,662.82,53469
Y,NYSE,2019/05/06 16:00:00,654.01,670.51,654.01,666.31,135150
Y,NYSE,2019/05/07 16:00:00,662.94,669.79,652.36,652.75,108443
Y,NYSE,2019/05/08 16:00:00,653.33,670.82,650.05,663.53,144171
Y,NYSE,2019/05/09 16:00:00,659.63,678.35,655.3,678.35,99203
Y,NYSE,2019/05/10 16:00:00,672.89,675,662.35,672.39,84280
Y,NYSE,2019/05/13 16:00:00,665.54,673.76,664.13,671.77,76396
Y,NYSE,2019/05/14 16:00:00,674.9,678.03,671.71,674.69,113043
Y,NYSE,2019/05/15 16:00:00,671.45,679.12,670.15,677.45,71739
Y,NYSE,2019/05/16 16:00:00,680.61,689.3,680.61,689.19,64467
Y,NYSE,2019/05/17 16:00:00,683.99,685.85,679.48,679.94,87733
Y,NYSE,2019/05/20 16:00:00,676.68,685.38,676.68,684.01,96231
Y,NYSE,2019/05/21 16:00:00,685,687.4,683.81,685.98,116225
Y,NYSE,2019/05/22 16:00:00,683.05,688.02,680.03,686.61,67501
Y,NYSE,2019/05/23 16:00:00,683.88,685.21,678.16,684.64,66095
Y,NYSE,2019/05/24 16:00:00,687.26,689.08,680.07,685.85,111837
Y,NYSE,2019/05/28 16:00:00,686.49,691.99,671.67,671.89,213568
Y,NYSE,2019/05/29 16:00:00,670,673.49,666.8,671.38,68506
Y,NYSE,2019/05/30 16:00:00,671.66,675.5,664.46,666,72206
Y,NYSE,2019/05/31 16:00:00,660.64,665.31,656.13,663.3,102678
Y,NYSE,2019/06/03 16:00:00,662.42,678.45,660.65,678.45,175524
Y,NYSE,2019/06/04 16:00:00,684.4,684.4,674.14,683.58,94247
Y,NYSE,2019/06/05 16:00:00,683.05,694.02,680.6,693.19,67062
Y,NYSE,2019/06/06 16:00:00,694.67,697.33,692.2,692.2,79174
Y,NYSE,2019/06/07 16:00:00,693.49,693.49,688.56,690.74,53587
Y,NYSE,2019/06/10 16:00:00,691.73,691.73,684.32,684.74,34234
Y,NYSE,2019/06/11 16:00:00,687.01,687.01,677.57,684.51,118274
Y,NYSE,2019/06/12 16:00:00,684.41,687.72,680.15,686.8,126633
Y,NYSE,2019/06/13 16:00:00,687.49,690.05,679.23,687,135843
Y,NYSE,2019/06/14 16:00:00,687.64,693.3,684,690.85,148087
Y,NYSE,2019/06/17 16:00:00,691.94,691.94,685.7,687.01,78146
Y,NYSE,2019/06/18 16:00:00,688.66,692.8,676.1,678.49,90951
Y,NYSE,2019/06/19 16:00:00,679.53,684.61,671.71,682.48,129727
Y,NYSE,2019/06/20 16:00:00,686.03,689.83,679.13,686.52,224157
Y,NYSE,2019/06/21 16:00:00,684.4,691.96,681.05,686.71,134442
Y,NYSE,2019/06/24 16:00:00,686.27,687.62,678.72,681.93,101133
Y,NYSE,2019/06/25 16:00:00,682.1,688.43,678.21,680,91793
Y,NYSE,2019/06/26 16:00:00,682.34,682.34,669.27,670.19,126273
Y,NYSE,2019/06/27 16:00:00,672,674.51,666.88,674.14,70658
Y,NYSE,2019/06/28 16:00:00,676.46,683.7,673.25,681.11,116850
Y,NYSE,2019/07/01 16:00:00,687.06,694.61,682.33,693.79,87851
Y,NYSE,2019/07/02 16:00:00,695,699.73,693.33,696.59,66054
Y,NYSE,2019/07/03 13:00:00,697.28,705.08,697.28,702.45,45459
Y,NYSE,2019/07/05 16:00:00,699.95,706,696.35,705.92,58297
Y,NYSE,2019/07/08 16:00:00,704.63,704.63,695.91,698.98,97724
Y,NYSE,2019/07/09 16:00:00,698,714.45,698,710.66,104814
Y,NYSE,2019/07/10 16:00:00,713.16,714.6,701.18,703.44,62372
Y,NYSE,2019/07/11 16:00:00,703.4,705.45,696.55,703.27,61839
Y,NYSE,2019/07/12 16:00:00,704.3,707.12,698.56,704.7,69686
Y,NYSE,2019/07/15 16:00:00,705.87,713.66,705,707.29,52822
Y,NYSE,2019/07/16 16:00:00,706.44,711,696.96,697,43542
Y,NYSE,2019/07/17 16:00:00,696,698.06,691.44,691.44,83051
Y,NYSE,2019/07/18 16:00:00,690.14,701.33,690.14,698.42,64408
Y,NYSE,2019/07/19 16:00:00,699.51,702.51,692.19,693.12,47969
Y,NYSE,2019/07/22 16:00:00,692.3,692.3,684.62,686.18,41403
Y,NYSE,2019/07/23 16:00:00,686.18,690.38,677,688.81,43781
Y,NYSE,2019/07/24 16:00:00,687.42,696.14,686.92,692.72,41245
Y,NYSE,2019/07/25 16:00:00,690.91,699.79,690,695.08,35698
Y,NYSE,2019/07/26 16:00:00,695.04,703.97,691.02,703.97,68656
Y,NYSE,2019/07/29 16:00:00,704.06,706.95,693.6,696.6,74540
Y,NYSE,2019/07/30 16:00:00,693.4,704.16,693.4,701.33,42835
Y,NYSE,2019/07/31 16:00:00,702.55,705.05,685.57,685.73,102189
Y,NYSE,2019/08/01 16:00:00,686.98,705,686.98,691.09,102099
Y,NYSE,2019/08/02 16:00:00,689.92,697.58,689.92,692.05,61132
Y,NYSE,2019/08/05 16:00:00,684.59,687.73,672.71,675.02,66577
Y,NYSE,2019/08/06 16:00:00,677.39,695.46,674.67,695.17,72127
Y,NYSE,2019/08/07 16:00:00,705,742.51,696.91,737.69,167212
Y,NYSE,2019/08/08 16:00:00,743.08,746.55,728.68,738.01,150159
Y,NYSE,2019/08/09 16:00:00,740.89,759.54,738.75,750.42,71405
Y,NYSE,2019/08/12 16:00:00,746.35,754.05,743.41,744.57,43423
Y,NYSE,2019/08/13 16:00:00,742.21,756.36,740.18,753.53,102586
Y,NYSE,2019/08/14 16:00:00,746.36,752.96,733.7,737.09,57403
Y,NYSE,2019/08/15 16:00:00,739.79,747.38,737.98,743.09,59382
Y,NYSE,2019/08/16 16:00:00,747.76,754.41,743.15,750.67,71113
Y,NYSE,2019/08/19 16:00:00,756.24,767.01,756.24,765.67,120696
Y,NYSE,2019/08/20 16:00:00,761.49,762.69,747.18,747.18,59039
Y,NYSE,2019/08/21 16:00:00,751.58,754.06,745.28,747.24,65046
Y,NYSE,2019/08/22 16:00:00,749.19,757.21,746.15,753.98,53982
Y,NYSE,2019/08/23 16:00:00,752.95,759.94,736.97,738.64,77363
Y,NYSE,2019/08/26 16:00:00,743.67,750.72,739.65,750.12,73942
Y,NYSE,2019/08/27 16:00:00,753.99,754.68,743.63,744.9,67092
Y,NYSE,2019/08/28 16:00:00,743.59,745.64,737.24,743.68,64159
Y,NYSE,2019/08/29 16:00:00,748.89,753.21,746.66,750.56,72296
Y,NYSE,2019/08/30 16:00:00,754.65,754.65,741.98,749.31,74343
Y,NYSE,2019/09/03 16:00:00,743.58,754.1,743.58,752.86,51898
Y,NYSE,2019/09/04 16:00:00,758.95,762.21,754.95,761.57,55645
Y,NYSE,2019/09/05 16:00:00,770.24,798.72,769.91,771.09,109796
Y,NYSE,2019/09/06 16:00:00,774.51,787.5,773.26,780.02,73891
Y,NYSE,2019/09/09 16:00:00,784.8,788.54,770.17,772.24,54607
Y,NYSE,2019/09/10 16:00:00,772.94,774.86,764.01,770.83,70598
Y,NYSE,2019/09/11 16:00:00,773.49,773.49,761.75,765.32,51943
Y,NYSE,2019/09/12 16:00:00,767.07,772.96,766.7,769.74,43975
Y,NYSE,2019/09/13 16:00:00,774.58,774.58,764.89,771.57,56714
Y,NYSE,2019/09/16 16:00:00,766.15,771.3,758.77,764.27,43683
Y,NYSE,2019/09/17 16:00:00,764.37,774.56,763.82,774.56,53374
Y,NYSE,2019/09/18 16:00:00,773.33,783.88,771,782.59,62934
Y,NYSE,2019/09/19 16:00:00,783.45,790.02,775.73,778.11,44296
Y,NYSE,2019/09/20 16:00:00,776.21,779.56,769.33,772.47,122073
Y,NYSE,2019/09/23 16:00:00,770.97,782.1,770.97,778.3,46152
Y,NYSE,2019/09/24 16:00:00,780.37,791.26,780.37,780.71,48136
Y,NYSE,2019/09/25 16:00:00,780.64,802.57,780.64,795.71,72577
Y,NYSE,2019/09/26 16:00:00,795.19,802.29,780.63,797.91,34152
Y,NYSE,2019/09/27 16:00:00,799.07,800.2,789.18,794.26,40039
Y,NYSE,2019/09/30 16:00:00,794.9,798.61,792.57,797.76,36463
Y,NYSE,2019/10/01 16:00:00,802.85,808.5,793.38,797.38,58459
Y,NYSE,2019/10/02 16:00:00,793.63,793.63,775.04,782.79,43131
Y,NYSE,2019/10/03 16:00:00,784,788.37,781.15,785.99,31971
Y,NYSE,2019/10/04 16:00:00,787.55,795.6,786,793.65,37240
Y,NYSE,2019/10/07 16:00:00,790.29,792.6,779.51,784.78,45880
Y,NYSE,2019/10/08 16:00:00,780.85,780.85,760.21,762.08,59844
Y,NYSE,2019/10/09 16:00:00,766.2,773.81,764.25,768.53,42373
Y,NYSE,2019/10/10 16:00:00,769.33,773.99,765.83,770.02,35834
Y,NYSE,2019/10/11 16:00:00,776.8,777.43,767.95,771.49,29837
Y,NYSE,2019/10/14 16:00:00,767.6,769.49,762.53,765.8,31824
Y,NYSE,2019/10/15 16:00:00,767.01,779.78,767.01,777.9,47291
Y,NYSE,2019/10/16 16:00:00,774.01,774.01,765.15,770.25,36114
Y,NYSE,2019/10/17 16:00:00,770.41,774.55,758.95,773.74,61073
Y,NYSE,2019/10/18 16:00:00,771.58,782.78,771.58,780.86,53675
Y,NYSE,2019/10/21 16:00:00,786.95,790.57,779.23,781,30272
Y,NYSE,2019/10/22 16:00:00,778.42,780.2,761.93,761.93,30830
Y,NYSE,2019/10/23 16:00:00,760.1,767.1,757.52,766.66,32830
Y,NYSE,2019/10/24 16:00:00,767.31,772.58,764.21,765.8,31313
Y,NYSE,2019/10/25 16:00:00,767.97,770.05,752.66,757.69,33732
Y,NYSE,2019/10/28 16:00:00,760,763.28,744.42,745.23,53455
Y,NYSE,2019/10/29 16:00:00,744.88,766.94,744.43,762.92,39651
Y,NYSE,2019/10/30 16:00:00,763.36,771.11,760.67,765.5,40360
Y,NYSE,2019/10/31 16:00:00,764.27,784.54,761.35,778.29,71831
Y,NYSE,2019/11/01 16:00:00,784.56,784.56,767.66,768.87,42060
Y,NYSE,2019/11/04 16:00:00,770.99,770.99,754.7,758.08,43732
Y,NYSE,2019/11/05 16:00:00,759.13,763.5,748.95,756.23,79531
Y,NYSE,2019/11/06 16:00:00,761.39,779.87,760,776.44,47588
Y,NYSE,2019/11/07 16:00:00,780.97,783.14,769.82,776.8,53392
Y,NYSE,2019/11/08 16:00:00,776.53,778.18,770.22,775.3,35133
Y,NYSE,2019/11/11 16:00:00,771.21,781.89,771.21,780.45,27813
Y,NYSE,2019/11/12 16:00:00,779.96,785.94,774.44,781.43,41682
Y,NYSE,2019/11/13 16:00:00,779.3,792.24,779.3,785.2,53756
Y,NYSE,2019/11/14 16:00:00,785.2,786.66,783.07,784,42235
Y,NYSE,2019/11/15 16:00:00,784.2,784.2,763.57,770.04,74218
Y,NYSE,2019/11/18 16:00:00,769.97,784.62,764.49,783.25,48500
Y,NYSE,2019/11/19 16:00:00,783.25,791.34,778.31,785.11,52258
Y,NYSE,2019/11/20 16:00:00,784.66,797.41,784.66,793.18,87133
Y,NYSE,2019/11/21 16:00:00,794.54,794.54,780.72,785.69,58323
Y,NYSE,2019/11/22 16:00:00,788,791.57,781.99,789.42,40048
Y,NYSE,2019/11/25 16:00:00,791.09,792.71,779.08,779.56,54983
Y,NYSE,2019/11/26 16:00:00,778.87,794.38,778.49,790.33,240559
Y,NYSE,2019/11/27 16:00:00,790.57,795.82,786.29,793.29,26515
Y,NYSE,2019/11/29 13:00:00,791.53,794.13,780.04,780.04,22936
Y,NYSE,2019/12/02 16:00:00,782.9,782.9,773.92,779.06,55812
Y,NYSE,2019/12/03 16:00:00,777.15,777.15,763.33,770.45,62081
Y,NYSE,2019/12/04 16:00:00,769.98,781.66,769.98,779.27,54457
Y,NYSE,2019/12/05 16:00:00,780.21,787.78,778.7,784.09,35546
Y,NYSE,2019/12/06 16:00:00,791.42,797.1,788.17,793.64,52344
Y,NYSE,2019/12/09 16:00:00,792.02,793.91,787.71,792.09,36298
Y,NYSE,2019/12/10 16:00:00,790.47,793.33,784.11,790.2,27688
Y,NYSE,2019/12/11 16:00:00,790.43,792.92,785.67,788.03,29044
Y,NYSE,2019/12/12 16:00:00,787.23,798.94,785.28,797.86,47490
Y,NYSE,2019/12/13 16:00:00,796.52,798,785.6,794.68,58879
Y,NYSE,2019/12/16 16:00:00,797.94,803.85,792.51,796.29,45795
Y,NYSE,2019/12/17 16:00:00,797.47,801.85,794.27,801.85,40533
Y,NYSE,2019/12/18 16:00:00,799.69,800.98,792.11,793.11,99360
Y,NYSE,2019/12/19 16:00:00,796,806.13,788.05,801.48,57365
Y,NYSE,2019/12/20 16:00:00,805.21,812.6,794.55,798.61,201329
Y,NYSE,2019/12/23 16:00:00,800.06,800.82,791.96,794.49,47086
Y,NYSE,2019/12/24 13:00:00,794.59,796.9,791.51,791.51,25753
Y,NYSE,2019/12/26 16:00:00,793.59,799.39,790.07,793.76,33299
Y,NYSE,2019/12/27 16:00:00,796.25,799.86,792.9,794.71,41803
Y,NYSE,2019/12/30 16:00:00,795.99,803.2,792.11,802.01,38693
Y,NYSE,2019/12/31 16:00:00,800.52,806.79,797.96,799.57,48683
Y,NYSE,2020/01/02 16:00:00,803.37,809.74,796.27,809.74,58060
Y,NYSE,2020/01/03 16:00:00,805.7,814.83,799.81,805.53,40466
Y,NYSE,2020/01/06 16:00:00,800.04,808.68,800.04,806.12,60765
Y,NYSE,2020/01/07 16:00:00,804.46,804.46,798.5,798.82,50839
Y,NYSE,2020/01/08 16:00:00,797.02,806.99,796.66,797.7,77241
Y,NYSE,2020/01/09 16:00:00,799.7,807.22,799.7,802.1,52323
Y,NYSE,2020/01/10 16:00:00,803.4,803.4,785.14,788.86,67826
Y,NYSE,2020/01/13 16:00:00,790,796.82,787,791.7,89045
Y,NYSE,2020/01/14 16:00:00,790.37,800.78,790,797.07,64908
Y,NYSE,2020/01/15 16:00:00,794.9,804.9,794.9,800.9,43021
Y,NYSE,2020/01/16 16:00:00,800.9,808.03,800.9,807.75,62269
Y,NYSE,2020/01/17 16:00:00,808.75,816.56,807.51,816.56,53504
Y,NYSE,2020/01/21 16:00:00,814.3,816,803.44,804.81,47815
Y,NYSE,2020/01/22 16:00:00,806.17,808.75,803.16,807.01,53445
Y,NYSE,2020/01/23 16:00:00,803.84,809.63,795.47,809.39,47160
Y,NYSE,2020/01/24 16:00:00,809.99,810.89,802.94,804.85,30280
Y,NYSE,2020/01/27 16:00:00,796.8,803.17,795.76,795.76,34362
Y,NYSE,2020/01/28 16:00:00,797,809.94,797,799.35,65849
Y,NYSE,2020/01/29 16:00:00,801.67,803.84,795.42,797.37,40611
Y,NYSE,2020/01/30 16:00:00,797.91,812.51,794.46,811.83,78196
Y,NYSE,2020/01/31 16:00:00,810.75,814.5,797.66,797.66,44957
Y,NYSE,2020/02/03 16:00:00,801.15,813.68,787.01,808.91,58400
Y,NYSE,2020/02/04 16:00:00,816.08,820.99,811.06,816.46,33142
Y,NYSE,2020/02/05 16:00:00,817.85,827.69,816.05,819.71,31816
Y,NYSE,2020/02/06 16:00:00,819.91,828.85,818.67,821.25,24063
Y,NYSE,2020/02/07 16:00:00,819.6,824.7,816.45,819.59,33114
Y,NYSE,2020/02/10 16:00:00,818.88,821,812.5,819.5,64842
Y,NYSE,2020/02/11 16:00:00,822,826.48,817.29,821.88,40040
Y,NYSE,2020/02/12 16:00:00,824.48,824.48,813.13,815.85,30747
Y,NYSE,2020/02/13 16:00:00,813.48,828.32,813.48,822.58,62384
Y,NYSE,2020/02/14 16:00:00,823.92,829.54,821.05,825.22,36535
Y,NYSE,2020/02/18 16:00:00,819,837.13,819,836.09,47334
Y,NYSE,2020/02/19 16:00:00,836.92,847.95,829.52,839.47,76120
Y,NYSE,2020/02/20 16:00:00,826.88,826.88,792.5,800.43,92070
Y,NYSE,2020/02/21 16:00:00,796.81,802.22,787.01,788.15,59673
Y,NYSE,2020/02/24 16:00:00,776.33,786,772.19,776,48932
Y,NYSE,2020/02/25 16:00:00,777.15,777.27,751.03,751.81,63000
Y,NYSE,2020/02/26 16:00:00,753.98,760.49,743.24,743.24,67068
Y,NYSE,2020/02/27 16:00:00,732.1,739.47,704.87,704.87,61297
Y,NYSE,2020/02/28 16:00:00,685.87,695.67,666.69,672.25,132017
Y,NYSE,2020/03/02 16:00:00,675.81,722.75,675.81,719.72,122733
Y,NYSE,2020/03/03 16:00:00,718.59,727.81,696.69,703.83,98930
Y,NYSE,2020/03/04 16:00:00,701.73,727.72,701.2,725.34,90004
Y,NYSE,2020/03/05 16:00:00,706.52,715.22,690.4,699.57,79017
Y,NYSE,2020/03/06 16:00:00,678.42,686.77,657.94,674.17,128914
Y,NYSE,2020/03/09 16:00:00,647,647,598.54,608.67,100027
Y,NYSE,2020/03/10 16:00:00,627.1,628.49,586.04,616.04,121789
Y,NYSE,2020/03/11 16:00:00,600.3,604.54,576.1,582,106271
Y,NYSE,2020/03/12 16:00:00,537.43,549.73,507.64,525.54,138527
Y,NYSE,2020/03/13 16:00:00,556.91,596.21,522.2,594.94,125676
Y,NYSE,2020/03/16 16:00:00,569.16,569.16,504.66,504.66,83247
Y,NYSE,2020/03/17 16:00:00,515.59,570.23,500.19,569.23,119500
Y,NYSE,2020/03/18 16:00:00,531.87,543.94,463.06,493.22,87517
Y,NYSE,2020/03/19 16:00:00,488.85,499.12,472.89,482.62,97039
Y,NYSE,2020/03/20 16:00:00,483.4,518.69,454.39,467.71,160164
Y,NYSE,2020/03/23 16:00:00,462.71,468.74,426.87,452.84,117978
Y,NYSE,2020/03/24 16:00:00,478.37,492.35,462.01,486.74,86253
Y,NYSE,2020/03/25 16:00:00,489.73,539.51,480.77,515.83,98352
Y,NYSE,2020/03/26 16:00:00,521.6,561.26,521.6,559.97,79218
Y,NYSE,2020/03/27 16:00:00,540.56,565.63,534.38,547.8,66405
Y,NYSE,2020/03/30 16:00:00,556.32,566.38,536.42,565.6,89128
Y,NYSE,2020/03/31 16:00:00,563.21,571.75,536.92,552.35,135174
Y,NYSE,2020/04/01 16:00:00,527.47,534.91,512.49,514.7,58770
Y,NYSE,2020/04/02 16:00:00,518.95,539.34,512.39,529.95,56146
Y,NYSE,2020/04/03 16:00:00,520.95,529.01,500.01,500.01,49988
Y,NYSE,2020/04/06 16:00:00,519.67,544.38,519.67,539.26,59380
Y,NYSE,2020/04/07 16:00:00,558.93,577.67,536.39,540.51,81093
Y,NYSE,2020/04/08 16:00:00,546.1,565.87,536.87,560.34,57315
Y,NYSE,2020/04/09 16:00:00,560.39,602.14,560.39,584.82,63850
Y,NYSE,2020/04/13 16:00:00,581.82,581.82,564.03,564.03,36037
Y,NYSE,2020/04/14 16:00:00,579.8,584.47,555.28,560.91,46305
Y,NYSE,2020/04/15 16:00:00,552.5,554.6,537.11,540.33,42886
Y,NYSE,2020/04/16 16:00:00,538,538,521.35,530.94,52136
Y,NYSE,2020/04/17 16:00:00,554.39,558.52,535.38,558.52,45485
Y,NYSE,2020/04/20 16:00:00,545,549.38,531.76,545.92,48040
Y,NYSE,2020/04/21 16:00:00,530.03,543.65,521.01,532.9,65047
Y,NYSE,2020/04/22 16:00:00,539.43,539.43,519.41,519.41,66256
Y,NYSE,2020/04/23 16:00:00,521.14,528.44,515.42,519.35,74595
Y,NYSE,2020/04/24 16:00:00,526.85,533.38,515.34,524.97,50732
Y,NYSE,2020/04/27 16:00:00,533,550.15,528.93,549.02,31033
Y,NYSE,2020/04/28 16:00:00,561.47,572.11,547.14,549.81,55334
Y,NYSE,2020/04/29 16:00:00,563.6,570.03,555.65,567.75,41674
Y,NYSE,2020/04/30 16:00:00,555.28,555.28,533.71,533.71,60208
Y,NYSE,2020/05/01 16:00:00,524,524,505.5,506.86,88624
Y,NYSE,2020/05/04 16:00:00,500,504.56,494.67,499.91,82197
Y,NYSE,2020/05/05 16:00:00,505,517.4,495.4,501.04,107870
Y,NYSE,2020/05/06 16:00:00,505.6,516,482.94,492.09,97737
Y,NYSE,2020/05/07 16:00:00,499.84,520.33,495.8,511.07,83735
Y,NYSE,2020/05/08 16:00:00,520.42,537.78,515.5,530.5,70467
Y,NYSE,2020/05/11 16:00:00,523.01,526.38,503.36,512.98,85405
Y,NYSE,2020/05/12 16:00:00,511.57,513.71,484.68,484.85,64730
Y,NYSE,2020/05/13 16:00:00,480.11,480.11,451.82,451.86,87399
Y,NYSE,2020/05/14 16:00:00,446.87,465.42,434.53,460.77,67397
Y,NYSE,2020/05/15 16:00:00,457.72,460.74,447.86,458.52,111105
Y,NYSE,2020/05/18 16:00:00,479.12,491.55,478.58,487.11,93038
Y,NYSE,2020/05/19 16:00:00,489.36,490.45,469.24,469.4,72865
Y,NYSE,2020/05/20 16:00:00,475.25,500.94,470.01,498.9,112213
Y,NYSE,2020/05/21 16:00:00,494.14,506.95,494.14,501.11,75602
Y,NYSE,2020/05/22 16:00:00,500,504.4,486.5,500.96,75806
Y,NYSE,2020/05/26 16:00:00,521.21,529.68,514.95,522.06,100425
Y,NYSE,2020/05/27 16:00:00,537.75,539.55,522.56,529.54,52563
Y,NYSE,2020/05/28 16:00:00,537.99,537.99,525.52,528.31,37307
Y,NYSE,2020/05/29 16:00:00,522.97,523.36,507.81,513.1,101116
Y,NYSE,2020/06/01 16:00:00,512.5,517.3,510.23,512.11,45975
Y,NYSE,2020/06/02 16:00:00,513.23,532.09,509.66,525.99,49639
Y,NYSE,2020/06/03 16:00:00,530,547.63,530,547.23,48522
Y,NYSE,2020/06/04 16:00:00,541.29,554.16,536.02,553.8,57478
Y,NYSE,2020/06/05 16:00:00,581.49,588.43,566.24,579.26,59817
Y,NYSE,2020/06/08 16:00:00,581.8,591.5,578.34,585.99,59182
Y,NYSE,2020/06/09 16:00:00,573.52,575.1,561.47,561.88,50227
Y,NYSE,2020/06/10 16:00:00,555.75,555.75,530.02,530.02,113605
Y,NYSE,2020/06/11 16:00:00,506.15,516.27,495.75,496.99,126978
Y,NYSE,2020/06/12 16:00:00,520.92,520.92,489.14,504.28,68662
Y,NYSE,2020/06/15 16:00:00,485.01,514.92,479.88,507.02,70976
Y,NYSE,2020/06/16 16:00:00,525.86,527.03,504.34,506.28,45117
Y,NYSE,2020/06/17 16:00:00,506.02,511.44,500.74,505.14,52394
Y,NYSE,2020/06/18 16:00:00,499.37,508.72,498.21,500.34,54773
Y,NYSE,2020/06/19 16:00:00,508.74,508.74,482.83,483.52,123710
Y,NYSE,2020/06/22 16:00:00,480.13,490.58,477.6,486.08,126573
Y,NYSE,2020/06/23 16:00:00,495,496,485.91,485.91,100877
Y,NYSE,2020/06/24 16:00:00,479.15,485.79,460.58,467.08,93311
Y,NYSE,2020/06/25 16:00:00,464,490.35,462.54,489.5,90222
Y,NYSE,2020/06/26 16:00:00,480.6,482.77,470.84,475.9,121707
Y,NYSE,2020/06/29 16:00:00,481.74,491.69,478,486.44,44770
Y,NYSE,2020/06/30 16:00:00,490.84,495.38,484.34,489.14,64223
Y,NYSE,2020/07/01 16:00:00,489.34,492.81,480.68,485.44,55287
Y,NYSE,2020/07/02 16:00:00,495.49,502.18,487.76,491.02,67496
Y,NYSE,2020/07/06 16:00:00,502.02,504.01,483.32,488.82,54042
Y,NYSE,2020/07/07 16:00:00,493.85,494.72,485,485.02,73946
Y,NYSE,2020/07/08 16:00:00,486.5,492.96,483.07,487.76,57287
Y,NYSE,2020/07/09 16:00:00,486.47,486.47,467.55,471.19,73617
Y,NYSE,2020/07/10 16:00:00,471.19,489.53,471.19,488.14,39182
Y,NYSE,2020/07/13 16:00:00,493.46,500.75,488.01,491.31,43400
Y,NYSE,2020/07/14 16:00:00,491.33,501.36,489.09,498.68,46616
Y,NYSE,2020/07/15 16:00:00,514.9,521.6,508.39,520.43,48595
Y,NYSE,2020/07/16 16:00:00,518.58,538.57,517.04,536.5,70905
Y,NYSE,2020/07/17 16:00:00,534.97,540.6,519.93,522.01,58103
Y,NYSE,2020/07/20 16:00:00,518.09,518.3,510.16,512.49,51296
Y,NYSE,2020/07/21 16:00:00,515.9,527.71,513.36,517.73,43851
Y,NYSE,2020/07/22 16:00:00,512.64,529.03,512.64,529.03,40132
Y,NYSE,2020/07/23 16:00:00,523.27,538.78,523.27,532.93,50242
Y,NYSE,2020/07/24 16:00:00,537.49,540.13,533.82,537,77546
Y,NYSE,2020/07/27 16:00:00,535.65,535.65,520.8,524.81,55985
Y,NYSE,2020/07/28 16:00:00,521.01,526.13,517.81,518.2,41111
Y,NYSE,2020/07/29 16:00:00,515.7,532.12,515.7,530.5,50219
Y,NYSE,2020/07/30 16:00:00,518.69,526.48,512.41,520.86,31435
Y,NYSE,2020/07/31 16:00:00,518.6,525.28,513.69,522.32,48837
Y,NYSE,2020/08/03 16:00:00,528.34,533.41,521.02,531.26,58401
Y,NYSE,2020/08/04 16:00:00,527.04,534.19,525.71,525.75,64432
Y,NYSE,2020/08/05 16:00:00,510,540.41,510,521.51,106474
Y,NYSE,2020/08/06 16:00:00,522.32,527.28,518.72,519.57,46847
Y,NYSE,2020/08/07 16:00:00,516.33,540.74,516.33,539.67,36736
Y,NYSE,2020/08/10 16:00:00,544.2,567.72,542,563.71,63538
Y,NYSE,2020/08/11 16:00:00,573.26,583.45,552.72,554.62,73877
Y,NYSE,2020/08/12 16:00:00,562.29,562.29,549.43,550.46,43163
Y,NYSE,2020/08/13 16:00:00,545.54,556.97,545,546.39,51483
Y,NYSE,2020/08/14 16:00:00,540.4,562.31,540.4,549.7,42245
Y,NYSE,2020/08/17 16:00:00,547.49,551.67,535.23,538.12,62847
Y,NYSE,2020/08/18 16:00:00,534.76,546.98,534.76,540.76,67357
Y,NYSE,2020/08/19 16:00:00,544.83,544.83,530.65,531.25,59445
Y,NYSE,2020/08/20 16:00:00,524.89,536.57,524.14,533.64,49483
Y,NYSE,2020/08/21 16:00:00,533.65,546.54,533.5,538.64,57873
Y,NYSE,2020/08/24 16:00:00,539.94,546.95,539.94,546.37,41820
Y,NYSE,2020/08/25 16:00:00,547.66,549.66,542.25,548.47,53194
Y,NYSE,2020/08/26 16:00:00,548.91,548.91,542.79,542.79,56413
Y,NYSE,2020/08/27 16:00:00,546.1,566.74,546.1,561.88,46343
Y,NYSE,2020/08/28 16:00:00,565,565,557,561.73,29641
Y,NYSE,2020/08/31 16:00:00,560,560,554.23,554.56,51011
Y,NYSE,2020/09/01 16:00:00,554,561.07,551,557.88,39173
Y,NYSE,2020/09/02 16:00:00,557.76,571.89,557.76,567.21,55770
Y,NYSE,2020/09/03 16:00:00,573.06,584.99,553.46,555.79,49897
Y,NYSE,2020/09/04 16:00:00,566.35,569.24,546.7,551.73,45674
Y,NYSE,2020/09/08 16:00:00,546.56,549.72,533.75,534.07,61100
Y,NYSE,2020/09/09 16:00:00,536.28,547.47,535.25,540.33,53027
Y,NYSE,2020/09/10 16:00:00,541,544.59,532.83,537.37,54502
Y,NYSE,2020/09/11 16:00:00,540.16,558.08,533.34,549.57,81365
Y,NYSE,2020/09/14 16:00:00,549.45,557.53,539,539,61794
Y,NYSE,2020/09/15 16:00:00,541.09,542.46,523.04,523.04,94633
Y,NYSE,2020/09/16 16:00:00,523.1,527.81,504.68,506,170658
Y,NYSE,2020/09/17 16:00:00,500.02,516.48,490,511.33,126455
Y,NYSE,2020/09/18 16:00:00,512.94,516.39,499.58,500.82,174046
Y,NYSE,2020/09/21 16:00:00,493.58,506.36,490.23,504.33,111279
Y,NYSE,2020/09/22 16:00:00,501.25,512.88,499.41,499.82,59110
Y,NYSE,2020/09/23 16:00:00,497.91,503.71,489.2,489.2,66375
Y,NYSE,2020/09/24 16:00:00,488,510.95,486.49,500.94,79134
Y,NYSE,2020/09/25 16:00:00,496.58,507.45,496.58,505.46,68247
Y,NYSE,2020/09/28 16:00:00,513.57,523.24,513.57,517.86,42735
Y,NYSE,2020/09/29 16:00:00,515.77,522.6,510.24,520.28,61863
Y,NYSE,2020/09/30 16:00:00,520.31,527.59,514.43,520.45,64092
Y,NYSE,2020/10/01 16:00:00,519.27,527.05,515.58,525.74,51247
Y,NYSE,2020/10/02 16:00:00,515.94,535.65,515.94,530.24,39538
Y,NYSE,2020/10/05 16:00:00,537.3,544.62,537.3,543.2,40189
Y,NYSE,2020/10/06 16:00:00,544.34,550.92,538.16,538.93,54817
Y,NYSE,2020/10/07 16:00:00,544.66,544.98,537.87,539.32,51113
Y,NYSE,2020/10/08 16:00:00,539.81,558.82,535.72,553.87,29256
Y,NYSE,2020/10/09 16:00:00,553.98,564.1,552.26,558.42,42810
Y,NYSE,2020/10/12 16:00:00,555.03,571.31,555.03,566.47,37541
Y,NYSE,2020/10/13 16:00:00,561.83,570.59,548.97,548.99,36396
Y,NYSE,2020/10/14 16:00:00,543.86,563.18,543.86,549.2,46253
Y,NYSE,2020/10/15 16:00:00,542.22,552.32,542.22,547.45,36165
Y,NYSE,2020/10/16 16:00:00,551.17,555.06,547.38,547.38,36347
Y,NYSE,2020/10/19 16:00:00,548.16,551.28,542.31,542.31,58117
Y,NYSE,2020/10/20 16:00:00,547.47,552.2,543.03,545.87,45587
Y,NYSE,2020/10/21 16:00:00,543.03,575.89,543.03,573,72123
Y,NYSE,2020/10/22 16:00:00,573.09,593.71,572.14,590.56,93113
Y,NYSE,2020/10/23 16:00:00,595.12,602.64,593.85,596.89,48806
Y,NYSE,2020/10/26 16:00:00,591.8,592.24,581.82,583.06,60060
Y,NYSE,2020/10/27 16:00:00,580.35,582,561.51,561.51,45689
Y,NYSE,2020/10/28 16:00:00,550.54,560.85,547.81,551.05,74664
Y,NYSE,2020/10/29 16:00:00,547.2,557.6,537.82,554.37,70176
Y,NYSE,2020/10/30 16:00:00,551.69,557.96,541.71,546.93,66735
Y,NYSE,2020/11/02 16:00:00,556.52,570.99,554.67,565.33,59693
Y,NYSE,2020/11/03 16:00:00,575,591.89,572.66,580.91,78946
Y,NYSE,2020/11/04 16:00:00,589.43,608.03,580.73,580.73,82588
Y,NYSE,2020/11/05 16:00:00,587.79,593.25,580.41,581.47,48225
Y,NYSE,2020/11/06 16:00:00,581.8,590.07,570.46,572.54,57353
Y,NYSE,2020/11/09 16:00:00,615.33,634.54,615.27,624.83,62653
Y,NYSE,2020/11/10 16:00:00,630.43,647.6,630,643.94,57119
Y,NYSE,2020/11/11 16:00:00,644.87,644.87,611.33,619.25,54573
Y,NYSE,2020/11/12 16:00:00,613.21,616.51,597.86,602.37,71003
Y,NYSE,2020/11/13 16:00:00,608.06,621.28,608.06,615.8,62480
Y,NYSE,2020/11/16 16:00:00,632.51,633.85,621.1,626.82,44730
Y,NYSE,2020/11/17 16:00:00,617.77,627.78,616.04,621.33,47110
Y,NYSE,2020/11/18 16:00:00,620.48,631.87,607.1,608.66,66647
Y,NYSE,2020/11/19 16:00:00,602.55,608.61,591.18,600.07,84205
Y,NYSE,2020/11/20 16:00:00,598.47,600.54,585.17,589.53,85323
Y,NYSE,2020/11/23 16:00:00,594.52,602.13,590.84,599.87,89363
Y,NYSE,2020/11/24 16:00:00,608.44,617.26,604.9,609.17,78951
Y,NYSE,2020/11/25 16:00:00,603.85,603.85,591.6,597.72,76166
Y,NYSE,2020/11/27 13:00:00,594.05,598.71,586.25,589.88,97904
Y,NYSE,2020/11/30 16:00:00,585.89,591.28,565.26,575.2,476154
Y,NYSE,2020/12/01 16:00:00,586.08,597.08,582.65,590.75,79878
Y,NYSE,2020/12/02 16:00:00,585.99,596.1,584.04,593.34,66615
Y,NYSE,2020/12/03 16:00:00,592.73,601.99,591.7,596.74,62162
Y,NYSE,2020/12/04 16:00:00,599.4,610.81,599.4,610.81,43589
Y,NYSE,2020/12/07 16:00:00,604.18,609.47,596.92,602.13,46973
Y,NYSE,2020/12/08 16:00:00,600,607.11,600,605.77,37006
Y,NYSE,2020/12/09 16:00:00,605.26,609.8,594.01,598.79,46076
Y,NYSE,2020/12/10 16:00:00,592.12,601.57,592.12,597.75,36136
Y,NYSE,2020/12/11 16:00:00,590.19,599.89,584.94,584.94,56611
Y,NYSE,2020/12/14 16:00:00,593.65,598.31,585.12,586.97,82049
Y,NYSE,2020/12/15 16:00:00,589.97,598.54,583.58,598.04,65885
Y,NYSE,2020/12/16 16:00:00,602.92,607.15,596.94,602.09,48543
Y,NYSE,2020/12/17 16:00:00,598.01,604.45,595.2,600.79,69381
Y,NYSE,2020/12/18 16:00:00,604.33,609.39,593,593,220026
Y,NYSE,2020/12/21 16:00:00,595.37,595.37,580.58,592.89,46439
Y,NYSE,2020/12/22 16:00:00,591.52,591.52,582.74,582.9,55740
Y,NYSE,2020/12/23 16:00:00,588.75,600.36,588.75,597.34,37171
Y,NYSE,2020/12/24 13:00:00,594.09,599.12,591.49,598.15,32932
Y,NYSE,2020/12/28 16:00:00,601.12,607.97,599.14,599.14,39163
Y,NYSE,2020/12/29 16:00:00,602,604.07,594.75,598.28,54283
Y,NYSE,2020/12/30 16:00:00,597.8,604.81,595.64,600.02,48062
Y,NYSE,2020/12/31 16:00:00,598.47,607.46,596.87,603.69,84793
Y,NYSE,2021/01/04 16:00:00,605.94,610.59,593.71,596.63,56856
Y,NYSE,2021/01/05 16:00:00,596.62,604.13,587.36,589.07,66239
Y,NYSE,2021/01/06 16:00:00,599.59,631.37,599.59,629.75,80079
Y,NYSE,2021/01/07 16:00:00,635.14,641.8,631.27,639.24,84799
Y,NYSE,2021/01/08 16:00:00,638,641.03,624.38,631.31,55681
Y,NYSE,2021/01/11 16:00:00,622.91,629.66,622.91,628.26,49602
Y,NYSE,2021/01/12 16:00:00,625.79,638.6,624.38,626.9,60325
Y,NYSE,2021/01/13 16:00:00,623.03,628.99,614.43,623.36,50076
Y,NYSE,2021/01/14 16:00:00,627.09,627.09,613.79,615.52,51222
Y,NYSE,2021/01/15 16:00:00,610,614.5,603.43,605.94,81824
Y,NYSE,2021/01/19 16:00:00,609.87,610.67,600.69,601.21,57884
Y,NYSE,2021/01/20 16:00:00,603,610.44,600,609.37,82332
Y,NYSE,2021/01/21 16:00:00,607.71,610.78,591.44,591.54,61665
Y,NYSE,2021/01/22 16:00:00,590,590.18,580.78,585.38,56419
Y,NYSE,2021/01/25 16:00:00,582.65,590.83,579.04,586.57,49157
Y,NYSE,2021/01/26 16:00:00,591.49,592.77,579.13,580.16,42905
Y,NYSE,2021/01/27 16:00:00,572.34,579.13,563.57,564.76,65741
Y,NYSE,2021/01/28 16:00:00,570.05,581.37,567.63,578.7,64798
Y,NYSE,2021/01/29 16:00:00,574.09,575.29,563.47,566.85,61112
Y,NYSE,2021/02/01 16:00:00,571.59,577.3,567.95,575.49,40593
Y,NYSE,2021/02/02 16:00:00,582.51,592.3,578.52,586.24,70496
Y,NYSE,2021/02/03 16:00:00,581.73,591.07,581.73,588.83,51834
Y,NYSE,2021/02/04 16:00:00,589.28,601.12,587.34,595.88,44948
Y,NYSE,2021/02/05 16:00:00,600,603.85,594.28,601.18,77844
Y,NYSE,2021/02/08 16:00:00,603.38,604.69,599.54,604.69,53071
Y,NYSE,2021/02/09 16:00:00,605,610.49,597.23,604.91,61715
Y,NYSE,2021/02/10 16:00:00,607.62,607.62,600.25,601.98,52936
Y,NYSE,2021/02/11 16:00:00,604.25,611.62,604.06,610,69465
Y,NYSE,2021/02/12 16:00:00,608.16,613.39,602.13,609.08,43322
Y,NYSE,2021/02/16 16:00:00,609.1,609.1,600.96,601.56,60012
Y,NYSE,2021/02/17 16:00:00,600.77,610.74,600.77,608.99,47133
Y,NYSE,2021/02/18 16:00:00,608.38,609.85,601.36,601.36,48075
Y,NYSE,2021/02/19 16:00:00,608.23,618.95,601.26,609.03,102682
Y,NYSE,2021/02/22 16:00:00,602.54,629.81,602.54,620,82038
Y,NYSE,2021/02/23 16:00:00,624.06,631.17,621.17,626.1,66926
Y,NYSE,2021/02/24 16:00:00,639.75,660,637.28,652,130351
Y,NYSE,2021/02/25 16:00:00,657.3,657.71,643.95,648.34,70252
Y,NYSE,2021/02/26 16:00:00,644.19,655.81,640.07,646.43,97682
Y,NYSE,2021/03/01 16:00:00,658.1,663.56,650.61,652.51,56688
Y,NYSE,2021/03/02 16:00:00,647.67,648.43,637.23,640.87,53940
Y,NYSE,2021/03/03 16:00:00,636.89,653.68,636.89,638.94,63868
Y,NYSE,2021/03/04 16:00:00,632.63,642.17,619.31,625.7,73921
Y,NYSE,2021/03/05 16:00:00,634.54,635.39,623.02,632.87,55342
Y,NYSE,2021/03/08 16:00:00,633.67,644.75,629.99,635.08,54766
Y,NYSE,2021/03/09 16:00:00,631.08,638.57,626.76,633.31,59457
Y,NYSE,2021/03/10 16:00:00,632.17,646.36,632.17,644.5,36845
Y,NYSE,2021/03/11 16:00:00,642.95,645.89,636.78,638.19,50867
Y,NYSE,2021/03/12 16:00:00,643.36,653,640.71,645.93,35684
Y,NYSE,2021/03/15 16:00:00,643.99,652.81,639.89,652.35,45177
Y,NYSE,2021/03/16 16:00:00,653.01,653.01,639.96,650.87,45281
Y,NYSE,2021/03/17 16:00:00,650.24,655.39,646.57,648.55,52224
Y,NYSE,2021/03/18 16:00:00,651.35,654.24,642.74,645.39,70255
Y,NYSE,2021/03/19 16:00:00,645.54,645.54,631.19,633.11,156335
Y,NYSE,2021/03/22 16:00:00,627.51,635.85,627.51,632.09,74588
Y,NYSE,2021/03/23 16:00:00,628,634.05,623.31,629.76,59744
Y,NYSE,2021/03/24 16:00:00,635,645.36,633.04,633.96,42475
Y,NYSE,2021/03/25 16:00:00,631.94,640.37,622.63,637.3,44658
Y,NYSE,2021/03/26 16:00:00,642.34,645.4,635.48,640.31,38420
Y,NYSE,2021/03/29 16:00:00,634.21,644.64,630.48,640.03,52643
Y,NYSE,2021/03/30 16:00:00,644.39,644.41,638.17,642.86,74537
Y,NYSE,2021/03/31 16:00:00,639.38,642.13,626.29,626.29,65883
Y,NYSE,2021/04/01 16:00:00,621.52,636.92,621.52,636.51,62952
Y,NYSE,2021/04/05 16:00:00,641.99,643.99,633.81,641.2,40586
Y,NYSE,2021/04/06 16:00:00,640.41,654.07,640.41,649.24,72705
Y,NYSE,2021/04/07 16:00:00,651.08,662.45,647.98,661.59,88541
Y,NYSE,2021/04/08 16:00:00,659.88,669.36,656.92,660.18,55425
Y,NYSE,2021/04/09 16:00:00,662.15,667.87,657.82,660.75,93490
ACI,NYSE,2020/06/26 16:00:00,15.5,16.5,15.31,15.45,37289540
ACI,NYSE,2020/06/29 16:00:00,15.89,16.01,15.5,15.57,7374005
ACI,NYSE,2020/06/30 16:00:00,15.57,15.9,15.45,15.77,5047192
ACI,NYSE,2020/07/01 16:00:00,15.79,15.89,15.55,15.76,3415231
ACI,NYSE,2020/07/02 16:00:00,15.82,15.89,15.6,15.81,7213077
ACI,NYSE,2020/07/06 16:00:00,15.78,15.78,15.38,15.52,3460806
ACI,NYSE,2020/07/07 16:00:00,15.4,15.44,15.1,15.18,4228006
ACI,NYSE,2020/07/08 16:00:00,15.11,15.31,15.04,15.16,3691465
ACI,NYSE,2020/07/09 16:00:00,15.11,15.19,14.73,14.75,5107052
ACI,NYSE,2020/07/10 16:00:00,14.77,14.86,14.11,14.6,6979252
ACI,NYSE,2020/07/13 16:00:00,14.6,14.6,13.93,14,4380110
ACI,NYSE,2020/07/14 16:00:00,13.92,14.72,13.72,14.59,4127624
ACI,NYSE,2020/07/15 16:00:00,14.67,14.91,14.17,14.62,2558353
ACI,NYSE,2020/07/16 16:00:00,14.52,15.14,14.5,14.98,2178859
ACI,NYSE,2020/07/17 16:00:00,15,15.39,14.98,15.35,1210589
ACI,NYSE,2020/07/20 16:00:00,15.46,15.84,15.3,15.59,1653008
ACI,NYSE,2020/07/21 16:00:00,15.99,16.05,15.54,15.67,4344534
ACI,NYSE,2020/07/22 16:00:00,15.9,16,15.65,16,1809101
ACI,NYSE,2020/07/23 16:00:00,16.12,16.24,15.9,16.03,1841590
ACI,NYSE,2020/07/24 16:00:00,16.1,16.16,15.9,16.11,2298928
ACI,NYSE,2020/07/27 16:00:00,16.04,16.12,15.04,15.24,9327449
ACI,NYSE,2020/07/28 16:00:00,15.3,15.33,15.03,15.1,2746222
ACI,NYSE,2020/07/29 16:00:00,15.1,15.5,15,15.37,3183650
ACI,NYSE,2020/07/30 16:00:00,15.32,15.47,14.94,14.95,2963068
ACI,NYSE,2020/07/31 16:00:00,14.96,15.08,14.86,14.86,1784564
ACI,NYSE,2020/08/03 16:00:00,14.92,14.95,14.44,14.83,1994088
ACI,NYSE,2020/08/04 16:00:00,14.72,15.22,14.71,15.18,1867852
ACI,NYSE,2020/08/05 16:00:00,15.17,15.73,15.15,15.47,2234392
ACI,NYSE,2020/08/06 16:00:00,15.65,15.7,15.18,15.27,1008248
ACI,NYSE,2020/08/07 16:00:00,15.34,15.59,15.13,15.35,969033
ACI,NYSE,2020/08/10 16:00:00,15.29,15.44,15.19,15.37,967218
ACI,NYSE,2020/08/11 16:00:00,15.39,15.44,14.8,14.92,1843976
ACI,NYSE,2020/08/12 16:00:00,14.92,15.01,14.72,14.8,1519194
ACI,NYSE,2020/08/13 16:00:00,14.74,14.91,14.61,14.9,1316521
ACI,NYSE,2020/08/14 16:00:00,14.93,15.09,14.7,14.85,1516254
ACI,NYSE,2020/08/17 16:00:00,14.87,15.23,14.8,14.93,2605002
ACI,NYSE,2020/08/18 16:00:00,15.24,15.25,14.91,15.07,1625204
ACI,NYSE,2020/08/19 16:00:00,15.2,15.34,15.05,15.19,1851126
ACI,NYSE,2020/08/20 16:00:00,15.09,15.23,14.95,15.04,1126963
ACI,NYSE,2020/08/21 16:00:00,14.93,15.05,14.84,14.9,1671686
ACI,NYSE,2020/08/24 16:00:00,14.92,14.94,14.53,14.57,2729283
ACI,NYSE,2020/08/25 16:00:00,14.6,14.62,14.38,14.59,2190543
ACI,NYSE,2020/08/26 16:00:00,14.59,14.7,14.51,14.7,1163271
ACI,NYSE,2020/08/27 16:00:00,14.65,14.73,14.42,14.66,1372279
ACI,NYSE,2020/08/28 16:00:00,14.66,14.66,14.3,14.36,1596129
ACI,NYSE,2020/08/31 16:00:00,14.3,14.32,13.77,13.79,2877716
ACI,NYSE,2020/09/01 16:00:00,13.85,14.19,13.55,13.94,3826175
ACI,NYSE,2020/09/02 16:00:00,14.07,14.12,13.86,14,2214029
ACI,NYSE,2020/09/03 16:00:00,13.95,14.14,13.4,13.54,2487807
ACI,NYSE,2020/09/04 16:00:00,13.54,13.65,13.12,13.51,2196979
ACI,NYSE,2020/09/08 16:00:00,13.5,13.5,13.06,13.18,2918428
ACI,NYSE,2020/09/09 16:00:00,13.32,13.95,13.31,13.88,2308118
ACI,NYSE,2020/09/10 16:00:00,13.97,14.3,13.97,14.14,2734851
ACI,NYSE,2020/09/11 16:00:00,14.19,14.45,13.88,14.15,2685302
ACI,NYSE,2020/09/14 16:00:00,14.2,14.21,13.6,13.64,2550195
ACI,NYSE,2020/09/15 16:00:00,13.83,13.92,13.15,13.26,2780606
ACI,NYSE,2020/09/16 16:00:00,13.21,13.49,13.16,13.16,3135895
ACI,NYSE,2020/09/17 16:00:00,13.16,13.52,13.1,13.31,2811987
ACI,NYSE,2020/09/18 16:00:00,13.42,13.45,12.91,13.06,5682609
ACI,NYSE,2020/09/21 16:00:00,13.48,13.81,13.26,13.66,8965883
ACI,NYSE,2020/09/22 16:00:00,14.15,14.26,13.76,13.9,5573655
ACI,NYSE,2020/09/23 16:00:00,14.12,14.12,13.6,13.62,2862564
ACI,NYSE,2020/09/24 16:00:00,13.53,13.59,13.17,13.38,2780179
ACI,NYSE,2020/09/25 16:00:00,13.51,13.56,13.3,13.55,1741841
ACI,NYSE,2020/09/28 16:00:00,13.69,13.82,13.5,13.61,1893762
ACI,NYSE,2020/09/29 16:00:00,13.61,13.78,13.53,13.75,1246004
ACI,NYSE,2020/09/30 16:00:00,13.78,14.01,13.71,13.85,2091605
ACI,NYSE,2020/10/01 16:00:00,13.85,14.04,13.72,13.77,1891791
ACI,NYSE,2020/10/02 16:00:00,13.55,13.87,13.53,13.74,1903901
ACI,NYSE,2020/10/05 16:00:00,13.88,14.12,13.84,13.9,4072800
ACI,NYSE,2020/10/06 16:00:00,14.01,14.15,13.72,13.82,1852014
ACI,NYSE,2020/10/07 16:00:00,13.91,14.03,13.81,13.9,1991338
ACI,NYSE,2020/10/08 16:00:00,14.01,14.16,13.85,14.02,1616546
ACI,NYSE,2020/10/09 16:00:00,14.08,14.33,14.04,14.26,1764772
ACI,NYSE,2020/10/12 16:00:00,14.32,14.8,14.32,14.48,2281934
ACI,NYSE,2020/10/13 16:00:00,14.58,14.76,14.37,14.7,1694938
ACI,NYSE,2020/10/14 16:00:00,14.75,14.83,14.12,14.27,5514426
ACI,NYSE,2020/10/15 16:00:00,14.33,14.35,14.07,14.29,3339183
ACI,NYSE,2020/10/16 16:00:00,14.42,14.65,14.22,14.26,2998190
ACI,NYSE,2020/10/19 16:00:00,14.78,14.78,14.16,14.38,4158688
ACI,NYSE,2020/10/20 16:00:00,15.3,15.45,14.63,15.22,16484746
ACI,NYSE,2020/10/21 16:00:00,15.28,15.44,14.96,14.98,4048843
ACI,NYSE,2020/10/22 16:00:00,15.11,15.17,14.66,14.7,4077556
ACI,NYSE,2020/10/23 16:00:00,14.72,14.84,14.56,14.83,1983295
ACI,NYSE,2020/10/26 16:00:00,14.75,15.16,14.67,14.8,2975935
ACI,NYSE,2020/10/27 16:00:00,14.83,15.09,14.75,14.89,2043251
ACI,NYSE,2020/10/28 16:00:00,14.67,15.73,14.64,15.11,6076073
ACI,NYSE,2020/10/29 16:00:00,15.03,15.26,14.84,15.15,3140311
ACI,NYSE,2020/10/30 16:00:00,14.97,15.25,14.59,14.69,3630079
ACI,NYSE,2020/11/02 16:00:00,14.8,14.85,14.23,14.66,3364659
ACI,NYSE,2020/11/03 16:00:00,14.72,15.28,14.72,15.22,2843800
ACI,NYSE,2020/11/04 16:00:00,15.12,15.52,15.1,15.45,2836213
ACI,NYSE,2020/11/05 16:00:00,15.46,15.64,15.3,15.52,3005235
ACI,NYSE,2020/11/06 16:00:00,15.55,15.63,15.38,15.49,1983367
ACI,NYSE,2020/11/09 16:00:00,15.14,15.14,13.9,14.8,7070532
ACI,NYSE,2020/11/10 16:00:00,14.79,15.05,14.75,14.99,2131745
ACI,NYSE,2020/11/11 16:00:00,15,15.39,14.94,14.98,2286635
ACI,NYSE,2020/11/12 16:00:00,15.07,15.21,14.95,15.13,1544517
ACI,NYSE,2020/11/13 16:00:00,15.17,15.2,14.88,15.15,1342474
ACI,NYSE,2020/11/16 16:00:00,15.16,15.66,15.16,15.61,2327198
ACI,NYSE,2020/11/17 16:00:00,15.61,15.8,15.33,15.73,2182685
ACI,NYSE,2020/11/18 16:00:00,15.79,15.95,15.61,15.75,1460310
ACI,NYSE,2020/11/19 16:00:00,15.83,16.02,15.73,15.75,1878715
ACI,NYSE,2020/11/20 16:00:00,15.77,15.99,15.7,15.71,1041467
ACI,NYSE,2020/11/23 16:00:00,15.8,16,15.5,15.92,2464260
ACI,NYSE,2020/11/24 16:00:00,15.92,16.02,15.84,15.9,1961021
ACI,NYSE,2020/11/25 16:00:00,15.86,15.95,15.7,15.8,1496814
ACI,NYSE,2020/11/27 13:00:00,15.81,15.97,15.77,15.86,961071
ACI,NYSE,2020/11/30 16:00:00,15.89,16.14,15.72,16.03,2371759
ACI,NYSE,2020/12/01 16:00:00,16,16.24,15.62,15.78,2169150
ACI,NYSE,2020/12/02 16:00:00,15.74,15.9,15.44,15.52,2349724
ACI,NYSE,2020/12/03 16:00:00,15.49,15.56,15.25,15.27,2301094
ACI,NYSE,2020/12/04 16:00:00,15.25,15.3,14.89,14.95,2927901
ACI,NYSE,2020/12/07 16:00:00,14.98,15.09,14.81,14.85,2859899
ACI,NYSE,2020/12/08 16:00:00,14.85,15.08,14.83,14.98,2179072
ACI,NYSE,2020/12/09 16:00:00,15.05,15.2,14.72,14.86,2736499
ACI,NYSE,2020/12/10 16:00:00,14.91,15.15,14.7,15.09,2464015
ACI,NYSE,2020/12/11 16:00:00,15.02,15.39,14.83,15.32,2558522
ACI,NYSE,2020/12/14 16:00:00,15.38,15.59,15.03,15.1,1313376
ACI,NYSE,2020/12/15 16:00:00,15.1,15.44,15.05,15.24,1694523
ACI,NYSE,2020/12/16 16:00:00,15.39,15.53,15.21,15.41,1626335
ACI,NYSE,2020/12/17 16:00:00,15.5,15.73,15.43,15.54,1582214
ACI,NYSE,2020/12/18 16:00:00,15.63,15.69,15.21,15.62,3736758
ACI,NYSE,2020/12/21 16:00:00,15.44,15.54,15.26,15.35,1638019
ACI,NYSE,2020/12/22 16:00:00,15.45,15.92,15.39,15.81,1996090
ACI,NYSE,2020/12/23 16:00:00,15.9,16.18,15.51,15.55,2659457
ACI,NYSE,2020/12/24 13:00:00,15.71,16.02,15.65,15.75,927809
ACI,NYSE,2020/12/28 16:00:00,15.82,16,15.71,15.98,1308269
ACI,NYSE,2020/12/29 16:00:00,15.99,16.77,15.98,16.64,3516847
ACI,NYSE,2020/12/30 16:00:00,16.75,17.57,16.61,16.85,3494981
ACI,NYSE,2020/12/31 16:00:00,16.98,17.78,16.77,17.58,3086193
ACI,NYSE,2021/01/04 16:00:00,17.6,17.82,17.01,17.12,2435273
ACI,NYSE,2021/01/05 16:00:00,17.06,17.5,16.98,17.05,1869152
ACI,NYSE,2021/01/06 16:00:00,17.12,17.64,17,17.36,3441297
ACI,NYSE,2021/01/07 16:00:00,17.11,17.36,16.82,16.85,2576994
ACI,NYSE,2021/01/08 16:00:00,16.82,16.98,16.15,16.61,2930566
ACI,NYSE,2021/01/11 16:00:00,16.56,16.81,16.18,16.75,3302065
ACI,NYSE,2021/01/12 16:00:00,17.59,18.25,16.88,17.1,7407972
ACI,NYSE,2021/01/13 16:00:00,16.89,17.15,16.79,17.12,2670307
ACI,NYSE,2021/01/14 16:00:00,17.15,17.76,17.08,17.46,2827431
ACI,NYSE,2021/01/15 16:00:00,17.5,17.77,17.23,17.29,2837859
ACI,NYSE,2021/01/19 16:00:00,17.37,17.87,17.15,17.79,2764045
ACI,NYSE,2021/01/20 16:00:00,17.38,17.74,17.14,17.33,2969256
ACI,NYSE,2021/01/21 16:00:00,17.3,17.55,17.3,17.38,1692236
ACI,NYSE,2021/01/22 16:00:00,17.3,17.54,17.28,17.5,2051341
ACI,NYSE,2021/01/25 16:00:00,17.41,19.28,17.39,18.59,5398355
ACI,NYSE,2021/01/26 16:00:00,18.39,19.81,18.05,19.5,5196788
ACI,NYSE,2021/01/27 16:00:00,19.29,20.62,19.28,20.42,7275761
ACI,NYSE,2021/01/28 16:00:00,19.83,20.13,17.52,17.58,5039184
ACI,NYSE,2021/01/29 16:00:00,17.82,18.39,17.22,17.37,3003873
ACI,NYSE,2021/02/01 16:00:00,17.58,17.78,16.83,17.08,2735414
ACI,NYSE,2021/02/02 16:00:00,17.02,17.09,16.33,16.48,4676697
ACI,NYSE,2021/02/03 16:00:00,16.49,16.64,16.1,16.55,1922567
ACI,NYSE,2021/02/04 16:00:00,16.6,16.9,16.35,16.71,1401952
ACI,NYSE,2021/02/05 16:00:00,16.77,17.03,16.61,16.93,1229205
ACI,NYSE,2021/02/08 16:00:00,16.99,17.21,16.65,16.84,1442220
ACI,NYSE,2021/02/09 16:00:00,17.04,17.05,16.47,16.75,2178020
ACI,NYSE,2021/02/10 16:00:00,16.75,16.86,16.51,16.62,2121024
ACI,NYSE,2021/02/11 16:00:00,16.69,16.73,16.47,16.62,1268197
ACI,NYSE,2021/02/12 16:00:00,16.73,16.74,16.39,16.49,1412752
ACI,NYSE,2021/02/16 16:00:00,16.45,16.59,16.25,16.47,2576019
ACI,NYSE,2021/02/17 16:00:00,16.51,16.56,16.16,16.3,2991606
ACI,NYSE,2021/02/18 16:00:00,16.2,16.51,16.08,16.4,2255626
ACI,NYSE,2021/02/19 16:00:00,16.39,16.61,16.37,16.59,1458095
ACI,NYSE,2021/02/22 16:00:00,16.4,16.78,16.31,16.49,2001039
ACI,NYSE,2021/02/23 16:00:00,16.43,16.6,16.01,16.25,1996610
ACI,NYSE,2021/02/24 16:00:00,16.37,16.55,16.18,16.48,1330496
ACI,NYSE,2021/02/25 16:00:00,16.53,16.92,16.31,16.48,1843430
ACI,NYSE,2021/02/26 16:00:00,16.52,16.64,15.97,16.17,2734995
ACI,NYSE,2021/03/01 16:00:00,16.25,16.96,16.17,16.66,2067289
ACI,NYSE,2021/03/02 16:00:00,16.67,17.09,16.52,16.65,2242325
ACI,NYSE,2021/03/03 16:00:00,16.72,17.83,16.71,17.72,2225714
ACI,NYSE,2021/03/04 16:00:00,17.5,18.03,17.5,17.93,2913096
ACI,NYSE,2021/03/05 16:00:00,17.92,18.35,17.59,17.75,2894809
ACI,NYSE,2021/03/08 16:00:00,17.79,17.8,16.98,17.12,2881064
ACI,NYSE,2021/03/09 16:00:00,17.16,17.6,17.14,17.17,1184260
ACI,NYSE,2021/03/10 16:00:00,17.31,17.9,17.15,17.89,1655615
ACI,NYSE,2021/03/11 16:00:00,18.1,18.4,17.9,18.22,2406761
ACI,NYSE,2021/03/12 16:00:00,18.07,18.47,18.01,18.37,886017
ACI,NYSE,2021/03/15 16:00:00,18.39,18.95,18.35,18.75,1582355
ACI,NYSE,2021/03/16 16:00:00,18.82,19.2,18.74,19,1426393
ACI,NYSE,2021/03/17 16:00:00,18.91,19.02,18.39,18.72,1577771
ACI,NYSE,2021/03/18 16:00:00,18.6,19.07,18,18.02,2128661
ACI,NYSE,2021/03/19 16:00:00,18.07,19.09,18.07,18.52,7271193
ACI,NYSE,2021/03/22 16:00:00,18.41,19.25,18.41,19.19,1405192
ACI,NYSE,2021/03/23 16:00:00,19.25,19.68,19.19,19.36,1929131
ACI,NYSE,2021/03/24 16:00:00,19.29,19.33,18.7,18.76,2663905
ACI,NYSE,2021/03/25 16:00:00,18.74,19.12,18.59,18.98,2257483
ACI,NYSE,2021/03/26 16:00:00,19.11,19.58,19.03,19.52,1273783
ACI,NYSE,2021/03/29 16:00:00,19.54,19.84,19.51,19.75,951774
ACI,NYSE,2021/03/30 16:00:00,19.86,20.05,19.35,19.75,1026735
ACI,NYSE,2021/03/31 16:00:00,19.81,19.85,19.02,19.07,1282272
ACI,NYSE,2021/04/01 16:00:00,19,19.05,18.32,18.4,2087927
ACI,NYSE,2021/04/05 16:00:00,18.5,18.75,18.35,18.67,1673784
ACI,NYSE,2021/04/06 16:00:00,18.7,18.7,18.37,18.66,1537352
ACI,NYSE,2021/04/07 16:00:00,18.64,18.69,18.51,18.6,1067951
ACI,NYSE,2021/04/08 16:00:00,18.73,18.91,18.51,18.78,1429238
ACI,NYSE,2021/04/09 16:00:00,18.67,18.94,18.55,18.85,773401
CMA,NYSE,2019/04/01 16:00:00,73.88,76.25,73.86,76.08,2311181
CMA,NYSE,2019/04/02 16:00:00,75.81,77.56,75.53,76.93,2282352
CMA,NYSE,2019/04/03 16:00:00,78.14,78.97,76.6,76.89,1904395
CMA,NYSE,2019/04/04 16:00:00,75.29,78.05,75.29,77.46,2197011
CMA,NYSE,2019/04/05 16:00:00,77.56,78.11,76.54,77.63,2283019
CMA,NYSE,2019/04/08 16:00:00,77.59,78.6,77.44,78.23,1837589
CMA,NYSE,2019/04/09 16:00:00,77.75,77.98,76.66,77.14,1347299
CMA,NYSE,2019/04/10 16:00:00,77.16,77.59,76.09,77.47,1924223
CMA,NYSE,2019/04/11 16:00:00,77.78,78.95,77.4,78.08,2159233
CMA,NYSE,2019/04/12 16:00:00,79.49,80.62,78.66,80.33,2358199
CMA,NYSE,2019/04/15 16:00:00,80,80.32,78.67,78.95,2218487
CMA,NYSE,2019/04/16 16:00:00,77.39,79.94,76.24,79.39,3417659
CMA,NYSE,2019/04/17 16:00:00,79.29,79.67,78.42,79.26,1802779
CMA,NYSE,2019/04/18 16:00:00,79.32,79.48,78.04,78.25,2017607
CMA,NYSE,2019/04/22 16:00:00,78.27,78.91,77.82,78.31,1277452
CMA,NYSE,2019/04/23 16:00:00,78.17,79.04,76.81,79.01,1872376
CMA,NYSE,2019/04/24 16:00:00,78.21,78.21,75.96,77.24,2086705
CMA,NYSE,2019/04/25 16:00:00,77.05,77.9,76.45,77.28,1880140
CMA,NYSE,2019/04/26 16:00:00,77.27,78.15,76.73,77.75,1180116
CMA,NYSE,2019/04/29 16:00:00,78.24,79.74,77.94,78.79,1823017
CMA,NYSE,2019/04/30 16:00:00,78.85,78.98,77.41,78.59,1756179
CMA,NYSE,2019/05/01 16:00:00,78.42,79.13,76.62,76.99,1817679
CMA,NYSE,2019/05/02 16:00:00,77.05,78.64,77.05,78.19,1415275
CMA,NYSE,2019/05/03 16:00:00,78.25,78.9,78.03,78.14,1506366
CMA,NYSE,2019/05/06 16:00:00,76.92,78.31,76.64,77.91,1082397
CMA,NYSE,2019/05/07 16:00:00,77.03,77.23,76.02,76.49,1445298
CMA,NYSE,2019/05/08 16:00:00,75.97,76.6,75.3,75.87,1899183
CMA,NYSE,2019/05/09 16:00:00,74.92,76.39,74.45,76.22,1763453
CMA,NYSE,2019/05/10 16:00:00,75.9,77.13,75.04,76.72,1485335
CMA,NYSE,2019/05/13 16:00:00,75.26,75.65,73.1,73.42,2229189
CMA,NYSE,2019/05/14 16:00:00,73.6,75.24,73.37,74.61,2395340
CMA,NYSE,2019/05/15 16:00:00,73.67,73.67,71.85,72.93,1663048
CMA,NYSE,2019/05/16 16:00:00,73.48,74.75,73.39,74.09,1566849
CMA,NYSE,2019/05/17 16:00:00,73.15,74.29,72.82,73.51,1052519
CMA,NYSE,2019/05/20 16:00:00,73.48,73.96,73.24,73.69,1289559
CMA,NYSE,2019/05/21 16:00:00,74.23,74.54,73.84,74.5,1079022
CMA,NYSE,2019/05/22 16:00:00,73.99,74.14,73.33,73.46,1075902
CMA,NYSE,2019/05/23 16:00:00,72.72,72.72,71.25,71.65,1261353
CMA,NYSE,2019/05/24 16:00:00,71.97,72.74,71.96,72.42,1295251
CMA,NYSE,2019/05/28 16:00:00,72.12,72.47,71.33,71.39,1587212
CMA,NYSE,2019/05/29 16:00:00,70.48,71.8,69.94,71.6,1723101
CMA,NYSE,2019/05/30 16:00:00,71.78,72.15,70.16,70.86,1175279
CMA,NYSE,2019/05/31 16:00:00,69.84,70.16,68.62,68.82,2212216
CMA,NYSE,2019/06/03 16:00:00,68.72,70.28,68.48,69.87,1634952
CMA,NYSE,2019/06/04 16:00:00,70.92,72.22,70.92,72.05,1669865
CMA,NYSE,2019/06/05 16:00:00,71.91,72.06,70.45,71.22,1704541
CMA,NYSE,2019/06/06 16:00:00,71.09,71.42,70.04,71.22,1389552
CMA,NYSE,2019/06/07 16:00:00,71.07,71.07,69.88,70.14,1860028
CMA,NYSE,2019/06/10 16:00:00,71.04,71.85,70.05,70.16,1927784
CMA,NYSE,2019/06/11 16:00:00,70.67,72.12,70.47,71.11,2255345
CMA,NYSE,2019/06/12 16:00:00,71.18,71.22,69.46,69.98,1671905
CMA,NYSE,2019/06/13 16:00:00,69.51,70.05,69.07,69.4,1405736
CMA,NYSE,2019/06/14 16:00:00,69.62,70.44,68.37,70.21,1349743
CMA,NYSE,2019/06/17 16:00:00,70.02,70.59,69.06,69.2,1100598
CMA,NYSE,2019/06/18 16:00:00,68.63,70.94,68.63,70.51,1718427
CMA,NYSE,2019/06/19 16:00:00,70.93,72.04,69.06,69.24,2444740
CMA,NYSE,2019/06/20 16:00:00,69.66,70.06,68.19,70.02,2170978
CMA,NYSE,2019/06/21 16:00:00,69.92,70.8,69.84,70.05,3068482
CMA,NYSE,2019/06/24 16:00:00,69.79,70.7,69.29,69.49,1488357
CMA,NYSE,2019/06/25 16:00:00,69.39,70.33,68.16,69.9,1912644
CMA,NYSE,2019/06/26 16:00:00,70.32,71.34,70.16,70.46,1495625
CMA,NYSE,2019/06/27 16:00:00,70.73,71.75,70.72,71.37,1646433
CMA,NYSE,2019/06/28 16:00:00,72.09,72.87,71.14,72.64,2698296
CMA,NYSE,2019/07/01 16:00:00,73.5,74.11,72.66,73.01,1643028
CMA,NYSE,2019/07/02 16:00:00,71.5,72.22,70.05,70.59,2568868
CMA,NYSE,2019/07/03 13:00:00,70.94,71.8,70.49,71.73,970747
CMA,NYSE,2019/07/05 16:00:00,72.56,73.47,72,72.98,1384308
CMA,NYSE,2019/07/08 16:00:00,72.23,72.65,71.67,71.88,1154408
CMA,NYSE,2019/07/09 16:00:00,71.47,72.68,71.35,72.65,1607796
CMA,NYSE,2019/07/10 16:00:00,72.66,72.92,71.22,71.48,1746351
CMA,NYSE,2019/07/11 16:00:00,71.32,72.89,71.02,72.55,1604337
CMA,NYSE,2019/07/12 16:00:00,72.5,72.97,72.12,72.84,1495953
CMA,NYSE,2019/07/15 16:00:00,72.85,72.95,71.09,71.38,1675038
CMA,NYSE,2019/07/16 16:00:00,71.58,72.17,70.83,71.75,2456818
CMA,NYSE,2019/07/17 16:00:00,69.99,69.99,67.39,69.19,3994394
CMA,NYSE,2019/07/18 16:00:00,68.82,70.22,68.64,69.34,3425108
CMA,NYSE,2019/07/19 16:00:00,69.25,70.8,68.06,70.67,3435718
CMA,NYSE,2019/07/22 16:00:00,70.39,71,69.82,70.34,1762659
CMA,NYSE,2019/07/23 16:00:00,70.51,71.43,70.15,71.25,2067087
CMA,NYSE,2019/07/24 16:00:00,70.97,72.74,70.97,72.37,1980761
CMA,NYSE,2019/07/25 16:00:00,72.64,72.99,71.47,71.79,1574382
CMA,NYSE,2019/07/26 16:00:00,72.01,73.3,71.67,73.07,1709848
CMA,NYSE,2019/07/29 16:00:00,72.8,73.52,72.09,72.09,2005322
CMA,NYSE,2019/07/30 16:00:00,71.52,73.24,71.44,73.23,1349624
CMA,NYSE,2019/07/31 16:00:00,73.02,74.05,72.31,73.2,4073648
CMA,NYSE,2019/08/01 16:00:00,72.99,73.08,68.19,68.41,3212075
CMA,NYSE,2019/08/02 16:00:00,68.49,68.95,66.43,67.89,1990561
CMA,NYSE,2019/08/05 16:00:00,65.17,66.03,63.77,64.43,2360024
CMA,NYSE,2019/08/06 16:00:00,65.74,65.94,63.84,65.13,1847335
CMA,NYSE,2019/08/07 16:00:00,63.1,63.4,62.06,62.7,2884355
CMA,NYSE,2019/08/08 16:00:00,63.58,63.87,62.8,63.22,2588624
CMA,NYSE,2019/08/09 16:00:00,62.83,63.06,62.06,62.63,1110314
CMA,NYSE,2019/08/12 16:00:00,61.86,61.86,60.79,61.2,1517656
CMA,NYSE,2019/08/13 16:00:00,60.81,63.17,60.75,61.88,2106543
CMA,NYSE,2019/08/14 16:00:00,60.01,60.69,59.26,59.77,2240474
CMA,NYSE,2019/08/15 16:00:00,59.89,60.24,59,59.27,1935958
CMA,NYSE,2019/08/16 16:00:00,59.86,61.62,59.86,61.33,1513410
CMA,NYSE,2019/08/19 16:00:00,62.65,62.65,61.84,62.07,1426714
CMA,NYSE,2019/08/20 16:00:00,61.45,61.45,60.69,60.89,1201594
CMA,NYSE,2019/08/21 16:00:00,61.65,61.77,60.99,61.53,1326208
CMA,NYSE,2019/08/22 16:00:00,62.04,62.46,61.18,61.56,1203972
CMA,NYSE,2019/08/23 16:00:00,61.07,61.87,59.34,59.62,1333257
CMA,NYSE,2019/08/26 16:00:00,60.26,60.5,59.4,59.82,1077612
CMA,NYSE,2019/08/27 16:00:00,59.99,60.41,58.54,58.8,1688006
CMA,NYSE,2019/08/28 16:00:00,58.68,60.34,58.6,60.07,1612307
CMA,NYSE,2019/08/29 16:00:00,60.59,61.83,60.53,61.53,2015873
CMA,NYSE,2019/08/30 16:00:00,62.09,62.65,61.55,61.65,1654152
CMA,NYSE,2019/09/03 16:00:00,60.88,61.1,59.53,59.93,2237618
CMA,NYSE,2019/09/04 16:00:00,60.01,60.75,59.96,60.53,1357403
CMA,NYSE,2019/09/05 16:00:00,61.67,63.4,61.44,62.38,3188146
CMA,NYSE,2019/09/06 16:00:00,62.25,62.75,61.14,61.61,2349506
CMA,NYSE,2019/09/09 16:00:00,61.41,63.62,60.06,63.21,3040788
CMA,NYSE,2019/09/10 16:00:00,63.77,64.7,62.96,64.07,2650342
CMA,NYSE,2019/09/11 16:00:00,64.07,65.83,62.51,65.77,2419024
CMA,NYSE,2019/09/12 16:00:00,63.74,65.3,62.74,64.76,2777680
CMA,NYSE,2019/09/13 16:00:00,65.71,66.39,64.91,65.6,2074611
CMA,NYSE,2019/09/16 16:00:00,64.16,66.55,64.16,66.5,1576782
CMA,NYSE,2019/09/17 16:00:00,65.92,65.93,64.85,65.48,1476099
CMA,NYSE,2019/09/18 16:00:00,64.98,67.18,64.69,66.92,2393451
CMA,NYSE,2019/09/19 16:00:00,66.59,66.97,65.81,66,1553380
CMA,NYSE,2019/09/20 16:00:00,66.53,66.87,65.73,65.97,3292419
CMA,NYSE,2019/09/23 16:00:00,65.31,66.31,65.03,65.81,1105243
CMA,NYSE,2019/09/24 16:00:00,65.71,65.91,64,64.52,1755130
CMA,NYSE,2019/09/25 16:00:00,64.65,65.78,64.55,65.5,1078624
CMA,NYSE,2019/09/26 16:00:00,65.16,65.67,64.86,64.98,1127488
CMA,NYSE,2019/09/27 16:00:00,65.61,66.62,65.27,65.79,728648
CMA,NYSE,2019/09/30 16:00:00,66,66.32,65.61,65.99,1169285
CMA,NYSE,2019/10/01 16:00:00,66.43,66.83,63.71,64.05,1736347
CMA,NYSE,2019/10/02 16:00:00,63.58,63.76,62.71,63.23,1311909
CMA,NYSE,2019/10/03 16:00:00,62.69,63.45,61.43,63.42,1662073
CMA,NYSE,2019/10/04 16:00:00,63.3,63.91,62.37,63.91,1116667
CMA,NYSE,2019/10/07 16:00:00,64.08,64.9,63.55,64.03,1125530
CMA,NYSE,2019/10/08 16:00:00,62.85,63.23,62.18,62.33,1394407
CMA,NYSE,2019/10/09 16:00:00,63,63.09,62.12,62.59,1313215
CMA,NYSE,2019/10/10 16:00:00,63.25,64.62,63.03,63.86,1506159
CMA,NYSE,2019/10/11 16:00:00,65.35,66.29,65.18,65.36,1750776
CMA,NYSE,2019/10/14 16:00:00,64.8,65.51,64.32,65.26,1146993
CMA,NYSE,2019/10/15 16:00:00,65.7,67.41,65.24,67,2020763
CMA,NYSE,2019/10/16 16:00:00,68,68,64.79,65.49,2340274
CMA,NYSE,2019/10/17 16:00:00,64.14,66.09,64.11,64.59,1944267
CMA,NYSE,2019/10/18 16:00:00,64.2,65.84,64.1,65.45,1673478
CMA,NYSE,2019/10/21 16:00:00,66.19,66.76,65.27,65.51,1439314
CMA,NYSE,2019/10/22 16:00:00,65.5,66.74,64.45,65.88,1814049
CMA,NYSE,2019/10/23 16:00:00,65.77,66.19,65.36,65.77,824034
CMA,NYSE,2019/10/24 16:00:00,66.12,66.13,64.2,64.66,1025178
CMA,NYSE,2019/10/25 16:00:00,64.58,65.92,64.58,65.59,1141891
CMA,NYSE,2019/10/28 16:00:00,66.06,66.93,65.8,66.44,1247128
CMA,NYSE,2019/10/29 16:00:00,66.05,67.1,65.93,66.98,1182855
CMA,NYSE,2019/10/30 16:00:00,66.69,67.29,65.61,66.52,1589735
CMA,NYSE,2019/10/31 16:00:00,65.99,66.05,64.01,65.42,1591615
CMA,NYSE,2019/11/01 16:00:00,66.21,67.72,65.67,67.62,1570835
CMA,NYSE,2019/11/04 16:00:00,68.48,70.2,68.32,70.09,2140387
CMA,NYSE,2019/11/05 16:00:00,70.67,71.91,70.51,71.17,1402733
CMA,NYSE,2019/11/06 16:00:00,71.07,71.07,69.24,70.35,1612890
CMA,NYSE,2019/11/07 16:00:00,71.24,72.61,71.19,71.78,1456205
CMA,NYSE,2019/11/08 16:00:00,71.49,71.95,70.91,71.83,976034
CMA,NYSE,2019/11/11 16:00:00,71.05,71.77,70.96,71.46,474743
CMA,NYSE,2019/11/12 16:00:00,71.45,71.94,70.92,71.42,1262243
CMA,NYSE,2019/11/13 16:00:00,70.5,70.73,69.54,70.04,1071175
CMA,NYSE,2019/11/14 16:00:00,69.61,69.91,68.63,69.56,1027909
CMA,NYSE,2019/11/15 16:00:00,70.04,70.23,69.45,69.96,816264
CMA,NYSE,2019/11/18 16:00:00,69.65,69.83,68.74,69.18,1161642
CMA,NYSE,2019/11/19 16:00:00,69.59,70,69.25,69.45,1347197
CMA,NYSE,2019/11/20 16:00:00,68.65,69.65,68.09,69.29,1510286
CMA,NYSE,2019/11/21 16:00:00,69.63,69.68,68.75,69.06,1023663
CMA,NYSE,2019/11/22 16:00:00,69.44,70.53,69.07,69.91,1018049
CMA,NYSE,2019/11/25 16:00:00,70.1,70.77,69.67,70.51,1023615
CMA,NYSE,2019/11/26 16:00:00,69.8,70.36,69.78,70.31,1710187
CMA,NYSE,2019/11/27 16:00:00,70.93,71.34,70.43,70.94,992717
CMA,NYSE,2019/11/29 13:00:00,70.98,71.08,70.27,70.41,364500
CMA,NYSE,2019/12/02 16:00:00,70.87,71.37,69.9,70.1,1201324
CMA,NYSE,2019/12/03 16:00:00,69.03,69.13,68.13,68.95,1260831
CMA,NYSE,2019/12/04 16:00:00,69.19,70.52,69.19,70.12,1011923
CMA,NYSE,2019/12/05 16:00:00,70.57,70.9,70.15,70.56,1223936
CMA,NYSE,2019/12/06 16:00:00,72,72.45,71.36,71.37,1194245
CMA,NYSE,2019/12/09 16:00:00,70.99,71.75,70.65,70.75,2266142
CMA,NYSE,2019/12/10 16:00:00,70.55,71.03,69.83,69.91,1927798
CMA,NYSE,2019/12/11 16:00:00,70.01,70.4,69.52,69.8,1908392
CMA,NYSE,2019/12/12 16:00:00,69.46,72.45,69.46,72.17,2031200
CMA,NYSE,2019/12/13 16:00:00,72.02,72.79,70.83,71.93,2007445
CMA,NYSE,2019/12/16 16:00:00,72.9,73.43,71.83,71.85,2835749
CMA,NYSE,2019/12/17 16:00:00,72.14,72.96,71.56,72.76,1536851
CMA,NYSE,2019/12/18 16:00:00,72.99,73.12,72.11,72.15,1299100
CMA,NYSE,2019/12/19 16:00:00,72.13,72.33,71.35,71.56,1430771
CMA,NYSE,2019/12/20 16:00:00,71.82,72.26,71.44,71.81,3132354
CMA,NYSE,2019/12/23 16:00:00,71.97,72,71.31,71.68,1056690
CMA,NYSE,2019/12/24 13:00:00,71.79,71.85,71.28,71.79,501433
CMA,NYSE,2019/12/26 16:00:00,71.93,71.99,71.35,71.83,697176
CMA,NYSE,2019/12/27 16:00:00,72.09,72.09,71.1,71.24,729782
CMA,NYSE,2019/12/30 16:00:00,71.73,71.85,71.28,71.4,1161751
CMA,NYSE,2019/12/31 16:00:00,71.22,71.85,71.17,71.75,1116829
CMA,NYSE,2020/01/02 16:00:00,72,72.23,70.74,71.75,1456996
CMA,NYSE,2020/01/03 16:00:00,70.64,70.84,69.59,70.66,1143441
CMA,NYSE,2020/01/06 16:00:00,69.44,69.98,68.98,69.63,1086860
CMA,NYSE,2020/01/07 16:00:00,69.34,69.55,68.52,69.17,1322650
CMA,NYSE,2020/01/08 16:00:00,69.43,70.22,69.2,69.68,1099323
CMA,NYSE,2020/01/09 16:00:00,70.1,70.28,69.4,69.83,1452257
CMA,NYSE,2020/01/10 16:00:00,69.86,69.86,68.34,68.42,1596076
CMA,NYSE,2020/01/13 16:00:00,68.64,68.84,67.97,68.75,1236011
CMA,NYSE,2020/01/14 16:00:00,68.8,69.23,68.6,68.95,1037284
CMA,NYSE,2020/01/15 16:00:00,68.1,68.15,66.75,66.98,1842771
CMA,NYSE,2020/01/16 16:00:00,67.52,68.55,67.44,68.24,1861190
CMA,NYSE,2020/01/17 16:00:00,68.69,69.09,68.11,68.72,2146028
CMA,NYSE,2020/01/21 16:00:00,66.15,66.88,65.32,66.31,2653863
CMA,NYSE,2020/01/22 16:00:00,66.69,67.4,66.23,66.4,1675435
CMA,NYSE,2020/01/23 16:00:00,66.35,66.36,64.86,65.99,2008993
CMA,NYSE,2020/01/24 16:00:00,65.92,65.92,63.97,64.73,1471865
CMA,NYSE,2020/01/27 16:00:00,63.39,64.46,62.7,62.72,2465389
CMA,NYSE,2020/01/28 16:00:00,63.36,63.91,62.9,63.15,1698784
CMA,NYSE,2020/01/29 16:00:00,63.36,63.71,61.97,61.98,1788685
CMA,NYSE,2020/01/30 16:00:00,61.34,62.53,61.33,62.48,2756193
CMA,NYSE,2020/01/31 16:00:00,61.7,62.05,60.95,61.16,2211568
CMA,NYSE,2020/02/03 16:00:00,61.58,62.79,61.58,62,1877987
CMA,NYSE,2020/02/04 16:00:00,63.33,64.49,62.81,62.9,2160166
CMA,NYSE,2020/02/05 16:00:00,64,65.29,63.91,64.44,2159810
CMA,NYSE,2020/02/06 16:00:00,65.04,65.21,63.22,63.27,1518099
CMA,NYSE,2020/02/07 16:00:00,62.59,62.84,61.72,62.06,1749074
CMA,NYSE,2020/02/10 16:00:00,61.65,61.98,61.06,61.33,1510961
CMA,NYSE,2020/02/11 16:00:00,61.57,63.13,61.55,62.23,1388397
CMA,NYSE,2020/02/12 16:00:00,62.78,63.43,62.43,62.71,1419507
CMA,NYSE,2020/02/13 16:00:00,62.44,63.07,62.2,62.97,1357756
CMA,NYSE,2020/02/14 16:00:00,62.88,63.11,62.39,62.76,1403404
CMA,NYSE,2020/02/18 16:00:00,62.25,62.77,61.21,61.96,1574848
CMA,NYSE,2020/02/19 16:00:00,62.39,63.18,62.04,62.97,1373570
CMA,NYSE,2020/02/20 16:00:00,62.8,63.99,62.73,63.43,1399165
CMA,NYSE,2020/02/21 16:00:00,62.95,62.95,61.78,62.48,2118509
CMA,NYSE,2020/02/24 16:00:00,60.83,60.83,59.32,59.78,1722420
CMA,NYSE,2020/02/25 16:00:00,59.87,59.87,56.5,56.79,2780716
CMA,NYSE,2020/02/26 16:00:00,57.24,57.48,55.54,55.74,1859381
CMA,NYSE,2020/02/27 16:00:00,54.17,55.68,52.95,53.21,2377111
CMA,NYSE,2020/02/28 16:00:00,51.5,53.1,50.89,52.64,3356870
CMA,NYSE,2020/03/02 16:00:00,52.6,55.02,51.71,55.02,3255137
CMA,NYSE,2020/03/03 16:00:00,54.58,55.11,50.45,51,4364338
CMA,NYSE,2020/03/04 16:00:00,51.47,51.5,48.76,50.39,2840352
CMA,NYSE,2020/03/05 16:00:00,48.33,48.56,46.08,46.72,3683797
CMA,NYSE,2020/03/06 16:00:00,44.56,46.77,44.01,44.81,4890674
CMA,NYSE,2020/03/09 16:00:00,41.06,41.09,35.1,35.99,5312414
CMA,NYSE,2020/03/10 16:00:00,38.39,40.25,36.3,40.24,4692952
CMA,NYSE,2020/03/11 16:00:00,38.85,39.58,37.5,38.03,3806485
CMA,NYSE,2020/03/12 16:00:00,34.5,40.5,33.02,34.95,5658981
CMA,NYSE,2020/03/13 16:00:00,38.32,38.69,34.03,38.67,5046177
CMA,NYSE,2020/03/16 16:00:00,31.52,33.9,30.6,31.45,4202505
CMA,NYSE,2020/03/17 16:00:00,32.17,34.72,30,34.4,4497522
CMA,NYSE,2020/03/18 16:00:00,31.45,32.43,26.26,27.42,4409635
CMA,NYSE,2020/03/19 16:00:00,26.73,30,24.28,28.95,4159602
CMA,NYSE,2020/03/20 16:00:00,29.26,30.03,27.17,28.93,3936714
CMA,NYSE,2020/03/23 16:00:00,28.5,29.32,27.05,27.34,2202838
CMA,NYSE,2020/03/24 16:00:00,29.8,31.63,29.07,30.5,2765448
CMA,NYSE,2020/03/25 16:00:00,31,34.34,29.13,33.07,3219886
CMA,NYSE,2020/03/26 16:00:00,33.48,34.84,32.5,33.99,2588046
CMA,NYSE,2020/03/27 16:00:00,32.54,33.82,31.39,32.87,2069435
CMA,NYSE,2020/03/30 16:00:00,32.54,32.75,30.4,31.03,2093202
CMA,NYSE,2020/03/31 16:00:00,30.58,31.58,29.13,29.34,2515777
CMA,NYSE,2020/04/01 16:00:00,27.93,28.02,26.96,27.17,2814847
CMA,NYSE,2020/04/02 16:00:00,26.86,29.33,26.69,27.79,3655791
CMA,NYSE,2020/04/03 16:00:00,28.34,28.43,26.95,27.34,2977344
CMA,NYSE,2020/04/06 16:00:00,29.43,30.37,28.13,28.99,4003199
CMA,NYSE,2020/04/07 16:00:00,31.08,32.24,30.28,30.68,3564373
CMA,NYSE,2020/04/08 16:00:00,30.78,33.32,30.72,33.02,3367876
CMA,NYSE,2020/04/09 16:00:00,34.32,37.01,33.77,34.75,4557386
CMA,NYSE,2020/04/13 16:00:00,34.75,34.75,32.25,32.78,2390327
CMA,NYSE,2020/04/14 16:00:00,33.43,33.68,30.35,30.89,2705347
CMA,NYSE,2020/04/15 16:00:00,28.99,29.63,27.98,28.12,3369679
CMA,NYSE,2020/04/16 16:00:00,28,28,25.8,26.05,2960367
CMA,NYSE,2020/04/17 16:00:00,27.53,30.22,27.31,30,4510427
CMA,NYSE,2020/04/20 16:00:00,28.39,30.91,27.84,29.62,3612665
CMA,NYSE,2020/04/21 16:00:00,28,30.94,27.85,29.43,4445956
CMA,NYSE,2020/04/22 16:00:00,30.48,30.98,29.73,30.45,2448500
CMA,NYSE,2020/04/23 16:00:00,31,32.13,30.77,31.6,2651926
CMA,NYSE,2020/04/24 16:00:00,32.4,33.03,30.97,32.13,3953028
CMA,NYSE,2020/04/27 16:00:00,32.39,34.96,32.05,34.51,3223579
CMA,NYSE,2020/04/28 16:00:00,36.53,37.03,34.86,35.2,3096072
CMA,NYSE,2020/04/29 16:00:00,36.92,37.9,36.1,37.48,3641504
CMA,NYSE,2020/04/30 16:00:00,36.2,36.57,34.54,34.86,2554367
CMA,NYSE,2020/05/01 16:00:00,33.44,33.96,32.67,32.83,2422749
CMA,NYSE,2020/05/04 16:00:00,32.06,32.56,31.08,32.15,2111024
CMA,NYSE,2020/05/05 16:00:00,33.19,34.01,31.53,31.57,1943602
CMA,NYSE,2020/05/06 16:00:00,32.07,32.4,30.58,31.33,2301701
CMA,NYSE,2020/05/07 16:00:00,31.92,33.95,31.92,32.37,2028577
CMA,NYSE,2020/05/08 16:00:00,33.48,34.13,32.93,33.89,1794535
CMA,NYSE,2020/05/11 16:00:00,33.45,33.5,31.68,32.18,1384311
CMA,NYSE,2020/05/12 16:00:00,32.44,32.66,30.4,30.46,2712897
CMA,NYSE,2020/05/13 16:00:00,30.19,30.24,28.51,29.23,2493667
CMA,NYSE,2020/05/14 16:00:00,28.34,31.79,27.84,31.56,3121223
CMA,NYSE,2020/05/15 16:00:00,30.65,31.43,29.89,30.04,2117153
CMA,NYSE,2020/05/18 16:00:00,32.41,34.12,32.13,33.65,3499556
CMA,NYSE,2020/05/19 16:00:00,33.15,33.66,32.06,32.14,1827650
CMA,NYSE,2020/05/20 16:00:00,33,33.81,32.81,33.25,2019595
CMA,NYSE,2020/05/21 16:00:00,33.06,33.6,32.54,33.02,2017354
CMA,NYSE,2020/05/22 16:00:00,33.09,33.57,31.92,32.65,1340721
CMA,NYSE,2020/05/26 16:00:00,34.78,37.33,34.68,36.69,2351612
CMA,NYSE,2020/05/27 16:00:00,39.52,40.25,37.46,39.43,2984567
CMA,NYSE,2020/05/28 16:00:00,39.95,39.95,37.2,37.58,2494069
CMA,NYSE,2020/05/29 16:00:00,36.44,37.32,35.61,36.35,3023740
CMA,NYSE,2020/06/01 16:00:00,36.78,38.3,36.39,37.58,1419270
CMA,NYSE,2020/06/02 16:00:00,38.32,39.25,37.46,37.74,1461219
CMA,NYSE,2020/06/03 16:00:00,39.28,40.84,38.78,40.04,2361744
CMA,NYSE,2020/06/04 16:00:00,40.83,42.9,39.72,42.9,2570327
CMA,NYSE,2020/06/05 16:00:00,47.19,49,45.09,45.52,2957366
CMA,NYSE,2020/06/08 16:00:00,47.14,48.19,45.77,46.77,3163509
CMA,NYSE,2020/06/09 16:00:00,45.34,46.43,44.56,45.71,1901356
CMA,NYSE,2020/06/10 16:00:00,45.19,45.41,41.78,41.8,3009723
CMA,NYSE,2020/06/11 16:00:00,38.22,39.81,37.5,37.7,2255622
CMA,NYSE,2020/06/12 16:00:00,39.6,39.99,37.1,39.14,1848490
CMA,NYSE,2020/06/15 16:00:00,36.8,40.51,36.67,40.18,2200050
CMA,NYSE,2020/06/16 16:00:00,42.54,42.86,40.07,41.47,1689614
CMA,NYSE,2020/06/17 16:00:00,41.42,41.61,39.9,39.95,1617333
CMA,NYSE,2020/06/18 16:00:00,39.49,41.25,39.25,40.06,2511651
CMA,NYSE,2020/06/19 16:00:00,41.12,41.12,38.62,39.44,6832870
CMA,NYSE,2020/06/22 16:00:00,38.89,40.09,38.66,39.56,2006572
CMA,NYSE,2020/06/23 16:00:00,40.57,40.92,39.53,39.83,1578538
CMA,NYSE,2020/06/24 16:00:00,39.07,39.07,37.22,37.45,1743969
CMA,NYSE,2020/06/25 16:00:00,37.11,38.87,36.83,38.68,2024658
CMA,NYSE,2020/06/26 16:00:00,37.43,37.61,35.17,35.37,4276897
CMA,NYSE,2020/06/29 16:00:00,36.08,37.33,35.5,37.01,1819390
CMA,NYSE,2020/06/30 16:00:00,36.73,38.44,36.58,38.1,1487420
CMA,NYSE,2020/07/01 16:00:00,37.49,38.11,35.9,35.94,1731190
CMA,NYSE,2020/07/02 16:00:00,37.35,37.85,35.08,35.27,1889574
CMA,NYSE,2020/07/06 16:00:00,36.53,37.18,35.36,35.81,2063935
CMA,NYSE,2020/07/07 16:00:00,35.23,35.36,34.28,34.75,1673788
CMA,NYSE,2020/07/08 16:00:00,34.65,35.43,33.97,34.76,1247887
CMA,NYSE,2020/07/09 16:00:00,34.34,34.66,32.93,33.4,1493858
CMA,NYSE,2020/07/10 16:00:00,33.75,35.79,33.6,35.77,1624466
CMA,NYSE,2020/07/13 16:00:00,36.42,36.49,35.29,36,1618284
CMA,NYSE,2020/07/14 16:00:00,35.97,35.97,34.54,34.93,1188682
CMA,NYSE,2020/07/15 16:00:00,36.18,37.13,35.62,36.89,1316659
CMA,NYSE,2020/07/16 16:00:00,36.31,37.78,35.83,36.76,834973
CMA,NYSE,2020/07/17 16:00:00,36.63,36.83,35.43,35.54,1306878
CMA,NYSE,2020/07/20 16:00:00,35.21,35.53,34.46,34.93,1570966
CMA,NYSE,2020/07/21 16:00:00,35.92,37.9,35.78,37.24,2946930
CMA,NYSE,2020/07/22 16:00:00,36.59,37.57,36.06,36.66,1958519
CMA,NYSE,2020/07/23 16:00:00,36.63,37.79,36.08,37.37,1898682
CMA,NYSE,2020/07/24 16:00:00,37.63,38.1,37.12,37.42,1404005
CMA,NYSE,2020/07/27 16:00:00,36.86,37.27,36.16,36.84,1824919
CMA,NYSE,2020/07/28 16:00:00,36.61,37.25,36.35,36.65,1233343
CMA,NYSE,2020/07/29 16:00:00,36.48,38.88,36.12,38.82,2499554
CMA,NYSE,2020/07/30 16:00:00,37.41,38.46,36.63,38.25,2412749
CMA,NYSE,2020/07/31 16:00:00,38.01,38.61,36.74,38.52,4973214
CMA,NYSE,2020/08/03 16:00:00,38.55,38.8,37.7,38.05,1620709
CMA,NYSE,2020/08/04 16:00:00,37.93,38.33,37.67,37.88,1369623
CMA,NYSE,2020/08/05 16:00:00,38.49,38.67,37.85,38.37,1288716
CMA,NYSE,2020/08/06 16:00:00,37.98,38.61,37.85,38.13,1310511
CMA,NYSE,2020/08/07 16:00:00,37.73,40.11,37.31,40.02,1472591
CMA,NYSE,2020/08/10 16:00:00,40.4,41.48,40.25,41.04,1219738
CMA,NYSE,2020/08/11 16:00:00,42.37,43.56,41.88,42.15,1401859
CMA,NYSE,2020/08/12 16:00:00,43.16,43.36,40.59,42.02,1755019
CMA,NYSE,2020/08/13 16:00:00,41.16,41.73,40.84,41.24,1274707
CMA,NYSE,2020/08/14 16:00:00,40.8,42.37,40.69,41.82,1083443
CMA,NYSE,2020/08/17 16:00:00,41.25,41.47,40.41,40.76,1031535
CMA,NYSE,2020/08/18 16:00:00,40.81,40.81,39.33,39.52,1448240
CMA,NYSE,2020/08/19 16:00:00,39.64,40.27,39.11,39.68,1627371
CMA,NYSE,2020/08/20 16:00:00,38.73,39.17,38.26,38.83,1598731
CMA,NYSE,2020/08/21 16:00:00,38.76,39.28,38.24,38.37,1137740
CMA,NYSE,2020/08/24 16:00:00,38.72,40.25,38.08,40.24,916003
CMA,NYSE,2020/08/25 16:00:00,40.89,41.4,39.77,40.41,925346
CMA,NYSE,2020/08/26 16:00:00,40.1,40.12,39.22,39.27,1213770
CMA,NYSE,2020/08/27 16:00:00,39.08,40.44,39.08,40.09,1381182
CMA,NYSE,2020/08/28 16:00:00,40.63,40.63,39.89,40.19,996690
CMA,NYSE,2020/08/31 16:00:00,40.19,40.21,39.4,39.53,1319926
CMA,NYSE,2020/09/01 16:00:00,39.12,40.46,38.66,39.89,1252843
CMA,NYSE,2020/09/02 16:00:00,39.56,40.43,39.25,40.18,1287698
CMA,NYSE,2020/09/03 16:00:00,40.68,42.1,40.04,40.44,1478833
CMA,NYSE,2020/09/04 16:00:00,41.66,42.47,40.36,41.47,1428336
CMA,NYSE,2020/09/08 16:00:00,40.56,40.78,39.38,39.94,1692361
CMA,NYSE,2020/09/09 16:00:00,40.21,40.29,39.46,39.7,1536212
CMA,NYSE,2020/09/10 16:00:00,39.96,40.89,39.08,39.2,1755980
CMA,NYSE,2020/09/11 16:00:00,39.2,39.82,38.93,39.62,1935393
CMA,NYSE,2020/09/14 16:00:00,40.06,41.19,39.49,41,2001391
CMA,NYSE,2020/09/15 16:00:00,40.93,40.99,39.97,40.59,1270018
CMA,NYSE,2020/09/16 16:00:00,40.47,42.07,40.3,41.18,1492012
CMA,NYSE,2020/09/17 16:00:00,40.36,41,40.17,40.77,1518931
CMA,NYSE,2020/09/18 16:00:00,40.51,41.33,40.23,40.65,2133223
CMA,NYSE,2020/09/21 16:00:00,39.22,39.97,38.29,38.66,1667081
CMA,NYSE,2020/09/22 16:00:00,38.56,38.79,36.68,37.15,2174036
CMA,NYSE,2020/09/23 16:00:00,37.34,38.1,36.42,36.44,1236675
CMA,NYSE,2020/09/24 16:00:00,36.71,37.42,35.76,36.48,997827
CMA,NYSE,2020/09/25 16:00:00,36.09,37.41,35.82,37.3,1256582
CMA,NYSE,2020/09/28 16:00:00,38.13,38.88,37.82,38.55,1267052
CMA,NYSE,2020/09/29 16:00:00,38.26,38.29,36.85,37.73,909322
CMA,NYSE,2020/09/30 16:00:00,38.07,38.86,37.83,38.25,1296001
CMA,NYSE,2020/10/01 16:00:00,38.2,38.87,37.75,38.08,1238787
CMA,NYSE,2020/10/02 16:00:00,37.28,39.49,37.12,39.33,1477947
CMA,NYSE,2020/10/05 16:00:00,40.01,41.89,39.92,41.83,1640551
CMA,NYSE,2020/10/06 16:00:00,42.95,43.48,41.07,41.3,2161532
CMA,NYSE,2020/10/07 16:00:00,41.93,43.54,41.93,43.1,1427986
CMA,NYSE,2020/10/08 16:00:00,43.75,43.82,42.65,43.1,1334336
CMA,NYSE,2020/10/09 16:00:00,43.44,43.7,42.17,42.34,1245235
CMA,NYSE,2020/10/12 16:00:00,42.25,42.87,42.02,42.8,1192829
CMA,NYSE,2020/10/13 16:00:00,42.39,42.69,41,41.04,1239288
CMA,NYSE,2020/10/14 16:00:00,41.15,41.7,40.54,40.59,1119683
CMA,NYSE,2020/10/15 16:00:00,40.08,41.9,40.08,41.77,1001799
CMA,NYSE,2020/10/16 16:00:00,41.81,42.12,41.05,41.69,1578168
CMA,NYSE,2020/10/19 16:00:00,41.82,42,40.97,41.22,1312525
CMA,NYSE,2020/10/20 16:00:00,42.75,44.82,42.38,43.21,2666328
CMA,NYSE,2020/10/21 16:00:00,43.16,43.96,42.21,42.41,1657865
CMA,NYSE,2020/10/22 16:00:00,42.55,45.24,42.43,45.12,1371043
CMA,NYSE,2020/10/23 16:00:00,45.79,46.55,45.31,46.39,1645301
CMA,NYSE,2020/10/26 16:00:00,45.7,45.7,44.34,45.34,1333202
CMA,NYSE,2020/10/27 16:00:00,44.93,45.27,43.34,43.37,1127777
CMA,NYSE,2020/10/28 16:00:00,42.29,43.26,42,42.17,1463229
CMA,NYSE,2020/10/29 16:00:00,41.96,44.18,41.34,43.95,1360193
CMA,NYSE,2020/10/30 16:00:00,43.56,45.56,43.56,45.51,1830835
CMA,NYSE,2020/11/02 16:00:00,46.19,47.31,44.82,47.21,1687595
CMA,NYSE,2020/11/03 16:00:00,48.1,49.48,47.88,48.81,1614521
CMA,NYSE,2020/11/04 16:00:00,46.92,47.22,43.03,43.64,4164956
CMA,NYSE,2020/11/05 16:00:00,43.87,46.89,43.87,46.47,2340462
CMA,NYSE,2020/11/06 16:00:00,46.96,47.21,44.27,44.95,1462325
CMA,NYSE,2020/11/09 16:00:00,50.81,55.48,50.81,53.93,3243021
CMA,NYSE,2020/11/10 16:00:00,54.47,54.77,52.31,53.05,2547651
CMA,NYSE,2020/11/11 16:00:00,52.92,52.93,49.58,50.16,2666096
CMA,NYSE,2020/11/12 16:00:00,49.13,49.63,47.05,48.24,2287895
CMA,NYSE,2020/11/13 16:00:00,48.95,50.73,48.95,50.48,1477779
CMA,NYSE,2020/11/16 16:00:00,53.65,54.57,51.49,52.24,2310539
CMA,NYSE,2020/11/17 16:00:00,51.37,52.07,50.17,52.01,1269371
CMA,NYSE,2020/11/18 16:00:00,52.25,53.01,50.71,50.85,1925937
CMA,NYSE,2020/11/19 16:00:00,49.85,50.98,49.52,50.93,1449928
CMA,NYSE,2020/11/20 16:00:00,50.25,50.73,49.23,50.44,1523191
CMA,NYSE,2020/11/23 16:00:00,51.49,52.32,50.88,51.95,1439375
CMA,NYSE,2020/11/24 16:00:00,53.5,54.77,53.21,54.59,1537601
CMA,NYSE,2020/11/25 16:00:00,53.76,53.76,52.62,53.3,1734730
CMA,NYSE,2020/11/27 13:00:00,52.76,53.21,51.35,51.49,1632384
CMA,NYSE,2020/11/30 16:00:00,51.03,51.68,49.01,49.2,11423302
CMA,NYSE,2020/12/01 16:00:00,50.92,51.73,50.49,51.16,1973486
CMA,NYSE,2020/12/02 16:00:00,50.85,52.28,50.5,52.02,1607193
CMA,NYSE,2020/12/03 16:00:00,52.2,53.41,51.63,52.77,1784181
CMA,NYSE,2020/12/04 16:00:00,53.68,54.37,53.12,54.17,1750072
CMA,NYSE,2020/12/07 16:00:00,53.73,54.1,52.77,53.2,1616271
CMA,NYSE,2020/12/08 16:00:00,52.77,53.85,52.27,52.63,1336518
CMA,NYSE,2020/12/09 16:00:00,53.47,53.66,52.12,52.42,1371652
CMA,NYSE,2020/12/10 16:00:00,51.66,53.25,51.5,53.06,1733232
CMA,NYSE,2020/12/11 16:00:00,52.09,52.98,51.83,52.69,1923967
CMA,NYSE,2020/12/14 16:00:00,53.03,53.36,51.03,51.82,1972374
CMA,NYSE,2020/12/15 16:00:00,52.39,53.15,51.43,52.95,1355900
CMA,NYSE,2020/12/16 16:00:00,53.11,53.27,52.38,53.01,1482901
CMA,NYSE,2020/12/17 16:00:00,53.75,53.75,52.43,52.77,1943543
CMA,NYSE,2020/12/18 16:00:00,52.71,52.95,51.81,52.63,4936274
CMA,NYSE,2020/12/21 16:00:00,52.7,54.56,52.29,53.94,1952681
CMA,NYSE,2020/12/22 16:00:00,54.17,54.74,53.9,54.15,1339741
CMA,NYSE,2020/12/23 16:00:00,54.68,56.43,54.68,56.06,856961
CMA,NYSE,2020/12/24 13:00:00,56.5,56.56,55.12,55.9,379491
CMA,NYSE,2020/12/28 16:00:00,56.53,56.97,55.72,56.2,845282
CMA,NYSE,2020/12/29 16:00:00,56.31,56.45,55.04,55.22,1002448
CMA,NYSE,2020/12/30 16:00:00,55.25,56.37,55.25,55.74,837337
CMA,NYSE,2020/12/31 16:00:00,55.55,56.23,55.08,55.86,768779
CMA,NYSE,2021/01/04 16:00:00,56.66,56.81,54.78,55.5,1405377
CMA,NYSE,2021/01/05 16:00:00,55.63,57.32,55.14,56.8,1501705
CMA,NYSE,2021/01/06 16:00:00,59.62,62.51,59.43,61.44,2540043
CMA,NYSE,2021/01/07 16:00:00,62.65,64.11,62.27,62.34,2052027
CMA,NYSE,2021/01/08 16:00:00,63.16,63.16,60.24,61.38,1343175
CMA,NYSE,2021/01/11 16:00:00,60.42,62.62,59.8,62.57,856121
CMA,NYSE,2021/01/12 16:00:00,63.07,63.9,62.67,63.54,1250735
CMA,NYSE,2021/01/13 16:00:00,62.55,64.22,62.16,63.68,1771496
CMA,NYSE,2021/01/14 16:00:00,65.09,66.08,64.25,65.88,1168583
CMA,NYSE,2021/01/15 16:00:00,64.27,65.36,63.24,63.78,1648015
CMA,NYSE,2021/01/19 16:00:00,63.75,64.97,62.72,63.9,1399618
CMA,NYSE,2021/01/20 16:00:00,63.9,64.55,63.04,63.12,1152821
CMA,NYSE,2021/01/21 16:00:00,63.06,63.75,62.02,62.06,1229532
CMA,NYSE,2021/01/22 16:00:00,61.1,62.4,60.77,62.16,1103440
CMA,NYSE,2021/01/25 16:00:00,61.18,61.61,59.66,61.36,1154325
CMA,NYSE,2021/01/26 16:00:00,62.06,62.48,60.03,60.12,916945
CMA,NYSE,2021/01/27 16:00:00,58.73,58.87,55.87,56.8,2655540
CMA,NYSE,2021/01/28 16:00:00,58.01,59.27,57.16,58.95,1402649
CMA,NYSE,2021/01/29 16:00:00,58.78,59.5,56.69,57.2,1747617
CMA,NYSE,2021/02/01 16:00:00,57.72,58.39,56.72,58.17,1204633
CMA,NYSE,2021/02/02 16:00:00,59.14,60.42,58.78,60.04,1099512
CMA,NYSE,2021/02/03 16:00:00,59.84,61.17,59.78,61.08,1089662
CMA,NYSE,2021/02/04 16:00:00,61.5,63.68,61.5,63.42,1098543
CMA,NYSE,2021/02/05 16:00:00,64,64.73,62.22,62.64,949550
CMA,NYSE,2021/02/08 16:00:00,62.69,63.26,62.32,63.2,797580
CMA,NYSE,2021/02/09 16:00:00,62.62,63.16,62.06,62.86,741114
CMA,NYSE,2021/02/10 16:00:00,63.32,64.17,62.44,63.04,1129173
CMA,NYSE,2021/02/11 16:00:00,63.32,63.35,60.91,61.49,842322
CMA,NYSE,2021/02/12 16:00:00,61.37,62.6,61.3,62.31,915576
CMA,NYSE,2021/02/16 16:00:00,63.11,66.19,62.98,65.91,1332874
CMA,NYSE,2021/02/17 16:00:00,65.87,66.75,64.63,64.83,1573618
CMA,NYSE,2021/02/18 16:00:00,63.97,64.61,63.23,64.26,1507523
CMA,NYSE,2021/02/19 16:00:00,64.76,67.03,64.59,66.71,1017810
CMA,NYSE,2021/02/22 16:00:00,66.73,69.26,66.69,68.14,1700815
CMA,NYSE,2021/02/23 16:00:00,68.77,69.75,68.2,69.59,1694769
CMA,NYSE,2021/02/24 16:00:00,70,72.86,69.75,72.07,1602973
CMA,NYSE,2021/02/25 16:00:00,73.27,73.73,69.49,69.58,991912
CMA,NYSE,2021/02/26 16:00:00,68.87,69.71,67.33,68.1,1369105
CMA,NYSE,2021/03/01 16:00:00,69.84,71.07,69,70.34,1032904
CMA,NYSE,2021/03/02 16:00:00,69.95,71,69.67,69.95,1348049
CMA,NYSE,2021/03/03 16:00:00,71.08,72.25,69.63,69.88,1090846
CMA,NYSE,2021/03/04 16:00:00,69.67,70.88,66.78,68.37,1921224
CMA,NYSE,2021/03/05 16:00:00,69.78,70.58,66.85,69.88,1356595
CMA,NYSE,2021/03/08 16:00:00,71.15,73.62,70.57,72.17,1381195
CMA,NYSE,2021/03/09 16:00:00,70.45,71.93,68.16,69.53,1944734
CMA,NYSE,2021/03/10 16:00:00,69.32,70.79,68.62,70.66,1522930
CMA,NYSE,2021/03/11 16:00:00,69.99,71.55,69.87,70.5,1095118
CMA,NYSE,2021/03/12 16:00:00,72.04,72.73,70.63,71.1,1530283
CMA,NYSE,2021/03/15 16:00:00,70.75,71.09,68.52,70.18,1445833
CMA,NYSE,2021/03/16 16:00:00,69.03,69.35,67.65,68.45,1303473
CMA,NYSE,2021/03/17 16:00:00,69.34,70.38,68.18,69.08,1349891
CMA,NYSE,2021/03/18 16:00:00,70.51,73.54,70.09,70.63,1943202
CMA,NYSE,2021/03/19 16:00:00,69.32,71.28,68.55,69.35,6758417
CMA,NYSE,2021/03/22 16:00:00,69,69.24,67.09,67.88,1266020
CMA,NYSE,2021/03/23 16:00:00,67.17,68.18,66.39,66.84,1714263
CMA,NYSE,2021/03/24 16:00:00,68.01,68.98,66.73,66.74,1485524
CMA,NYSE,2021/03/25 16:00:00,66.68,70.49,65.66,69.97,1430900
CMA,NYSE,2021/03/26 16:00:00,71.03,72.05,69.82,70.97,1398830
CMA,NYSE,2021/03/29 16:00:00,69.36,69.98,67.75,68.62,1231368
CMA,NYSE,2021/03/30 16:00:00,70.54,72.68,69.57,72.15,2048026
CMA,NYSE,2021/03/31 16:00:00,72.03,72.76,70.9,71.74,1609332
CMA,NYSE,2021/04/01 16:00:00,71.45,72.43,70.82,71.74,1306457
CMA,NYSE,2021/04/05 16:00:00,72.94,73.43,71.63,72.44,1575408
CMA,NYSE,2021/04/06 16:00:00,71.9,72.64,71.13,71.51,968184
CMA,NYSE,2021/04/07 16:00:00,71.99,72.41,71.21,71.87,848375
CMA,NYSE,2021/04/08 16:00:00,71,71.32,69.5,70.99,1061953
CMA,NYSE,2021/04/09 16:00:00,72.05,72.36,70.3,71.49,1173790
CLR,NYSE,2019/04/01 16:00:00,45.58,46.8,45.22,46.65,2985161
CLR,NYSE,2019/04/02 16:00:00,46.71,47.17,46.01,46.09,2202237
CLR,NYSE,2019/04/03 16:00:00,46.28,46.67,44.76,44.96,2060954
CLR,NYSE,2019/04/04 16:00:00,44.96,45.61,44.36,45.23,2155519
CLR,NYSE,2019/04/05 16:00:00,45.39,47.28,45.39,47.22,3006042
CLR,NYSE,2019/04/08 16:00:00,47.46,47.63,46.63,47,3395460
CLR,NYSE,2019/04/09 16:00:00,46.78,47.38,46.32,46.57,2109357
CLR,NYSE,2019/04/10 16:00:00,46.79,47.23,46.17,46.88,1923499
CLR,NYSE,2019/04/11 16:00:00,46.5,47.45,46.25,46.97,1209777
CLR,NYSE,2019/04/12 16:00:00,48.85,49.15,47.68,49.08,3350888
CLR,NYSE,2019/04/15 16:00:00,48.96,49.66,48.37,48.88,1718052
CLR,NYSE,2019/04/16 16:00:00,49.05,49.11,48.19,48.89,2039057
CLR,NYSE,2019/04/17 16:00:00,49.34,49.65,48.62,49.38,2137913
CLR,NYSE,2019/04/18 16:00:00,49.77,50.18,49.3,49.85,1389670
CLR,NYSE,2019/04/22 16:00:00,50.82,51.88,50.37,51.82,1879515
CLR,NYSE,2019/04/23 16:00:00,51.81,52.04,51.15,51.4,1897571
CLR,NYSE,2019/04/24 16:00:00,51.55,51.91,49.6,50,2301668
CLR,NYSE,2019/04/25 16:00:00,50.14,50.36,48.84,48.9,1955400
CLR,NYSE,2019/04/26 16:00:00,48.35,48.57,47.14,47.79,2101175
CLR,NYSE,2019/04/29 16:00:00,48.05,48.3,47.51,48.05,1588945
CLR,NYSE,2019/04/30 16:00:00,49.66,49.71,45.5,45.99,5653851
CLR,NYSE,2019/05/01 16:00:00,45.77,46.16,44.03,44.1,3167050
CLR,NYSE,2019/05/02 16:00:00,43.23,43.93,42.19,42.38,2867778
CLR,NYSE,2019/05/03 16:00:00,43.11,43.73,42.59,42.99,2667572
CLR,NYSE,2019/05/06 16:00:00,42.13,42.73,41.52,42.51,2179612
CLR,NYSE,2019/05/07 16:00:00,41.83,42.05,40.98,41.74,2577566
CLR,NYSE,2019/05/08 16:00:00,41.63,43.22,41.62,42.5,2133495
CLR,NYSE,2019/05/09 16:00:00,42.13,42.21,41.16,42.03,2191902
CLR,NYSE,2019/05/10 16:00:00,41.9,42.25,41.09,41.92,2098816
CLR,NYSE,2019/05/13 16:00:00,41.38,42.05,40.7,41.11,1964402
CLR,NYSE,2019/05/14 16:00:00,41.44,42.47,41.26,42,1436489
CLR,NYSE,2019/05/15 16:00:00,41.5,42.02,41.14,42.02,1723974
CLR,NYSE,2019/05/16 16:00:00,42.32,42.92,42.15,42.44,1641848
CLR,NYSE,2019/05/17 16:00:00,42.19,42.2,41.27,41.46,1708339
CLR,NYSE,2019/05/20 16:00:00,41.28,41.93,41.12,41.65,1674759
CLR,NYSE,2019/05/21 16:00:00,42.31,43.77,41.99,43.16,2292557
CLR,NYSE,2019/05/22 16:00:00,42.66,42.96,41.81,42.05,1985671
CLR,NYSE,2019/05/23 16:00:00,41.06,41.06,38.45,38.62,3034545
CLR,NYSE,2019/05/24 16:00:00,39.18,39.6,38.1,38.47,1483582
CLR,NYSE,2019/05/28 16:00:00,38.5,38.71,37.84,37.92,1783880
CLR,NYSE,2019/05/29 16:00:00,37.27,37.73,36.63,37.69,2290494
CLR,NYSE,2019/05/30 16:00:00,37.6,37.68,35.81,36.08,2603107
CLR,NYSE,2019/05/31 16:00:00,35.23,35.7,34.72,35,2847712
CLR,NYSE,2019/06/03 16:00:00,35.32,35.54,34.61,35.01,3028463
CLR,NYSE,2019/06/04 16:00:00,37.01,40.4,36.64,40.23,7563221
CLR,NYSE,2019/06/05 16:00:00,40.35,40.43,38.23,38.49,4747432
CLR,NYSE,2019/06/06 16:00:00,38.75,39.32,38.22,38.85,2760743
CLR,NYSE,2019/06/07 16:00:00,38.92,39.57,38.47,38.92,2339452
CLR,NYSE,2019/06/10 16:00:00,39.25,40.02,38.73,38.81,1587262
CLR,NYSE,2019/06/11 16:00:00,39.5,39.56,38.39,38.4,2096314
CLR,NYSE,2019/06/12 16:00:00,37.49,37.77,36.58,36.68,2723368
CLR,NYSE,2019/06/13 16:00:00,37.28,37.68,37.17,37.5,2440790
CLR,NYSE,2019/06/14 16:00:00,37.43,37.72,36.65,36.72,2005379
CLR,NYSE,2019/06/17 16:00:00,36.37,37.81,36.28,37.75,2979718
CLR,NYSE,2019/06/18 16:00:00,38.05,40.24,38.05,39.59,3376720
CLR,NYSE,2019/06/19 16:00:00,39.6,39.9,38.78,39.26,2130004
CLR,NYSE,2019/06/20 16:00:00,40.44,41.36,40.25,41.24,2236165
CLR,NYSE,2019/06/21 16:00:00,41.44,41.73,40.68,40.89,1650662
CLR,NYSE,2019/06/24 16:00:00,40.79,41.3,39.74,39.86,1938974
CLR,NYSE,2019/06/25 16:00:00,39.65,40.32,39.29,39.72,1971028
CLR,NYSE,2019/06/26 16:00:00,40.5,42.75,40.48,42.37,3000806
CLR,NYSE,2019/06/27 16:00:00,42.38,42.82,41.91,42.26,1348224
CLR,NYSE,2019/06/28 16:00:00,42.37,42.69,41.47,42.09,2628347
CLR,NYSE,2019/07/01 16:00:00,43.29,43.57,42.09,42.43,2104663
CLR,NYSE,2019/07/02 16:00:00,42.2,42.46,40.65,41.08,3410497
CLR,NYSE,2019/07/03 13:00:00,41.21,41.21,40.52,40.79,819459
CLR,NYSE,2019/07/05 16:00:00,40.6,41.27,40.6,41.05,1096482
CLR,NYSE,2019/07/08 16:00:00,40.73,41.9,40.56,40.99,1181991
CLR,NYSE,2019/07/09 16:00:00,40.67,41.34,40.18,41.21,1555112
CLR,NYSE,2019/07/10 16:00:00,41.77,42.57,41.57,42.32,1251247
CLR,NYSE,2019/07/11 16:00:00,42.2,42.43,40.66,40.99,2032257
CLR,NYSE,2019/07/12 16:00:00,40.93,41.47,40.49,40.99,2029080
CLR,NYSE,2019/07/15 16:00:00,41.06,41.11,38.46,38.67,2761356
CLR,NYSE,2019/07/16 16:00:00,38.51,39.05,37.18,37.53,2361741
CLR,NYSE,2019/07/17 16:00:00,37.24,37.44,36.18,36.2,1920420
CLR,NYSE,2019/07/18 16:00:00,35.92,36.79,35.81,36.46,1772503
CLR,NYSE,2019/07/19 16:00:00,36.46,36.65,35.9,36.26,1989304
CLR,NYSE,2019/07/22 16:00:00,36.38,37.14,35.83,36.25,1710730
CLR,NYSE,2019/07/23 16:00:00,36.31,36.85,35.77,36.83,1962532
CLR,NYSE,2019/07/24 16:00:00,36.65,37.74,36.62,36.77,1891296
CLR,NYSE,2019/07/25 16:00:00,37.09,37.34,35.72,35.93,1930526
CLR,NYSE,2019/07/26 16:00:00,35.88,36.1,35.29,35.42,1086315
CLR,NYSE,2019/07/29 16:00:00,35.2,35.51,34.61,35.08,2847869
CLR,NYSE,2019/07/30 16:00:00,35.02,37.33,34.92,37.05,2623755
CLR,NYSE,2019/07/31 16:00:00,37.28,38.55,36.83,37.17,2718274
CLR,NYSE,2019/08/01 16:00:00,36.4,36.56,33.68,34.27,5806993
CLR,NYSE,2019/08/02 16:00:00,34.49,34.85,33.04,33.63,2182440
CLR,NYSE,2019/08/05 16:00:00,32.57,32.57,31.4,31.54,4123445
CLR,NYSE,2019/08/06 16:00:00,32.5,32.57,30.32,31.46,4998487
CLR,NYSE,2019/08/07 16:00:00,30.46,31.5,29.87,30.7,4524413
CLR,NYSE,2019/08/08 16:00:00,31.1,31.78,30.72,31.73,2495569
CLR,NYSE,2019/08/09 16:00:00,32.04,32.37,31.28,31.32,1557820
CLR,NYSE,2019/08/12 16:00:00,30.98,31.14,29.85,30.06,2844512
CLR,NYSE,2019/08/13 16:00:00,29.77,31.48,29.36,30.86,3210434
CLR,NYSE,2019/08/14 16:00:00,29.62,29.87,28.58,28.94,2834591
CLR,NYSE,2019/08/15 16:00:00,28.78,29.18,28.49,28.86,2017539
CLR,NYSE,2019/08/16 16:00:00,28.82,29.97,28.82,29.77,1953078
CLR,NYSE,2019/08/19 16:00:00,30.45,31.31,30.19,31.19,2186178
CLR,NYSE,2019/08/20 16:00:00,30.76,31.04,30.26,30.59,1385702
CLR,NYSE,2019/08/21 16:00:00,31.08,31.58,30.37,30.71,1755316
CLR,NYSE,2019/08/22 16:00:00,30.74,31.15,30.04,30.08,1458741
CLR,NYSE,2019/08/23 16:00:00,29.55,29.74,28.67,28.76,2474815
CLR,NYSE,2019/08/26 16:00:00,29.24,29.42,28.1,28.31,2199128
CLR,NYSE,2019/08/27 16:00:00,28.63,29.04,28.04,28.55,1663515
CLR,NYSE,2019/08/28 16:00:00,28.79,30.05,28.69,29.68,2350448
CLR,NYSE,2019/08/29 16:00:00,30.02,30.64,29.73,30.07,1909137
CLR,NYSE,2019/08/30 16:00:00,30.07,30.09,28.83,29.2,2367914
CLR,NYSE,2019/09/03 16:00:00,28.49,28.74,27.54,28.08,4242239
CLR,NYSE,2019/09/04 16:00:00,28.83,29.45,28.56,29.31,3100135
CLR,NYSE,2019/09/05 16:00:00,29.77,30.85,29.66,30.17,3576966
CLR,NYSE,2019/09/06 16:00:00,29.65,30.42,29.06,30.31,3176319
CLR,NYSE,2019/09/09 16:00:00,30.86,32.03,30.73,32.02,3261429
CLR,NYSE,2019/09/10 16:00:00,32.15,33.7,31.93,32.55,3908943
CLR,NYSE,2019/09/11 16:00:00,32.9,33.86,32.19,33.13,2760309
CLR,NYSE,2019/09/12 16:00:00,32.14,33.02,31.54,31.95,1967845
CLR,NYSE,2019/09/13 16:00:00,32.44,33.03,31.77,32.14,1730896
CLR,NYSE,2019/09/16 16:00:00,35.58,40.25,35.01,39.16,11619833
CLR,NYSE,2019/09/17 16:00:00,38.73,38.8,33.06,34.69,11674348
CLR,NYSE,2019/09/18 16:00:00,33.96,35.07,33.58,34.27,2749137
CLR,NYSE,2019/09/19 16:00:00,34.91,34.95,33.45,33.64,2246996
CLR,NYSE,2019/09/20 16:00:00,33.6,34.22,32.75,34.12,3288158
CLR,NYSE,2019/09/23 16:00:00,33.51,34.32,33.42,34.05,2322085
CLR,NYSE,2019/09/24 16:00:00,33.58,33.94,31.65,31.81,3598237
CLR,NYSE,2019/09/25 16:00:00,31.28,31.98,30.88,31.88,3077750
CLR,NYSE,2019/09/26 16:00:00,31.53,31.65,30.63,30.9,2594258
CLR,NYSE,2019/09/27 16:00:00,30.25,31.03,29.94,30.58,1734931
CLR,NYSE,2019/09/30 16:00:00,30.3,30.95,30.25,30.79,1885393
CLR,NYSE,2019/10/01 16:00:00,31.13,31.57,29.91,30,1264087
CLR,NYSE,2019/10/02 16:00:00,29.89,30.32,28.85,29.28,4838651
CLR,NYSE,2019/10/03 16:00:00,28.92,29.75,28.41,29.73,5812578
CLR,NYSE,2019/10/04 16:00:00,29.55,30.17,28.43,28.85,6244812
CLR,NYSE,2019/10/07 16:00:00,29.08,29.21,28.08,28.55,9040584
CLR,NYSE,2019/10/08 16:00:00,28.06,28.29,27.26,27.3,6329039
CLR,NYSE,2019/10/09 16:00:00,27.75,28.58,27.58,27.98,5032481
CLR,NYSE,2019/10/10 16:00:00,27.78,28.26,27.39,27.76,3229895
CLR,NYSE,2019/10/11 16:00:00,28.28,28.94,28.21,28.46,3045900
CLR,NYSE,2019/10/14 16:00:00,27.86,28.67,27.53,28.22,2563545
CLR,NYSE,2019/10/15 16:00:00,28.09,28.7,27.64,28.25,2196311
CLR,NYSE,2019/10/16 16:00:00,28.19,28.86,27.95,27.95,1767155
CLR,NYSE,2019/10/17 16:00:00,28.03,28.46,27.62,28.29,2238060
CLR,NYSE,2019/10/18 16:00:00,28.38,28.83,27.53,27.56,2246693
CLR,NYSE,2019/10/21 16:00:00,27.58,28.26,27.54,28.03,1930550
CLR,NYSE,2019/10/22 16:00:00,28.08,29.12,27.9,28.71,2661919
CLR,NYSE,2019/10/23 16:00:00,28.51,29.97,28.31,29.5,2041729
CLR,NYSE,2019/10/24 16:00:00,29.65,29.71,28.41,28.96,2307505
CLR,NYSE,2019/10/25 16:00:00,28.88,29.5,28.56,29.26,1930757
CLR,NYSE,2019/10/28 16:00:00,29.54,29.79,28.64,28.75,1828882
CLR,NYSE,2019/10/29 16:00:00,28.48,29.74,28.13,29.35,2203198
CLR,NYSE,2019/10/30 16:00:00,29.46,29.65,28.37,28.57,3718095
CLR,NYSE,2019/10/31 16:00:00,29.37,29.57,27.52,29.47,3575236
CLR,NYSE,2019/11/01 16:00:00,29.76,30.1,29.19,30.1,3746049
CLR,NYSE,2019/11/04 16:00:00,30.96,31.82,30.91,31.45,3319368
CLR,NYSE,2019/11/05 16:00:00,31.84,32.69,31.68,31.93,2853052
CLR,NYSE,2019/11/06 16:00:00,31.59,32.48,30.9,31.31,2860021
CLR,NYSE,2019/11/07 16:00:00,31.91,33.1,31.91,33,3382185
CLR,NYSE,2019/11/08 16:00:00,32.34,33.08,31.81,32.72,2426775
CLR,NYSE,2019/11/11 16:00:00,32.04,32.32,31.59,31.74,1808426
CLR,NYSE,2019/11/12 16:00:00,31.93,32.11,31.12,31.47,1969877
CLR,NYSE,2019/11/13 16:00:00,31.1,31.71,30.26,30.54,1934835
CLR,NYSE,2019/11/14 16:00:00,30.73,31.55,30.49,30.71,2103589
CLR,NYSE,2019/11/15 16:00:00,31,31.78,30.93,31.45,1484966
CLR,NYSE,2019/11/18 16:00:00,31.16,31.17,30.1,30.28,1932616
CLR,NYSE,2019/11/19 16:00:00,30.1,30.1,29.02,29.61,2604417
CLR,NYSE,2019/11/20 16:00:00,29.61,31.15,29.25,30.92,3008175
CLR,NYSE,2019/11/21 16:00:00,31.2,31.87,31.08,31.78,2624412
CLR,NYSE,2019/11/22 16:00:00,31.89,32.36,30.78,31.55,2406234
CLR,NYSE,2019/11/25 16:00:00,31.51,32.63,31.11,32.59,2058715
CLR,NYSE,2019/11/26 16:00:00,32.44,32.76,31.8,31.96,2148517
CLR,NYSE,2019/11/27 16:00:00,32.03,32.32,31.45,31.8,1360832
CLR,NYSE,2019/11/29 13:00:00,31.09,31.38,30.71,30.88,904389
CLR,NYSE,2019/12/02 16:00:00,31.49,31.75,31.04,31.22,968421
CLR,NYSE,2019/12/03 16:00:00,30.59,31.35,30.28,30.94,1657343
CLR,NYSE,2019/12/04 16:00:00,31.52,32.32,31.46,31.74,1912162
CLR,NYSE,2019/12/05 16:00:00,32,32.15,30.75,31.11,2371444
CLR,NYSE,2019/12/06 16:00:00,31.11,32.83,31.11,32.64,2152658
CLR,NYSE,2019/12/09 16:00:00,32.32,33.56,32.21,33.17,1637445
CLR,NYSE,2019/12/10 16:00:00,33.4,33.49,32.69,33.05,1203529
CLR,NYSE,2019/12/11 16:00:00,32.9,33.52,32.77,33.3,1652840
CLR,NYSE,2019/12/12 16:00:00,32.87,34.56,32.81,34.31,2349899
CLR,NYSE,2019/12/13 16:00:00,34.54,34.81,33.2,33.38,1788284
CLR,NYSE,2019/12/16 16:00:00,33.71,34.27,33.5,33.54,1599540
CLR,NYSE,2019/12/17 16:00:00,32.78,33.98,32.78,33.96,3454303
CLR,NYSE,2019/12/18 16:00:00,33.87,34.43,33.58,34.18,2100915
CLR,NYSE,2019/12/19 16:00:00,34.18,34.41,33.54,33.92,2569995
CLR,NYSE,2019/12/20 16:00:00,33.9,34,33.3,33.72,2391134
CLR,NYSE,2019/12/23 16:00:00,33.8,34.44,33.8,34.22,1254146
CLR,NYSE,2019/12/24 13:00:00,34.3,34.71,34.28,34.55,893126
CLR,NYSE,2019/12/26 16:00:00,34.9,34.99,34.31,34.38,965812
CLR,NYSE,2019/12/27 16:00:00,34.38,34.5,33.86,33.94,1758513
CLR,NYSE,2019/12/30 16:00:00,34.09,34.55,33.78,33.84,1293896
CLR,NYSE,2019/12/31 16:00:00,33.49,34.48,33.3,34.3,1338610
CLR,NYSE,2020/01/02 16:00:00,34.51,34.67,33.87,34.15,1208623
CLR,NYSE,2020/01/03 16:00:00,35.57,35.94,34.69,35.34,3374853
CLR,NYSE,2020/01/06 16:00:00,35.74,36.2,35.46,36.02,1822355
CLR,NYSE,2020/01/07 16:00:00,35.69,35.93,35.2,35.71,1683191
CLR,NYSE,2020/01/08 16:00:00,35.66,36.05,33.81,34.18,1929603
CLR,NYSE,2020/01/09 16:00:00,34.01,34.14,33.06,34.01,1775875
CLR,NYSE,2020/01/10 16:00:00,33.91,33.91,33.18,33.34,1480017
CLR,NYSE,2020/01/13 16:00:00,33.26,33.63,32.72,33.4,1529290
CLR,NYSE,2020/01/14 16:00:00,33.56,34.41,33.28,34.29,1404471
CLR,NYSE,2020/01/15 16:00:00,34.22,34.49,33.8,34.33,1169700
CLR,NYSE,2020/01/16 16:00:00,34.58,34.6,33.2,33.38,2716512
CLR,NYSE,2020/01/17 16:00:00,33.6,33.75,32.62,32.66,2430352
CLR,NYSE,2020/01/21 16:00:00,32.33,32.33,31.32,31.34,2360928
CLR,NYSE,2020/01/22 16:00:00,30.85,30.98,30.32,30.4,2225575
CLR,NYSE,2020/01/23 16:00:00,30.17,30.89,29.46,30.54,3560503
CLR,NYSE,2020/01/24 16:00:00,30.53,30.68,29.04,29.46,4014543
CLR,NYSE,2020/01/27 16:00:00,28.56,29.33,28.52,28.67,4174762
CLR,NYSE,2020/01/28 16:00:00,28.91,29.59,28.67,29.21,8207856
CLR,NYSE,2020/01/29 16:00:00,29.48,30.04,28.7,28.71,7647621
CLR,NYSE,2020/01/30 16:00:00,28.22,28.7,27.65,28.21,2558839
CLR,NYSE,2020/01/31 16:00:00,27.7,27.92,27.04,27.22,3202848
CLR,NYSE,2020/02/03 16:00:00,27.09,27.55,26.58,26.66,2360925
CLR,NYSE,2020/02/04 16:00:00,27.31,27.45,26.47,26.54,3061350
CLR,NYSE,2020/02/05 16:00:00,27.37,28.96,27.37,28.4,3368181
CLR,NYSE,2020/02/06 16:00:00,28.44,28.52,27.31,27.34,2561427
CLR,NYSE,2020/02/07 16:00:00,26.78,27.17,26.58,26.86,2391534
CLR,NYSE,2020/02/10 16:00:00,26.45,26.62,25.51,25.65,2381582
CLR,NYSE,2020/02/11 16:00:00,26.03,26.49,25.86,25.9,1683024
CLR,NYSE,2020/02/12 16:00:00,26.61,27.45,26.36,26.55,3524065
CLR,NYSE,2020/02/13 16:00:00,26.42,27,26.3,26.79,5808130
CLR,NYSE,2020/02/14 16:00:00,27.1,27.21,26.03,26.2,6291456
CLR,NYSE,2020/02/18 16:00:00,25.83,26.12,25.6,26.02,2403201
CLR,NYSE,2020/02/19 16:00:00,26.16,26.4,25.88,26.07,2569225
CLR,NYSE,2020/02/20 16:00:00,26.36,26.42,25.7,25.75,2365163
CLR,NYSE,2020/02/21 16:00:00,25.34,25.62,24.84,25.3,2215736
CLR,NYSE,2020/02/24 16:00:00,23.86,23.86,23.14,23.42,2769374
CLR,NYSE,2020/02/25 16:00:00,23.51,23.68,21.49,21.9,3109153
CLR,NYSE,2020/02/26 16:00:00,21.84,22.16,20.66,20.78,4361006
CLR,NYSE,2020/02/27 16:00:00,15.5,18.28,14.77,17.46,12048999
CLR,NYSE,2020/02/28 16:00:00,16.88,19.29,16.63,18.95,8821632
CLR,NYSE,2020/03/02 16:00:00,19.19,19.19,17.49,18.09,8723396
CLR,NYSE,2020/03/03 16:00:00,18.09,18.43,17.24,17.43,6403147
CLR,NYSE,2020/03/04 16:00:00,18.01,18.28,17.11,17.78,6204516
CLR,NYSE,2020/03/05 16:00:00,17.11,17.68,16.72,17.49,5665952
CLR,NYSE,2020/03/06 16:00:00,16.68,16.94,14.67,14.85,8034952
CLR,NYSE,2020/03/09 16:00:00,10,10.15,7.01,7.05,21486493
CLR,NYSE,2020/03/10 16:00:00,8.8,9.43,7.06,9.39,25627916
CLR,NYSE,2020/03/11 16:00:00,8.72,9.23,8.11,8.78,15140742
CLR,NYSE,2020/03/12 16:00:00,8,8.79,7.45,7.94,11339856
CLR,NYSE,2020/03/13 16:00:00,8.58,9.84,7.77,9.82,11178604
CLR,NYSE,2020/03/16 16:00:00,7.85,10.64,7.7,8.97,8849817
CLR,NYSE,2020/03/17 16:00:00,9.01,9.38,7.65,8.29,9766587
CLR,NYSE,2020/03/18 16:00:00,7.61,7.99,6.92,7.88,8385797
CLR,NYSE,2020/03/19 16:00:00,7.89,9.33,7.5,9.12,8599655
CLR,NYSE,2020/03/20 16:00:00,9.25,9.94,8.27,9.46,10426022
CLR,NYSE,2020/03/23 16:00:00,9.54,9.55,8.71,9.03,5425714
CLR,NYSE,2020/03/24 16:00:00,9.65,10.47,9.16,10.3,5562479
CLR,NYSE,2020/03/25 16:00:00,10.6,10.75,9.27,10.23,6057692
CLR,NYSE,2020/03/26 16:00:00,10.18,10.98,9.62,9.95,5007164
CLR,NYSE,2020/03/27 16:00:00,9.53,9.6,8.48,8.52,7116694
CLR,NYSE,2020/03/30 16:00:00,8.15,8.17,7.03,7.71,8853871
CLR,NYSE,2020/03/31 16:00:00,8.15,8.3,7.48,7.64,7374950
CLR,NYSE,2020/04/01 16:00:00,7.28,7.68,6.9,7.47,8470250
CLR,NYSE,2020/04/02 16:00:00,7.95,9.97,7.61,8.34,11777059
CLR,NYSE,2020/04/03 16:00:00,9.05,9.19,8.12,9.08,8880441
CLR,NYSE,2020/04/06 16:00:00,9.11,9.63,8.77,9.49,7092852
CLR,NYSE,2020/04/07 16:00:00,9.98,11.29,9.51,10.45,10870130
CLR,NYSE,2020/04/08 16:00:00,10.64,12.47,10.59,12.37,9223056
CLR,NYSE,2020/04/09 16:00:00,13.23,14.96,11.05,12.19,20298693
CLR,NYSE,2020/04/13 16:00:00,12.85,12.94,12,12.36,5246699
CLR,NYSE,2020/04/14 16:00:00,12.01,12.36,11.12,11.43,5862875
CLR,NYSE,2020/04/15 16:00:00,10.41,10.7,9.95,10.49,7878453
CLR,NYSE,2020/04/16 16:00:00,10.43,10.51,9.79,9.84,4348465
CLR,NYSE,2020/04/17 16:00:00,10.1,11.35,10,11.22,6103353
CLR,NYSE,2020/04/20 16:00:00,10.1,11.45,9.85,10.72,9166709
CLR,NYSE,2020/04/21 16:00:00,10.21,11.13,9.98,11.02,7416750
CLR,NYSE,2020/04/22 16:00:00,11.73,12.61,11.7,12.41,8098316
CLR,NYSE,2020/04/23 16:00:00,13.06,13.67,12.56,13.23,7837752
CLR,NYSE,2020/04/24 16:00:00,13.45,14.15,12.09,12.59,6008823
CLR,NYSE,2020/04/27 16:00:00,12.09,13.14,11.46,12.83,4741215
CLR,NYSE,2020/04/28 16:00:00,13.28,13.58,12.69,13.44,4702942
CLR,NYSE,2020/04/29 16:00:00,14.1,15.92,14.07,15.85,6471536
CLR,NYSE,2020/04/30 16:00:00,16,16.74,15.36,16.39,6693052
CLR,NYSE,2020/05/01 16:00:00,15.78,15.99,14.2,14.21,6184596
CLR,NYSE,2020/05/04 16:00:00,13.27,14.55,12.99,14.3,5898992
CLR,NYSE,2020/05/05 16:00:00,15.6,15.61,13.51,13.66,4861915
CLR,NYSE,2020/05/06 16:00:00,13.64,14.29,13.4,13.61,3887135
CLR,NYSE,2020/05/07 16:00:00,13.93,14.54,13.37,13.6,3754445
CLR,NYSE,2020/05/08 16:00:00,13.85,15.14,13.77,15.09,4099107
CLR,NYSE,2020/05/11 16:00:00,15.05,15.64,14,14,6248466
CLR,NYSE,2020/05/12 16:00:00,14,15.11,14,14.44,4396471
CLR,NYSE,2020/05/13 16:00:00,14.22,14.31,12.5,12.63,8377606
CLR,NYSE,2020/05/14 16:00:00,12.28,13.4,11.96,12.97,4576736
CLR,NYSE,2020/05/15 16:00:00,12.83,13.38,12.75,12.87,4377132
CLR,NYSE,2020/05/18 16:00:00,13.85,14.86,13.79,14.68,4985277
CLR,NYSE,2020/05/19 16:00:00,14.9,14.92,13.37,13.44,5521630
CLR,NYSE,2020/05/20 16:00:00,13.84,14.24,13.58,13.88,3763046
CLR,NYSE,2020/05/21 16:00:00,14,14.32,13.2,13.88,4047749
CLR,NYSE,2020/05/22 16:00:00,13.77,14.1,13.5,14.04,3231937
CLR,NYSE,2020/05/26 16:00:00,14.61,14.8,14.03,14.25,3838886
CLR,NYSE,2020/05/27 16:00:00,14.56,14.63,13.52,14.19,3274000
CLR,NYSE,2020/05/28 16:00:00,14.24,14.24,13.1,13.2,5268515
CLR,NYSE,2020/05/29 16:00:00,13.07,13.11,12.16,12.23,12402875
CLR,NYSE,2020/06/01 16:00:00,12.25,13.3,12.05,13.23,4240174
CLR,NYSE,2020/06/02 16:00:00,13.47,14.49,13.41,14.41,4877644
CLR,NYSE,2020/06/03 16:00:00,14.74,15.15,14.34,14.99,4734845
CLR,NYSE,2020/06/04 16:00:00,14.89,15.49,14.5,15.37,3229434
CLR,NYSE,2020/06/05 16:00:00,16.62,18.49,16.6,18.43,7826771
CLR,NYSE,2020/06/08 16:00:00,19.94,21.64,19.45,21.58,7678266
CLR,NYSE,2020/06/09 16:00:00,19.77,20.13,18.67,19.06,5709267
CLR,NYSE,2020/06/10 16:00:00,18.29,18.43,17.3,17.32,4723133
CLR,NYSE,2020/06/11 16:00:00,15.16,16.12,15,15.44,5636010
CLR,NYSE,2020/06/12 16:00:00,16.77,16.93,15.57,16.61,3941749
CLR,NYSE,2020/06/15 16:00:00,15.5,16.98,15.05,16.84,4700256
CLR,NYSE,2020/06/16 16:00:00,18.12,18.45,17.3,18.27,5711712
CLR,NYSE,2020/06/17 16:00:00,18.23,18.24,16.63,16.64,4285775
CLR,NYSE,2020/06/18 16:00:00,16.31,17.52,15.82,17.2,4704257
CLR,NYSE,2020/06/19 16:00:00,17.79,18,16.76,16.91,7836723
CLR,NYSE,2020/06/22 16:00:00,16.9,17.22,16.64,17.04,4675474
CLR,NYSE,2020/06/23 16:00:00,17.46,17.53,16.77,16.85,4286203
CLR,NYSE,2020/06/24 16:00:00,16.49,16.63,15.07,15.12,6507858
CLR,NYSE,2020/06/25 16:00:00,15.51,16.56,15.18,16.28,6049355
CLR,NYSE,2020/06/26 16:00:00,16,16.02,15.04,15.1,4259832
CLR,NYSE,2020/06/29 16:00:00,15.5,16.64,15.18,16.19,5782111
CLR,NYSE,2020/06/30 16:00:00,16,17.61,15.91,17.53,6363611
CLR,NYSE,2020/07/01 16:00:00,17.59,17.95,16.45,17.06,8118821
CLR,NYSE,2020/07/02 16:00:00,17.61,18.61,17.44,18.3,7355566
CLR,NYSE,2020/07/06 16:00:00,18.75,18.8,17.14,17.16,8795655
CLR,NYSE,2020/07/07 16:00:00,16.9,17.09,15.51,15.54,6792103
CLR,NYSE,2020/07/08 16:00:00,15.61,16.68,15.55,16.13,6875434
CLR,NYSE,2020/07/09 16:00:00,16.21,16.3,15.06,15.08,4238600
CLR,NYSE,2020/07/10 16:00:00,15.03,16.04,14.87,16.03,4470005
CLR,NYSE,2020/07/13 16:00:00,16.24,16.35,15.62,15.77,3817858
CLR,NYSE,2020/07/14 16:00:00,15.65,16.96,15.36,16.88,3932928
CLR,NYSE,2020/07/15 16:00:00,17.46,18.02,16.98,18,5961930
CLR,NYSE,2020/07/16 16:00:00,17.72,18.54,17.42,17.83,3238897
CLR,NYSE,2020/07/17 16:00:00,17.81,18.47,16.99,17.18,3181725
CLR,NYSE,2020/07/20 16:00:00,17.13,17.59,16.88,16.88,2110356
CLR,NYSE,2020/07/21 16:00:00,17.38,18.27,17.38,17.99,4689664
CLR,NYSE,2020/07/22 16:00:00,17.64,17.87,17.34,17.69,2194246
CLR,NYSE,2020/07/23 16:00:00,17.46,17.83,17.07,17.31,2592138
CLR,NYSE,2020/07/24 16:00:00,17.31,17.91,17.18,17.22,2296430
CLR,NYSE,2020/07/27 16:00:00,17.25,17.46,16.86,17.4,1994859
CLR,NYSE,2020/07/28 16:00:00,17.25,17.58,16.89,16.92,1984466
CLR,NYSE,2020/07/29 16:00:00,16.97,17.56,16.69,17.51,2316551
CLR,NYSE,2020/07/30 16:00:00,17.05,17.51,16.55,17.33,3087122
CLR,NYSE,2020/07/31 16:00:00,17.27,17.54,16.94,17.29,2838005
CLR,NYSE,2020/08/03 16:00:00,17.36,17.93,17.06,17.64,4517508
CLR,NYSE,2020/08/04 16:00:00,17.11,17.52,16.16,16.59,6515917
CLR,NYSE,2020/08/05 16:00:00,17.42,17.78,16.8,17.71,5969350
CLR,NYSE,2020/08/06 16:00:00,17.5,17.64,16.72,16.89,3169293
CLR,NYSE,2020/08/07 16:00:00,16.75,17.25,16.44,17.18,2214388
CLR,NYSE,2020/08/10 16:00:00,17.28,18.5,17.28,18.49,3171455
CLR,NYSE,2020/08/11 16:00:00,19,19.53,18.11,18.19,3109407
CLR,NYSE,2020/08/12 16:00:00,18.64,18.91,18.33,18.67,2140116
CLR,NYSE,2020/08/13 16:00:00,18.52,18.96,18.23,18.35,1830206
CLR,NYSE,2020/08/14 16:00:00,18.14,18.6,17.94,18.58,1661491
CLR,NYSE,2020/08/17 16:00:00,18.58,18.67,18.07,18.37,1538434
CLR,NYSE,2020/08/18 16:00:00,18.24,18.55,18.05,18.15,1430801
CLR,NYSE,2020/08/19 16:00:00,18.22,18.37,17.96,18.11,1593205
CLR,NYSE,2020/08/20 16:00:00,17.77,17.98,17.52,17.63,1516550
CLR,NYSE,2020/08/21 16:00:00,17.5,17.54,16.9,17.13,1750991
CLR,NYSE,2020/08/24 16:00:00,17.43,18,17.28,17.59,1392657
CLR,NYSE,2020/08/25 16:00:00,18,18.11,17.52,17.98,1220741
CLR,NYSE,2020/08/26 16:00:00,17.72,17.9,17.07,17.28,2454450
CLR,NYSE,2020/08/27 16:00:00,17.22,17.61,16.95,17.51,1919720
CLR,NYSE,2020/08/28 16:00:00,17.52,17.72,17.22,17.6,1958653
CLR,NYSE,2020/08/31 16:00:00,17.67,17.67,17.17,17.18,1654916
CLR,NYSE,2020/09/01 16:00:00,17.24,17.47,16.98,17.08,1803832
CLR,NYSE,2020/09/02 16:00:00,17.07,17.2,16.38,16.41,2076223
CLR,NYSE,2020/09/03 16:00:00,16.02,16.55,15.76,15.96,3324479
CLR,NYSE,2020/09/04 16:00:00,16.1,16.31,15.47,15.67,2324769
CLR,NYSE,2020/09/08 16:00:00,15,15.31,14.1,14.13,3988668
CLR,NYSE,2020/09/09 16:00:00,14.41,14.46,13.87,14.36,2574797
CLR,NYSE,2020/09/10 16:00:00,14.41,14.41,13.26,13.28,3401281
CLR,NYSE,2020/09/11 16:00:00,13.33,13.35,12.99,13.19,3949637
CLR,NYSE,2020/09/14 16:00:00,13.28,13.3,12.68,13.2,3771861
CLR,NYSE,2020/09/15 16:00:00,13.32,13.54,12.99,13.01,2590399
CLR,NYSE,2020/09/16 16:00:00,13.16,14.29,13.09,13.97,4245135
CLR,NYSE,2020/09/17 16:00:00,13.53,14.64,13.45,14.61,4161525
CLR,NYSE,2020/09/18 16:00:00,14.54,14.96,14.36,14.86,5502659
CLR,NYSE,2020/09/21 16:00:00,14.14,14.3,13.34,13.82,2741960
CLR,NYSE,2020/09/22 16:00:00,13.89,14.27,13.4,13.43,2396350
CLR,NYSE,2020/09/23 16:00:00,13.65,13.87,12.55,12.56,2697763
CLR,NYSE,2020/09/24 16:00:00,12.47,13.08,12.1,12.73,2848873
CLR,NYSE,2020/09/25 16:00:00,12.53,12.94,12.34,12.7,3198959
CLR,NYSE,2020/09/28 16:00:00,13.08,13.12,12.61,12.82,4005012
CLR,NYSE,2020/09/29 16:00:00,12.72,12.85,11.93,12.32,3464370
CLR,NYSE,2020/09/30 16:00:00,12.54,12.81,12.19,12.28,3703336
CLR,NYSE,2020/10/01 16:00:00,12.08,12.17,11.47,11.76,3967811
CLR,NYSE,2020/10/02 16:00:00,11.12,12.38,11.09,12.3,3692884
CLR,NYSE,2020/10/05 16:00:00,12.62,13.29,12.59,13.24,4879167
CLR,NYSE,2020/10/06 16:00:00,13.55,13.75,12.64,12.69,3531600
CLR,NYSE,2020/10/07 16:00:00,12.86,13.01,12.71,12.98,2621743
CLR,NYSE,2020/10/08 16:00:00,13.08,13.98,12.94,13.93,3256236
CLR,NYSE,2020/10/09 16:00:00,14.09,14.09,13.31,13.45,2654567
CLR,NYSE,2020/10/12 16:00:00,13.3,13.5,12.94,13.39,2211127
CLR,NYSE,2020/10/13 16:00:00,13.33,13.63,13.08,13.19,3251772
CLR,NYSE,2020/10/14 16:00:00,13.25,13.74,13.21,13.22,2352078
CLR,NYSE,2020/10/15 16:00:00,12.75,13.56,12.75,13.56,2571097
CLR,NYSE,2020/10/16 16:00:00,13.62,13.62,13.14,13.16,2789864
CLR,NYSE,2020/10/19 16:00:00,13.28,13.34,12.88,12.89,2828745
CLR,NYSE,2020/10/20 16:00:00,13.04,13.4,12.69,13.36,2987995
CLR,NYSE,2020/10/21 16:00:00,13.15,13.57,13,13.09,3240363
CLR,NYSE,2020/10/22 16:00:00,13.09,13.82,13.03,13.76,3546541
CLR,NYSE,2020/10/23 16:00:00,13.88,14.23,13.56,13.88,3317665
CLR,NYSE,2020/10/26 16:00:00,13.54,13.54,12.89,12.95,2642722
CLR,NYSE,2020/10/27 16:00:00,12.83,13.14,12.72,12.92,1701149
CLR,NYSE,2020/10/28 16:00:00,12.42,12.54,11.92,12.11,2733732
CLR,NYSE,2020/10/29 16:00:00,11.85,12.39,11.61,12.31,4425837
CLR,NYSE,2020/10/30 16:00:00,12.22,12.35,11.65,12.03,4555318
CLR,NYSE,2020/11/02 16:00:00,12.19,12.81,11.74,12.55,3351089
CLR,NYSE,2020/11/03 16:00:00,12.97,13.21,12.61,12.71,2776137
CLR,NYSE,2020/11/04 16:00:00,12.59,13.29,12.2,12.87,3610369
CLR,NYSE,2020/11/05 16:00:00,12.89,13.42,12.76,13.3,4153401
CLR,NYSE,2020/11/06 16:00:00,13.38,13.42,12.15,12.24,5242748
CLR,NYSE,2020/11/09 16:00:00,13.95,14.58,13.57,14.25,7189584
CLR,NYSE,2020/11/10 16:00:00,14.32,14.56,13.97,14.48,3752700
CLR,NYSE,2020/11/11 16:00:00,14.72,14.92,13.92,14.09,2701416
CLR,NYSE,2020/11/12 16:00:00,13.8,14.29,13.41,13.58,2307596
CLR,NYSE,2020/11/13 16:00:00,13.68,14.08,13.51,13.96,1986543
CLR,NYSE,2020/11/16 16:00:00,14.85,14.89,13.83,14.4,3670296
CLR,NYSE,2020/11/17 16:00:00,14.1,14.75,13.92,14.69,2576639
CLR,NYSE,2020/11/18 16:00:00,14.76,15.82,14.68,14.87,4192220
CLR,NYSE,2020/11/19 16:00:00,14.75,15.5,14.66,15.49,1894945
CLR,NYSE,2020/11/20 16:00:00,15.39,15.61,15.04,15.18,1834038
CLR,NYSE,2020/11/23 16:00:00,15.52,16.86,15.47,16.84,3391758
CLR,NYSE,2020/11/24 16:00:00,17.37,17.86,17.12,17.5,3675552
CLR,NYSE,2020/11/25 16:00:00,17.29,17.83,17.11,17.57,1911624
CLR,NYSE,2020/11/27 13:00:00,17.44,17.48,16.71,16.88,1509760
CLR,NYSE,2020/11/30 16:00:00,16.57,16.79,15.31,15.38,2958289
CLR,NYSE,2020/12/01 16:00:00,15.86,15.98,15.23,15.31,1761874
CLR,NYSE,2020/12/02 16:00:00,15.19,16.33,14.95,15.78,2261744
CLR,NYSE,2020/12/03 16:00:00,15.93,16.53,15.68,16.05,2213060
CLR,NYSE,2020/12/04 16:00:00,17.1,18.87,16.9,18.86,6540457
CLR,NYSE,2020/12/07 16:00:00,18.69,18.69,17.77,17.87,3402688
CLR,NYSE,2020/12/08 16:00:00,17.7,18.97,17.67,18.56,3050235
CLR,NYSE,2020/12/09 16:00:00,18.75,19.54,17.91,18.33,4097498
CLR,NYSE,2020/12/10 16:00:00,18.48,19.79,18.48,19.23,3304959
CLR,NYSE,2020/12/11 16:00:00,19.04,19.09,18.4,18.88,2188271
CLR,NYSE,2020/12/14 16:00:00,19.35,19.35,17.37,17.47,3079739
CLR,NYSE,2020/12/15 16:00:00,17.82,18.03,17.15,17.93,2301641
CLR,NYSE,2020/12/16 16:00:00,18.06,18.06,17.12,17.27,2166450
CLR,NYSE,2020/12/17 16:00:00,17.47,17.54,16.89,17.28,1646422
CLR,NYSE,2020/12/18 16:00:00,17.15,17.33,16.58,16.8,5756734
CLR,NYSE,2020/12/21 16:00:00,15.89,16.91,15.71,16.64,3070504
CLR,NYSE,2020/12/22 16:00:00,16.56,16.69,15.86,15.92,2072282
CLR,NYSE,2020/12/23 16:00:00,16.25,17.21,15.99,16.9,2448910
CLR,NYSE,2020/12/24 13:00:00,16.98,16.98,16.33,16.71,917500
CLR,NYSE,2020/12/28 16:00:00,16.8,17.1,16.16,16.26,1552814
CLR,NYSE,2020/12/29 16:00:00,17,17.2,16.41,16.53,1902288
CLR,NYSE,2020/12/30 16:00:00,16.46,16.97,16.46,16.84,2025206
CLR,NYSE,2020/12/31 16:00:00,16.9,16.9,16.28,16.3,1693824
CLR,NYSE,2021/01/04 16:00:00,16.53,17.43,16.3,17.15,3695871
CLR,NYSE,2021/01/05 16:00:00,17.49,19.95,17.47,19.22,4354358
CLR,NYSE,2021/01/06 16:00:00,20.03,20.67,19.49,19.83,5610556
CLR,NYSE,2021/01/07 16:00:00,19.98,20.22,19.31,19.38,3332682
CLR,NYSE,2021/01/08 16:00:00,19.78,19.88,18.73,19.03,2054648
CLR,NYSE,2021/01/11 16:00:00,18.35,19.45,18.14,19.36,1328739
CLR,NYSE,2021/01/12 16:00:00,20,20.91,19.81,20.66,3106482
CLR,NYSE,2021/01/13 16:00:00,20.58,20.61,19.26,19.39,2341961
CLR,NYSE,2021/01/14 16:00:00,19.65,20.3,19.63,19.77,2212675
CLR,NYSE,2021/01/15 16:00:00,19.47,19.87,18.71,19.35,3000429
CLR,NYSE,2021/01/19 16:00:00,19.7,19.91,19.47,19.64,1705480
CLR,NYSE,2021/01/20 16:00:00,19.95,20.08,19.47,19.93,1586890
CLR,NYSE,2021/01/21 16:00:00,19.85,19.94,18.49,18.91,3451318
CLR,NYSE,2021/01/22 16:00:00,18.21,19.06,18.03,19.02,2595219
CLR,NYSE,2021/01/25 16:00:00,18.78,19.04,18.18,18.96,2507390
CLR,NYSE,2021/01/26 16:00:00,19.29,19.93,18.45,18.88,3062340
CLR,NYSE,2021/01/27 16:00:00,18.5,21.37,18.21,21.06,6049354
CLR,NYSE,2021/01/28 16:00:00,21.69,23.75,20.25,20.78,8261981
CLR,NYSE,2021/01/29 16:00:00,20.66,21.63,19.35,19.69,3540315
CLR,NYSE,2021/02/01 16:00:00,20.09,20.43,19.06,19.67,3098665
CLR,NYSE,2021/02/02 16:00:00,20.31,20.67,18.92,19.03,3119974
CLR,NYSE,2021/02/03 16:00:00,19.1,20.71,19.1,20.68,2076984
CLR,NYSE,2021/02/04 16:00:00,20.8,21.07,20.04,20.81,1285060
CLR,NYSE,2021/02/05 16:00:00,21.18,21.31,20.73,20.99,1107675
CLR,NYSE,2021/02/08 16:00:00,21.35,23.22,21.35,23.07,2189804
CLR,NYSE,2021/02/09 16:00:00,22.74,22.74,21.96,22.04,2326036
CLR,NYSE,2021/02/10 16:00:00,22.29,23.46,22.28,23.1,2434131
CLR,NYSE,2021/02/11 16:00:00,22.93,23,21.65,22.27,1823157
CLR,NYSE,2021/02/12 16:00:00,21.91,23.46,21.7,23.02,2645696
CLR,NYSE,2021/02/16 16:00:00,24.09,24.75,23.5,24.29,3661392
CLR,NYSE,2021/02/17 16:00:00,22.91,24.24,22.05,23.24,5200761
CLR,NYSE,2021/02/18 16:00:00,22.9,23.13,21.61,21.82,2875276
CLR,NYSE,2021/02/19 16:00:00,21.94,22.58,21.72,22.39,2405307
CLR,NYSE,2021/02/22 16:00:00,22.73,24.47,22.73,23.31,2184052
CLR,NYSE,2021/02/23 16:00:00,23.58,24.69,21.91,24.49,2846974
CLR,NYSE,2021/02/24 16:00:00,24.48,26.29,24.29,25.7,2518472
CLR,NYSE,2021/02/25 16:00:00,26.07,26.28,24.42,24.78,1989696
CLR,NYSE,2021/02/26 16:00:00,24.37,24.75,22.85,24.18,2019842
CLR,NYSE,2021/03/01 16:00:00,24.88,25.43,24.33,25.06,1676676
CLR,NYSE,2021/03/02 16:00:00,24.96,25.82,24.75,24.87,1385288
CLR,NYSE,2021/03/03 16:00:00,25.2,26.97,25.2,26.15,1868488
CLR,NYSE,2021/03/04 16:00:00,26.4,29.33,26.24,28.8,4021928
CLR,NYSE,2021/03/05 16:00:00,30.11,32.02,30,31.74,4714382
CLR,NYSE,2021/03/08 16:00:00,32,32.39,30.01,30.79,3368450
CLR,NYSE,2021/03/09 16:00:00,30.91,31.2,29.44,29.71,2811731
CLR,NYSE,2021/03/10 16:00:00,29.75,31,29.06,30.73,1823436
CLR,NYSE,2021/03/11 16:00:00,30.73,31.55,30.56,30.98,1692809
CLR,NYSE,2021/03/12 16:00:00,31.1,31.2,29.67,29.9,1626463
CLR,NYSE,2021/03/15 16:00:00,29.19,29.52,28.07,29.29,2445734
CLR,NYSE,2021/03/16 16:00:00,28.53,28.75,27.29,27.38,2469263
CLR,NYSE,2021/03/17 16:00:00,27.37,28.28,26.75,27.45,3059826
CLR,NYSE,2021/03/18 16:00:00,27.29,27.46,25.13,25.38,3501762
CLR,NYSE,2021/03/19 16:00:00,25.5,26.75,25.26,26.59,3370075
CLR,NYSE,2021/03/22 16:00:00,26.33,26.36,25.53,25.76,1350253
CLR,NYSE,2021/03/23 16:00:00,24.71,25.89,24.4,24.98,2055340
CLR,NYSE,2021/03/24 16:00:00,26.03,26.99,25.76,26.02,2089112
CLR,NYSE,2021/03/25 16:00:00,25.28,26.03,24.53,25.89,1887378
CLR,NYSE,2021/03/26 16:00:00,26.74,27.12,26,26.72,1946198
CLR,NYSE,2021/03/29 16:00:00,26.38,26.55,25.1,25.8,1514661
CLR,NYSE,2021/03/30 16:00:00,25.46,26.22,25,25.98,1232997
CLR,NYSE,2021/03/31 16:00:00,26,26.26,25.52,25.87,1496206
CLR,NYSE,2021/04/01 16:00:00,26.2,27.52,25.97,27.34,2243666
CLR,NYSE,2021/04/05 16:00:00,27.12,27.12,25.52,25.72,2231687
CLR,NYSE,2021/04/06 16:00:00,26.38,27.09,25.87,26.02,1921928
CLR,NYSE,2021/04/07 16:00:00,26,26.35,25.48,25.85,1530402
CLR,NYSE,2021/04/08 16:00:00,25.34,25.35,24.51,25.01,3452740
CLR,NYSE,2021/04/09 16:00:00,25.11,26.72,25.01,25.52,3036470
SC,NYSE,2019/04/01 16:00:00,21.3,21.74,21.28,21.7,1120307
SC,NYSE,2019/04/02 16:00:00,21.69,21.99,21.59,21.71,2649961
SC,NYSE,2019/04/03 16:00:00,22.15,22.24,21.89,22.11,1662122
SC,NYSE,2019/04/04 16:00:00,22.18,22.25,21.95,22,808427
SC,NYSE,2019/04/05 16:00:00,21.97,22.17,21.97,22.11,541089
SC,NYSE,2019/04/08 16:00:00,22.03,22.15,22,22.04,610263
SC,NYSE,2019/04/09 16:00:00,22.01,22.07,21.85,21.87,904325
SC,NYSE,2019/04/10 16:00:00,21.88,22.11,21.81,22.07,614101
SC,NYSE,2019/04/11 16:00:00,22.17,22.24,21.91,21.98,579324
SC,NYSE,2019/04/12 16:00:00,22.27,22.52,22.23,22.4,966805
SC,NYSE,2019/04/15 16:00:00,22.43,22.63,22.12,22.26,797909
SC,NYSE,2019/04/16 16:00:00,22.55,22.71,22.44,22.7,1080937
SC,NYSE,2019/04/17 16:00:00,22.83,22.91,22.62,22.7,532336
SC,NYSE,2019/04/18 16:00:00,22.74,22.74,22.42,22.53,581935
SC,NYSE,2019/04/22 16:00:00,22.23,22.37,22.12,22.18,1022116
SC,NYSE,2019/04/23 16:00:00,22.1,22.28,22.01,22.09,1151562
SC,NYSE,2019/04/24 16:00:00,22.1,22.22,22.03,22.08,599550
SC,NYSE,2019/04/25 16:00:00,22,22.22,21.93,22.04,545928
SC,NYSE,2019/04/26 16:00:00,22.04,22.34,21.98,22.13,998801
SC,NYSE,2019/04/29 16:00:00,22.25,22.28,21.94,21.96,2130189
SC,NYSE,2019/04/30 16:00:00,21.8,22.29,21.31,21.35,1874511
SC,NYSE,2019/05/01 16:00:00,21.31,21.44,21.19,21.28,2387449
SC,NYSE,2019/05/02 16:00:00,21.39,21.41,21.14,21.4,1435384
SC,NYSE,2019/05/03 16:00:00,21.7,22.07,21.56,21.65,1356852
SC,NYSE,2019/05/06 16:00:00,21,21.65,20.96,21.59,943732
SC,NYSE,2019/05/07 16:00:00,21.31,21.47,21.11,21.25,525501
SC,NYSE,2019/05/08 16:00:00,21.22,21.63,21.1,21.39,1356756
SC,NYSE,2019/05/09 16:00:00,21.04,21.32,20.85,21.3,1132431
SC,NYSE,2019/05/10 16:00:00,21.16,21.47,21.09,21.25,991781
SC,NYSE,2019/05/13 16:00:00,21.02,21.05,20.68,20.72,1033061
SC,NYSE,2019/05/14 16:00:00,20.8,21.16,20.8,20.98,594112
SC,NYSE,2019/05/15 16:00:00,20.78,21.06,20.65,20.81,844858
SC,NYSE,2019/05/16 16:00:00,20.84,21.04,20.8,20.89,877991
SC,NYSE,2019/05/17 16:00:00,20.65,20.89,20.64,20.79,733877
SC,NYSE,2019/05/20 16:00:00,20.66,21.04,20.59,20.92,574767
SC,NYSE,2019/05/21 16:00:00,21.04,21.33,21.04,21.13,700253
SC,NYSE,2019/05/22 16:00:00,21.03,21.09,20.9,20.94,389772
SC,NYSE,2019/05/23 16:00:00,20.72,20.72,20.5,20.62,958107
SC,NYSE,2019/05/24 16:00:00,21.36,22.62,21.36,22.58,3489524
SC,NYSE,2019/05/28 16:00:00,22.6,23.31,22.55,22.55,2235513
SC,NYSE,2019/05/29 16:00:00,22.55,22.82,22.4,22.77,1448135
SC,NYSE,2019/05/30 16:00:00,22.82,23.03,22.5,22.56,1244639
SC,NYSE,2019/05/31 16:00:00,22.31,22.5,22.31,22.39,1274838
SC,NYSE,2019/06/03 16:00:00,22.42,22.71,22.33,22.56,1287717
SC,NYSE,2019/06/04 16:00:00,22.83,23.19,22.8,23.18,1159223
SC,NYSE,2019/06/05 16:00:00,23.15,23.32,23.09,23.14,719467
SC,NYSE,2019/06/06 16:00:00,23.28,23.28,22.96,23.16,1190411
SC,NYSE,2019/06/07 16:00:00,23.19,23.3,23.11,23.26,952621
SC,NYSE,2019/06/10 16:00:00,23.36,23.51,23.21,23.25,924501
SC,NYSE,2019/06/11 16:00:00,23.37,23.55,23.27,23.48,788180
SC,NYSE,2019/06/12 16:00:00,23.49,23.54,23.24,23.34,855356
SC,NYSE,2019/06/13 16:00:00,23.48,23.58,23.26,23.36,744868
SC,NYSE,2019/06/14 16:00:00,23.33,23.33,23.1,23.16,751220
SC,NYSE,2019/06/17 16:00:00,23.15,23.29,23.03,23.08,790582
SC,NYSE,2019/06/18 16:00:00,22.99,23.44,22.96,23.27,1109793
SC,NYSE,2019/06/19 16:00:00,23.3,23.49,23.28,23.43,913839
SC,NYSE,2019/06/20 16:00:00,23.46,23.66,23.36,23.58,1273621
SC,NYSE,2019/06/21 16:00:00,23.53,23.67,23.43,23.53,1333099
SC,NYSE,2019/06/24 16:00:00,23.53,23.67,23.19,23.28,1293330
SC,NYSE,2019/06/25 16:00:00,23.26,23.45,23.19,23.37,984581
SC,NYSE,2019/06/26 16:00:00,23.44,23.62,23.37,23.44,1093684
SC,NYSE,2019/06/27 16:00:00,23.45,23.62,23.36,23.51,592159
SC,NYSE,2019/06/28 16:00:00,23.6,23.97,23.59,23.96,1699551
SC,NYSE,2019/07/01 16:00:00,24.92,25.31,24.51,24.81,2429231
SC,NYSE,2019/07/02 16:00:00,24.82,25.12,24.78,25.05,1563336
SC,NYSE,2019/07/03 13:00:00,25.15,25.65,25.15,25.41,910665
SC,NYSE,2019/07/05 16:00:00,25.41,25.65,25.4,25.5,1214112
SC,NYSE,2019/07/08 16:00:00,25.4,25.54,25.26,25.34,771431
SC,NYSE,2019/07/09 16:00:00,25.34,25.55,25.17,25.42,1553358
SC,NYSE,2019/07/10 16:00:00,25.5,25.81,25.46,25.53,1073417
SC,NYSE,2019/07/11 16:00:00,25.62,26,25.6,25.8,1409410
SC,NYSE,2019/07/12 16:00:00,25.87,26,25.8,25.96,1275884
SC,NYSE,2019/07/15 16:00:00,26.05,26.1,25.45,25.6,1496219
SC,NYSE,2019/07/16 16:00:00,25.74,25.76,25.45,25.55,1669897
SC,NYSE,2019/07/17 16:00:00,25.3,25.49,25.19,25.25,1122535
SC,NYSE,2019/07/18 16:00:00,25.1,25.86,25.1,25.71,1307376
SC,NYSE,2019/07/19 16:00:00,25.66,25.87,25.37,25.4,967589
SC,NYSE,2019/07/22 16:00:00,25.3,25.38,25.1,25.25,1137380
SC,NYSE,2019/07/23 16:00:00,25.23,25.9,25.21,25.72,2056850
SC,NYSE,2019/07/24 16:00:00,26.01,27.63,25.9,27.51,3045512
SC,NYSE,2019/07/25 16:00:00,27.38,27.63,27.22,27.48,1971277
SC,NYSE,2019/07/26 16:00:00,27.68,27.75,27.25,27.4,1278066
SC,NYSE,2019/07/29 16:00:00,27.47,27.55,27.24,27.26,958392
SC,NYSE,2019/07/30 16:00:00,27.07,27.51,27,27.44,669908
SC,NYSE,2019/07/31 16:00:00,27.43,27.56,26.62,26.91,1755903
SC,NYSE,2019/08/01 16:00:00,26.97,27.09,26.35,26.53,1203945
SC,NYSE,2019/08/02 16:00:00,26.17,26.26,25.81,26.13,1074304
SC,NYSE,2019/08/05 16:00:00,25.69,25.93,25.4,25.64,2342471
SC,NYSE,2019/08/06 16:00:00,25.73,26.11,25.73,26.06,853892
SC,NYSE,2019/08/07 16:00:00,25.71,26.43,25.61,26.42,927624
SC,NYSE,2019/08/08 16:00:00,26.62,27.08,26.57,26.94,624335
SC,NYSE,2019/08/09 16:00:00,26.95,27.06,26.58,26.74,468347
SC,NYSE,2019/08/12 16:00:00,26.46,26.46,26.06,26.18,611736
SC,NYSE,2019/08/13 16:00:00,26.19,26.57,26.13,26.37,812348
SC,NYSE,2019/08/14 16:00:00,26.1,26.11,25.63,25.86,1472742
SC,NYSE,2019/08/15 16:00:00,25.93,26.02,25.73,25.92,1021351
SC,NYSE,2019/08/16 16:00:00,26.07,26.38,26.07,26.29,564649
SC,NYSE,2019/08/19 16:00:00,26.56,26.58,26.27,26.52,649755
SC,NYSE,2019/08/20 16:00:00,26.49,26.49,26.17,26.2,641947
SC,NYSE,2019/08/21 16:00:00,26.42,26.48,26.14,26.16,1189998
SC,NYSE,2019/08/22 16:00:00,26.2,26.36,25.9,26.12,1154454
SC,NYSE,2019/08/23 16:00:00,25.89,26.22,25.4,25.49,1542958
SC,NYSE,2019/08/26 16:00:00,25.72,25.79,25.46,25.71,728858
SC,NYSE,2019/08/27 16:00:00,25.9,25.91,25.44,25.48,613801
SC,NYSE,2019/08/28 16:00:00,25.39,25.8,25.34,25.77,599819
SC,NYSE,2019/08/29 16:00:00,26.02,26.32,26,26.16,493085
SC,NYSE,2019/08/30 16:00:00,26.29,26.36,25.96,26.11,677501
SC,NYSE,2019/09/03 16:00:00,25.92,26.05,25.51,25.6,916432
SC,NYSE,2019/09/04 16:00:00,25.83,26.28,25.83,26.28,726663
SC,NYSE,2019/09/05 16:00:00,26.55,26.86,26.55,26.69,409967
SC,NYSE,2019/09/06 16:00:00,26.85,27.14,26.55,26.56,742880
SC,NYSE,2019/09/09 16:00:00,25.78,26.35,25.6,26.25,1399514
SC,NYSE,2019/09/10 16:00:00,26.13,26.43,25.89,26.12,1117306
SC,NYSE,2019/09/11 16:00:00,26.08,26.22,25.76,26.12,884047
SC,NYSE,2019/09/12 16:00:00,26.07,26.42,25.99,26.12,597547
SC,NYSE,2019/09/13 16:00:00,26.27,26.38,25.89,25.95,1144432
SC,NYSE,2019/09/16 16:00:00,25.79,26.28,25.79,26.26,980972
SC,NYSE,2019/09/17 16:00:00,26.29,26.38,26.07,26.35,590724
SC,NYSE,2019/09/18 16:00:00,26.27,26.45,26.16,26.39,388550
SC,NYSE,2019/09/19 16:00:00,26.36,26.42,26.08,26.11,767602
SC,NYSE,2019/09/20 16:00:00,26.12,26.25,25.84,25.85,1980447
SC,NYSE,2019/09/23 16:00:00,25.82,26.22,25.82,26.12,546365
SC,NYSE,2019/09/24 16:00:00,26.22,26.35,25.96,25.98,615037
SC,NYSE,2019/09/25 16:00:00,25.92,26.23,25.87,26,851109
SC,NYSE,2019/09/26 16:00:00,25.98,26.18,25.88,25.88,734396
SC,NYSE,2019/09/27 16:00:00,26.02,26.16,25.76,25.81,632130
SC,NYSE,2019/09/30 16:00:00,25.88,25.97,25.5,25.51,1213629
SC,NYSE,2019/10/01 16:00:00,25.59,25.93,25.45,25.53,908876
SC,NYSE,2019/10/02 16:00:00,25.3,25.44,24.92,25.03,1084213
SC,NYSE,2019/10/03 16:00:00,24.92,25.15,24.58,24.71,1591712
SC,NYSE,2019/10/04 16:00:00,24.71,25.16,24.71,25.13,802320
SC,NYSE,2019/10/07 16:00:00,25.08,25.11,24.87,24.95,742284
SC,NYSE,2019/10/08 16:00:00,24.7,24.88,24.39,24.4,931691
SC,NYSE,2019/10/09 16:00:00,24.55,24.83,24.34,24.7,942394
SC,NYSE,2019/10/10 16:00:00,24.8,25.14,24.74,24.88,822399
SC,NYSE,2019/10/11 16:00:00,25.28,25.6,25.09,25.11,1072310
SC,NYSE,2019/10/14 16:00:00,25.02,25.18,24.92,25.11,1024601
SC,NYSE,2019/10/15 16:00:00,25.18,25.74,25.18,25.45,935793
SC,NYSE,2019/10/16 16:00:00,25.43,25.51,24.99,25.14,774403
SC,NYSE,2019/10/17 16:00:00,25.27,25.41,25.09,25.34,589447
SC,NYSE,2019/10/18 16:00:00,25.27,25.48,25.2,25.27,712352
SC,NYSE,2019/10/21 16:00:00,25.46,25.78,25.46,25.57,594071
SC,NYSE,2019/10/22 16:00:00,25.57,25.65,25.31,25.39,700489
SC,NYSE,2019/10/23 16:00:00,25.29,25.53,25.25,25.44,521909
SC,NYSE,2019/10/24 16:00:00,25.41,25.51,25.21,25.3,578634
SC,NYSE,2019/10/25 16:00:00,25.2,25.39,24.95,25.05,907167
SC,NYSE,2019/10/28 16:00:00,25.2,25.47,24.97,25.22,968001
SC,NYSE,2019/10/29 16:00:00,25.11,25.58,25.11,25.34,1119235
SC,NYSE,2019/10/30 16:00:00,25,26.02,24.84,25.91,1198603
SC,NYSE,2019/10/31 16:00:00,25.81,25.81,24.73,25.08,1639208
SC,NYSE,2019/11/01 16:00:00,25.2,25.55,25.2,25.5,1006386
SC,NYSE,2019/11/04 16:00:00,25.24,25.26,24.94,25.21,1159409
SC,NYSE,2019/11/05 16:00:00,25.23,25.36,24.85,25.06,1228473
SC,NYSE,2019/11/06 16:00:00,25.01,25.08,24.8,24.89,833145
SC,NYSE,2019/11/07 16:00:00,25.09,25.13,24.91,24.96,763648
SC,NYSE,2019/11/08 16:00:00,24.69,24.82,24.56,24.76,332535
SC,NYSE,2019/11/11 16:00:00,24.57,24.7,24.44,24.46,607362
SC,NYSE,2019/11/12 16:00:00,24.45,24.56,24.07,24.25,792966
SC,NYSE,2019/11/13 16:00:00,24.14,24.26,24.03,24.23,554493
SC,NYSE,2019/11/14 16:00:00,24.09,24.27,24.05,24.17,787448
SC,NYSE,2019/11/15 16:00:00,24.34,24.49,24.14,24.18,424181
SC,NYSE,2019/11/18 16:00:00,24.13,24.15,23.77,23.79,554281
SC,NYSE,2019/11/19 16:00:00,23.73,23.91,23.54,23.73,1735936
SC,NYSE,2019/11/20 16:00:00,23.67,24.09,23.65,23.65,1007214
SC,NYSE,2019/11/21 16:00:00,23.67,23.84,23.48,23.65,963505
SC,NYSE,2019/11/22 16:00:00,23.68,23.86,23.16,23.47,1002058
SC,NYSE,2019/11/25 16:00:00,23.51,23.63,23.4,23.47,446049
SC,NYSE,2019/11/26 16:00:00,23.42,23.51,23.32,23.43,460044
SC,NYSE,2019/11/27 16:00:00,23.49,23.58,23.38,23.47,956592
SC,NYSE,2019/11/29 13:00:00,23.38,23.65,23.38,23.55,378408
SC,NYSE,2019/12/02 16:00:00,23.63,23.71,23.26,23.33,729316
SC,NYSE,2019/12/03 16:00:00,23.05,23.26,22.56,22.73,1300661
SC,NYSE,2019/12/04 16:00:00,22.76,23.19,22.76,22.96,875451
SC,NYSE,2019/12/05 16:00:00,22.98,23.13,22.85,23.1,853422
SC,NYSE,2019/12/06 16:00:00,23.35,23.51,23.1,23.21,672167
SC,NYSE,2019/12/09 16:00:00,23.15,23.16,22.84,22.91,945702
SC,NYSE,2019/12/10 16:00:00,22.89,23.31,22.86,23.22,739876
SC,NYSE,2019/12/11 16:00:00,23.23,23.32,22.93,23.14,857057
SC,NYSE,2019/12/12 16:00:00,23.19,23.73,23.18,23.7,937402
SC,NYSE,2019/12/13 16:00:00,23.65,23.94,23.48,23.49,1349943
SC,NYSE,2019/12/16 16:00:00,23.59,24.13,23.5,23.75,1409048
SC,NYSE,2019/12/17 16:00:00,23.84,24.06,23.68,23.99,1018645
SC,NYSE,2019/12/18 16:00:00,24.02,24.04,23.82,23.87,1058871
SC,NYSE,2019/12/19 16:00:00,23.89,23.98,23.6,23.82,1016589
SC,NYSE,2019/12/20 16:00:00,23.95,24.01,23.72,23.74,1770613
SC,NYSE,2019/12/23 16:00:00,23.83,23.83,23.55,23.68,634749
SC,NYSE,2019/12/24 13:00:00,23.68,23.74,23.57,23.63,375772
SC,NYSE,2019/12/26 16:00:00,23.69,23.73,23.48,23.5,703487
SC,NYSE,2019/12/27 16:00:00,23.52,23.64,23.27,23.29,570273
SC,NYSE,2019/12/30 16:00:00,23.33,23.42,23.13,23.25,721207
SC,NYSE,2019/12/31 16:00:00,23.22,23.44,23.22,23.37,476158
SC,NYSE,2020/01/02 16:00:00,23.49,23.49,23.19,23.46,842929
SC,NYSE,2020/01/03 16:00:00,23.14,23.31,23.09,23.17,538461
SC,NYSE,2020/01/06 16:00:00,23.38,23.38,22.88,23.04,1037035
SC,NYSE,2020/01/07 16:00:00,22.98,23.01,22.8,22.89,650274
SC,NYSE,2020/01/08 16:00:00,22.93,23.18,22.87,22.95,1110677
SC,NYSE,2020/01/09 16:00:00,23.09,23.21,22.79,22.96,1128541
SC,NYSE,2020/01/10 16:00:00,22.95,23.06,22.77,22.83,1099579
SC,NYSE,2020/01/13 16:00:00,22.87,22.91,22.52,22.68,605986
SC,NYSE,2020/01/14 16:00:00,22.68,22.82,22.61,22.61,606816
SC,NYSE,2020/01/15 16:00:00,22.57,22.91,22.48,22.84,747445
SC,NYSE,2020/01/16 16:00:00,22.99,23.11,22.92,23.06,541063
SC,NYSE,2020/01/17 16:00:00,23.12,23.15,22.9,23.11,842574
SC,NYSE,2020/01/21 16:00:00,22.93,23.15,22.91,23.11,897880
SC,NYSE,2020/01/22 16:00:00,23.28,23.77,23.24,23.73,845330
SC,NYSE,2020/01/23 16:00:00,23.63,24,23.37,23.89,1130145
SC,NYSE,2020/01/24 16:00:00,23.84,23.89,23.45,23.49,1085193
SC,NYSE,2020/01/27 16:00:00,23.02,23.02,22.71,22.8,809912
SC,NYSE,2020/01/28 16:00:00,22.92,23.37,22.79,23.18,1114260
SC,NYSE,2020/01/29 16:00:00,25.4,26.62,25.35,26.1,5725037
SC,NYSE,2020/01/30 16:00:00,25.97,26.73,25.94,26.72,1819831
SC,NYSE,2020/01/31 16:00:00,26.58,26.77,26.4,26.62,2387619
SC,NYSE,2020/02/03 16:00:00,26.8,26.9,26.5,26.65,1431416
SC,NYSE,2020/02/04 16:00:00,26.86,26.96,26.54,26.59,1427892
SC,NYSE,2020/02/05 16:00:00,26.68,26.76,26.47,26.61,1324319
SC,NYSE,2020/02/06 16:00:00,26.77,26.82,26.54,26.64,1428468
SC,NYSE,2020/02/07 16:00:00,26.34,26.49,26.27,26.4,688801
SC,NYSE,2020/02/10 16:00:00,26.31,26.56,26.3,26.44,877388
SC,NYSE,2020/02/11 16:00:00,26.47,26.69,26.4,26.6,947683
SC,NYSE,2020/02/12 16:00:00,26.69,26.83,26.58,26.69,756841
SC,NYSE,2020/02/13 16:00:00,26.71,27.21,26.63,27.06,1355870
SC,NYSE,2020/02/14 16:00:00,27.1,27.11,26.68,26.73,770209
SC,NYSE,2020/02/18 16:00:00,26.63,26.81,26.25,26.61,817900
SC,NYSE,2020/02/19 16:00:00,26.65,26.76,26.4,26.58,623151
SC,NYSE,2020/02/20 16:00:00,26.65,26.81,26.47,26.66,591691
SC,NYSE,2020/02/21 16:00:00,26.55,26.71,26.17,26.66,1103673
SC,NYSE,2020/02/24 16:00:00,26.07,26.54,26.07,26.27,1612147
SC,NYSE,2020/02/25 16:00:00,26.33,26.46,25.69,25.83,2030353
SC,NYSE,2020/02/26 16:00:00,25.98,26.23,25.81,25.97,4072946
SC,NYSE,2020/02/27 16:00:00,25.66,26,25.11,25.6,9717459
SC,NYSE,2020/02/28 16:00:00,25.16,25.71,23.95,24.4,5834156
SC,NYSE,2020/03/02 16:00:00,24.32,24.48,23.44,24.05,3080860
SC,NYSE,2020/03/03 16:00:00,24.15,24.55,23.16,23.48,2614575
SC,NYSE,2020/03/04 16:00:00,23.81,24.72,23.44,24.66,2585470
SC,NYSE,2020/03/05 16:00:00,24.16,24.25,22.9,23.18,1831077
SC,NYSE,2020/03/06 16:00:00,22.48,23.17,22.25,22.81,1925935
SC,NYSE,2020/03/09 16:00:00,21.57,21.69,19.85,19.99,2145688
SC,NYSE,2020/03/10 16:00:00,20.66,21.41,20,21.26,993540
SC,NYSE,2020/03/11 16:00:00,20.67,21.07,20.17,20.61,1932968
SC,NYSE,2020/03/12 16:00:00,19.12,19.48,18.28,18.6,1572448
SC,NYSE,2020/03/13 16:00:00,19.88,19.9,17.9,19.82,1211558
SC,NYSE,2020/03/16 16:00:00,17.32,17.48,15.92,15.92,1583742
SC,NYSE,2020/03/17 16:00:00,15.87,16.24,13.74,15.47,2208265
SC,NYSE,2020/03/18 16:00:00,14.35,14.45,11.73,13.08,2325456
SC,NYSE,2020/03/19 16:00:00,12.69,13.53,11.47,12.48,2462630
SC,NYSE,2020/03/20 16:00:00,12.6,13.53,11.44,11.49,1872793
SC,NYSE,2020/03/23 16:00:00,11.53,11.77,9.74,10.11,2329457
SC,NYSE,2020/03/24 16:00:00,10.66,13.05,10.61,12.9,1857670
SC,NYSE,2020/03/25 16:00:00,13.16,16.94,13.08,15.7,3079926
SC,NYSE,2020/03/26 16:00:00,16.09,18.56,15.85,16.09,2183466
SC,NYSE,2020/03/27 16:00:00,15.45,15.63,14.4,14.87,1000648
SC,NYSE,2020/03/30 16:00:00,14.56,14.91,13.75,14.62,1311044
SC,NYSE,2020/03/31 16:00:00,14.58,14.75,13.63,13.91,1864872
SC,NYSE,2020/04/01 16:00:00,13.05,13.05,12.01,12.37,1879404
SC,NYSE,2020/04/02 16:00:00,12.21,13.46,12.01,12.83,2027054
SC,NYSE,2020/04/03 16:00:00,12.66,12.75,11.6,11.87,3047393
SC,NYSE,2020/04/06 16:00:00,13,13.73,12.87,13.17,1271500
SC,NYSE,2020/04/07 16:00:00,14.24,14.85,13.59,14,1774710
SC,NYSE,2020/04/08 16:00:00,14.48,15.29,13.87,14.96,1290630
SC,NYSE,2020/04/09 16:00:00,15.7,16.93,15.51,16.52,1345899
SC,NYSE,2020/04/13 16:00:00,16.63,16.63,15.06,15.18,733726
SC,NYSE,2020/04/14 16:00:00,15.53,15.8,14.11,14.49,1090367
SC,NYSE,2020/04/15 16:00:00,13.45,13.94,13.36,13.56,1569213
SC,NYSE,2020/04/16 16:00:00,13.42,13.53,12.44,12.63,1472820
SC,NYSE,2020/04/17 16:00:00,13.6,14.04,13.28,13.92,1279763
SC,NYSE,2020/04/20 16:00:00,13.33,13.78,12.82,13.34,963297
SC,NYSE,2020/04/21 16:00:00,12.51,12.79,12.25,12.53,1401330
SC,NYSE,2020/04/22 16:00:00,12.91,12.91,12.15,12.37,997567
SC,NYSE,2020/04/23 16:00:00,12.41,13.04,12.32,12.73,783953
SC,NYSE,2020/04/24 16:00:00,12.96,13.1,12.46,12.97,841472
SC,NYSE,2020/04/27 16:00:00,13.02,13.66,13.02,13.47,867838
SC,NYSE,2020/04/28 16:00:00,14.58,15.46,14.28,14.68,1104942
SC,NYSE,2020/04/29 16:00:00,15.22,17.15,15.11,17.05,1703309
SC,NYSE,2020/04/30 16:00:00,16.8,17,15.5,15.59,1779374
SC,NYSE,2020/05/01 16:00:00,14.97,15.17,14.64,14.94,988787
SC,NYSE,2020/05/04 16:00:00,14.49,15.14,13.93,15.08,991450
SC,NYSE,2020/05/05 16:00:00,15.41,15.94,15,15.09,1237272
SC,NYSE,2020/05/06 16:00:00,16,16.08,14.99,15.01,1095128
SC,NYSE,2020/05/07 16:00:00,15.07,15.92,15.07,15.41,735070
SC,NYSE,2020/05/08 16:00:00,15.58,16.04,15.54,15.79,597239
SC,NYSE,2020/05/11 16:00:00,15.5,15.63,15.04,15.1,1040271
SC,NYSE,2020/05/12 16:00:00,15.19,15.44,14.18,14.2,869312
SC,NYSE,2020/05/13 16:00:00,14.02,14.03,13.08,13.29,1344501
SC,NYSE,2020/05/14 16:00:00,13,14.8,12.79,14.74,1792597
SC,NYSE,2020/05/15 16:00:00,14.45,14.88,14.21,14.4,1039096
SC,NYSE,2020/05/18 16:00:00,15.26,15.85,15.23,15.62,1223756
SC,NYSE,2020/05/19 16:00:00,15.48,15.92,15.07,15.53,973914
SC,NYSE,2020/05/20 16:00:00,15.8,16.43,15.77,15.83,1096845
SC,NYSE,2020/05/21 16:00:00,15.79,16.15,15.55,15.59,911683
SC,NYSE,2020/05/22 16:00:00,15.59,15.88,15.22,15.47,859907
SC,NYSE,2020/05/26 16:00:00,16.31,17.05,16.11,16.7,1063661
SC,NYSE,2020/05/27 16:00:00,17.69,18.06,17.16,17.99,941890
SC,NYSE,2020/05/28 16:00:00,18.29,18.32,17.2,17.28,750232
SC,NYSE,2020/05/29 16:00:00,16.79,17.02,16.29,16.53,1449539
SC,NYSE,2020/06/01 16:00:00,16.56,17.99,16.43,17.91,946265
SC,NYSE,2020/06/02 16:00:00,18.31,18.45,17.7,17.8,1114998
SC,NYSE,2020/06/03 16:00:00,18.41,19,18.27,18.69,1086777
SC,NYSE,2020/06/04 16:00:00,18.56,19.61,18.15,19.61,1039561
SC,NYSE,2020/06/05 16:00:00,21.42,21.85,20.6,21.2,1870686
SC,NYSE,2020/06/08 16:00:00,21.85,22.12,21.35,21.66,1602505
SC,NYSE,2020/06/09 16:00:00,20.77,21.01,20.33,20.68,886239
SC,NYSE,2020/06/10 16:00:00,20.43,20.55,19.5,19.67,1006944
SC,NYSE,2020/06/11 16:00:00,18.19,18.69,17.86,18.1,884855
SC,NYSE,2020/06/12 16:00:00,19.3,19.44,18.33,18.98,637905
SC,NYSE,2020/06/15 16:00:00,17.97,19.22,17.9,19.02,1113303
SC,NYSE,2020/06/16 16:00:00,20.25,20.31,19.04,19.36,960919
SC,NYSE,2020/06/17 16:00:00,19.36,19.59,19.16,19.21,694802
SC,NYSE,2020/06/18 16:00:00,18.73,19.31,18.7,19.11,589629
SC,NYSE,2020/06/19 16:00:00,19.55,19.67,18.48,18.83,1571630
SC,NYSE,2020/06/22 16:00:00,18.65,19.09,18.38,18.93,631061
SC,NYSE,2020/06/23 16:00:00,19.36,19.48,18.89,18.9,652149
SC,NYSE,2020/06/24 16:00:00,18.5,18.55,17.88,18.12,888093
SC,NYSE,2020/06/25 16:00:00,17.93,18.94,17.72,18.87,1334994
SC,NYSE,2020/06/26 16:00:00,18.49,18.62,17.92,18.28,2828251
SC,NYSE,2020/06/29 16:00:00,18.49,18.95,18.02,18.85,1109761
SC,NYSE,2020/06/30 16:00:00,18.79,18.94,18.2,18.41,1829884
SC,NYSE,2020/07/01 16:00:00,18.42,18.85,17.71,17.73,822240
SC,NYSE,2020/07/02 16:00:00,18.29,18.6,17.83,17.89,777249
SC,NYSE,2020/07/06 16:00:00,18.54,19.16,18.49,19.04,726570
SC,NYSE,2020/07/07 16:00:00,18.82,18.82,17.74,17.84,779229
SC,NYSE,2020/07/08 16:00:00,17.89,18.58,17.6,18.34,817326
SC,NYSE,2020/07/09 16:00:00,18.28,18.35,17.18,17.31,660195
SC,NYSE,2020/07/10 16:00:00,17.35,17.58,16.69,17.53,1252905
SC,NYSE,2020/07/13 16:00:00,17.73,18.45,17.56,18.01,511425
SC,NYSE,2020/07/14 16:00:00,17.91,18.03,17.58,17.83,369538
SC,NYSE,2020/07/15 16:00:00,17.58,18.32,17.38,18.18,842352
SC,NYSE,2020/07/16 16:00:00,18.06,18.63,17.87,18.37,492895
SC,NYSE,2020/07/17 16:00:00,18.46,18.56,17.81,17.82,804893
SC,NYSE,2020/07/20 16:00:00,17.7,17.95,17.56,17.68,500444
SC,NYSE,2020/07/21 16:00:00,17.98,18.35,17.89,18.11,771543
SC,NYSE,2020/07/22 16:00:00,18.03,18.88,17.89,18.44,933175
SC,NYSE,2020/07/23 16:00:00,18.29,18.74,18.28,18.31,692673
SC,NYSE,2020/07/24 16:00:00,18.28,18.42,17.93,18.13,906175
SC,NYSE,2020/07/27 16:00:00,17.9,17.9,17.55,17.88,638646
SC,NYSE,2020/07/28 16:00:00,17.86,18.47,17.86,18.24,754555
SC,NYSE,2020/07/29 16:00:00,18.01,18.19,16.68,17.34,1641507
SC,NYSE,2020/07/30 16:00:00,16.82,17.11,16.5,17.05,1271218
SC,NYSE,2020/07/31 16:00:00,16.97,18.5,16.97,18.36,2245010
SC,NYSE,2020/08/03 16:00:00,18.54,19.25,18.42,18.68,1760969
SC,NYSE,2020/08/04 16:00:00,18.48,18.91,18.31,18.44,1227052
SC,NYSE,2020/08/05 16:00:00,18.64,19.38,18.64,19.31,1321382
SC,NYSE,2020/08/06 16:00:00,19.19,19.49,19,19.07,863107
SC,NYSE,2020/08/07 16:00:00,18.84,19.04,18.4,18.98,762787
SC,NYSE,2020/08/10 16:00:00,19.14,19.82,19.14,19.35,987683
SC,NYSE,2020/08/11 16:00:00,19.86,20,18.23,18.39,1316093
SC,NYSE,2020/08/12 16:00:00,18.48,18.53,17.77,18.16,804449
SC,NYSE,2020/08/13 16:00:00,17.94,18.15,17.58,17.74,421486
SC,NYSE,2020/08/14 16:00:00,17.51,18.09,17.4,17.84,616037
SC,NYSE,2020/08/17 16:00:00,17.98,17.98,17.47,17.63,449144
SC,NYSE,2020/08/18 16:00:00,17.68,17.91,17.26,17.3,409681
SC,NYSE,2020/08/19 16:00:00,17.35,17.55,17.04,17.27,637116
SC,NYSE,2020/08/20 16:00:00,16.96,17.22,16.89,17.03,363322
SC,NYSE,2020/08/21 16:00:00,17.06,17.26,16.96,17.1,368826
SC,NYSE,2020/08/24 16:00:00,17.22,17.8,17.17,17.65,388777
SC,NYSE,2020/08/25 16:00:00,17.78,17.98,17.22,17.33,377792
SC,NYSE,2020/08/26 16:00:00,17.27,17.32,16.94,17.14,510659
SC,NYSE,2020/08/27 16:00:00,17.23,17.84,17.09,17.64,473569
SC,NYSE,2020/08/28 16:00:00,17.89,17.89,17.61,17.87,357781
SC,NYSE,2020/08/31 16:00:00,17.79,17.79,17.09,17.21,765575
SC,NYSE,2020/09/01 16:00:00,16.99,17.33,16.88,17.09,400832
SC,NYSE,2020/09/02 16:00:00,17.08,17.61,17.04,17.55,439668
SC,NYSE,2020/09/03 16:00:00,17.65,18.15,17.31,17.62,439881
SC,NYSE,2020/09/04 16:00:00,18.06,18.25,17.83,18.06,750670
SC,NYSE,2020/09/08 16:00:00,17.83,17.83,17.29,17.41,822142
SC,NYSE,2020/09/09 16:00:00,17.58,17.58,17.09,17.41,686523
SC,NYSE,2020/09/10 16:00:00,17.46,17.82,17.12,17.18,550939
SC,NYSE,2020/09/11 16:00:00,17.17,17.54,16.72,17.46,1297313
SC,NYSE,2020/09/14 16:00:00,17.55,17.91,17.31,17.37,981895
SC,NYSE,2020/09/15 16:00:00,17.45,17.5,16.86,17.26,844579
SC,NYSE,2020/09/16 16:00:00,17.36,18.56,17.15,18.32,1289703
SC,NYSE,2020/09/17 16:00:00,18.07,18.54,17.74,18.5,1049550
SC,NYSE,2020/09/18 16:00:00,18.66,18.7,18.18,18.24,3138988
SC,NYSE,2020/09/21 16:00:00,17.7,17.7,16.9,17.25,1262493
SC,NYSE,2020/09/22 16:00:00,17.28,17.65,16.93,17.14,1044880
SC,NYSE,2020/09/23 16:00:00,17.24,17.53,16.53,16.55,584242
SC,NYSE,2020/09/24 16:00:00,16.44,16.8,16.03,16.46,624692
SC,NYSE,2020/09/25 16:00:00,16.34,16.68,16.19,16.59,334510
SC,NYSE,2020/09/28 16:00:00,16.91,17.57,16.91,17.22,470698
SC,NYSE,2020/09/29 16:00:00,17.23,17.71,16.98,17.32,524858
SC,NYSE,2020/09/30 16:00:00,17.51,18.27,17.51,18.19,1107363
SC,NYSE,2020/10/01 16:00:00,18.25,18.6,17.81,18.59,533185
SC,NYSE,2020/10/02 16:00:00,18.31,19.42,18.15,19.26,665051
SC,NYSE,2020/10/05 16:00:00,19.64,19.91,19.42,19.81,650102
SC,NYSE,2020/10/06 16:00:00,20.34,20.44,19.23,19.24,642461
SC,NYSE,2020/10/07 16:00:00,19.49,19.91,19.22,19.38,714961
SC,NYSE,2020/10/08 16:00:00,19.64,19.81,19.44,19.72,702403
SC,NYSE,2020/10/09 16:00:00,19.93,20.14,19.59,19.94,2010641
SC,NYSE,2020/10/12 16:00:00,20.05,20.33,19.8,20.14,604555
SC,NYSE,2020/10/13 16:00:00,20.05,20.56,19.87,20.15,1004462
SC,NYSE,2020/10/14 16:00:00,20.25,20.45,20.01,20.15,2462995
SC,NYSE,2020/10/15 16:00:00,19.81,20.13,19.56,19.99,1109162
SC,NYSE,2020/10/16 16:00:00,20.09,20.89,19.86,20.62,1005168
SC,NYSE,2020/10/19 16:00:00,20.88,21.26,20.65,20.7,872870
SC,NYSE,2020/10/20 16:00:00,20.78,21.33,20.78,20.87,461901
SC,NYSE,2020/10/21 16:00:00,20.74,21.07,20.67,20.71,479817
SC,NYSE,2020/10/22 16:00:00,20.77,21.32,20.72,21.22,352455
SC,NYSE,2020/10/23 16:00:00,21.43,21.66,21.09,21.39,430303
SC,NYSE,2020/10/26 16:00:00,21.1,21.1,20.57,20.81,345911
SC,NYSE,2020/10/27 16:00:00,20.71,21.08,20.56,20.93,711789
SC,NYSE,2020/10/28 16:00:00,20.44,21.42,19.77,20.94,1096006
SC,NYSE,2020/10/29 16:00:00,20.89,21.29,20.66,20.81,594970
SC,NYSE,2020/10/30 16:00:00,20.82,20.82,19.85,20.34,534000
SC,NYSE,2020/11/02 16:00:00,20.68,21.2,20.68,21.19,450830
SC,NYSE,2020/11/03 16:00:00,21.62,21.84,21.41,21.73,518546
SC,NYSE,2020/11/04 16:00:00,21.35,21.75,20.75,21.14,433215
SC,NYSE,2020/11/05 16:00:00,21.23,21.72,21.18,21.27,498630
SC,NYSE,2020/11/06 16:00:00,21.33,21.43,20.97,21.11,428823
SC,NYSE,2020/11/09 16:00:00,22.81,23.88,22.38,22.42,637285
SC,NYSE,2020/11/10 16:00:00,22.47,22.82,22.23,22.45,440749
SC,NYSE,2020/11/11 16:00:00,22.52,22.56,21.9,22.32,376278
SC,NYSE,2020/11/12 16:00:00,22.04,22.36,21.71,21.93,347433
SC,NYSE,2020/11/13 16:00:00,22.06,22.78,22.06,22.68,197774
SC,NYSE,2020/11/16 16:00:00,23.28,23.71,22.99,23.57,281333
SC,NYSE,2020/11/17 16:00:00,23.1,23.53,22.84,23.46,208203
SC,NYSE,2020/11/18 16:00:00,23.6,23.87,23.19,23.2,289356
SC,NYSE,2020/11/19 16:00:00,23.04,23.05,22.52,22.93,270226
SC,NYSE,2020/11/20 16:00:00,22.81,23.04,22.17,22.3,413293
SC,NYSE,2020/11/23 16:00:00,22.59,23.2,22.54,23.06,348972
SC,NYSE,2020/11/24 16:00:00,23.44,23.73,23.24,23.57,485896
SC,NYSE,2020/11/25 16:00:00,23.38,23.45,23.03,23.3,130203
SC,NYSE,2020/11/27 13:00:00,23.17,23.25,22.79,22.89,90398
SC,NYSE,2020/11/30 16:00:00,23.02,23.3,22.07,22.1,578350
SC,NYSE,2020/12/01 16:00:00,22.52,23.14,22.42,23.14,407542
SC,NYSE,2020/12/02 16:00:00,23.07,23.63,22.73,23.58,381095
SC,NYSE,2020/12/03 16:00:00,23.59,23.69,23.09,23.2,218941
SC,NYSE,2020/12/04 16:00:00,23.49,23.83,23.08,23.2,290331
SC,NYSE,2020/12/07 16:00:00,23.01,23.12,22.72,23.07,235373
SC,NYSE,2020/12/08 16:00:00,22.78,23.15,22.64,22.89,238153
SC,NYSE,2020/12/09 16:00:00,22.95,23.1,22.44,22.78,436605
SC,NYSE,2020/12/10 16:00:00,23.08,23.2,22.79,23.12,463478
SC,NYSE,2020/12/11 16:00:00,22.72,22.86,22.11,22.25,310056
SC,NYSE,2020/12/14 16:00:00,22.51,22.62,21.41,21.95,506319
SC,NYSE,2020/12/15 16:00:00,22.26,22.93,21.81,22.83,573703
SC,NYSE,2020/12/16 16:00:00,22.77,22.77,21.63,21.64,866679
SC,NYSE,2020/12/17 16:00:00,21.71,21.84,20.96,21.32,660450
SC,NYSE,2020/12/18 16:00:00,21.27,21.5,20.36,20.83,2585968
SC,NYSE,2020/12/21 16:00:00,20.9,21.48,20.68,21.21,1509360
SC,NYSE,2020/12/22 16:00:00,21.27,21.38,20.66,20.85,838697
SC,NYSE,2020/12/23 16:00:00,20.95,21.88,20.95,21.61,465725
SC,NYSE,2020/12/24 13:00:00,21.55,21.6,21.03,21.24,176460
SC,NYSE,2020/12/28 16:00:00,21.36,21.72,21.27,21.45,611994
SC,NYSE,2020/12/29 16:00:00,21.5,21.5,21.14,21.32,404675
SC,NYSE,2020/12/30 16:00:00,21.37,22.08,21.23,21.8,1385876
SC,NYSE,2020/12/31 16:00:00,21.66,22.06,21.55,22.02,431363
SC,NYSE,2021/01/04 16:00:00,22.22,22.32,21.23,21.25,759318
SC,NYSE,2021/01/05 16:00:00,21.48,21.86,21.33,21.59,605903
SC,NYSE,2021/01/06 16:00:00,22.01,22.68,21.49,22.27,1104301
SC,NYSE,2021/01/07 16:00:00,21.79,22.27,21.26,21.67,957425
SC,NYSE,2021/01/08 16:00:00,21.79,21.79,20.57,21.07,927130
SC,NYSE,2021/01/11 16:00:00,20.78,21.42,20.78,21.32,475226
SC,NYSE,2021/01/12 16:00:00,21.56,22.01,21.28,21.95,711089
SC,NYSE,2021/01/13 16:00:00,22.15,22.98,22.15,22.25,841760
SC,NYSE,2021/01/14 16:00:00,22.44,23.46,22.32,23.38,888832
SC,NYSE,2021/01/15 16:00:00,23.14,23.7,22.81,23.62,1174915
SC,NYSE,2021/01/19 16:00:00,24.18,25,23.94,24.34,1088285
SC,NYSE,2021/01/20 16:00:00,24.32,24.5,23.59,24.06,534429
SC,NYSE,2021/01/21 16:00:00,24.04,24.19,23.26,23.36,348285
SC,NYSE,2021/01/22 16:00:00,23.04,23.41,22.83,23.4,511483
SC,NYSE,2021/01/25 16:00:00,23.27,23.7,22.87,23.16,483449
SC,NYSE,2021/01/26 16:00:00,23.29,23.73,23.04,23.3,709288
SC,NYSE,2021/01/27 16:00:00,22.94,23.44,22.11,22.3,704861
SC,NYSE,2021/01/28 16:00:00,22.65,23.47,22.56,23.21,523671
SC,NYSE,2021/01/29 16:00:00,23.08,23.2,21.97,22.1,2140144
SC,NYSE,2021/02/01 16:00:00,22.23,22.81,22.04,22.75,551985
SC,NYSE,2021/02/02 16:00:00,22.94,23.77,22.9,23.66,940103
SC,NYSE,2021/02/03 16:00:00,23.57,24.74,22.28,24.21,2188445
SC,NYSE,2021/02/04 16:00:00,26.18,26.98,25.29,25.99,1998098
SC,NYSE,2021/02/05 16:00:00,26.39,26.5,25.88,25.92,817024
SC,NYSE,2021/02/08 16:00:00,26,26.25,25.75,25.98,675856
SC,NYSE,2021/02/09 16:00:00,25.79,25.95,25.55,25.69,1921865
SC,NYSE,2021/02/10 16:00:00,25.89,26.01,25.67,25.68,977618
SC,NYSE,2021/02/11 16:00:00,25.58,25.9,25.29,25.87,1761295
SC,NYSE,2021/02/12 16:00:00,25.77,26,25.6,25.61,1806241
SC,NYSE,2021/02/16 16:00:00,25.74,26.37,25.64,26.25,2589469
SC,NYSE,2021/02/17 16:00:00,26.28,27.03,26.28,26.65,917984
SC,NYSE,2021/02/18 16:00:00,26.51,26.8,26.13,26.25,1115076
SC,NYSE,2021/02/19 16:00:00,26.4,26.73,26.22,26.24,760648
SC,NYSE,2021/02/22 16:00:00,25.95,26.4,25.9,26.15,353653
SC,NYSE,2021/02/23 16:00:00,26.27,26.39,25.62,26.05,737945
SC,NYSE,2021/02/24 16:00:00,26.21,26.54,25.81,25.82,1322320
SC,NYSE,2021/02/25 16:00:00,25.97,25.97,24.56,24.72,709377
SC,NYSE,2021/02/26 16:00:00,24.57,25.31,24.36,25,773842
SC,NYSE,2021/03/01 16:00:00,25.63,25.84,25.35,25.36,522470
SC,NYSE,2021/03/02 16:00:00,25.37,25.83,25.25,25.59,945048
SC,NYSE,2021/03/03 16:00:00,25.75,26.85,25.75,26,1381333
SC,NYSE,2021/03/04 16:00:00,25.83,27.24,25.71,26.48,2345870
SC,NYSE,2021/03/05 16:00:00,26.82,27.12,25.79,26.02,1477443
SC,NYSE,2021/03/08 16:00:00,26.18,26.99,26.18,26.62,819981
SC,NYSE,2021/03/09 16:00:00,26.39,26.66,26,26.04,823257
SC,NYSE,2021/03/10 16:00:00,26.16,26.97,26.16,26.82,1053317
SC,NYSE,2021/03/11 16:00:00,26.85,27.53,26.65,27.37,1267868
SC,NYSE,2021/03/12 16:00:00,27.49,27.98,27.27,27.39,697896
SC,NYSE,2021/03/15 16:00:00,27.42,27.7,26.92,27.5,1157259
SC,NYSE,2021/03/16 16:00:00,27.54,27.6,26.95,27.12,605204
SC,NYSE,2021/03/17 16:00:00,27.23,27.84,27.18,27.6,1234740
SC,NYSE,2021/03/18 16:00:00,27.88,28.42,27.41,27.47,1386980
SC,NYSE,2021/03/19 16:00:00,27.22,27.29,26.44,26.76,2089778
SC,NYSE,2021/03/22 16:00:00,26.69,26.92,26.31,26.91,1697580
SC,NYSE,2021/03/23 16:00:00,26.74,27.53,26.29,26.4,1525991
SC,NYSE,2021/03/24 16:00:00,26.67,27.13,26.25,26.25,723958
SC,NYSE,2021/03/25 16:00:00,26.14,27.04,25.75,26.9,1426692
SC,NYSE,2021/03/26 16:00:00,26.63,27.48,26.63,27,1446131
SC,NYSE,2021/03/29 16:00:00,26.87,27.31,26.44,26.85,1138482
SC,NYSE,2021/03/30 16:00:00,26.95,27.1,26.69,27.03,871423
SC,NYSE,2021/03/31 16:00:00,26.97,27.39,26.9,27.06,1259175
SC,NYSE,2021/04/01 16:00:00,26.97,27.31,26.9,27.21,668035
SC,NYSE,2021/04/05 16:00:00,27.68,27.85,27.45,27.76,649082
SC,NYSE,2021/04/06 16:00:00,27.84,28.07,27.45,27.71,1068963
SC,NYSE,2021/04/07 16:00:00,27.78,28.88,27.78,28.8,1183990
SC,NYSE,2021/04/08 16:00:00,28.81,29.05,28.5,28.92,834363
SC,NYSE,2021/04/09 16:00:00,29.09,29.14,28.66,29.02,786903
AIZ,NYSE,2019/04/01 16:00:00,95.33,96.36,95.33,96.15,537061
AIZ,NYSE,2019/04/02 16:00:00,96.29,96.29,94.95,95.45,471864
AIZ,NYSE,2019/04/03 16:00:00,96.25,96.43,94.77,95.45,444744
AIZ,NYSE,2019/04/04 16:00:00,95.42,96.04,95.28,95.91,465225
AIZ,NYSE,2019/04/05 16:00:00,95.89,96.4,95.3,95.87,428064
AIZ,NYSE,2019/04/08 16:00:00,95.99,96.09,94.98,95.43,335698
AIZ,NYSE,2019/04/09 16:00:00,94.83,95.04,93.89,94.31,506964
AIZ,NYSE,2019/04/10 16:00:00,94.53,94.72,93.7,94.47,524795
AIZ,NYSE,2019/04/11 16:00:00,94.72,95.68,94.33,95.44,359999
AIZ,NYSE,2019/04/12 16:00:00,96.36,96.99,95.38,95.84,460879
AIZ,NYSE,2019/04/15 16:00:00,95.83,96.45,94.82,94.94,340205
AIZ,NYSE,2019/04/16 16:00:00,95.43,96.03,94.87,95.22,499070
AIZ,NYSE,2019/04/17 16:00:00,95.49,95.49,94.03,94.06,584211
AIZ,NYSE,2019/04/18 16:00:00,94,94.7,93.17,93.23,383408
AIZ,NYSE,2019/04/22 16:00:00,92.87,93.13,91.84,91.99,646371
AIZ,NYSE,2019/04/23 16:00:00,92.07,93.19,91.84,93.06,993900
AIZ,NYSE,2019/04/24 16:00:00,92.96,93.6,92.53,92.85,965538
AIZ,NYSE,2019/04/25 16:00:00,92.56,92.91,91.9,92.31,368834
AIZ,NYSE,2019/04/26 16:00:00,92.31,93.55,92.31,93.51,300909
AIZ,NYSE,2019/04/29 16:00:00,93.78,94.77,93.62,94.35,415453
AIZ,NYSE,2019/04/30 16:00:00,94.46,95.08,94.19,95,559637
AIZ,NYSE,2019/05/01 16:00:00,95.05,95.38,94.04,94.13,384249
AIZ,NYSE,2019/05/02 16:00:00,94.35,95.04,93.37,94.42,393091
AIZ,NYSE,2019/05/03 16:00:00,94.73,95,93.94,94.58,330505
AIZ,NYSE,2019/05/06 16:00:00,93.14,94.21,92.91,93.96,474282
AIZ,NYSE,2019/05/07 16:00:00,96.68,98.98,95.76,96.18,1331316
AIZ,NYSE,2019/05/08 16:00:00,95.91,97.63,95.76,96.21,522901
AIZ,NYSE,2019/05/09 16:00:00,95.52,96.01,94.63,95.62,604450
AIZ,NYSE,2019/05/10 16:00:00,95.37,97.27,94.69,97.2,450632
AIZ,NYSE,2019/05/13 16:00:00,96.16,96.28,94.31,94.67,798122
AIZ,NYSE,2019/05/14 16:00:00,94.63,96.51,94.59,95.77,451649
AIZ,NYSE,2019/05/15 16:00:00,95.36,95.98,95.02,95.65,344123
AIZ,NYSE,2019/05/16 16:00:00,96,96.96,96,96.21,321317
AIZ,NYSE,2019/05/17 16:00:00,95.34,96.23,94.73,94.74,462390
AIZ,NYSE,2019/05/20 16:00:00,94.68,96.15,94.45,96.08,771490
AIZ,NYSE,2019/05/21 16:00:00,97,100.96,96.84,99.65,1004452
AIZ,NYSE,2019/05/22 16:00:00,99.2,100.32,98.99,100.26,697714
AIZ,NYSE,2019/05/23 16:00:00,99.66,100.22,98.85,100.21,1167013
AIZ,NYSE,2019/05/24 16:00:00,99.95,101.18,99.81,100.85,915657
AIZ,NYSE,2019/05/28 16:00:00,100.76,101.51,100.65,100.67,818131
AIZ,NYSE,2019/05/29 16:00:00,100.65,101.03,99.71,100.89,1032152
AIZ,NYSE,2019/05/30 16:00:00,101.22,102,100.45,100.8,404900
AIZ,NYSE,2019/05/31 16:00:00,100.08,100.44,99.35,99.96,696993
AIZ,NYSE,2019/06/03 16:00:00,100.02,101.67,100,101.57,484792
AIZ,NYSE,2019/06/04 16:00:00,102.45,103.74,101.94,103.71,822562
AIZ,NYSE,2019/06/05 16:00:00,103.36,104.42,102.28,104.02,596568
AIZ,NYSE,2019/06/06 16:00:00,104.27,105,104.18,104.38,445835
AIZ,NYSE,2019/06/07 16:00:00,104.2,105,104.1,104.34,298384
AIZ,NYSE,2019/06/10 16:00:00,104.24,104.53,103.44,103.47,471741
AIZ,NYSE,2019/06/11 16:00:00,104,104.47,103.29,104,679912
AIZ,NYSE,2019/06/12 16:00:00,104,104.2,103.56,103.99,432724
AIZ,NYSE,2019/06/13 16:00:00,104.51,105.24,103.99,105.05,643330
AIZ,NYSE,2019/06/14 16:00:00,105.31,106.75,104.57,106.12,975587
AIZ,NYSE,2019/06/17 16:00:00,106.32,107.46,106.12,106.77,573230
AIZ,NYSE,2019/06/18 16:00:00,106.77,108,106.43,107.39,540165
AIZ,NYSE,2019/06/19 16:00:00,107.86,108.4,107.31,107.61,534582
AIZ,NYSE,2019/06/20 16:00:00,107.85,108.1,106.64,107.71,387873
AIZ,NYSE,2019/06/21 16:00:00,107.77,107.84,106.57,106.89,874640
AIZ,NYSE,2019/06/24 16:00:00,106.96,107.12,105.76,105.89,393580
AIZ,NYSE,2019/06/25 16:00:00,105.72,106.49,105.25,106.01,662327
AIZ,NYSE,2019/06/26 16:00:00,106.2,106.2,102.72,102.75,781691
AIZ,NYSE,2019/06/27 16:00:00,102.89,104.54,102.84,104.36,856309
AIZ,NYSE,2019/06/28 16:00:00,104.78,106.44,104.78,106.38,639167
AIZ,NYSE,2019/07/01 16:00:00,106.97,109.05,106.73,108.99,628777
AIZ,NYSE,2019/07/02 16:00:00,109.11,109.63,108.3,108.82,678918
AIZ,NYSE,2019/07/03 13:00:00,109.21,110,109.02,109.94,283671
AIZ,NYSE,2019/07/05 16:00:00,109.86,110.12,109.41,110.12,410027
AIZ,NYSE,2019/07/08 16:00:00,109.83,110.58,109.57,110.48,436722
AIZ,NYSE,2019/07/09 16:00:00,110.03,110.76,109.84,110.68,411555
AIZ,NYSE,2019/07/10 16:00:00,110.95,111,109.87,110.01,308502
AIZ,NYSE,2019/07/11 16:00:00,110.33,110.62,109.58,110.1,247206
AIZ,NYSE,2019/07/12 16:00:00,110.51,111.62,110.06,111.59,329535
AIZ,NYSE,2019/07/15 16:00:00,111.97,112.27,111.18,112.22,283776
AIZ,NYSE,2019/07/16 16:00:00,112.21,112.76,111.8,112.06,367226
AIZ,NYSE,2019/07/17 16:00:00,112,112.08,110.85,111.7,375465
AIZ,NYSE,2019/07/18 16:00:00,111.53,112.42,111.34,111.98,351138
AIZ,NYSE,2019/07/19 16:00:00,112.32,112.5,110.99,111.16,274301
AIZ,NYSE,2019/07/22 16:00:00,111.19,111.84,110.97,111.54,256290
AIZ,NYSE,2019/07/23 16:00:00,111.69,112.68,111.44,112.5,544328
AIZ,NYSE,2019/07/24 16:00:00,112.43,113.92,112.21,113.8,422150
AIZ,NYSE,2019/07/25 16:00:00,113.81,114.33,113.25,113.36,333676
AIZ,NYSE,2019/07/26 16:00:00,113.25,114.73,112.82,114.42,389062
AIZ,NYSE,2019/07/29 16:00:00,114.44,114.71,112.82,113.42,395713
AIZ,NYSE,2019/07/30 16:00:00,112.96,114.92,112.82,114.61,446381
AIZ,NYSE,2019/07/31 16:00:00,114.56,115.35,112.67,113.36,519681
AIZ,NYSE,2019/08/01 16:00:00,113.27,113.59,111.3,111.75,506427
AIZ,NYSE,2019/08/02 16:00:00,111.35,112.16,111,111.08,374892
AIZ,NYSE,2019/08/05 16:00:00,109.72,110,107.31,108.14,534467
AIZ,NYSE,2019/08/06 16:00:00,108.51,110.08,108.17,109.63,562290
AIZ,NYSE,2019/08/07 16:00:00,110.91,118.38,110.59,117.89,1041082
AIZ,NYSE,2019/08/08 16:00:00,118.36,119.76,116.18,119.46,694853
AIZ,NYSE,2019/08/09 16:00:00,118.81,120.59,118.62,119.84,807392
AIZ,NYSE,2019/08/12 16:00:00,119.27,122.38,119.07,120.76,496118
AIZ,NYSE,2019/08/13 16:00:00,120.12,122.91,120.12,122.53,714075
AIZ,NYSE,2019/08/14 16:00:00,121.15,122.41,119.7,120.42,675518
AIZ,NYSE,2019/08/15 16:00:00,121.08,121.74,119.51,121.02,722453
AIZ,NYSE,2019/08/16 16:00:00,121.26,125.09,121.26,124.53,2189411
AIZ,NYSE,2019/08/19 16:00:00,125.66,125.87,123.71,123.79,603996
AIZ,NYSE,2019/08/20 16:00:00,123.08,123.8,121.75,122.72,529507
AIZ,NYSE,2019/08/21 16:00:00,122.89,123.82,122.08,123.67,388745
AIZ,NYSE,2019/08/22 16:00:00,123.85,124.41,122.87,123.76,442944
AIZ,NYSE,2019/08/23 16:00:00,122.76,123.37,118.88,119.43,584874
AIZ,NYSE,2019/08/26 16:00:00,120.15,121.9,119.93,121.87,464713
AIZ,NYSE,2019/08/27 16:00:00,122.29,122.86,120.64,120.86,466388
AIZ,NYSE,2019/08/28 16:00:00,120.69,121.98,120.17,121.05,529823
AIZ,NYSE,2019/08/29 16:00:00,122.12,122.49,121.51,121.94,387529
AIZ,NYSE,2019/08/30 16:00:00,122.82,123.22,121.37,123,508161
AIZ,NYSE,2019/09/03 16:00:00,122.39,123.4,121.93,123.21,406705
AIZ,NYSE,2019/09/04 16:00:00,124.29,124.33,123.58,123.8,421762
AIZ,NYSE,2019/09/05 16:00:00,124.72,125.07,123.31,123.85,447841
AIZ,NYSE,2019/09/06 16:00:00,123.95,125.32,123.86,124.41,472436
AIZ,NYSE,2019/09/09 16:00:00,125,125.58,124.24,124.64,629541
AIZ,NYSE,2019/09/10 16:00:00,124.81,125.06,123.6,123.75,689055
AIZ,NYSE,2019/09/11 16:00:00,123.64,124.88,122.23,124.44,890031
AIZ,NYSE,2019/09/12 16:00:00,124.48,126.48,124.48,125.6,433915
AIZ,NYSE,2019/09/13 16:00:00,125.63,125.8,124.61,125,433050
AIZ,NYSE,2019/09/16 16:00:00,124.26,125.73,124.26,125.6,580152
AIZ,NYSE,2019/09/17 16:00:00,125.76,127.1,125.5,127.03,531393
AIZ,NYSE,2019/09/18 16:00:00,126.18,127.76,125.8,127.5,497739
AIZ,NYSE,2019/09/19 16:00:00,127.31,127.64,126.13,126.23,580564
AIZ,NYSE,2019/09/20 16:00:00,126.42,127.18,125.78,126.64,643327
AIZ,NYSE,2019/09/23 16:00:00,126.37,127.26,125.81,125.84,363247
AIZ,NYSE,2019/09/24 16:00:00,126.08,127.3,126.08,126.61,499100
AIZ,NYSE,2019/09/25 16:00:00,126.45,127.49,126.03,126.7,452261
AIZ,NYSE,2019/09/26 16:00:00,126.82,127.3,125.85,126.8,316622
AIZ,NYSE,2019/09/27 16:00:00,127.25,127.25,125.36,125.47,312666
AIZ,NYSE,2019/09/30 16:00:00,125.99,126.5,125.14,125.82,377246
AIZ,NYSE,2019/10/01 16:00:00,126.42,126.42,123.74,123.81,393685
AIZ,NYSE,2019/10/02 16:00:00,122.97,123.46,121.25,122.03,334780
AIZ,NYSE,2019/10/03 16:00:00,122.03,123.73,121.76,123.7,422655
AIZ,NYSE,2019/10/04 16:00:00,123.7,126.79,123.7,126.79,370410
AIZ,NYSE,2019/10/07 16:00:00,126.19,126.32,125.09,125.36,282509
AIZ,NYSE,2019/10/08 16:00:00,124.47,124.67,123.24,123.32,362853
AIZ,NYSE,2019/10/09 16:00:00,124.39,125.53,124.19,124.8,422821
AIZ,NYSE,2019/10/10 16:00:00,125.12,126.67,125.12,125.54,292332
AIZ,NYSE,2019/10/11 16:00:00,126.32,126.83,125.65,125.78,328356
AIZ,NYSE,2019/10/14 16:00:00,125.25,125.87,125.13,125.71,267200
AIZ,NYSE,2019/10/15 16:00:00,126.05,126.47,125.12,125.46,351756
AIZ,NYSE,2019/10/16 16:00:00,125.38,125.77,124.46,125.45,301886
AIZ,NYSE,2019/10/17 16:00:00,126.1,126.4,125.03,125.94,256015
AIZ,NYSE,2019/10/18 16:00:00,125.48,126.41,125.29,125.67,291558
AIZ,NYSE,2019/10/21 16:00:00,126.67,127.59,126.36,127.56,346387
AIZ,NYSE,2019/10/22 16:00:00,127.43,127.43,125.89,126.24,331206
AIZ,NYSE,2019/10/23 16:00:00,125.86,127.2,125.7,126.53,338475
AIZ,NYSE,2019/10/24 16:00:00,127,127.93,125.43,126.36,435237
AIZ,NYSE,2019/10/25 16:00:00,125.96,126.04,124.91,125.57,260039
AIZ,NYSE,2019/10/28 16:00:00,126.1,126.45,124.55,125.31,470548
AIZ,NYSE,2019/10/29 16:00:00,124.93,126.69,124.93,126.38,264291
AIZ,NYSE,2019/10/30 16:00:00,126.13,126.47,125.24,125.87,246486
AIZ,NYSE,2019/10/31 16:00:00,125.31,126.16,124.31,126.07,398794
AIZ,NYSE,2019/11/01 16:00:00,127.02,127.89,125.41,127.7,279394
AIZ,NYSE,2019/11/04 16:00:00,128.06,128.88,126.1,126.63,371232
AIZ,NYSE,2019/11/05 16:00:00,126.87,127.88,124.64,126.18,682759
AIZ,NYSE,2019/11/06 16:00:00,125.41,127.94,124.5,127.55,631516
AIZ,NYSE,2019/11/07 16:00:00,127.57,128.36,127.05,127.48,428726
AIZ,NYSE,2019/11/08 16:00:00,127.32,131.04,127.32,130.07,663516
AIZ,NYSE,2019/11/11 16:00:00,128.98,129.85,128.18,129.08,492373
AIZ,NYSE,2019/11/12 16:00:00,128.93,131.06,128.65,130.61,485292
AIZ,NYSE,2019/11/13 16:00:00,130.22,131.43,129.61,131.3,435619
AIZ,NYSE,2019/11/14 16:00:00,131.36,132.23,130.94,132.02,346835
AIZ,NYSE,2019/11/15 16:00:00,132.53,132.64,131.43,132.09,599988
AIZ,NYSE,2019/11/18 16:00:00,131.73,132.92,131.73,132.67,378302
AIZ,NYSE,2019/11/19 16:00:00,132.62,133.7,132.04,132.28,419800
AIZ,NYSE,2019/11/20 16:00:00,132.01,133.01,131.53,132.46,374355
AIZ,NYSE,2019/11/21 16:00:00,132.99,133.97,132.09,132.29,514137
AIZ,NYSE,2019/11/22 16:00:00,131.65,132.08,129.94,131.82,519531
AIZ,NYSE,2019/11/25 16:00:00,131.82,133.24,131.75,132.25,251153
AIZ,NYSE,2019/11/26 16:00:00,132.39,133.67,131.55,133.55,596998
AIZ,NYSE,2019/11/27 16:00:00,133.91,134.25,132.89,133.3,377135
AIZ,NYSE,2019/11/29 13:00:00,133.25,133.64,132.78,132.87,202854
AIZ,NYSE,2019/12/02 16:00:00,133.44,133.58,131.61,131.71,408293
AIZ,NYSE,2019/12/03 16:00:00,130.59,130.77,128.08,128.5,544115
AIZ,NYSE,2019/12/04 16:00:00,127.94,129.8,127.94,129.1,350922
AIZ,NYSE,2019/12/05 16:00:00,129.1,130.75,128.85,130.41,341055
AIZ,NYSE,2019/12/06 16:00:00,131.23,131.66,130.59,131.58,393531
AIZ,NYSE,2019/12/09 16:00:00,131.52,131.74,130.89,130.93,248903
AIZ,NYSE,2019/12/10 16:00:00,130.58,130.76,129.89,130.04,276923
AIZ,NYSE,2019/12/11 16:00:00,129.94,130.54,129.4,130.27,287541
AIZ,NYSE,2019/12/12 16:00:00,130.38,131.47,130.22,130.44,385775
AIZ,NYSE,2019/12/13 16:00:00,129.77,130.7,129.51,130.15,399482
AIZ,NYSE,2019/12/16 16:00:00,130.52,130.84,129.53,130.42,441944
AIZ,NYSE,2019/12/17 16:00:00,130.49,132.35,130.49,131.68,418872
AIZ,NYSE,2019/12/18 16:00:00,131.86,132.49,131.26,131.67,375521
AIZ,NYSE,2019/12/19 16:00:00,131.19,131.75,130.49,131.6,445129
AIZ,NYSE,2019/12/20 16:00:00,132.11,132.86,131,131.26,715413
AIZ,NYSE,2019/12/23 16:00:00,130.96,131.17,127.87,127.94,531545
AIZ,NYSE,2019/12/24 13:00:00,128.31,129.11,128.12,129.03,96756
AIZ,NYSE,2019/12/26 16:00:00,129.36,129.65,128.67,129.07,199822
AIZ,NYSE,2019/12/27 16:00:00,129.37,129.7,128.07,129.66,248348
AIZ,NYSE,2019/12/30 16:00:00,129.99,130.9,129.45,130.8,222389
AIZ,NYSE,2019/12/31 16:00:00,130.44,131.55,129.98,131.08,264519
AIZ,NYSE,2020/01/02 16:00:00,131.52,132.39,131.15,132.36,317430
AIZ,NYSE,2020/01/03 16:00:00,131.01,133.05,131.01,132.99,280281
AIZ,NYSE,2020/01/06 16:00:00,132.29,133.11,131.91,133.11,235101
AIZ,NYSE,2020/01/07 16:00:00,133,133.18,132.18,132.21,255547
AIZ,NYSE,2020/01/08 16:00:00,132.42,133.84,132.42,132.71,265139
AIZ,NYSE,2020/01/09 16:00:00,133.06,134.73,132.86,134.64,281587
AIZ,NYSE,2020/01/10 16:00:00,134.51,134.89,132.34,132.44,324041
AIZ,NYSE,2020/01/13 16:00:00,132.74,132.98,131.6,132.47,326492
AIZ,NYSE,2020/01/14 16:00:00,132.15,132.2,129.71,130,496278
AIZ,NYSE,2020/01/15 16:00:00,129.93,131.66,129.93,130.73,484221
AIZ,NYSE,2020/01/16 16:00:00,131.44,132.29,130.97,131.57,466543
AIZ,NYSE,2020/01/17 16:00:00,131.79,133.8,131.43,133.77,457967
AIZ,NYSE,2020/01/21 16:00:00,133.31,133.57,131.43,131.53,376198
AIZ,NYSE,2020/01/22 16:00:00,132.02,132.24,130.96,131.29,260562
AIZ,NYSE,2020/01/23 16:00:00,130.53,130.53,128.52,130.33,410076
AIZ,NYSE,2020/01/24 16:00:00,130.34,130.42,128.29,129.18,337982
AIZ,NYSE,2020/01/27 16:00:00,127.55,128.35,126.88,128,433860
AIZ,NYSE,2020/01/28 16:00:00,128.57,130.02,128.51,129.49,296271
AIZ,NYSE,2020/01/29 16:00:00,130.27,131.04,129.75,130.17,278496
AIZ,NYSE,2020/01/30 16:00:00,129.14,131.6,128.9,131.51,282679
AIZ,NYSE,2020/01/31 16:00:00,130.95,132.8,130.05,130.56,383486
AIZ,NYSE,2020/02/03 16:00:00,131.62,133.47,131.25,132.75,487673
AIZ,NYSE,2020/02/04 16:00:00,133.9,135.09,133.66,134.32,319912
AIZ,NYSE,2020/02/05 16:00:00,135.21,136.87,135.21,136.83,335882
AIZ,NYSE,2020/02/06 16:00:00,137.33,137.83,136.18,136.29,276544
AIZ,NYSE,2020/02/07 16:00:00,135.74,136.86,135.41,136.36,234248
AIZ,NYSE,2020/02/10 16:00:00,135.9,137.14,135.68,137.11,318017
AIZ,NYSE,2020/02/11 16:00:00,137.46,140.03,137.46,139.61,507681
AIZ,NYSE,2020/02/12 16:00:00,137,139.59,132.55,136.69,748508
AIZ,NYSE,2020/02/13 16:00:00,136.69,140.82,136.69,140.34,384666
AIZ,NYSE,2020/02/14 16:00:00,140.44,142.56,140.3,142.52,298152
AIZ,NYSE,2020/02/18 16:00:00,141.94,142.61,141.2,141.8,361774
AIZ,NYSE,2020/02/19 16:00:00,142.11,142.17,140.5,140.68,372413
AIZ,NYSE,2020/02/20 16:00:00,140.54,142.33,140.49,141.57,498978
AIZ,NYSE,2020/02/21 16:00:00,140.59,141.58,139.38,140.1,431111
AIZ,NYSE,2020/02/24 16:00:00,137.26,139.12,136.44,137.24,507976
AIZ,NYSE,2020/02/25 16:00:00,137.02,137.86,133.69,133.86,639478
AIZ,NYSE,2020/02/26 16:00:00,134.43,135.59,132.02,132.51,520524
AIZ,NYSE,2020/02/27 16:00:00,131.03,132.53,126.84,126.89,956015
AIZ,NYSE,2020/02/28 16:00:00,124.05,125.59,117.93,120.59,1207362
AIZ,NYSE,2020/03/02 16:00:00,120.8,127.95,120.61,127.89,553208
AIZ,NYSE,2020/03/03 16:00:00,127.37,129.65,122.88,123.25,553057
AIZ,NYSE,2020/03/04 16:00:00,125.26,126.96,122.75,126.85,533365
AIZ,NYSE,2020/03/05 16:00:00,123.15,123.92,118.79,120.8,445504
AIZ,NYSE,2020/03/06 16:00:00,116.16,120.3,115.91,119.69,468323
AIZ,NYSE,2020/03/09 16:00:00,113,115.5,107.74,109.05,723326
AIZ,NYSE,2020/03/10 16:00:00,112.67,114.01,108.87,113.89,498962
AIZ,NYSE,2020/03/11 16:00:00,110.69,111.93,107.09,108.38,457743
AIZ,NYSE,2020/03/12 16:00:00,100.15,104.28,95.37,96.61,716517
AIZ,NYSE,2020/03/13 16:00:00,102.35,104.72,97.57,104.53,573695
AIZ,NYSE,2020/03/16 16:00:00,93,100.15,83.33,83.9,968836
AIZ,NYSE,2020/03/17 16:00:00,86.48,94.86,83.73,92.5,1063680
AIZ,NYSE,2020/03/18 16:00:00,86.32,90.3,79.1,80.41,868569
AIZ,NYSE,2020/03/19 16:00:00,79.66,85.47,76.27,83.44,883881
AIZ,NYSE,2020/03/20 16:00:00,83.39,93.86,80.26,91.05,1082642
AIZ,NYSE,2020/03/23 16:00:00,91.6,98.02,88.46,93.18,793573
AIZ,NYSE,2020/03/24 16:00:00,97.23,100.57,94.68,98.12,695734
AIZ,NYSE,2020/03/25 16:00:00,96.89,103.58,96.33,99.64,597383
AIZ,NYSE,2020/03/26 16:00:00,99.17,106.05,98.87,105.35,477527
AIZ,NYSE,2020/03/27 16:00:00,102.12,108.31,101.1,104.7,409371
AIZ,NYSE,2020/03/30 16:00:00,104.55,108.66,99.5,107.33,358710
AIZ,NYSE,2020/03/31 16:00:00,106.36,106.44,102.32,104.09,754931
AIZ,NYSE,2020/04/01 16:00:00,100.5,103.29,100.21,102.12,578613
AIZ,NYSE,2020/04/02 16:00:00,100.99,104.96,98.81,100.06,609485
AIZ,NYSE,2020/04/03 16:00:00,98.88,100.87,97.56,98.75,288327
AIZ,NYSE,2020/04/06 16:00:00,102.81,104.67,99.87,103.93,527247
AIZ,NYSE,2020/04/07 16:00:00,107.1,110.63,103.85,104.09,420844
AIZ,NYSE,2020/04/08 16:00:00,105.11,107.52,103.84,106.72,310922
AIZ,NYSE,2020/04/09 16:00:00,108.26,114.74,107,112.39,353691
AIZ,NYSE,2020/04/13 16:00:00,111.81,112,108.49,108.57,321107
AIZ,NYSE,2020/04/14 16:00:00,110.9,112.61,106.15,107.69,377881
AIZ,NYSE,2020/04/15 16:00:00,105.1,105.74,100.87,101.41,365198
AIZ,NYSE,2020/04/16 16:00:00,101.02,102.59,99.47,100.58,472065
AIZ,NYSE,2020/04/17 16:00:00,104.08,106.1,103.35,105.81,468230
AIZ,NYSE,2020/04/20 16:00:00,103.75,104.77,101.18,103.02,468784
AIZ,NYSE,2020/04/21 16:00:00,100.75,103.91,100.5,101.15,405564
AIZ,NYSE,2020/04/22 16:00:00,104.08,104.9,100.35,103,684797
AIZ,NYSE,2020/04/23 16:00:00,103.5,104.19,100.79,101.25,416755
AIZ,NYSE,2020/04/24 16:00:00,103,105.45,101.33,104.65,445011
AIZ,NYSE,2020/04/27 16:00:00,105.09,109.78,105.09,108.37,528852
AIZ,NYSE,2020/04/28 16:00:00,110.63,112.56,109.47,109.58,429746
AIZ,NYSE,2020/04/29 16:00:00,112,112.29,109.66,109.73,300178
AIZ,NYSE,2020/04/30 16:00:00,107.09,109.33,106.09,106.24,375635
AIZ,NYSE,2020/05/01 16:00:00,104.34,105.42,101.52,102.32,440496
AIZ,NYSE,2020/05/04 16:00:00,102.13,102.29,98.69,100,450792
AIZ,NYSE,2020/05/05 16:00:00,101.05,103.66,101.02,102.09,721356
AIZ,NYSE,2020/05/06 16:00:00,104.92,105.5,97.35,97.92,850916
AIZ,NYSE,2020/05/07 16:00:00,98.68,102.53,98.26,98.59,520914
AIZ,NYSE,2020/05/08 16:00:00,100.93,101.42,97.89,98.8,521929
AIZ,NYSE,2020/05/11 16:00:00,97.7,99.13,95.47,98.4,477853
AIZ,NYSE,2020/05/12 16:00:00,98.45,98.85,93.09,93.1,536702
AIZ,NYSE,2020/05/13 16:00:00,92.26,92.42,86.78,87.76,1018788
AIZ,NYSE,2020/05/14 16:00:00,86.39,89.3,83.89,89.05,669718
AIZ,NYSE,2020/05/15 16:00:00,88.01,91.18,86.75,91.11,1931241
AIZ,NYSE,2020/05/18 16:00:00,94.89,99.16,94.7,98.29,719239
AIZ,NYSE,2020/05/19 16:00:00,97.85,100.41,97.28,97.98,776784
AIZ,NYSE,2020/05/20 16:00:00,99.68,101.83,98.57,100.93,560500
AIZ,NYSE,2020/05/21 16:00:00,100.71,102.59,100.25,101.08,559857
AIZ,NYSE,2020/05/22 16:00:00,100.86,101.88,99.31,101.37,453545
AIZ,NYSE,2020/05/26 16:00:00,104.94,105.66,102.45,102.83,397842
AIZ,NYSE,2020/05/27 16:00:00,107.08,107.11,103.27,104.37,370518
AIZ,NYSE,2020/05/28 16:00:00,105.29,106.13,103.45,103.49,398944
AIZ,NYSE,2020/05/29 16:00:00,102.33,103.37,101.7,102.58,451470
AIZ,NYSE,2020/06/01 16:00:00,103.18,103.71,102.5,103.06,324439
AIZ,NYSE,2020/06/02 16:00:00,103.89,105.08,103.03,104.14,370059
AIZ,NYSE,2020/06/03 16:00:00,106.3,108.91,106.13,108.34,538985
AIZ,NYSE,2020/06/04 16:00:00,107.96,110.42,106.24,110.39,473639
AIZ,NYSE,2020/06/05 16:00:00,116.27,116.27,112.41,114.88,608504
AIZ,NYSE,2020/06/08 16:00:00,116,117.46,115.14,117.41,491104
AIZ,NYSE,2020/06/09 16:00:00,114.77,117.4,114.15,116.7,408829
AIZ,NYSE,2020/06/10 16:00:00,116.02,117.82,114.44,114.44,638900
AIZ,NYSE,2020/06/11 16:00:00,109.98,110.9,104.34,104.81,527937
AIZ,NYSE,2020/06/12 16:00:00,109.25,109.75,104.46,107.03,331589
AIZ,NYSE,2020/06/15 16:00:00,103.24,107.85,103.24,107.12,499014
AIZ,NYSE,2020/06/16 16:00:00,111.71,111.71,106.62,108.52,362504
AIZ,NYSE,2020/06/17 16:00:00,107.99,108.38,105.96,106.04,341425
AIZ,NYSE,2020/06/18 16:00:00,105.04,107.56,104.39,107.03,332640
AIZ,NYSE,2020/06/19 16:00:00,109.62,109.62,105.48,106.28,882694
AIZ,NYSE,2020/06/22 16:00:00,105.68,106.09,104.25,105.18,695230
AIZ,NYSE,2020/06/23 16:00:00,106.78,107.4,104.33,104.86,395105
AIZ,NYSE,2020/06/24 16:00:00,103.84,103.84,100.53,100.68,672418
AIZ,NYSE,2020/06/25 16:00:00,100.02,100.84,98.01,100.3,648203
AIZ,NYSE,2020/06/26 16:00:00,98.89,99.83,97.67,99.21,868005
AIZ,NYSE,2020/06/29 16:00:00,100.53,101.32,99.36,100.6,312980
AIZ,NYSE,2020/06/30 16:00:00,100.02,103.88,100.02,103.29,365944
AIZ,NYSE,2020/07/01 16:00:00,102.95,103.49,100.48,101.07,360350
AIZ,NYSE,2020/07/02 16:00:00,103.1,103.97,100.38,100.5,375431
AIZ,NYSE,2020/07/06 16:00:00,103.11,104.17,100.84,102.26,593626
AIZ,NYSE,2020/07/07 16:00:00,101.22,102.01,99,99.42,435107
AIZ,NYSE,2020/07/08 16:00:00,99.46,101.15,98.83,100.74,434759
AIZ,NYSE,2020/07/09 16:00:00,100.29,100.79,96.72,97.56,463288
AIZ,NYSE,2020/07/10 16:00:00,98.32,100.71,97.97,100.37,301410
AIZ,NYSE,2020/07/13 16:00:00,101.3,101.74,99.6,100.17,518475
AIZ,NYSE,2020/07/14 16:00:00,100.58,102,100.21,101.53,278558
AIZ,NYSE,2020/07/15 16:00:00,103.71,104.2,102.07,103.85,265143
AIZ,NYSE,2020/07/16 16:00:00,103.6,106.4,103.43,105.07,345411
AIZ,NYSE,2020/07/17 16:00:00,105.43,105.51,103.95,104.17,397345
AIZ,NYSE,2020/07/20 16:00:00,103.89,104.56,102.65,103.21,236981
AIZ,NYSE,2020/07/21 16:00:00,103.34,105.17,103.34,104.7,263644
AIZ,NYSE,2020/07/22 16:00:00,104.38,106.08,104.38,105.93,216940
AIZ,NYSE,2020/07/23 16:00:00,105.58,108.3,105.58,107.35,352739
AIZ,NYSE,2020/07/24 16:00:00,107.72,107.95,106.31,106.79,296156
AIZ,NYSE,2020/07/27 16:00:00,106.14,106.44,104.68,105.67,327413
AIZ,NYSE,2020/07/28 16:00:00,105.12,106.56,105.08,105.98,317408
AIZ,NYSE,2020/07/29 16:00:00,105.97,107.9,105.69,107.58,353644
AIZ,NYSE,2020/07/30 16:00:00,105.46,106.2,104.2,105.28,383856
AIZ,NYSE,2020/07/31 16:00:00,105.2,107.54,105.14,107.47,408488
AIZ,NYSE,2020/08/03 16:00:00,107.84,108.38,106.75,107.29,352659
AIZ,NYSE,2020/08/04 16:00:00,106.64,108.27,106.49,107.15,427384
AIZ,NYSE,2020/08/05 16:00:00,114.8,124.81,112.41,122.31,1149522
AIZ,NYSE,2020/08/06 16:00:00,121.56,122.11,117.95,118.87,501286
AIZ,NYSE,2020/08/07 16:00:00,118.45,122.31,118.41,122.21,428368
AIZ,NYSE,2020/08/10 16:00:00,123.11,124.56,121.49,124.2,341542
AIZ,NYSE,2020/08/11 16:00:00,126.43,127.91,124.48,124.96,493403
AIZ,NYSE,2020/08/12 16:00:00,126.37,128.49,123.56,124.47,291978
AIZ,NYSE,2020/08/13 16:00:00,123.92,125,123,124.44,322447
AIZ,NYSE,2020/08/14 16:00:00,123.24,125.87,123.24,125.07,216130
AIZ,NYSE,2020/08/17 16:00:00,125.12,125.75,123.73,124.57,320310
AIZ,NYSE,2020/08/18 16:00:00,124.48,125.31,123.37,123.61,315658
AIZ,NYSE,2020/08/19 16:00:00,124.2,125.25,123.21,123.54,251410
AIZ,NYSE,2020/08/20 16:00:00,122.23,123.38,121.92,122.03,264290
AIZ,NYSE,2020/08/21 16:00:00,121.96,122.66,120.48,120.64,251878
AIZ,NYSE,2020/08/24 16:00:00,120.7,123.86,120.65,123.68,217449
AIZ,NYSE,2020/08/25 16:00:00,125.12,125.12,122.68,122.85,213419
AIZ,NYSE,2020/08/26 16:00:00,122.83,122.83,120.82,121.71,576806
AIZ,NYSE,2020/08/27 16:00:00,122.06,125.24,121.91,123.66,277791
AIZ,NYSE,2020/08/28 16:00:00,124.35,124.42,122.39,122.68,317611
AIZ,NYSE,2020/08/31 16:00:00,122.6,122.75,120.71,121.56,314556
AIZ,NYSE,2020/09/01 16:00:00,120.83,123.21,120.51,123.15,354658
AIZ,NYSE,2020/09/02 16:00:00,123.2,125.17,122.5,124.02,315059
AIZ,NYSE,2020/09/03 16:00:00,124.9,126.57,120.96,122,374280
AIZ,NYSE,2020/09/04 16:00:00,124.43,124.43,121.04,122.67,278492
AIZ,NYSE,2020/09/08 16:00:00,121.93,122.42,120.06,120.31,344638
AIZ,NYSE,2020/09/09 16:00:00,121.36,123.13,120.64,121.35,454999
AIZ,NYSE,2020/09/10 16:00:00,121.45,122.57,118.16,118.36,348201
AIZ,NYSE,2020/09/11 16:00:00,118.1,119.9,118.09,118.7,313379
AIZ,NYSE,2020/09/14 16:00:00,119.85,121.36,119.23,119.45,194170
AIZ,NYSE,2020/09/15 16:00:00,119.36,119.88,117.18,117.26,209287
AIZ,NYSE,2020/09/16 16:00:00,117.96,119.58,117.43,117.73,378741
AIZ,NYSE,2020/09/17 16:00:00,116.59,119.74,116.11,119.47,468360
AIZ,NYSE,2020/09/18 16:00:00,119.5,121.22,119.43,119.93,563779
AIZ,NYSE,2020/09/21 16:00:00,117.75,121.22,117.75,120.07,686504
AIZ,NYSE,2020/09/22 16:00:00,119.54,122.49,119.54,120.91,500961
AIZ,NYSE,2020/09/23 16:00:00,121.42,123.34,118.37,118.73,627193
AIZ,NYSE,2020/09/24 16:00:00,118.33,119.5,116.4,117.84,269968
AIZ,NYSE,2020/09/25 16:00:00,116.9,118.2,116.46,117.82,303298
AIZ,NYSE,2020/09/28 16:00:00,119.17,121.37,119.07,120.1,228807
AIZ,NYSE,2020/09/29 16:00:00,120.02,120.98,118.41,120.59,265260
AIZ,NYSE,2020/09/30 16:00:00,121.2,123.46,120.76,121.31,479836
AIZ,NYSE,2020/10/01 16:00:00,121.35,122.71,120.1,122.47,322183
AIZ,NYSE,2020/10/02 16:00:00,121.2,124.42,120.79,123.43,275413
AIZ,NYSE,2020/10/05 16:00:00,124.98,125.9,124.13,125.36,281316
AIZ,NYSE,2020/10/06 16:00:00,125.78,126,122.28,122.9,365930
AIZ,NYSE,2020/10/07 16:00:00,123.74,124.77,122.33,123.81,393943
AIZ,NYSE,2020/10/08 16:00:00,124.77,125.75,123.98,125.63,522844
AIZ,NYSE,2020/10/09 16:00:00,126.51,127.47,125.42,125.57,425618
AIZ,NYSE,2020/10/12 16:00:00,125.3,126.95,125.02,126.35,238666
AIZ,NYSE,2020/10/13 16:00:00,125.63,126.68,122.2,122.52,247141
AIZ,NYSE,2020/10/14 16:00:00,122.19,124.87,122.19,122.44,334014
AIZ,NYSE,2020/10/15 16:00:00,120.72,123.62,119.47,123.12,273269
AIZ,NYSE,2020/10/16 16:00:00,123.45,125.07,122.55,123.47,291410
AIZ,NYSE,2020/10/19 16:00:00,123.4,124.31,121.46,121.79,221861
AIZ,NYSE,2020/10/20 16:00:00,122.8,123.74,122.36,122.6,184136
AIZ,NYSE,2020/10/21 16:00:00,122.34,123.87,122.34,122.94,298291
AIZ,NYSE,2020/10/22 16:00:00,122.42,125.05,122.17,124.59,236368
AIZ,NYSE,2020/10/23 16:00:00,125.7,127,124.36,125.99,258546
AIZ,NYSE,2020/10/26 16:00:00,124.32,124.83,121.57,123.16,195664
AIZ,NYSE,2020/10/27 16:00:00,123.22,123.4,120.54,120.69,186941
AIZ,NYSE,2020/10/28 16:00:00,118.58,123.81,118.58,122.21,402265
AIZ,NYSE,2020/10/29 16:00:00,121.49,125.96,119.97,125.2,360671
AIZ,NYSE,2020/10/30 16:00:00,124.27,125.81,122.92,124.37,286286
AIZ,NYSE,2020/11/02 16:00:00,125.5,130.27,125.29,129.93,881778
AIZ,NYSE,2020/11/03 16:00:00,130.49,131.3,124.57,126.31,961566
AIZ,NYSE,2020/11/04 16:00:00,123.78,130.05,123.78,125.89,438491
AIZ,NYSE,2020/11/05 16:00:00,126.87,128.09,125.27,127.36,324729
AIZ,NYSE,2020/11/06 16:00:00,128.46,129.4,126.73,127.09,259399
AIZ,NYSE,2020/11/09 16:00:00,136.44,136.87,130.62,131.8,716155
AIZ,NYSE,2020/11/10 16:00:00,133.49,134.18,131.58,134.16,719014
AIZ,NYSE,2020/11/11 16:00:00,134.21,134.96,130.67,131.59,638809
AIZ,NYSE,2020/11/12 16:00:00,130.86,131.86,129.39,130.82,344922
AIZ,NYSE,2020/11/13 16:00:00,131.9,133.91,131.72,133.51,428274
AIZ,NYSE,2020/11/16 16:00:00,136.52,137.82,135.24,137.11,466082
AIZ,NYSE,2020/11/17 16:00:00,135.76,138.78,134.55,138.59,558923
AIZ,NYSE,2020/11/18 16:00:00,138.74,139.68,135.52,135.62,342498
AIZ,NYSE,2020/11/19 16:00:00,134.63,135.09,133.19,134.92,284735
AIZ,NYSE,2020/11/20 16:00:00,134.51,135.26,133.53,133.89,423802
AIZ,NYSE,2020/11/23 16:00:00,135.58,135.88,134.63,135.33,379077
AIZ,NYSE,2020/11/24 16:00:00,136.66,136.89,135.18,136.08,521978
AIZ,NYSE,2020/11/25 16:00:00,135.28,136.09,134.19,135.58,377543
AIZ,NYSE,2020/11/27 13:00:00,134.54,134.98,133.5,133.79,158320
AIZ,NYSE,2020/11/30 16:00:00,132.88,133.77,129.04,129.12,504525
AIZ,NYSE,2020/12/01 16:00:00,131.39,132.67,130.73,131.36,455725
AIZ,NYSE,2020/12/02 16:00:00,130.4,132.11,130.21,131.58,618995
AIZ,NYSE,2020/12/03 16:00:00,131.19,132.74,131.19,132.18,604924
AIZ,NYSE,2020/12/04 16:00:00,132.9,133.32,131.72,132.58,338683
AIZ,NYSE,2020/12/07 16:00:00,131.54,132.01,130.64,131.33,476911
AIZ,NYSE,2020/12/08 16:00:00,130.36,132.88,130.36,131.93,395934
AIZ,NYSE,2020/12/09 16:00:00,132.3,132.57,130.95,131.18,375988
AIZ,NYSE,2020/12/10 16:00:00,130.8,132.99,130.58,132.52,379539
AIZ,NYSE,2020/12/11 16:00:00,131.99,133.35,131.48,132.22,256997
AIZ,NYSE,2020/12/14 16:00:00,133.75,134.37,131.6,131.65,244581
AIZ,NYSE,2020/12/15 16:00:00,132.32,133.94,131.72,132.39,473694
AIZ,NYSE,2020/12/16 16:00:00,133.14,134.81,132.78,134.21,310859
AIZ,NYSE,2020/12/17 16:00:00,134.65,135.2,132.17,132.37,434235
AIZ,NYSE,2020/12/18 16:00:00,132.25,133.61,130.25,131.29,915154
AIZ,NYSE,2020/12/21 16:00:00,130.92,131.62,128.98,130.82,370303
AIZ,NYSE,2020/12/22 16:00:00,131.16,132.52,131.08,131.49,334214
AIZ,NYSE,2020/12/23 16:00:00,131.57,133.45,131.57,132.44,260635
AIZ,NYSE,2020/12/24 13:00:00,132.55,132.85,131.85,132.62,86678
AIZ,NYSE,2020/12/28 16:00:00,132.99,134.04,132.5,133.38,188304
AIZ,NYSE,2020/12/29 16:00:00,133.89,133.89,132.01,132.53,204453
AIZ,NYSE,2020/12/30 16:00:00,132.43,134.53,132.43,134.03,210917
AIZ,NYSE,2020/12/31 16:00:00,134.46,136.4,133.87,136.22,233062
AIZ,NYSE,2021/01/04 16:00:00,136.21,136.59,131.05,132.11,395694
AIZ,NYSE,2021/01/05 16:00:00,132.36,133.45,131,132.15,258651
AIZ,NYSE,2021/01/06 16:00:00,133.65,138.89,133.2,137.95,371303
AIZ,NYSE,2021/01/07 16:00:00,138.48,140.75,138.22,139.34,380963
AIZ,NYSE,2021/01/08 16:00:00,139.39,139.39,136.53,138.61,188670
AIZ,NYSE,2021/01/11 16:00:00,137.33,138.9,137.28,137.81,183162
AIZ,NYSE,2021/01/12 16:00:00,139.24,141.32,138.87,141.17,353444
AIZ,NYSE,2021/01/13 16:00:00,140.71,141.48,139.75,140.35,333797
AIZ,NYSE,2021/01/14 16:00:00,140.3,141.16,138.59,139.13,328080
AIZ,NYSE,2021/01/15 16:00:00,138.01,140.19,137.53,140.17,306055
AIZ,NYSE,2021/01/19 16:00:00,141.39,143.37,140.18,142.98,321424
AIZ,NYSE,2021/01/20 16:00:00,142.44,143.67,141.96,142.01,277160
AIZ,NYSE,2021/01/21 16:00:00,141.66,142.6,137.13,137.71,262233
AIZ,NYSE,2021/01/22 16:00:00,136.88,137.47,134.72,134.9,305343
AIZ,NYSE,2021/01/25 16:00:00,133.69,134.88,132.46,132.73,340076
AIZ,NYSE,2021/01/26 16:00:00,133.47,133.83,129.26,130.47,455881
AIZ,NYSE,2021/01/27 16:00:00,129.65,131.4,128,130.79,626148
AIZ,NYSE,2021/01/28 16:00:00,131.96,134.98,131.54,133.5,452887
AIZ,NYSE,2021/01/29 16:00:00,132.94,136.04,132.42,135.47,632636
AIZ,NYSE,2021/02/01 16:00:00,135.83,136.13,130.26,134.49,673090
AIZ,NYSE,2021/02/02 16:00:00,136.05,136.29,133.38,133.51,697166
AIZ,NYSE,2021/02/03 16:00:00,133.5,134.5,131.59,133.25,409284
AIZ,NYSE,2021/02/04 16:00:00,134.08,136.06,131.07,131.88,783335
AIZ,NYSE,2021/02/05 16:00:00,132.73,134.62,131.57,134.36,558610
AIZ,NYSE,2021/02/08 16:00:00,134.81,135.76,134.1,135.44,392197
AIZ,NYSE,2021/02/09 16:00:00,134.81,136.14,133.57,136.13,695794
AIZ,NYSE,2021/02/10 16:00:00,135.06,135.06,128.28,128.43,1373466
AIZ,NYSE,2021/02/11 16:00:00,128.01,131.21,126.77,130.48,984868
AIZ,NYSE,2021/02/12 16:00:00,129.43,130.23,126.77,128.13,605976
AIZ,NYSE,2021/02/16 16:00:00,129.08,129.08,125.38,125.95,690882
AIZ,NYSE,2021/02/17 16:00:00,125.44,126.52,124.93,125.72,911549
AIZ,NYSE,2021/02/18 16:00:00,125.44,125.81,122.49,122.77,607944
AIZ,NYSE,2021/02/19 16:00:00,122.5,123.88,121.55,123.31,817208
AIZ,NYSE,2021/02/22 16:00:00,122.72,127.03,122.24,126.89,856953
AIZ,NYSE,2021/02/23 16:00:00,127.4,128.4,126.02,127.67,572136
AIZ,NYSE,2021/02/24 16:00:00,128.06,130.08,128.06,128.13,420735
AIZ,NYSE,2021/02/25 16:00:00,128.5,128.75,124.97,125.17,326430
AIZ,NYSE,2021/02/26 16:00:00,124.98,125.72,122.47,123.22,746440
AIZ,NYSE,2021/03/01 16:00:00,124.43,127.72,124.43,126.3,519799
AIZ,NYSE,2021/03/02 16:00:00,125.98,126.87,125.07,126.64,378318
AIZ,NYSE,2021/03/03 16:00:00,126.9,129.71,126.27,128.04,469995
AIZ,NYSE,2021/03/04 16:00:00,128.67,129.96,127.06,128.08,695285
AIZ,NYSE,2021/03/05 16:00:00,128.99,132.23,128.6,131.92,375640
AIZ,NYSE,2021/03/08 16:00:00,132.6,136.12,132.17,133.8,371201
AIZ,NYSE,2021/03/09 16:00:00,135.49,138.31,134.72,134.92,677863
AIZ,NYSE,2021/03/10 16:00:00,134.91,138.87,134.1,138.74,569092
AIZ,NYSE,2021/03/11 16:00:00,137.53,138.67,136.34,136.47,495147
AIZ,NYSE,2021/03/12 16:00:00,137.35,138.9,135.99,136.28,457148
AIZ,NYSE,2021/03/15 16:00:00,136.3,138.3,135.07,138.16,374441
AIZ,NYSE,2021/03/16 16:00:00,137.45,137.99,136.03,137.39,473265
AIZ,NYSE,2021/03/17 16:00:00,138.51,139.5,137.01,138.64,654429
AIZ,NYSE,2021/03/18 16:00:00,139.88,144.63,139.47,142.61,673940
AIZ,NYSE,2021/03/19 16:00:00,143.16,144.58,141.21,143.71,1450120
AIZ,NYSE,2021/03/22 16:00:00,143.25,143.6,139.8,140.75,560479
AIZ,NYSE,2021/03/23 16:00:00,139.71,142.51,139.71,140.62,332794
AIZ,NYSE,2021/03/24 16:00:00,141.28,143.67,140.62,142,402534
AIZ,NYSE,2021/03/25 16:00:00,142.36,143.85,140.76,143.54,319838
AIZ,NYSE,2021/03/26 16:00:00,144.12,144.85,142.87,144.65,327558
AIZ,NYSE,2021/03/29 16:00:00,143.08,144.72,142.77,143.77,287852
AIZ,NYSE,2021/03/30 16:00:00,143.5,144.93,142.8,144.71,371936
AIZ,NYSE,2021/03/31 16:00:00,143.64,144.8,141.7,141.77,434366
AIZ,NYSE,2021/04/01 16:00:00,141.15,142.36,139.89,142.3,263470
AIZ,NYSE,2021/04/05 16:00:00,142.5,143.57,141.8,142.79,267069
AIZ,NYSE,2021/04/06 16:00:00,142.85,144.17,141.78,143.4,228393
AIZ,NYSE,2021/04/07 16:00:00,143.74,145.85,142.99,145.58,339198
AIZ,NYSE,2021/04/08 16:00:00,144.93,146.27,144.76,145.32,390751
AIZ,NYSE,2021/04/09 16:00:00,146.1,147.15,145.11,146.96,242382
FHN,NYSE,2019/04/01 16:00:00,14.08,14.45,14.02,14.44,3134535
FHN,NYSE,2019/04/02 16:00:00,14.38,14.56,14.28,14.37,2224641
FHN,NYSE,2019/04/03 16:00:00,14.54,14.63,14.33,14.4,2609377
FHN,NYSE,2019/04/04 16:00:00,14.4,14.69,14.37,14.68,2586484
FHN,NYSE,2019/04/05 16:00:00,14.7,14.77,14.57,14.73,2085928
FHN,NYSE,2019/04/08 16:00:00,14.72,14.88,14.68,14.7,1785623
FHN,NYSE,2019/04/09 16:00:00,14.62,14.68,14.4,14.42,1625796
FHN,NYSE,2019/04/10 16:00:00,14.41,14.48,14.09,14.46,5593569
FHN,NYSE,2019/04/11 16:00:00,14.52,14.7,14.35,14.45,4211080
FHN,NYSE,2019/04/12 16:00:00,14.67,14.93,14.42,14.69,4492549
FHN,NYSE,2019/04/15 16:00:00,14.69,14.74,14.28,14.32,3066609
FHN,NYSE,2019/04/16 16:00:00,14.15,14.82,13.83,14.74,10460368
FHN,NYSE,2019/04/17 16:00:00,14.78,15.19,14.66,14.98,5091014
FHN,NYSE,2019/04/18 16:00:00,14.99,15.07,14.77,14.81,3461183
FHN,NYSE,2019/04/22 16:00:00,14.76,14.83,14.48,14.55,2775724
FHN,NYSE,2019/04/23 16:00:00,14.56,15,14.47,14.99,4026624
FHN,NYSE,2019/04/24 16:00:00,14.96,15.13,14.78,15.02,2066827
FHN,NYSE,2019/04/25 16:00:00,15.01,15.03,14.75,14.9,1432997
FHN,NYSE,2019/04/26 16:00:00,14.9,15.01,14.81,14.96,1944959
FHN,NYSE,2019/04/29 16:00:00,15.01,15.23,15.01,15.11,1998855
FHN,NYSE,2019/04/30 16:00:00,15.11,15.13,14.98,15.09,2687144
FHN,NYSE,2019/05/01 16:00:00,15.1,15.25,14.77,14.97,3630040
FHN,NYSE,2019/05/02 16:00:00,14.99,15.18,14.97,15.12,1798391
FHN,NYSE,2019/05/03 16:00:00,15.15,15.35,15.06,15.21,2273789
FHN,NYSE,2019/05/06 16:00:00,14.96,15.19,14.86,15.06,1955625
FHN,NYSE,2019/05/07 16:00:00,14.87,14.98,14.74,14.82,2147195
FHN,NYSE,2019/05/08 16:00:00,14.77,14.86,14.67,14.67,1468798
FHN,NYSE,2019/05/09 16:00:00,14.5,14.83,14.43,14.77,2316801
FHN,NYSE,2019/05/10 16:00:00,14.71,14.84,14.5,14.71,2951440
FHN,NYSE,2019/05/13 16:00:00,14.5,14.5,14.09,14.2,3740519
FHN,NYSE,2019/05/14 16:00:00,14.23,14.47,14.1,14.35,2098714
FHN,NYSE,2019/05/15 16:00:00,14.19,14.19,13.91,14.11,3195900
FHN,NYSE,2019/05/16 16:00:00,14.21,14.35,14.18,14.24,3332797
FHN,NYSE,2019/05/17 16:00:00,14.13,14.37,14.09,14.22,4794239
FHN,NYSE,2019/05/20 16:00:00,14.17,14.37,14.14,14.2,2472786
FHN,NYSE,2019/05/21 16:00:00,14.22,14.38,14.2,14.23,2843146
FHN,NYSE,2019/05/22 16:00:00,14.18,14.23,14.06,14.11,2101564
FHN,NYSE,2019/05/23 16:00:00,14.04,14.05,13.64,13.73,1712956
FHN,NYSE,2019/05/24 16:00:00,13.81,14.05,13.77,14.01,2571721
FHN,NYSE,2019/05/28 16:00:00,13.97,14.01,13.82,13.83,1867066
FHN,NYSE,2019/05/29 16:00:00,13.72,13.98,13.63,13.95,2123982
FHN,NYSE,2019/05/30 16:00:00,13.77,14.01,13.59,13.7,2513444
FHN,NYSE,2019/05/31 16:00:00,13.53,13.57,13.36,13.41,2752637
FHN,NYSE,2019/06/03 16:00:00,13.35,13.69,13.34,13.63,2039374
FHN,NYSE,2019/06/04 16:00:00,13.8,14.29,13.78,14.27,3119462
FHN,NYSE,2019/06/05 16:00:00,14.29,14.29,13.98,14.12,1710359
FHN,NYSE,2019/06/06 16:00:00,14.1,14.17,13.92,14.12,1555289
FHN,NYSE,2019/06/07 16:00:00,14.07,14.1,13.92,14.01,2279549
FHN,NYSE,2019/06/10 16:00:00,14.1,14.31,14.05,14.21,1851705
FHN,NYSE,2019/06/11 16:00:00,14.31,14.71,14.29,14.54,2963097
FHN,NYSE,2019/06/12 16:00:00,14.51,14.68,14.43,14.65,2840911
FHN,NYSE,2019/06/13 16:00:00,14.6,14.61,14.38,14.49,3423854
FHN,NYSE,2019/06/14 16:00:00,14.5,14.59,14.27,14.54,1748800
FHN,NYSE,2019/06/17 16:00:00,14.56,14.61,14.21,14.26,2022767
FHN,NYSE,2019/06/18 16:00:00,14.27,14.6,14.18,14.46,4967931
FHN,NYSE,2019/06/19 16:00:00,14.55,14.68,14.24,14.28,3182377
FHN,NYSE,2019/06/20 16:00:00,14.34,14.34,13.96,14.1,5185263
FHN,NYSE,2019/06/21 16:00:00,14.05,14.41,14.03,14.35,9101707
FHN,NYSE,2019/06/24 16:00:00,14.33,14.47,14.18,14.2,2622109
FHN,NYSE,2019/06/25 16:00:00,14.23,14.31,14.02,14.27,3455340
FHN,NYSE,2019/06/26 16:00:00,14.33,14.62,14.31,14.55,2808493
FHN,NYSE,2019/06/27 16:00:00,14.6,14.82,14.56,14.71,3296714
FHN,NYSE,2019/06/28 16:00:00,14.87,15.06,14.78,14.93,4492745
FHN,NYSE,2019/07/01 16:00:00,15.06,15.12,14.84,14.9,2192205
FHN,NYSE,2019/07/02 16:00:00,14.83,14.93,14.53,14.66,3777535
FHN,NYSE,2019/07/03 13:00:00,14.86,14.9,14.71,14.88,1589014
FHN,NYSE,2019/07/05 16:00:00,14.99,15.11,14.91,15.03,1156595
FHN,NYSE,2019/07/08 16:00:00,14.91,15.01,14.83,14.86,1856026
FHN,NYSE,2019/07/09 16:00:00,14.83,15.13,14.79,15.01,4079221
FHN,NYSE,2019/07/10 16:00:00,15,15.03,14.71,14.75,3077509
FHN,NYSE,2019/07/11 16:00:00,14.84,14.97,14.73,14.95,4365990
FHN,NYSE,2019/07/12 16:00:00,15.02,15.12,14.88,15.1,4479093
FHN,NYSE,2019/07/15 16:00:00,15.1,15.14,14.78,14.8,3336442
FHN,NYSE,2019/07/16 16:00:00,15.16,15.87,15.06,15.79,16143238
FHN,NYSE,2019/07/17 16:00:00,15.95,16.03,15.62,15.88,7047853
FHN,NYSE,2019/07/18 16:00:00,15.93,16.08,15.88,16,2933458
FHN,NYSE,2019/07/19 16:00:00,16.01,16.18,15.92,15.95,4690853
FHN,NYSE,2019/07/22 16:00:00,15.93,16.04,15.82,15.91,3441171
FHN,NYSE,2019/07/23 16:00:00,15.97,16.04,15.87,16.01,4789556
FHN,NYSE,2019/07/24 16:00:00,16,16.23,15.99,16.21,6363060
FHN,NYSE,2019/07/25 16:00:00,16.24,16.28,15.96,16.09,5050336
FHN,NYSE,2019/07/26 16:00:00,16.12,16.41,16.08,16.39,3848972
FHN,NYSE,2019/07/29 16:00:00,16.4,16.53,16.24,16.28,4588232
FHN,NYSE,2019/07/30 16:00:00,16.18,16.7,16.15,16.69,2929781
FHN,NYSE,2019/07/31 16:00:00,16.69,16.76,16.38,16.4,4136886
FHN,NYSE,2019/08/01 16:00:00,16.37,16.55,15.75,15.87,5256803
FHN,NYSE,2019/08/02 16:00:00,15.81,15.94,15.59,15.89,2889250
FHN,NYSE,2019/08/05 16:00:00,15.82,15.82,15.27,15.52,6403872
FHN,NYSE,2019/08/06 16:00:00,15.63,15.76,15.47,15.76,2877322
FHN,NYSE,2019/08/07 16:00:00,15.38,15.83,15.26,15.76,4200605
FHN,NYSE,2019/08/08 16:00:00,15.95,16.11,15.83,16.01,2888940
FHN,NYSE,2019/08/09 16:00:00,15.96,16.06,15.78,15.97,1711590
FHN,NYSE,2019/08/12 16:00:00,15.75,15.84,15.56,15.6,1844129
FHN,NYSE,2019/08/13 16:00:00,15.63,15.92,15.54,15.75,3860594
FHN,NYSE,2019/08/14 16:00:00,15.59,15.64,15.27,15.33,5554810
FHN,NYSE,2019/08/15 16:00:00,15.41,15.42,15.21,15.23,1954950
FHN,NYSE,2019/08/16 16:00:00,15.34,15.61,15.32,15.59,1205896
FHN,NYSE,2019/08/19 16:00:00,15.84,15.87,15.7,15.77,1008531
FHN,NYSE,2019/08/20 16:00:00,15.76,15.76,15.54,15.56,2060570
FHN,NYSE,2019/08/21 16:00:00,15.69,15.77,15.64,15.73,2748799
FHN,NYSE,2019/08/22 16:00:00,15.86,15.89,15.62,15.75,2595751
FHN,NYSE,2019/08/23 16:00:00,15.67,15.87,15.25,15.32,2500670
FHN,NYSE,2019/08/26 16:00:00,15.45,15.57,15.37,15.5,3095038
FHN,NYSE,2019/08/27 16:00:00,15.57,15.61,15.25,15.36,3170152
FHN,NYSE,2019/08/28 16:00:00,15.29,15.59,15.26,15.5,2047745
FHN,NYSE,2019/08/29 16:00:00,15.85,15.9,15.67,15.83,3765212
FHN,NYSE,2019/08/30 16:00:00,15.9,15.96,15.75,15.83,2500783
FHN,NYSE,2019/09/03 16:00:00,15.69,15.7,15.37,15.4,3657417
FHN,NYSE,2019/09/04 16:00:00,15.59,15.64,15.44,15.63,1899424
FHN,NYSE,2019/09/05 16:00:00,15.9,16.18,15.81,15.96,3234585
FHN,NYSE,2019/09/06 16:00:00,15.99,16.1,15.87,15.94,2289540
FHN,NYSE,2019/09/09 16:00:00,16.07,16.39,15.99,16.33,2704518
FHN,NYSE,2019/09/10 16:00:00,16.45,16.57,16.22,16.36,4253456
FHN,NYSE,2019/09/11 16:00:00,16.4,16.5,16.15,16.5,4443688
FHN,NYSE,2019/09/12 16:00:00,16.21,16.57,16.18,16.46,3279589
FHN,NYSE,2019/09/13 16:00:00,16.63,16.7,16.36,16.46,3733883
FHN,NYSE,2019/09/16 16:00:00,16.24,16.43,16.19,16.24,2333103
FHN,NYSE,2019/09/17 16:00:00,16.14,16.25,16.05,16.25,2091013
FHN,NYSE,2019/09/18 16:00:00,16.13,16.5,16.1,16.36,2895430
FHN,NYSE,2019/09/19 16:00:00,16.35,16.47,16.27,16.32,3083521
FHN,NYSE,2019/09/20 16:00:00,16.35,16.45,16.25,16.32,5660069
FHN,NYSE,2019/09/23 16:00:00,16.2,16.41,16.17,16.3,2526634
FHN,NYSE,2019/09/24 16:00:00,16.29,16.36,16,16.15,3679070
FHN,NYSE,2019/09/25 16:00:00,16.19,16.44,16.18,16.36,2082817
FHN,NYSE,2019/09/26 16:00:00,16.29,16.51,16.27,16.33,4516292
FHN,NYSE,2019/09/27 16:00:00,16.43,16.53,16.2,16.29,1968697
FHN,NYSE,2019/09/30 16:00:00,16.36,16.42,16.16,16.2,1469202
FHN,NYSE,2019/10/01 16:00:00,16.34,16.43,15.86,15.94,3387865
FHN,NYSE,2019/10/02 16:00:00,15.86,15.92,15.71,15.9,2535012
FHN,NYSE,2019/10/03 16:00:00,15.85,15.9,15.62,15.84,1990869
FHN,NYSE,2019/10/04 16:00:00,15.87,16.09,15.66,16.06,2740477
FHN,NYSE,2019/10/07 16:00:00,16.01,16.11,15.88,15.89,1810967
FHN,NYSE,2019/10/08 16:00:00,15.76,15.76,15.56,15.6,2228239
FHN,NYSE,2019/10/09 16:00:00,15.72,15.72,15.49,15.54,1834857
FHN,NYSE,2019/10/10 16:00:00,15.63,15.81,15.59,15.78,2659049
FHN,NYSE,2019/10/11 16:00:00,15.97,16.08,15.91,15.93,2188126
FHN,NYSE,2019/10/14 16:00:00,15.84,16,15.78,15.91,1457898
FHN,NYSE,2019/10/15 16:00:00,15.92,16.17,15.87,16.15,4183694
FHN,NYSE,2019/10/16 16:00:00,15.5,16.09,15.31,15.57,4651641
FHN,NYSE,2019/10/17 16:00:00,15.56,15.56,15.28,15.41,4451105
FHN,NYSE,2019/10/18 16:00:00,15.45,15.6,15.36,15.55,3244329
FHN,NYSE,2019/10/21 16:00:00,15.68,15.85,15.66,15.76,1791069
FHN,NYSE,2019/10/22 16:00:00,15.77,16.06,15.59,15.95,2857185
FHN,NYSE,2019/10/23 16:00:00,15.93,16.1,15.85,16.04,2766446
FHN,NYSE,2019/10/24 16:00:00,16.04,16.06,15.85,16.03,2001914
FHN,NYSE,2019/10/25 16:00:00,16,16.27,15.98,16.15,2299664
FHN,NYSE,2019/10/28 16:00:00,16.22,16.38,16.18,16.25,2556602
FHN,NYSE,2019/10/29 16:00:00,16.23,16.39,16.15,16.35,2573800
FHN,NYSE,2019/10/30 16:00:00,16.29,16.36,16.08,16.18,2796602
FHN,NYSE,2019/10/31 16:00:00,16.08,16.09,15.65,15.97,2999621
FHN,NYSE,2019/11/01 16:00:00,16.13,16.32,16.04,16.31,2478786
FHN,NYSE,2019/11/04 16:00:00,16.5,16.96,16.44,16.84,10087285
FHN,NYSE,2019/11/05 16:00:00,17.12,17.42,17.04,17.28,6524903
FHN,NYSE,2019/11/06 16:00:00,17.21,17.32,17.08,17.17,3858276
FHN,NYSE,2019/11/07 16:00:00,17.3,17.39,16.86,16.93,5948870
FHN,NYSE,2019/11/08 16:00:00,16.87,17.09,16.85,17.04,5092524
FHN,NYSE,2019/11/11 16:00:00,17.04,17.11,16.78,16.8,3378050
FHN,NYSE,2019/11/12 16:00:00,16.78,16.85,16.67,16.69,4899203
FHN,NYSE,2019/11/13 16:00:00,16.55,16.7,16.44,16.64,3523896
FHN,NYSE,2019/11/14 16:00:00,16.59,16.63,16.51,16.52,4644357
FHN,NYSE,2019/11/15 16:00:00,16.59,16.61,16.28,16.29,3313772
FHN,NYSE,2019/11/18 16:00:00,16.34,16.36,16.12,16.26,3732229
FHN,NYSE,2019/11/19 16:00:00,16.29,16.39,16.22,16.25,6869624
FHN,NYSE,2019/11/20 16:00:00,16.19,16.33,16.01,16.25,3863029
FHN,NYSE,2019/11/21 16:00:00,16.33,16.33,15.99,16.02,3225404
FHN,NYSE,2019/11/22 16:00:00,16.11,16.18,16,16.04,2662040
FHN,NYSE,2019/11/25 16:00:00,16.06,16.22,16.06,16.15,2196345
FHN,NYSE,2019/11/26 16:00:00,16.09,16.15,15.97,16.08,3580449
FHN,NYSE,2019/11/27 16:00:00,16.15,16.19,16.03,16.09,3746442
FHN,NYSE,2019/11/29 13:00:00,16.04,16.27,16.03,16.08,1492090
FHN,NYSE,2019/12/02 16:00:00,16.16,16.29,15.94,15.94,3589942
FHN,NYSE,2019/12/03 16:00:00,15.86,15.86,15.59,15.7,2730359
FHN,NYSE,2019/12/04 16:00:00,15.7,15.93,15.65,15.75,4027421
FHN,NYSE,2019/12/05 16:00:00,15.82,15.95,15.8,15.89,2363387
FHN,NYSE,2019/12/06 16:00:00,16.08,16.2,15.99,16.01,3466628
FHN,NYSE,2019/12/09 16:00:00,16,16.17,15.96,16.03,4326803
FHN,NYSE,2019/12/10 16:00:00,16,16.25,15.98,16.2,3683112
FHN,NYSE,2019/12/11 16:00:00,16.26,16.34,16.18,16.2,4782333
FHN,NYSE,2019/12/12 16:00:00,16.14,16.55,16.11,16.54,4184545
FHN,NYSE,2019/12/13 16:00:00,16.45,16.57,16.23,16.37,3653016
FHN,NYSE,2019/12/16 16:00:00,16.54,16.64,16.4,16.42,3962999
FHN,NYSE,2019/12/17 16:00:00,16.44,16.66,16.35,16.63,3805532
FHN,NYSE,2019/12/18 16:00:00,16.69,16.76,16.6,16.69,5173165
FHN,NYSE,2019/12/19 16:00:00,16.7,16.74,16.63,16.73,4557598
FHN,NYSE,2019/12/20 16:00:00,16.76,16.88,16.69,16.76,6864754
FHN,NYSE,2019/12/23 16:00:00,16.78,16.8,16.57,16.59,1900723
FHN,NYSE,2019/12/24 13:00:00,16.63,16.63,16.52,16.59,791130
FHN,NYSE,2019/12/26 16:00:00,16.63,16.64,16.51,16.58,1178176
FHN,NYSE,2019/12/27 16:00:00,16.58,16.58,16.4,16.51,1586621
FHN,NYSE,2019/12/30 16:00:00,16.61,16.64,16.5,16.58,2622128
FHN,NYSE,2019/12/31 16:00:00,16.58,16.67,16.5,16.56,3009692
FHN,NYSE,2020/01/02 16:00:00,16.71,16.71,16.35,16.52,4111975
FHN,NYSE,2020/01/03 16:00:00,16.3,16.34,16.09,16.24,2887988
FHN,NYSE,2020/01/06 16:00:00,16.06,16.15,15.92,16.08,4117755
FHN,NYSE,2020/01/07 16:00:00,16.03,16.1,15.86,15.95,3020167
FHN,NYSE,2020/01/08 16:00:00,16,16.15,15.93,16.05,3571630
FHN,NYSE,2020/01/09 16:00:00,16.17,16.24,16.06,16.18,4523215
FHN,NYSE,2020/01/10 16:00:00,16.18,16.3,16.09,16.17,5106257
FHN,NYSE,2020/01/13 16:00:00,16.17,16.26,16.06,16.24,3611172
FHN,NYSE,2020/01/14 16:00:00,16.22,16.49,16.14,16.39,3155988
FHN,NYSE,2020/01/15 16:00:00,16.27,16.39,16.06,16.18,5398881
FHN,NYSE,2020/01/16 16:00:00,16.26,16.58,16.21,16.56,5045897
FHN,NYSE,2020/01/17 16:00:00,17.01,17.34,16.83,17.27,11315356
FHN,NYSE,2020/01/21 16:00:00,17.25,17.4,17.08,17.09,9314793
FHN,NYSE,2020/01/22 16:00:00,17.19,17.22,16.93,17.14,5001191
FHN,NYSE,2020/01/23 16:00:00,17.12,17.14,16.94,17.02,6772628
FHN,NYSE,2020/01/24 16:00:00,17.02,17.08,16.37,16.55,7288500
FHN,NYSE,2020/01/27 16:00:00,16.26,16.45,16.21,16.29,5512094
FHN,NYSE,2020/01/28 16:00:00,16.42,16.43,16.24,16.37,4336789
FHN,NYSE,2020/01/29 16:00:00,16.5,16.58,16.3,16.32,3423079
FHN,NYSE,2020/01/30 16:00:00,16.2,16.34,16,16.28,2974792
FHN,NYSE,2020/01/31 16:00:00,16.17,16.23,15.92,16,3508536
FHN,NYSE,2020/02/03 16:00:00,16.15,16.34,16.11,16.17,2978135
FHN,NYSE,2020/02/04 16:00:00,16.44,16.53,16.17,16.2,4409630
FHN,NYSE,2020/02/05 16:00:00,16.45,16.72,16.43,16.71,5367925
FHN,NYSE,2020/02/06 16:00:00,16.82,16.86,16.62,16.63,4647827
FHN,NYSE,2020/02/07 16:00:00,16.53,16.66,16.43,16.45,3682944
FHN,NYSE,2020/02/10 16:00:00,16.39,16.47,16.31,16.44,2171506
FHN,NYSE,2020/02/11 16:00:00,16.53,16.66,16.48,16.62,3790360
FHN,NYSE,2020/02/12 16:00:00,16.74,16.77,16.5,16.6,3598091
FHN,NYSE,2020/02/13 16:00:00,16.55,16.73,16.5,16.65,2423601
FHN,NYSE,2020/02/14 16:00:00,16.64,16.67,16.14,16.16,4244790
FHN,NYSE,2020/02/18 16:00:00,16.08,16.16,15.7,15.82,5586747
FHN,NYSE,2020/02/19 16:00:00,15.91,16.04,15.85,15.9,4416179
FHN,NYSE,2020/02/20 16:00:00,15.8,16.23,15.8,16.14,5522787
FHN,NYSE,2020/02/21 16:00:00,16.01,16.15,15.86,16.08,5081282
FHN,NYSE,2020/02/24 16:00:00,15.52,15.85,15.52,15.8,5678343
FHN,NYSE,2020/02/25 16:00:00,15.8,15.83,15.06,15.07,8161593
FHN,NYSE,2020/02/26 16:00:00,15.24,15.28,14.69,14.78,7283007
FHN,NYSE,2020/02/27 16:00:00,14.42,14.75,13.91,13.93,9218065
FHN,NYSE,2020/02/28 16:00:00,13.52,13.66,13.09,13.33,13026905
FHN,NYSE,2020/03/02 16:00:00,13.51,14.09,13.25,14.05,9465700
FHN,NYSE,2020/03/03 16:00:00,14.03,14.19,13.38,13.63,8372102
FHN,NYSE,2020/03/04 16:00:00,13.78,13.93,13.25,13.91,5965620
FHN,NYSE,2020/03/05 16:00:00,13.4,13.6,13.01,13.16,8814428
FHN,NYSE,2020/03/06 16:00:00,12.64,13.08,12.45,12.63,11075186
FHN,NYSE,2020/03/09 16:00:00,11.71,12.5,9.98,10.1,14793800
FHN,NYSE,2020/03/10 16:00:00,10.74,10.93,9.68,10.6,13924509
FHN,NYSE,2020/03/11 16:00:00,10.27,10.27,9.57,9.79,14169637
FHN,NYSE,2020/03/12 16:00:00,8.86,10.11,8.38,8.85,9021626
FHN,NYSE,2020/03/13 16:00:00,9.81,10.17,8.82,9.94,7767873
FHN,NYSE,2020/03/16 16:00:00,8.79,9.22,8.32,8.32,7621340
FHN,NYSE,2020/03/17 16:00:00,8.51,8.89,8.04,8.86,10759058
FHN,NYSE,2020/03/18 16:00:00,8.25,8.46,6.39,7.18,9850945
FHN,NYSE,2020/03/19 16:00:00,6.98,8.5,6.27,8.5,11029365
FHN,NYSE,2020/03/20 16:00:00,8.63,8.98,7.57,7.72,9873141
FHN,NYSE,2020/03/23 16:00:00,7.59,7.64,6.4,6.81,9422528
FHN,NYSE,2020/03/24 16:00:00,7.29,7.65,7.05,7.65,6468707
FHN,NYSE,2020/03/25 16:00:00,7.84,8.75,7.16,8.13,9611232
FHN,NYSE,2020/03/26 16:00:00,8.26,9.18,8.15,8.86,11355819
FHN,NYSE,2020/03/27 16:00:00,8.38,8.64,8.09,8.32,5094441
FHN,NYSE,2020/03/30 16:00:00,8.37,8.49,7.98,8.43,6827394
FHN,NYSE,2020/03/31 16:00:00,8.33,8.53,7.84,8.06,5608501
FHN,NYSE,2020/04/01 16:00:00,7.57,7.72,7.25,7.43,5147962
FHN,NYSE,2020/04/02 16:00:00,7.51,8.02,7.4,7.7,4604697
FHN,NYSE,2020/04/03 16:00:00,7.63,7.73,7.03,7.18,6157397
FHN,NYSE,2020/04/06 16:00:00,7.63,7.98,7.46,7.85,5432517
FHN,NYSE,2020/04/07 16:00:00,8.41,8.87,8.02,8.09,8631134
FHN,NYSE,2020/04/08 16:00:00,8.31,8.65,8.14,8.58,8645304
FHN,NYSE,2020/04/09 16:00:00,8.96,9.68,8.93,9.5,7026808
FHN,NYSE,2020/04/13 16:00:00,9.5,9.57,8.62,8.68,5961768
FHN,NYSE,2020/04/14 16:00:00,9,9.09,8.09,8.34,6093642
FHN,NYSE,2020/04/15 16:00:00,7.88,7.99,7.5,7.76,4328390
FHN,NYSE,2020/04/16 16:00:00,7.78,7.83,7.06,7.2,5900553
FHN,NYSE,2020/04/17 16:00:00,7.62,8.07,7.59,8.01,5879367
FHN,NYSE,2020/04/20 16:00:00,7.62,8.18,7.47,7.96,6976760
FHN,NYSE,2020/04/21 16:00:00,7.5,7.99,7.38,7.67,5853757
FHN,NYSE,2020/04/22 16:00:00,7.9,8.16,7.76,7.87,5935477
FHN,NYSE,2020/04/23 16:00:00,8,8.23,7.88,7.94,4259451
FHN,NYSE,2020/04/24 16:00:00,8.07,8.14,7.77,8.01,4186585
FHN,NYSE,2020/04/27 16:00:00,8.07,8.89,8.06,8.74,6190469
FHN,NYSE,2020/04/28 16:00:00,9.24,9.46,8.87,9,6965308
FHN,NYSE,2020/04/29 16:00:00,9.4,9.61,9.26,9.43,8747148
FHN,NYSE,2020/04/30 16:00:00,9.12,9.29,8.82,9.08,7006932
FHN,NYSE,2020/05/01 16:00:00,8.81,8.93,8.51,8.69,6289034
FHN,NYSE,2020/05/04 16:00:00,8.44,8.71,8.29,8.67,6165616
FHN,NYSE,2020/05/05 16:00:00,8.9,9.21,8.53,8.58,5430933
FHN,NYSE,2020/05/06 16:00:00,8.7,8.77,8.26,8.3,3639045
FHN,NYSE,2020/05/07 16:00:00,8.39,8.79,8.29,8.35,5396041
FHN,NYSE,2020/05/08 16:00:00,8.61,9.2,8.53,9.15,5431790
FHN,NYSE,2020/05/11 16:00:00,8.92,8.94,8.42,8.51,7263030
FHN,NYSE,2020/05/12 16:00:00,8.54,8.65,8.02,8.02,5558364
FHN,NYSE,2020/05/13 16:00:00,7.93,8,7.31,7.38,7548109
FHN,NYSE,2020/05/14 16:00:00,7.15,7.95,6.93,7.85,10213120
FHN,NYSE,2020/05/15 16:00:00,7.7,8.01,7.63,7.68,5676382
FHN,NYSE,2020/05/18 16:00:00,8.16,8.67,8.08,8.53,7959094
FHN,NYSE,2020/05/19 16:00:00,8.4,8.69,8.18,8.3,5611440
FHN,NYSE,2020/05/20 16:00:00,8.51,8.83,8.51,8.78,4958060
FHN,NYSE,2020/05/21 16:00:00,8.73,8.96,8.73,8.82,4096388
FHN,NYSE,2020/05/22 16:00:00,8.86,8.91,8.57,8.71,3520869
FHN,NYSE,2020/05/26 16:00:00,9.22,9.55,9.12,9.45,5331422
FHN,NYSE,2020/05/27 16:00:00,10.01,10.29,9.62,10.27,5952090
FHN,NYSE,2020/05/28 16:00:00,10.4,10.45,9.73,9.8,5909259
FHN,NYSE,2020/05/29 16:00:00,9.55,9.61,9.29,9.35,7924319
FHN,NYSE,2020/06/01 16:00:00,9.44,9.7,9.26,9.49,4908847
FHN,NYSE,2020/06/02 16:00:00,9.68,9.84,9.4,9.55,6410813
FHN,NYSE,2020/06/03 16:00:00,9.97,10.53,9.87,10.41,7888060
FHN,NYSE,2020/06/04 16:00:00,10.38,10.96,10.19,10.96,10070691
FHN,NYSE,2020/06/05 16:00:00,11.86,11.99,11.32,11.53,8823761
FHN,NYSE,2020/06/08 16:00:00,11.85,12.25,11.78,12.09,9192169
FHN,NYSE,2020/06/09 16:00:00,11.79,11.94,11.49,11.73,5968273
FHN,NYSE,2020/06/10 16:00:00,11.7,11.72,10.8,10.85,7439280
FHN,NYSE,2020/06/11 16:00:00,9.7,10.18,9.57,9.59,4659801
FHN,NYSE,2020/06/12 16:00:00,10.3,10.3,9.65,10.07,4923690
FHN,NYSE,2020/06/15 16:00:00,9.51,10.43,9.41,10.31,6317379
FHN,NYSE,2020/06/16 16:00:00,10.87,11,10.33,10.7,8821184
FHN,NYSE,2020/06/17 16:00:00,10.67,10.68,10.23,10.29,6105491
FHN,NYSE,2020/06/18 16:00:00,10.14,10.62,10.03,10.32,3853304
FHN,NYSE,2020/06/19 16:00:00,10.49,10.59,10.02,10.31,6983734
FHN,NYSE,2020/06/22 16:00:00,10.15,10.39,10.04,10.31,3423336
FHN,NYSE,2020/06/23 16:00:00,10.54,10.7,10.22,10.28,4479329
FHN,NYSE,2020/06/24 16:00:00,10.05,10.18,9.6,9.63,6130254
FHN,NYSE,2020/06/25 16:00:00,9.54,10.27,9.52,10.23,6556956
FHN,NYSE,2020/06/26 16:00:00,9.94,9.97,9.2,9.25,8386708
FHN,NYSE,2020/06/29 16:00:00,9.48,9.83,9.3,9.57,7115551
FHN,NYSE,2020/06/30 16:00:00,9.44,10.01,9.43,9.96,9287199
FHN,NYSE,2020/07/01 16:00:00,10,10.09,9.23,9.4,51194588
FHN,NYSE,2020/07/02 16:00:00,9.72,9.89,9.08,9.25,13684411
FHN,NYSE,2020/07/06 16:00:00,9.5,9.65,9.06,9.22,9936296
FHN,NYSE,2020/07/07 16:00:00,9.08,9.09,8.68,8.77,9823953
FHN,NYSE,2020/07/08 16:00:00,8.72,8.94,8.6,8.82,8128237
FHN,NYSE,2020/07/09 16:00:00,8.76,8.84,8.31,8.36,8545363
FHN,NYSE,2020/07/10 16:00:00,8.4,8.88,8.33,8.87,6232238
FHN,NYSE,2020/07/13 16:00:00,8.94,9.14,8.68,8.9,8382447
FHN,NYSE,2020/07/14 16:00:00,8.9,8.9,8.57,8.72,6411499
FHN,NYSE,2020/07/15 16:00:00,9.04,9.41,8.92,9.35,7796057
FHN,NYSE,2020/07/16 16:00:00,9.24,9.49,9.08,9.3,7442908
FHN,NYSE,2020/07/17 16:00:00,9.65,9.94,9.18,9.23,9634811
FHN,NYSE,2020/07/20 16:00:00,9.38,9.38,8.96,9,6141618
FHN,NYSE,2020/07/21 16:00:00,9.07,9.55,9.07,9.52,6765100
FHN,NYSE,2020/07/22 16:00:00,9.3,9.47,9.16,9.29,7809344
FHN,NYSE,2020/07/23 16:00:00,9.58,9.82,9.47,9.75,9422884
FHN,NYSE,2020/07/24 16:00:00,9.79,9.87,9.6,9.64,6278747
FHN,NYSE,2020/07/27 16:00:00,9.53,9.64,9.35,9.52,5391211
FHN,NYSE,2020/07/28 16:00:00,9.45,9.55,9.28,9.28,4703190
FHN,NYSE,2020/07/29 16:00:00,9.29,9.69,9.21,9.67,3867203
FHN,NYSE,2020/07/30 16:00:00,9.35,9.4,9.13,9.36,4233846
FHN,NYSE,2020/07/31 16:00:00,9.31,9.34,9.1,9.27,4166287
FHN,NYSE,2020/08/03 16:00:00,9.3,9.32,9.05,9.1,5704250
FHN,NYSE,2020/08/04 16:00:00,9.06,9.09,8.88,9,7121281
FHN,NYSE,2020/08/05 16:00:00,9.13,9.36,9.1,9.31,4893444
FHN,NYSE,2020/08/06 16:00:00,9.3,9.46,9.23,9.34,4696299
FHN,NYSE,2020/08/07 16:00:00,9.26,9.78,9.21,9.77,8303207
FHN,NYSE,2020/08/10 16:00:00,9.83,10.02,9.74,9.78,5355738
FHN,NYSE,2020/08/11 16:00:00,10.02,10.41,10.02,10.11,8202772
FHN,NYSE,2020/08/12 16:00:00,10.35,10.36,9.71,10.06,7531601
FHN,NYSE,2020/08/13 16:00:00,9.89,10.04,9.8,9.82,5001623
FHN,NYSE,2020/08/14 16:00:00,9.73,10.18,9.67,10.09,4988765
FHN,NYSE,2020/08/17 16:00:00,10,10.07,9.86,9.93,5494660
FHN,NYSE,2020/08/18 16:00:00,9.93,9.95,9.61,9.62,4498940
FHN,NYSE,2020/08/19 16:00:00,9.61,9.81,9.56,9.59,2860454
FHN,NYSE,2020/08/20 16:00:00,9.5,9.57,9.39,9.48,3787572
FHN,NYSE,2020/08/21 16:00:00,9.43,9.51,9.23,9.32,3538760
FHN,NYSE,2020/08/24 16:00:00,9.36,9.74,9.26,9.69,4310179
FHN,NYSE,2020/08/25 16:00:00,9.88,9.94,9.5,9.66,4275020
FHN,NYSE,2020/08/26 16:00:00,9.65,9.65,9.43,9.51,5056968
FHN,NYSE,2020/08/27 16:00:00,9.6,9.79,9.55,9.7,5944029
FHN,NYSE,2020/08/28 16:00:00,9.83,9.85,9.64,9.72,3330743
FHN,NYSE,2020/08/31 16:00:00,9.72,9.72,9.52,9.55,3216416
FHN,NYSE,2020/09/01 16:00:00,9.5,9.65,9.3,9.53,3308468
FHN,NYSE,2020/09/02 16:00:00,9.52,9.63,9.4,9.59,4108318
FHN,NYSE,2020/09/03 16:00:00,9.67,10.06,9.57,9.64,4551102
FHN,NYSE,2020/09/04 16:00:00,9.97,10.05,9.7,9.96,4335155
FHN,NYSE,2020/09/08 16:00:00,9.73,9.78,9.44,9.46,5765483
FHN,NYSE,2020/09/09 16:00:00,9.52,9.53,9.32,9.5,6108107
FHN,NYSE,2020/09/10 16:00:00,9.43,9.53,9.14,9.15,5297178
FHN,NYSE,2020/09/11 16:00:00,9.15,9.49,9.06,9.43,6978277
FHN,NYSE,2020/09/14 16:00:00,9.52,9.85,9.44,9.79,4512580
FHN,NYSE,2020/09/15 16:00:00,9.85,9.86,9.59,9.65,4057020
FHN,NYSE,2020/09/16 16:00:00,9.62,9.94,9.51,9.82,4321596
FHN,NYSE,2020/09/17 16:00:00,9.66,9.81,9.57,9.75,3753192
FHN,NYSE,2020/09/18 16:00:00,9.76,9.76,9.57,9.66,9120344
FHN,NYSE,2020/09/21 16:00:00,9.32,9.44,9.05,9.11,6443138
FHN,NYSE,2020/09/22 16:00:00,9.27,9.36,8.94,8.95,5806702
FHN,NYSE,2020/09/23 16:00:00,8.99,9.19,8.68,8.69,4634435
FHN,NYSE,2020/09/24 16:00:00,8.75,8.9,8.56,8.66,5109193
FHN,NYSE,2020/09/25 16:00:00,8.59,8.84,8.53,8.8,3289351
FHN,NYSE,2020/09/28 16:00:00,9,9.25,8.99,9.15,4018383
FHN,NYSE,2020/09/29 16:00:00,9.1,9.28,9,9.22,6191876
FHN,NYSE,2020/09/30 16:00:00,9.26,9.56,9.26,9.43,10032790
FHN,NYSE,2020/10/01 16:00:00,9.48,9.64,9.41,9.59,6858525
FHN,NYSE,2020/10/02 16:00:00,9.35,10.02,9.33,9.95,5810980
FHN,NYSE,2020/10/05 16:00:00,10.05,10.4,10.03,10.4,6887673
FHN,NYSE,2020/10/06 16:00:00,10.5,10.88,10.28,10.36,5967302
FHN,NYSE,2020/10/07 16:00:00,10.52,10.82,10.44,10.66,8044535
FHN,NYSE,2020/10/08 16:00:00,10.9,10.9,10.69,10.85,5838756
FHN,NYSE,2020/10/09 16:00:00,10.93,11.04,10.68,10.72,6986093
FHN,NYSE,2020/10/12 16:00:00,10.71,10.91,10.65,10.9,3851268
FHN,NYSE,2020/10/13 16:00:00,10.87,10.88,10.57,10.58,2779740
FHN,NYSE,2020/10/14 16:00:00,10.63,10.75,10.36,10.36,3187485
FHN,NYSE,2020/10/15 16:00:00,10.23,10.6,10.2,10.58,5311155
FHN,NYSE,2020/10/16 16:00:00,10.55,10.65,10.38,10.51,3497906
FHN,NYSE,2020/10/19 16:00:00,10.6,10.7,10.48,10.49,3823736
FHN,NYSE,2020/10/20 16:00:00,10.68,10.99,10.61,10.8,5348309
FHN,NYSE,2020/10/21 16:00:00,10.8,10.99,10.76,10.84,4506249
FHN,NYSE,2020/10/22 16:00:00,10.84,11.49,10.81,11.45,6384379
FHN,NYSE,2020/10/23 16:00:00,11.61,11.77,10.78,11.08,8412133
FHN,NYSE,2020/10/26 16:00:00,10.95,10.96,10.61,10.75,5307433
FHN,NYSE,2020/10/27 16:00:00,10.64,10.8,10.15,10.17,5329910
FHN,NYSE,2020/10/28 16:00:00,9.95,10.25,9.89,10,5719668
FHN,NYSE,2020/10/29 16:00:00,9.92,10.41,9.78,10.35,7490592
FHN,NYSE,2020/10/30 16:00:00,10.31,10.44,10.18,10.41,4679496
FHN,NYSE,2020/11/02 16:00:00,10.55,10.8,10.38,10.69,5342891
FHN,NYSE,2020/11/03 16:00:00,10.92,11.08,10.82,10.97,7044388
FHN,NYSE,2020/11/04 16:00:00,10.6,10.72,10.05,10.34,9767384
FHN,NYSE,2020/11/05 16:00:00,10.4,11.1,10.4,11.01,5822818
FHN,NYSE,2020/11/06 16:00:00,11.11,11.22,10.59,10.67,5197702
FHN,NYSE,2020/11/09 16:00:00,11.72,12.42,11.72,12.03,11568744
FHN,NYSE,2020/11/10 16:00:00,12.12,12.23,11.87,11.94,5440272
FHN,NYSE,2020/11/11 16:00:00,12,12.02,11.48,11.73,6725940
FHN,NYSE,2020/11/12 16:00:00,11.48,11.53,11.21,11.41,9066408
FHN,NYSE,2020/11/13 16:00:00,11.56,11.87,11.5,11.8,4381914
FHN,NYSE,2020/11/16 16:00:00,12.25,12.5,12.11,12.41,5328861
FHN,NYSE,2020/11/17 16:00:00,12.21,12.46,12.01,12.46,4312308
FHN,NYSE,2020/11/18 16:00:00,12.46,12.59,12.09,12.11,3946343
FHN,NYSE,2020/11/19 16:00:00,12.05,12.21,11.94,12.16,3083464
FHN,NYSE,2020/11/20 16:00:00,12.04,12.16,11.88,11.97,6837246
FHN,NYSE,2020/11/23 16:00:00,12.2,12.39,12.13,12.28,4031999
FHN,NYSE,2020/11/24 16:00:00,12.54,13.12,12.52,13.07,5794239
FHN,NYSE,2020/11/25 16:00:00,12.9,13.07,12.75,12.93,3987758
FHN,NYSE,2020/11/27 13:00:00,12.82,13.01,12.62,12.73,2068578
FHN,NYSE,2020/11/30 16:00:00,12.65,12.82,12.19,12.22,4597686
FHN,NYSE,2020/12/01 16:00:00,12.53,12.82,12.5,12.63,2788162
FHN,NYSE,2020/12/02 16:00:00,12.56,12.94,12.47,12.85,3650168
FHN,NYSE,2020/12/03 16:00:00,12.81,12.99,12.75,12.86,2782980
FHN,NYSE,2020/12/04 16:00:00,13,13.19,12.93,13.18,4396047
FHN,NYSE,2020/12/07 16:00:00,13.14,13.19,12.93,13.14,2372563
FHN,NYSE,2020/12/08 16:00:00,12.97,13.19,12.97,13.08,2807198
FHN,NYSE,2020/12/09 16:00:00,13.2,13.39,13.04,13.15,5193795
FHN,NYSE,2020/12/10 16:00:00,12.85,13.04,12.77,12.96,3240124
FHN,NYSE,2020/12/11 16:00:00,12.76,12.92,12.69,12.82,3485327
FHN,NYSE,2020/12/14 16:00:00,13.1,13.16,12.64,12.7,3610145
FHN,NYSE,2020/12/15 16:00:00,12.84,12.94,12.7,12.9,13929393
FHN,NYSE,2020/12/16 16:00:00,12.95,12.97,12.76,12.94,7486147
FHN,NYSE,2020/12/17 16:00:00,12.89,12.9,12.58,12.62,9053656
FHN,NYSE,2020/12/18 16:00:00,12.63,12.65,12.25,12.34,15679809
FHN,NYSE,2020/12/21 16:00:00,12.3,12.5,12.17,12.42,8521960
FHN,NYSE,2020/12/22 16:00:00,12.43,12.54,12.27,12.28,2980537
FHN,NYSE,2020/12/23 16:00:00,12.46,12.79,12.42,12.74,3811171
FHN,NYSE,2020/12/24 13:00:00,12.76,12.76,12.47,12.64,1310747
FHN,NYSE,2020/12/28 16:00:00,12.74,12.87,12.62,12.67,2508791
FHN,NYSE,2020/12/29 16:00:00,12.7,12.7,12.5,12.55,2691673
FHN,NYSE,2020/12/30 16:00:00,12.59,12.85,12.59,12.78,2438068
FHN,NYSE,2020/12/31 16:00:00,12.78,12.89,12.66,12.76,3268770
FHN,NYSE,2021/01/04 16:00:00,12.86,12.97,12.55,12.84,4402147
FHN,NYSE,2021/01/05 16:00:00,12.86,13.36,12.86,13.14,6708738
FHN,NYSE,2021/01/06 16:00:00,13.61,14.5,13.57,14.34,10729576
FHN,NYSE,2021/01/07 16:00:00,14.56,15.11,14.48,14.95,8280333
FHN,NYSE,2021/01/08 16:00:00,15.01,15.03,14.52,14.81,4197502
FHN,NYSE,2021/01/11 16:00:00,14.61,15.05,14.44,14.94,5092692
FHN,NYSE,2021/01/12 16:00:00,14.77,15.29,14.77,15.22,4625627
FHN,NYSE,2021/01/13 16:00:00,15.18,15.22,14.81,14.9,4378174
FHN,NYSE,2021/01/14 16:00:00,15.04,15.48,14.93,15.47,5118032
FHN,NYSE,2021/01/15 16:00:00,15.12,15.28,14.85,15.03,4505126
FHN,NYSE,2021/01/19 16:00:00,15.13,15.16,14.92,15.05,3081352
FHN,NYSE,2021/01/20 16:00:00,15.02,15.06,14.65,14.7,6043865
FHN,NYSE,2021/01/21 16:00:00,14.66,14.81,14.2,14.34,5540681
FHN,NYSE,2021/01/22 16:00:00,14,14.61,14,14.56,4526243
FHN,NYSE,2021/01/25 16:00:00,14.56,14.59,13.9,14.44,4793716
FHN,NYSE,2021/01/26 16:00:00,14.64,14.76,14.02,14.03,6736441
FHN,NYSE,2021/01/27 16:00:00,13.81,13.93,13.44,13.7,6756633
FHN,NYSE,2021/01/28 16:00:00,13.91,14.27,13.81,14.21,7309044
FHN,NYSE,2021/01/29 16:00:00,14.19,14.29,13.76,13.89,6289104
FHN,NYSE,2021/02/01 16:00:00,13.98,14.05,13.74,14.04,8681867
FHN,NYSE,2021/02/02 16:00:00,14.25,14.52,14.12,14.43,4646176
FHN,NYSE,2021/02/03 16:00:00,14.5,14.74,14.43,14.74,3700038
FHN,NYSE,2021/02/04 16:00:00,14.86,15.29,14.84,15.2,6768965
FHN,NYSE,2021/02/05 16:00:00,15.34,15.4,15.09,15.15,3387484
FHN,NYSE,2021/02/08 16:00:00,15.23,15.58,15.19,15.53,6649471
FHN,NYSE,2021/02/09 16:00:00,15.57,15.73,15.42,15.73,20963682
FHN,NYSE,2021/02/10 16:00:00,15.73,15.92,15.52,15.63,9736652
FHN,NYSE,2021/02/11 16:00:00,15.66,15.79,15.27,15.45,10446597
FHN,NYSE,2021/02/12 16:00:00,15.45,15.83,15.37,15.63,12771306
FHN,NYSE,2021/02/16 16:00:00,15.82,16.26,15.77,16.14,15641551
FHN,NYSE,2021/02/17 16:00:00,16.08,16.16,15.8,15.95,4187026
FHN,NYSE,2021/02/18 16:00:00,15.82,15.91,15.56,15.69,3629413
FHN,NYSE,2021/02/19 16:00:00,15.81,16.45,15.81,16.4,6490819
FHN,NYSE,2021/02/22 16:00:00,16.34,16.92,16.31,16.6,5782569
FHN,NYSE,2021/02/23 16:00:00,16.74,16.79,16.37,16.71,4544292
FHN,NYSE,2021/02/24 16:00:00,16.84,17.14,16.67,17.03,12802790
FHN,NYSE,2021/02/25 16:00:00,17.25,17.26,16.26,16.39,6982830
FHN,NYSE,2021/02/26 16:00:00,16.3,16.53,15.88,16.2,6356559
FHN,NYSE,2021/03/01 16:00:00,16.58,16.99,16.51,16.83,5120169
FHN,NYSE,2021/03/02 16:00:00,16.77,16.99,16.65,16.68,6750668
FHN,NYSE,2021/03/03 16:00:00,16.79,17.3,16.69,16.86,6397287
FHN,NYSE,2021/03/04 16:00:00,16.76,16.92,15.97,16.32,12290832
FHN,NYSE,2021/03/05 16:00:00,16.89,17.16,15.93,17.1,9526419
FHN,NYSE,2021/03/08 16:00:00,17.32,17.66,17.08,17.14,8770240
FHN,NYSE,2021/03/09 16:00:00,16.76,16.92,16.3,16.69,6245628
FHN,NYSE,2021/03/10 16:00:00,16.69,17.28,16.66,17.28,6328715
FHN,NYSE,2021/03/11 16:00:00,16.96,17.33,16.82,17.15,7770550
FHN,NYSE,2021/03/12 16:00:00,17.48,17.76,17.36,17.65,6889171
FHN,NYSE,2021/03/15 16:00:00,17.72,17.79,17.39,17.7,7286604
FHN,NYSE,2021/03/16 16:00:00,17.52,17.61,17.25,17.46,5131054
FHN,NYSE,2021/03/17 16:00:00,17.62,17.82,17.4,17.62,4730531
FHN,NYSE,2021/03/18 16:00:00,17.87,18.42,17.49,17.6,7084225
FHN,NYSE,2021/03/19 16:00:00,17.4,17.57,17.06,17.26,33249135
FHN,NYSE,2021/03/22 16:00:00,17.17,17.17,16.73,17.01,8192189
FHN,NYSE,2021/03/23 16:00:00,16.8,16.98,16.27,16.34,7889145
FHN,NYSE,2021/03/24 16:00:00,16.67,16.89,16.24,16.27,4082067
FHN,NYSE,2021/03/25 16:00:00,16.16,16.93,15.94,16.8,5499450
FHN,NYSE,2021/03/26 16:00:00,17.1,17.31,16.88,17.25,7850745
FHN,NYSE,2021/03/29 16:00:00,16.92,17.12,16.48,16.67,6129244
FHN,NYSE,2021/03/30 16:00:00,16.88,17.22,16.85,17.18,4656956
FHN,NYSE,2021/03/31 16:00:00,17.12,17.24,16.91,16.91,4363655
FHN,NYSE,2021/04/01 16:00:00,17,17.23,16.85,17.22,4607352
FHN,NYSE,2021/04/05 16:00:00,17.45,17.58,17.09,17.27,4117618
FHN,NYSE,2021/04/06 16:00:00,17.26,17.39,17.06,17.22,4269389
FHN,NYSE,2021/04/07 16:00:00,17.36,17.47,17.11,17.18,4056155
FHN,NYSE,2021/04/08 16:00:00,17.01,17.2,16.83,17.14,2928729
FHN,NYSE,2021/04/09 16:00:00,17.38,17.38,17.17,17.34,3753505
PSFE,NYSE,2020/10/09 16:00:00,9.71,9.95,9.7,9.95,51271
PSFE,NYSE,2020/10/12 16:00:00,9.72,9.94,9.72,9.86,30819
PSFE,NYSE,2020/10/13 16:00:00,9.9,9.9,9.9,9.9,2113
PSFE,NYSE,2020/10/14 16:00:00,9.86,9.86,9.86,9.86,203
PSFE,NYSE,2020/10/15 16:00:00,9.81,9.81,9.81,9.81,1521
PSFE,NYSE,2020/10/16 16:00:00,9.86,9.86,9.77,9.77,516204
PSFE,NYSE,2020/10/19 16:00:00,9.8,9.8,9.76,9.77,367442
PSFE,NYSE,2020/10/20 16:00:00,9.83,9.83,9.74,9.74,20697
PSFE,NYSE,2020/10/21 16:00:00,9.85,9.85,9.72,9.72,628763
PSFE,NYSE,2020/10/22 16:00:00,9.78,9.78,9.7,9.75,511539
PSFE,NYSE,2020/10/23 16:00:00,9.78,9.78,9.71,9.78,5238
PSFE,NYSE,2020/10/26 16:00:00,9.79,9.84,9.66,9.7,1183347
PSFE,NYSE,2020/10/27 16:00:00,9.7,9.71,9.67,9.69,959406
PSFE,NYSE,2020/10/28 16:00:00,9.68,9.69,9.6,9.67,823976
PSFE,NYSE,2020/10/29 16:00:00,9.7,9.7,9.63,9.64,355877
PSFE,NYSE,2020/10/30 16:00:00,9.64,9.69,9.63,9.67,171666
PSFE,NYSE,2020/11/02 16:00:00,9.65,9.72,9.65,9.67,524947
PSFE,NYSE,2020/11/03 16:00:00,9.68,9.74,9.68,9.71,522201
PSFE,NYSE,2020/11/04 16:00:00,9.76,9.79,9.75,9.76,133510
PSFE,NYSE,2020/11/05 16:00:00,9.84,9.88,9.75,9.8,402864
PSFE,NYSE,2020/11/06 16:00:00,9.76,11.13,9.72,10.15,11033330
PSFE,NYSE,2020/11/09 16:00:00,10.3,10.5,10.16,10.28,3745309
PSFE,NYSE,2020/11/10 16:00:00,10.45,10.45,10.15,10.22,221558
PSFE,NYSE,2020/11/11 16:00:00,10.27,10.27,10.16,10.22,228061
PSFE,NYSE,2020/11/12 16:00:00,10.21,10.64,10.15,10.5,1116217
PSFE,NYSE,2020/11/13 16:00:00,10.24,10.97,10.24,10.57,1370326
PSFE,NYSE,2020/11/16 16:00:00,10.57,10.75,10.38,10.61,608858
PSFE,NYSE,2020/11/17 16:00:00,10.61,10.61,10.38,10.4,520975
PSFE,NYSE,2020/11/18 16:00:00,10.32,10.45,10.25,10.4,174978
PSFE,NYSE,2020/11/19 16:00:00,10.4,10.55,10.15,10.37,321932
PSFE,NYSE,2020/11/20 16:00:00,10.42,10.61,10.25,10.54,454302
PSFE,NYSE,2020/11/23 16:00:00,10.75,10.75,10.36,10.36,640251
PSFE,NYSE,2020/11/24 16:00:00,10.58,10.65,10.42,10.45,127561
PSFE,NYSE,2020/11/25 16:00:00,10.47,10.59,10.39,10.43,342234
PSFE,NYSE,2020/11/27 13:00:00,10.44,10.56,10.44,10.44,318413
PSFE,NYSE,2020/11/30 16:00:00,10.66,10.75,10.4,10.49,316240
PSFE,NYSE,2020/12/01 16:00:00,10.6,10.73,10.44,10.48,271941
PSFE,NYSE,2020/12/02 16:00:00,10.3,10.5,10.25,10.44,337951
PSFE,NYSE,2020/12/03 16:00:00,10.41,10.49,10.34,10.49,327652
PSFE,NYSE,2020/12/04 16:00:00,10.75,10.75,10.48,10.62,575105
PSFE,NYSE,2020/12/07 16:00:00,11.45,12.66,11.42,11.95,81719070
PSFE,NYSE,2020/12/08 16:00:00,13.26,13.77,12.42,12.78,53089121
PSFE,NYSE,2020/12/09 16:00:00,13.49,13.5,12.51,12.75,33142609
PSFE,NYSE,2020/12/10 16:00:00,12.99,13.45,12.71,13.45,21412760
PSFE,NYSE,2020/12/11 16:00:00,13.75,14.82,13.5,14,28622971
PSFE,NYSE,2020/12/14 16:00:00,15.23,15.39,14.5,14.61,35410660
PSFE,NYSE,2020/12/15 16:00:00,14.55,14.78,13.6,14.08,19771721
PSFE,NYSE,2020/12/16 16:00:00,13.74,14.08,13.51,13.72,11491760
PSFE,NYSE,2020/12/17 16:00:00,13.95,14.04,13.7,13.88,9480711
PSFE,NYSE,2020/12/18 16:00:00,13.95,14.31,13.76,13.92,9047299
PSFE,NYSE,2020/12/21 16:00:00,14.06,15.15,13.86,14.82,19839301
PSFE,NYSE,2020/12/22 16:00:00,15.38,15.46,14.5,14.68,17028490
PSFE,NYSE,2020/12/23 16:00:00,14.9,14.91,14.31,14.63,12873080
PSFE,NYSE,2020/12/24 13:00:00,15,15.85,15,15.23,13113300
PSFE,NYSE,2020/12/28 16:00:00,16.55,17,16.1,16.3,21406980
PSFE,NYSE,2020/12/29 16:00:00,16.88,16.89,15.01,15.76,14610780
PSFE,NYSE,2020/12/30 16:00:00,15.89,16.29,15.66,15.79,7789680
PSFE,NYSE,2020/12/31 16:00:00,15.6,15.88,15.03,15.1,12887330
PSFE,NYSE,2021/01/04 16:00:00,15,15.01,13.68,14.45,15226270
PSFE,NYSE,2021/01/05 16:00:00,13.76,14.93,13.73,14.8,8104482
PSFE,NYSE,2021/01/06 16:00:00,14.5,15.29,14.22,14.49,9487101
PSFE,NYSE,2021/01/07 16:00:00,14.85,15.39,14.72,14.95,6584726
PSFE,NYSE,2021/01/08 16:00:00,15.08,15.1,14.64,15.05,6839979
PSFE,NYSE,2021/01/11 16:00:00,14.5,16.2,14.4,15.55,12261749
PSFE,NYSE,2021/01/12 16:00:00,15.3,15.45,14.85,15.21,7000525
PSFE,NYSE,2021/01/13 16:00:00,15.05,16.47,14.95,16.33,9788436
PSFE,NYSE,2021/01/14 16:00:00,16.16,16.2,15.6,15.81,5877498
PSFE,NYSE,2021/01/15 16:00:00,15.7,16.19,14.95,15.59,7505082
PSFE,NYSE,2021/01/19 16:00:00,16.76,17.98,16.38,16.55,16651456
PSFE,NYSE,2021/01/20 16:00:00,17.14,17.59,16.8,17.47,7303731
PSFE,NYSE,2021/01/21 16:00:00,18.5,19.5,17.7,19.24,12974103
PSFE,NYSE,2021/01/22 16:00:00,19,19.18,18.41,18.89,8978737
PSFE,NYSE,2021/01/25 16:00:00,19.26,19.57,16,17.79,14450769
PSFE,NYSE,2021/01/26 16:00:00,17.6,17.78,16.55,16.68,8718252
PSFE,NYSE,2021/01/27 16:00:00,15.78,16.14,14.81,14.89,20057973
PSFE,NYSE,2021/01/28 16:00:00,15.29,16.02,15.11,15.64,9984627
PSFE,NYSE,2021/01/29 16:00:00,15.4,15.94,14.9,15.42,11085366
PSFE,NYSE,2021/02/01 16:00:00,15.9,16.82,15.45,16.67,9447878
PSFE,NYSE,2021/02/02 16:00:00,16.92,17.24,16.4,16.67,6889395
PSFE,NYSE,2021/02/03 16:00:00,17.4,18.3,17.2,18.1,8582307
PSFE,NYSE,2021/02/04 16:00:00,17.9,18.81,17.4,18.2,9065314
PSFE,NYSE,2021/02/05 16:00:00,18.4,18.57,17.51,17.89,6239702
PSFE,NYSE,2021/02/08 16:00:00,18,18.05,17.41,17.7,5580570
PSFE,NYSE,2021/02/09 16:00:00,17.4,17.52,16.76,17.13,6215332
PSFE,NYSE,2021/02/10 16:00:00,17,17.22,16.06,16.69,8112194
PSFE,NYSE,2021/02/11 16:00:00,16.4,16.55,16,16.15,7405417
PSFE,NYSE,2021/02/12 16:00:00,16.52,17.34,16.35,17.27,5679850
PSFE,NYSE,2021/02/16 16:00:00,17.3,17.35,16.61,16.9,4484348
PSFE,NYSE,2021/02/17 16:00:00,16.8,17.75,16.51,17.4,5548634
PSFE,NYSE,2021/02/18 16:00:00,17.06,17.48,16.71,16.94,3986912
PSFE,NYSE,2021/02/19 16:00:00,17.14,17.73,16.9,17.39,5806272
PSFE,NYSE,2021/02/22 16:00:00,17.29,17.96,16.63,16.87,6723921
PSFE,NYSE,2021/02/23 16:00:00,16,16.34,14.65,16.18,9781570
PSFE,NYSE,2021/02/24 16:00:00,16.18,16.8,16.08,16.35,4442205
PSFE,NYSE,2021/02/25 16:00:00,16.27,16.45,15.08,15.34,6718786
PSFE,NYSE,2021/02/26 16:00:00,15.45,15.89,14.57,15.21,6790493
PSFE,NYSE,2021/03/01 16:00:00,15.8,16.09,15.28,15.79,5899772
PSFE,NYSE,2021/03/02 16:00:00,15.85,16.38,15.6,15.84,5423775
PSFE,NYSE,2021/03/03 16:00:00,16,16.06,14.62,14.78,9363427
PSFE,NYSE,2021/03/04 16:00:00,14.89,15.26,12.97,13.95,11099746
PSFE,NYSE,2021/03/05 16:00:00,14.02,15.05,12.5,14.93,12250870
PSFE,NYSE,2021/03/08 16:00:00,15.81,15.81,14.5,14.65,6581819
PSFE,NYSE,2021/03/09 16:00:00,15.15,15.25,14.64,14.77,5951343
PSFE,NYSE,2021/03/10 16:00:00,15.25,15.25,14.31,14.78,5837192
PSFE,NYSE,2021/03/11 16:00:00,14.9,15.33,14.72,14.92,5212670
PSFE,NYSE,2021/03/12 16:00:00,14.5,15.25,14.5,14.9,4945748
PSFE,NYSE,2021/03/15 16:00:00,15,16.98,14.91,16.5,8272829
PSFE,NYSE,2021/03/16 16:00:00,16.65,17.25,15.95,16.62,7902244
PSFE,NYSE,2021/03/17 16:00:00,16,16.58,15.55,16,7462717
PSFE,NYSE,2021/03/18 16:00:00,15.9,16.55,15.8,15.89,5556642
PSFE,NYSE,2021/03/19 16:00:00,16.07,16.17,15.51,15.6,5109758
PSFE,NYSE,2021/03/22 16:00:00,16.24,16.79,15.71,16.15,6517035
PSFE,NYSE,2021/03/23 16:00:00,16.08,16.25,15.52,15.63,4277593
PSFE,NYSE,2021/03/24 16:00:00,16.01,16.44,14.65,14.73,9260961
PSFE,NYSE,2021/03/25 16:00:00,14.48,15.47,14.16,14.95,9559131
PSFE,NYSE,2021/03/26 16:00:00,15.28,15.44,14.3,14.55,5812094
PSFE,NYSE,2021/03/29 16:00:00,14.5,15.42,14.46,15.39,7266551
PSFE,NYSE,2021/03/30 16:00:00,15.9,16.07,14.95,15.1,13084394
PSFE,NYSE,2021/03/31 16:00:00,15.49,15.65,13.5,13.5,15761179
PSFE,NYSE,2021/04/01 16:00:00,13.93,14.65,13.8,14.6,9522000
PSFE,NYSE,2021/04/05 16:00:00,14.85,14.88,14.1,14.15,6782187
PSFE,NYSE,2021/04/06 16:00:00,13.96,14.55,13.83,14.3,5037361
PSFE,NYSE,2021/04/07 16:00:00,14.32,14.95,13.96,14.07,6205356
PSFE,NYSE,2021/04/08 16:00:00,14.16,14.35,13.85,14.24,3644771
PSFE,NYSE,2021/04/09 16:00:00,14,14.08,13.81,13.87,3690594
UGI,NYSE,2019/04/01 16:00:00,55.44,55.68,54.85,55.39,556663
UGI,NYSE,2019/04/02 16:00:00,51.92,52.51,50.82,51.32,6237839
UGI,NYSE,2019/04/03 16:00:00,50.84,52.3,50.4,52.29,4631061
UGI,NYSE,2019/04/04 16:00:00,52.41,52.84,52.28,52.5,2503937
UGI,NYSE,2019/04/05 16:00:00,52.87,53.09,52.51,53.03,1958068
UGI,NYSE,2019/04/08 16:00:00,52.87,53.15,52.5,53.02,1522641
UGI,NYSE,2019/04/09 16:00:00,52.74,53.41,52.74,53.1,1307892
UGI,NYSE,2019/04/10 16:00:00,53.18,53.71,52.82,52.87,1388226
UGI,NYSE,2019/04/11 16:00:00,52.73,52.99,52.54,52.88,1267943
UGI,NYSE,2019/04/12 16:00:00,52.94,53.29,52.92,53.19,1407028
UGI,NYSE,2019/04/15 16:00:00,53.2,53.5,52.93,53.07,1123658
UGI,NYSE,2019/04/16 16:00:00,53.1,53.23,52.63,52.78,977943
UGI,NYSE,2019/04/17 16:00:00,52.86,52.86,52.19,52.34,1278960
UGI,NYSE,2019/04/18 16:00:00,52.43,52.66,52.25,52.51,930461
UGI,NYSE,2019/04/22 16:00:00,52.51,52.77,52.36,52.71,1463331
UGI,NYSE,2019/04/23 16:00:00,52.86,53.24,52.72,53.18,2251489
UGI,NYSE,2019/04/24 16:00:00,53.28,54.04,53.28,53.77,2441848
UGI,NYSE,2019/04/25 16:00:00,53.59,54.13,53.36,53.74,1102403
UGI,NYSE,2019/04/26 16:00:00,53.89,54.12,53.67,53.78,999871
UGI,NYSE,2019/04/29 16:00:00,53.61,53.78,53.31,53.51,492957
UGI,NYSE,2019/04/30 16:00:00,53.66,54.67,53.37,54.51,2503344
UGI,NYSE,2019/05/01 16:00:00,54.65,54.72,54.07,54.07,1083102
UGI,NYSE,2019/05/02 16:00:00,54.1,54.42,53.79,53.93,1008821
UGI,NYSE,2019/05/03 16:00:00,54.08,55.04,54.08,54.71,1143014
UGI,NYSE,2019/05/06 16:00:00,54.77,54.99,54.35,54.96,1231484
UGI,NYSE,2019/05/07 16:00:00,54.62,55.17,53.49,53.92,1524334
UGI,NYSE,2019/05/08 16:00:00,54,54.2,53.14,53.17,1489857
UGI,NYSE,2019/05/09 16:00:00,53.39,54.09,53.13,54.01,1259829
UGI,NYSE,2019/05/10 16:00:00,54.09,55.02,53.79,55.01,1276797
UGI,NYSE,2019/05/13 16:00:00,54.69,54.81,54.05,54.33,1322838
UGI,NYSE,2019/05/14 16:00:00,54.2,54.47,54.09,54.13,1255351
UGI,NYSE,2019/05/15 16:00:00,54.43,54.43,53.73,53.88,1911130
UGI,NYSE,2019/05/16 16:00:00,53.75,54.43,53.75,54.23,1661013
UGI,NYSE,2019/05/17 16:00:00,54.08,54.26,53.86,53.92,1054574
UGI,NYSE,2019/05/20 16:00:00,53.78,54.16,52.96,53.22,1119009
UGI,NYSE,2019/05/21 16:00:00,53.23,53.62,53.05,53.47,1361652
UGI,NYSE,2019/05/22 16:00:00,53.57,53.61,53.11,53.57,876964
UGI,NYSE,2019/05/23 16:00:00,53.53,53.53,52.24,52.45,1175641
UGI,NYSE,2019/05/24 16:00:00,52.6,53.34,52.59,53.24,885220
UGI,NYSE,2019/05/28 16:00:00,53.26,53.51,52.77,52.84,1914137
UGI,NYSE,2019/05/29 16:00:00,52.91,52.91,51.36,51.49,782449
UGI,NYSE,2019/05/30 16:00:00,51.5,51.88,50.93,51.21,954605
UGI,NYSE,2019/05/31 16:00:00,51.05,51.63,50.71,51.61,906837
UGI,NYSE,2019/06/03 16:00:00,51.81,52.48,51.6,52.35,877832
UGI,NYSE,2019/06/04 16:00:00,52.6,52.62,51.86,52.54,1018083
UGI,NYSE,2019/06/05 16:00:00,52.55,53.34,52.15,53.16,724881
UGI,NYSE,2019/06/06 16:00:00,53.4,53.84,53.27,53.68,1047268
UGI,NYSE,2019/06/07 16:00:00,54.22,54.48,53.71,53.71,788708
UGI,NYSE,2019/06/10 16:00:00,53.52,53.7,52.53,52.66,444324
UGI,NYSE,2019/06/11 16:00:00,52.58,52.72,52.11,52.5,887183
UGI,NYSE,2019/06/12 16:00:00,52.64,53.06,52.55,52.97,765480
UGI,NYSE,2019/06/13 16:00:00,52.84,53.1,52.5,52.72,891097
UGI,NYSE,2019/06/14 16:00:00,52.82,53.25,52.53,53.05,633049
UGI,NYSE,2019/06/17 16:00:00,52.89,53.05,52.41,52.64,800721
UGI,NYSE,2019/06/18 16:00:00,53.21,53.21,52.11,52.37,920795
UGI,NYSE,2019/06/19 16:00:00,52.33,52.98,51.98,52.81,1067654
UGI,NYSE,2019/06/20 16:00:00,53.22,53.29,52.58,53.09,688727
UGI,NYSE,2019/06/21 16:00:00,52.72,53.98,52.58,53.85,2110824
UGI,NYSE,2019/06/24 16:00:00,53.92,53.98,53.24,53.4,863918
UGI,NYSE,2019/06/25 16:00:00,53.56,54.25,53.35,54.01,1138556
UGI,NYSE,2019/06/26 16:00:00,53.91,53.95,52.39,52.4,1239391
UGI,NYSE,2019/06/27 16:00:00,52.57,52.94,52.21,52.81,829584
UGI,NYSE,2019/06/28 16:00:00,52.79,53.49,52.79,53.41,2023011
UGI,NYSE,2019/07/01 16:00:00,53.5,53.78,53.04,53.33,1090416
UGI,NYSE,2019/07/02 16:00:00,53.57,54.05,53.32,53.99,835110
UGI,NYSE,2019/07/03 13:00:00,53.64,53.82,51.72,52.43,1518194
UGI,NYSE,2019/07/05 16:00:00,52.15,52.94,52.08,52.9,934982
UGI,NYSE,2019/07/08 16:00:00,52.84,53.22,52.71,53.21,1269656
UGI,NYSE,2019/07/09 16:00:00,53.1,53.13,52.55,53.04,1179795
UGI,NYSE,2019/07/10 16:00:00,53.26,53.45,52.97,53.09,922234
UGI,NYSE,2019/07/11 16:00:00,53.07,53.32,52.6,53.16,1420401
UGI,NYSE,2019/07/12 16:00:00,53.24,53.25,52.52,52.9,1040054
UGI,NYSE,2019/07/15 16:00:00,52.98,52.98,52.48,52.65,1026395
UGI,NYSE,2019/07/16 16:00:00,52.57,52.69,52.27,52.6,962089
UGI,NYSE,2019/07/17 16:00:00,52.86,52.89,51.87,51.96,1402767
UGI,NYSE,2019/07/18 16:00:00,51.81,51.88,51.17,51.58,1270502
UGI,NYSE,2019/07/19 16:00:00,51.3,51.63,50.28,50.28,826447
UGI,NYSE,2019/07/22 16:00:00,50.48,50.52,49.87,49.99,985249
UGI,NYSE,2019/07/23 16:00:00,50.11,50.57,49.62,50.24,1134403
UGI,NYSE,2019/07/24 16:00:00,50.31,50.73,50.21,50.6,1142617
UGI,NYSE,2019/07/25 16:00:00,50.6,50.93,50.47,50.68,1881927
UGI,NYSE,2019/07/26 16:00:00,50.82,51.38,50.58,50.92,1066838
UGI,NYSE,2019/07/29 16:00:00,50.99,51.48,50.84,51.41,1750238
UGI,NYSE,2019/07/30 16:00:00,51.43,52.09,51.06,51.21,1074358
UGI,NYSE,2019/07/31 16:00:00,51.44,51.88,51.01,51.09,2192690
UGI,NYSE,2019/08/01 16:00:00,51.05,51.85,50.55,51.4,1785922
UGI,NYSE,2019/08/02 16:00:00,51.43,51.79,51.06,51.16,1048140
UGI,NYSE,2019/08/05 16:00:00,51.05,51.05,48.77,49.42,1453667
UGI,NYSE,2019/08/06 16:00:00,49.13,49.68,45.94,47.67,2723728
UGI,NYSE,2019/08/07 16:00:00,47.5,47.8,46.63,47.56,1947395
UGI,NYSE,2019/08/08 16:00:00,47.41,48.66,47.17,48.6,1868296
UGI,NYSE,2019/08/09 16:00:00,48.46,48.58,47.59,47.61,1032209
UGI,NYSE,2019/08/12 16:00:00,47.7,47.7,46.98,47.32,791300
UGI,NYSE,2019/08/13 16:00:00,46.92,47.57,46.8,47.05,1101999
UGI,NYSE,2019/08/14 16:00:00,47.03,47.08,46.27,46.5,1295842
UGI,NYSE,2019/08/15 16:00:00,46.5,47.11,46.28,46.55,1720523
UGI,NYSE,2019/08/16 16:00:00,46.83,48.37,46.8,48.21,1874801
UGI,NYSE,2019/08/19 16:00:00,48.23,49.24,47.99,48.92,2605132
UGI,NYSE,2019/08/20 16:00:00,49.09,49.64,48.37,48.48,3948698
UGI,NYSE,2019/08/21 16:00:00,48.8,49.5,48.58,49.08,12158808
UGI,NYSE,2019/08/22 16:00:00,48.9,49.11,48.33,48.85,1844533
UGI,NYSE,2019/08/23 16:00:00,49.96,50,48.3,48.46,2801760
UGI,NYSE,2019/08/26 16:00:00,48.54,48.59,47.86,48.34,1677150
UGI,NYSE,2019/08/27 16:00:00,48.42,48.61,47.45,47.55,4699335
UGI,NYSE,2019/08/28 16:00:00,47.55,47.84,47.08,47.7,3499925
UGI,NYSE,2019/08/29 16:00:00,47.81,48.22,47.32,47.93,2963419
UGI,NYSE,2019/08/30 16:00:00,47.98,48.75,47.92,48.67,2874163
UGI,NYSE,2019/09/03 16:00:00,48.57,48.71,47.82,48.14,2326706
UGI,NYSE,2019/09/04 16:00:00,48.39,48.49,47.75,48.02,1540166
UGI,NYSE,2019/09/05 16:00:00,47.64,48.55,47.54,48.07,2258197
UGI,NYSE,2019/09/06 16:00:00,48.27,48.4,47.75,48,2385215
UGI,NYSE,2019/09/09 16:00:00,48,48.55,47.9,48.35,2269141
UGI,NYSE,2019/09/10 16:00:00,48.36,48.78,48.12,48.7,1509461
UGI,NYSE,2019/09/11 16:00:00,48.38,49.46,48.36,49.15,1790245
UGI,NYSE,2019/09/12 16:00:00,49.5,49.53,48.94,49.31,1279004
UGI,NYSE,2019/09/13 16:00:00,49.16,49.87,49.16,49.73,3045068
UGI,NYSE,2019/09/16 16:00:00,49.75,50.55,49.75,50.33,1833004
UGI,NYSE,2019/09/17 16:00:00,50.28,50.57,49.7,50.05,1948243
UGI,NYSE,2019/09/18 16:00:00,50.2,50.5,50.01,50.45,1957098
UGI,NYSE,2019/09/19 16:00:00,50.62,50.94,50.31,50.46,1700411
UGI,NYSE,2019/09/20 16:00:00,50.62,50.62,49.62,49.77,2797881
UGI,NYSE,2019/09/23 16:00:00,49.88,50.37,49.85,50.27,1587125
UGI,NYSE,2019/09/24 16:00:00,50.21,50.71,50.19,50.63,1511251
UGI,NYSE,2019/09/25 16:00:00,50.36,50.97,50.36,50.87,1200593
UGI,NYSE,2019/09/26 16:00:00,51,51.14,50.63,50.73,1329132
UGI,NYSE,2019/09/27 16:00:00,50.66,50.81,49.97,50.45,1422184
UGI,NYSE,2019/09/30 16:00:00,50.32,50.69,49.98,50.27,1815881
UGI,NYSE,2019/10/01 16:00:00,50.2,50.41,49.22,49.3,1226112
UGI,NYSE,2019/10/02 16:00:00,49.32,49.65,48.16,48.24,1620363
UGI,NYSE,2019/10/03 16:00:00,48.3,48.94,47.82,48.92,1176207
UGI,NYSE,2019/10/04 16:00:00,48.93,49.19,48.45,49.14,1112964
UGI,NYSE,2019/10/07 16:00:00,48.94,49.06,48.58,48.87,882564
UGI,NYSE,2019/10/08 16:00:00,48.73,48.73,47.89,47.99,1557950
UGI,NYSE,2019/10/09 16:00:00,48.17,48.3,47.84,48.25,1032699
UGI,NYSE,2019/10/10 16:00:00,48.27,48.53,47.91,48.42,808454
UGI,NYSE,2019/10/11 16:00:00,48.45,49.54,48.23,49.03,1245525
UGI,NYSE,2019/10/14 16:00:00,49.12,49.12,48.26,48.46,1560806
UGI,NYSE,2019/10/15 16:00:00,48.37,48.61,47.95,48.24,1358289
UGI,NYSE,2019/10/16 16:00:00,48.05,48.13,47.67,47.88,1427411
UGI,NYSE,2019/10/17 16:00:00,48,48.35,47.74,48.14,882574
UGI,NYSE,2019/10/18 16:00:00,48.08,48.31,47.8,48.17,685628
UGI,NYSE,2019/10/21 16:00:00,48.14,48.42,48.01,48.25,614149
UGI,NYSE,2019/10/22 16:00:00,48.36,48.93,48.2,48.57,951808
UGI,NYSE,2019/10/23 16:00:00,48.73,48.73,48.37,48.57,646752
UGI,NYSE,2019/10/24 16:00:00,48.65,48.65,48.02,48.27,605020
UGI,NYSE,2019/10/25 16:00:00,48.32,48.43,48,48.19,548060
UGI,NYSE,2019/10/28 16:00:00,48.02,48.59,47.44,47.46,1010372
UGI,NYSE,2019/10/29 16:00:00,47.47,47.9,47.39,47.4,783559
UGI,NYSE,2019/10/30 16:00:00,47.36,48.01,47.22,48,988563
UGI,NYSE,2019/10/31 16:00:00,48.14,48.2,47.49,47.67,1545895
UGI,NYSE,2019/11/01 16:00:00,47.67,48.2,47.61,47.78,748102
UGI,NYSE,2019/11/04 16:00:00,47.67,47.91,47.02,47.09,1270124
UGI,NYSE,2019/11/05 16:00:00,46.99,47.56,46.65,47.3,961359
UGI,NYSE,2019/11/06 16:00:00,47.25,47.47,47.05,47.09,1099656
UGI,NYSE,2019/11/07 16:00:00,47.08,47.31,46.33,46.85,1526506
UGI,NYSE,2019/11/08 16:00:00,46.56,46.71,46.26,46.54,966833
UGI,NYSE,2019/11/11 16:00:00,46.37,46.53,46.11,46.23,936419
UGI,NYSE,2019/11/12 16:00:00,43.39,43.79,40.52,41.44,4411685
UGI,NYSE,2019/11/13 16:00:00,41.97,43.08,41.84,42.41,2805782
UGI,NYSE,2019/11/14 16:00:00,42.4,42.71,42.23,42.55,1343899
UGI,NYSE,2019/11/15 16:00:00,43,43.37,42.79,43.19,1512049
UGI,NYSE,2019/11/18 16:00:00,43.45,43.99,43.4,43.64,1852996
UGI,NYSE,2019/11/19 16:00:00,43.63,44.17,43.44,43.72,1736403
UGI,NYSE,2019/11/20 16:00:00,43.5,43.85,43.24,43.69,1940809
UGI,NYSE,2019/11/21 16:00:00,43.75,43.95,43.58,43.7,1115399
UGI,NYSE,2019/11/22 16:00:00,43.89,44.25,43.62,44,944972
UGI,NYSE,2019/11/25 16:00:00,43.82,44.23,43.82,43.94,1217783
UGI,NYSE,2019/11/26 16:00:00,44.14,44.23,43.76,44.1,1989208
UGI,NYSE,2019/11/27 16:00:00,44.1,44.4,43.7,44.38,1528459
UGI,NYSE,2019/11/29 13:00:00,44.24,44.31,43.55,43.55,1001983
UGI,NYSE,2019/12/02 16:00:00,43.55,43.73,43.25,43.58,2415696
UGI,NYSE,2019/12/03 16:00:00,43.68,43.71,42.7,42.8,2157946
UGI,NYSE,2019/12/04 16:00:00,42.81,43.33,42.64,43.07,1581234
UGI,NYSE,2019/12/05 16:00:00,43.03,43.2,42.77,42.87,1968378
UGI,NYSE,2019/12/06 16:00:00,43.06,43.71,42.94,43.47,1224255
UGI,NYSE,2019/12/09 16:00:00,43.8,43.95,43.29,43.4,873140
UGI,NYSE,2019/12/10 16:00:00,43.4,43.48,43.12,43.47,1417679
UGI,NYSE,2019/12/11 16:00:00,43.6,43.7,43.34,43.41,728346
UGI,NYSE,2019/12/12 16:00:00,43.41,44.1,43.26,44.07,1351810
UGI,NYSE,2019/12/13 16:00:00,44.06,44.07,43.72,43.96,1280282
UGI,NYSE,2019/12/16 16:00:00,44,44.52,43.86,44.5,1102642
UGI,NYSE,2019/12/17 16:00:00,44.46,45.32,44.3,45.12,1770085
UGI,NYSE,2019/12/18 16:00:00,45.12,45.34,44.7,45.08,1597224
UGI,NYSE,2019/12/19 16:00:00,44.95,45.47,44.79,45.2,1371903
UGI,NYSE,2019/12/20 16:00:00,45.38,45.71,44.94,44.94,5697913
UGI,NYSE,2019/12/23 16:00:00,45.12,45.28,44.27,44.7,1058714
UGI,NYSE,2019/12/24 13:00:00,44.77,44.87,44.39,44.41,397321
UGI,NYSE,2019/12/26 16:00:00,44.42,44.83,44.3,44.66,735179
UGI,NYSE,2019/12/27 16:00:00,44.66,44.85,44.54,44.7,1114656
UGI,NYSE,2019/12/30 16:00:00,44.61,44.86,44.45,44.72,1166351
UGI,NYSE,2019/12/31 16:00:00,44.67,45.34,44.54,45.16,1272472
UGI,NYSE,2020/01/02 16:00:00,45.26,45.26,44.27,44.76,2150130
UGI,NYSE,2020/01/03 16:00:00,44.61,44.87,44.47,44.67,1024171
UGI,NYSE,2020/01/06 16:00:00,44.66,44.89,44.51,44.64,1100111
UGI,NYSE,2020/01/07 16:00:00,44.72,44.72,44.22,44.38,1418479
UGI,NYSE,2020/01/08 16:00:00,44.3,44.46,43.7,43.73,1768093
UGI,NYSE,2020/01/09 16:00:00,43.75,44.19,43.44,43.96,1176803
UGI,NYSE,2020/01/10 16:00:00,44.02,44.22,43.86,44.1,1063506
UGI,NYSE,2020/01/13 16:00:00,44.13,44.48,44.03,44.36,801684
UGI,NYSE,2020/01/14 16:00:00,44.14,44.36,43.92,44.13,1096219
UGI,NYSE,2020/01/15 16:00:00,44.16,44.51,44.01,44.23,1409727
UGI,NYSE,2020/01/16 16:00:00,44.37,44.82,44.27,44.58,1186121
UGI,NYSE,2020/01/17 16:00:00,44.53,44.69,44.2,44.5,1248644
UGI,NYSE,2020/01/21 16:00:00,44.5,44.6,43.89,44.08,2181566
UGI,NYSE,2020/01/22 16:00:00,44,44.26,43.78,43.89,1820575
UGI,NYSE,2020/01/23 16:00:00,43.84,44.13,43.6,44,2601278
UGI,NYSE,2020/01/24 16:00:00,44.04,44.09,43.41,43.58,1219240
UGI,NYSE,2020/01/27 16:00:00,43.33,43.59,42.97,43.03,2451457
UGI,NYSE,2020/01/28 16:00:00,43.04,43.45,42.92,43,1590913
UGI,NYSE,2020/01/29 16:00:00,42.93,42.98,42.28,42.56,1929541
UGI,NYSE,2020/01/30 16:00:00,42.4,42.6,41.74,42.14,1701524
UGI,NYSE,2020/01/31 16:00:00,41.97,42.13,41.29,41.59,3078778
UGI,NYSE,2020/02/03 16:00:00,41.47,42.15,41.47,41.81,1533594
UGI,NYSE,2020/02/04 16:00:00,42.04,42.04,41.15,41.19,1678013
UGI,NYSE,2020/02/05 16:00:00,41.36,42.23,41.35,41.95,1602950
UGI,NYSE,2020/02/06 16:00:00,42.37,44.09,42.37,42.76,2785765
UGI,NYSE,2020/02/07 16:00:00,42.71,42.76,41.92,42.31,1587499
UGI,NYSE,2020/02/10 16:00:00,42.17,42.2,41.45,41.62,1149591
UGI,NYSE,2020/02/11 16:00:00,41.72,41.85,41.51,41.68,1233867
UGI,NYSE,2020/02/12 16:00:00,41.75,42.13,41.56,41.93,1491413
UGI,NYSE,2020/02/13 16:00:00,41.71,41.75,41.28,41.62,992924
UGI,NYSE,2020/02/14 16:00:00,41.69,41.83,41.4,41.7,807183
UGI,NYSE,2020/02/18 16:00:00,41.66,41.66,41.03,41.27,882667
UGI,NYSE,2020/02/19 16:00:00,41.27,41.45,41.1,41.19,1299828
UGI,NYSE,2020/02/20 16:00:00,41,41.23,40.74,41,1273920
UGI,NYSE,2020/02/21 16:00:00,40.89,41.54,40.88,41.28,2469324
UGI,NYSE,2020/02/24 16:00:00,40.61,40.89,40.17,40.57,1305277
UGI,NYSE,2020/02/25 16:00:00,40.57,40.64,39.6,39.7,1778234
UGI,NYSE,2020/02/26 16:00:00,39.89,40.02,38.34,38.41,2177250
UGI,NYSE,2020/02/27 16:00:00,38,38.49,37.14,37.19,2838099
UGI,NYSE,2020/02/28 16:00:00,36.41,36.69,35.63,36.04,4002109
UGI,NYSE,2020/03/02 16:00:00,36.21,37.56,36.11,37.56,1466468
UGI,NYSE,2020/03/03 16:00:00,37.66,38.29,36.21,36.42,1346626
UGI,NYSE,2020/03/04 16:00:00,36.82,37.85,36.67,37.8,1235081
UGI,NYSE,2020/03/05 16:00:00,36.99,37.27,35.92,36.42,1488551
UGI,NYSE,2020/03/06 16:00:00,35.57,37.01,35.15,36.63,1747349
UGI,NYSE,2020/03/09 16:00:00,34.5,34.78,33.39,33.63,2819421
UGI,NYSE,2020/03/10 16:00:00,34.36,34.69,31.99,34.01,1977229
UGI,NYSE,2020/03/11 16:00:00,33.12,33.26,31.97,32.43,1608005
UGI,NYSE,2020/03/12 16:00:00,30.17,32,29.14,30.01,2323162
UGI,NYSE,2020/03/13 16:00:00,31,32.3,29.4,32.23,1743618
UGI,NYSE,2020/03/16 16:00:00,26.5,29.89,26.41,26.71,1832239
UGI,NYSE,2020/03/17 16:00:00,27.39,28.2,25.73,27.14,3086783
UGI,NYSE,2020/03/18 16:00:00,26.07,26.4,22.2,23.01,2077785
UGI,NYSE,2020/03/19 16:00:00,22.99,25.82,21.75,25.34,2162372
UGI,NYSE,2020/03/20 16:00:00,25.6,27.11,25.13,26.06,2641080
UGI,NYSE,2020/03/23 16:00:00,24.78,25.32,22.52,22.92,2104343
UGI,NYSE,2020/03/24 16:00:00,24.23,24.51,22.92,24.33,1762785
UGI,NYSE,2020/03/25 16:00:00,24.56,26.39,23.01,24.76,2332148
UGI,NYSE,2020/03/26 16:00:00,24.81,26.47,24.51,26.25,1691788
UGI,NYSE,2020/03/27 16:00:00,25.01,26.75,24.49,26.06,1796127
UGI,NYSE,2020/03/30 16:00:00,26.42,27.07,24.8,26.91,1539296
UGI,NYSE,2020/03/31 16:00:00,26.85,27.52,26.4,26.67,1336167
UGI,NYSE,2020/04/01 16:00:00,25.5,26.22,24.18,24.64,1541879
UGI,NYSE,2020/04/02 16:00:00,24.64,26.9,24.51,26.14,2207495
UGI,NYSE,2020/04/03 16:00:00,26.07,26.93,24.57,25,4528557
UGI,NYSE,2020/04/06 16:00:00,25.83,27.02,25.68,26.63,1448930
UGI,NYSE,2020/04/07 16:00:00,28.12,28.72,27.37,27.79,1651482
UGI,NYSE,2020/04/08 16:00:00,27.93,29.06,27.91,28.85,1815617
UGI,NYSE,2020/04/09 16:00:00,29.53,31,29.51,30.04,1522502
UGI,NYSE,2020/04/13 16:00:00,30,30,28.31,28.69,1279084
UGI,NYSE,2020/04/14 16:00:00,29.46,30,28.82,29.25,1022587
UGI,NYSE,2020/04/15 16:00:00,28,28.66,27.11,27.31,1253401
UGI,NYSE,2020/04/16 16:00:00,27.24,27.48,25.61,26.13,1817901
UGI,NYSE,2020/04/17 16:00:00,26.97,28.3,26.82,28.16,1281581
UGI,NYSE,2020/04/20 16:00:00,27.61,28.1,26.93,27.15,1472555
UGI,NYSE,2020/04/21 16:00:00,26.49,27.45,26.31,27.3,1528903
UGI,NYSE,2020/04/22 16:00:00,27.94,28.27,27.26,27.95,1635127
UGI,NYSE,2020/04/23 16:00:00,28.37,28.69,27.8,28.05,1793813
UGI,NYSE,2020/04/24 16:00:00,28.24,28.45,27.74,28.24,1470032
UGI,NYSE,2020/04/27 16:00:00,28.45,29.56,28.26,29.27,1376909
UGI,NYSE,2020/04/28 16:00:00,30.1,30.55,29.55,30.09,1372788
UGI,NYSE,2020/04/29 16:00:00,31.11,31.66,30.53,31.31,1208024
UGI,NYSE,2020/04/30 16:00:00,30.96,31.2,30.01,30.18,4103678
UGI,NYSE,2020/05/01 16:00:00,29.57,29.99,28.95,29.3,1182697
UGI,NYSE,2020/05/04 16:00:00,29.11,29.51,28.58,29.26,1474095
UGI,NYSE,2020/05/05 16:00:00,29.83,30.45,29.33,29.52,847648
UGI,NYSE,2020/05/06 16:00:00,29.46,29.73,27.67,27.83,1496990
UGI,NYSE,2020/05/07 16:00:00,27.23,29.33,27.23,28.13,1891871
UGI,NYSE,2020/05/08 16:00:00,28.77,31.02,28.7,30.89,1285131
UGI,NYSE,2020/05/11 16:00:00,30.52,30.79,29.35,30.39,2265083
UGI,NYSE,2020/05/12 16:00:00,30.38,30.91,29.77,29.8,1529607
UGI,NYSE,2020/05/13 16:00:00,29.89,29.89,28.37,28.73,1517520
UGI,NYSE,2020/05/14 16:00:00,28.14,28.54,26.95,28.53,1857860
UGI,NYSE,2020/05/15 16:00:00,28.18,28.63,27.51,28.39,2236416
UGI,NYSE,2020/05/18 16:00:00,29.66,31.25,29.66,30.96,1459711
UGI,NYSE,2020/05/19 16:00:00,30.7,31.51,30.32,30.33,1077488
UGI,NYSE,2020/05/20 16:00:00,30.65,31.49,30.48,31.19,1212785
UGI,NYSE,2020/05/21 16:00:00,31.1,31.69,30.7,30.8,993293
UGI,NYSE,2020/05/22 16:00:00,30.62,30.74,29.74,30.41,1071681
UGI,NYSE,2020/05/26 16:00:00,31.72,32.55,31.29,32.12,1055130
UGI,NYSE,2020/05/27 16:00:00,32.88,33.18,31.83,32.27,1146982
UGI,NYSE,2020/05/28 16:00:00,32.75,32.84,31.95,32.25,1115857
UGI,NYSE,2020/05/29 16:00:00,31.89,32.09,31.03,31.84,3059417
UGI,NYSE,2020/06/01 16:00:00,31.96,32.64,31.9,32.43,1046947
UGI,NYSE,2020/06/02 16:00:00,32.68,33.28,32.44,32.96,986814
UGI,NYSE,2020/06/03 16:00:00,33.29,34.6,33.19,34.45,1207783
UGI,NYSE,2020/06/04 16:00:00,34.28,34.44,33.55,34.11,1349403
UGI,NYSE,2020/06/05 16:00:00,35.49,36.39,35.13,35.69,1309507
UGI,NYSE,2020/06/08 16:00:00,36.31,36.89,35.78,36.77,1230569
UGI,NYSE,2020/06/09 16:00:00,36.38,36.38,35.37,35.7,1428842
UGI,NYSE,2020/06/10 16:00:00,35.35,35.37,34.17,34.43,1363856
UGI,NYSE,2020/06/11 16:00:00,33,33,31.32,31.55,1930303
UGI,NYSE,2020/06/12 16:00:00,32.55,32.55,30.09,31.03,1844546
UGI,NYSE,2020/06/15 16:00:00,30,31.4,29.54,31.18,1313521
UGI,NYSE,2020/06/16 16:00:00,32.8,33.84,32.38,32.87,1506209
UGI,NYSE,2020/06/17 16:00:00,33.09,33.26,32.08,32.21,1318977
UGI,NYSE,2020/06/18 16:00:00,31.85,32.87,31.64,32.5,1002205
UGI,NYSE,2020/06/19 16:00:00,32.74,32.95,32.13,32.18,1788222
UGI,NYSE,2020/06/22 16:00:00,31.88,32.28,31.25,31.99,754172
UGI,NYSE,2020/06/23 16:00:00,32.38,32.49,31.46,31.58,863401
UGI,NYSE,2020/06/24 16:00:00,31.09,31.28,30.45,30.82,1281251
UGI,NYSE,2020/06/25 16:00:00,30.66,31.36,30.34,31.28,1236539
UGI,NYSE,2020/06/26 16:00:00,31.21,31.26,30.39,30.52,1745403
UGI,NYSE,2020/06/29 16:00:00,30.98,31.65,30.81,31.62,1169497
UGI,NYSE,2020/06/30 16:00:00,31.58,32.09,31.36,31.8,1132498
UGI,NYSE,2020/07/01 16:00:00,31.93,32.32,31.49,31.83,1016102
UGI,NYSE,2020/07/02 16:00:00,32.12,32.36,31.61,31.73,787768
UGI,NYSE,2020/07/06 16:00:00,32.25,32.52,31.56,31.9,970317
UGI,NYSE,2020/07/07 16:00:00,31.45,31.81,31.24,31.27,851690
UGI,NYSE,2020/07/08 16:00:00,31.13,31.37,30.45,30.71,844703
UGI,NYSE,2020/07/09 16:00:00,30.48,30.56,29.63,29.87,841911
UGI,NYSE,2020/07/10 16:00:00,29.85,31.09,29.85,30.82,1001974
UGI,NYSE,2020/07/13 16:00:00,31.02,31.69,30.88,31.03,824998
UGI,NYSE,2020/07/14 16:00:00,31.03,31.78,30.81,31.6,977641
UGI,NYSE,2020/07/15 16:00:00,32.23,33.17,32.23,32.36,922486
UGI,NYSE,2020/07/16 16:00:00,32.53,33.22,32.35,32.53,751565
UGI,NYSE,2020/07/17 16:00:00,32.74,33.3,32.6,33.27,1672419
UGI,NYSE,2020/07/20 16:00:00,32.98,33.11,31.57,31.58,1006647
UGI,NYSE,2020/07/21 16:00:00,32.12,33.37,31.96,33.2,971235
UGI,NYSE,2020/07/22 16:00:00,32.77,33.33,32.45,33.31,809334
UGI,NYSE,2020/07/23 16:00:00,33.27,33.34,32.83,33.25,691789
UGI,NYSE,2020/07/24 16:00:00,33.31,33.83,32.76,32.83,946740
UGI,NYSE,2020/07/27 16:00:00,32.58,32.72,32.05,32.49,653272
UGI,NYSE,2020/07/28 16:00:00,32.57,33.56,32.51,33.31,846935
UGI,NYSE,2020/07/29 16:00:00,33.54,34.26,33.19,34.15,791643
UGI,NYSE,2020/07/30 16:00:00,33.6,33.77,32.89,33.56,945119
UGI,NYSE,2020/07/31 16:00:00,33.37,33.5,32.48,33.34,2008817
UGI,NYSE,2020/08/03 16:00:00,33.42,33.42,32.62,33.17,729558
UGI,NYSE,2020/08/04 16:00:00,33.62,34.25,33.1,33.74,1476774
UGI,NYSE,2020/08/05 16:00:00,34.1,34.35,33.03,33.55,994016
UGI,NYSE,2020/08/06 16:00:00,33.57,33.96,33.42,33.82,783013
UGI,NYSE,2020/08/07 16:00:00,33.77,34.8,33.53,34.77,974023
UGI,NYSE,2020/08/10 16:00:00,35.45,35.55,34.85,35.24,939532
UGI,NYSE,2020/08/11 16:00:00,36.13,36.42,34.76,34.97,1435739
UGI,NYSE,2020/08/12 16:00:00,35.2,35.72,35.03,35.56,1161364
UGI,NYSE,2020/08/13 16:00:00,35.38,35.38,34.58,34.78,762085
UGI,NYSE,2020/08/14 16:00:00,34.45,34.89,34.18,34.6,474986
UGI,NYSE,2020/08/17 16:00:00,34.67,34.95,34.12,34.77,798203
UGI,NYSE,2020/08/18 16:00:00,34.6,34.8,34.38,34.62,794234
UGI,NYSE,2020/08/19 16:00:00,34.52,34.76,34.27,34.43,545582
UGI,NYSE,2020/08/20 16:00:00,34.2,34.37,33.74,33.74,587677
UGI,NYSE,2020/08/21 16:00:00,33.64,33.8,33.17,33.65,472129
UGI,NYSE,2020/08/24 16:00:00,33.65,34.3,33.47,34.29,504842
UGI,NYSE,2020/08/25 16:00:00,34.37,34.39,33.62,33.77,762385
UGI,NYSE,2020/08/26 16:00:00,33.72,33.72,33.17,33.33,792257
UGI,NYSE,2020/08/27 16:00:00,33.36,34.03,33.36,33.8,953715
UGI,NYSE,2020/08/28 16:00:00,33.8,34.43,33.37,34.4,841398
UGI,NYSE,2020/08/31 16:00:00,34.55,34.64,33.97,34.53,1329830
UGI,NYSE,2020/09/01 16:00:00,34.34,34.35,33.73,34.24,603838
UGI,NYSE,2020/09/02 16:00:00,34.42,35.16,34.25,35.06,822352
UGI,NYSE,2020/09/03 16:00:00,34.99,35.54,34.1,34.4,1116978
UGI,NYSE,2020/09/04 16:00:00,34.71,34.71,33.79,34.17,816132
UGI,NYSE,2020/09/08 16:00:00,34.08,34.1,33.11,33.35,955393
UGI,NYSE,2020/09/09 16:00:00,33.47,33.77,32.86,33.54,887859
UGI,NYSE,2020/09/10 16:00:00,33.62,33.62,32.87,32.89,630332
UGI,NYSE,2020/09/11 16:00:00,32.8,32.89,32.48,32.89,940875
UGI,NYSE,2020/09/14 16:00:00,32.62,32.92,32.26,32.63,1049856
UGI,NYSE,2020/09/15 16:00:00,32.66,33.28,32.6,32.84,969088
UGI,NYSE,2020/09/16 16:00:00,32.86,33.41,32.53,33.16,1145844
UGI,NYSE,2020/09/17 16:00:00,32.94,33.22,32.42,33.15,1005755
UGI,NYSE,2020/09/18 16:00:00,33.03,33.18,32.26,32.47,2830434
UGI,NYSE,2020/09/21 16:00:00,31.87,31.97,31.17,31.85,966362
UGI,NYSE,2020/09/22 16:00:00,31.99,32.75,31.89,32.46,875161
UGI,NYSE,2020/09/23 16:00:00,32.48,32.92,31.81,31.81,1062543
UGI,NYSE,2020/09/24 16:00:00,31.68,32.18,31.09,31.98,807071
UGI,NYSE,2020/09/25 16:00:00,31.71,32.53,31.53,32.51,567207
UGI,NYSE,2020/09/28 16:00:00,32.89,33.2,32.65,32.72,737641
UGI,NYSE,2020/09/29 16:00:00,32.81,33.12,32.43,32.49,734795
UGI,NYSE,2020/09/30 16:00:00,32.7,33.1,32.63,32.98,1091885
UGI,NYSE,2020/10/01 16:00:00,33.02,33.24,32.4,32.64,777388
UGI,NYSE,2020/10/02 16:00:00,32.07,33.48,31.97,33.39,742273
UGI,NYSE,2020/10/05 16:00:00,33.79,33.98,33.45,33.5,746179
UGI,NYSE,2020/10/06 16:00:00,33.77,34.8,33.64,34.07,1029978
UGI,NYSE,2020/10/07 16:00:00,34.25,34.45,33.59,34.1,750684
UGI,NYSE,2020/10/08 16:00:00,34.31,35.19,34.12,35.18,792901
UGI,NYSE,2020/10/09 16:00:00,35.34,35.53,34.53,34.84,824481
UGI,NYSE,2020/10/12 16:00:00,34.77,35.04,34.58,34.9,560326
UGI,NYSE,2020/10/13 16:00:00,34.66,34.96,34.32,34.5,843319
UGI,NYSE,2020/10/14 16:00:00,34.59,35.02,34.16,34.25,614442
UGI,NYSE,2020/10/15 16:00:00,33.87,34.33,33.5,34.24,764403
UGI,NYSE,2020/10/16 16:00:00,34.21,34.55,33.76,34.39,572338
UGI,NYSE,2020/10/19 16:00:00,34.54,34.54,33.57,33.65,625438
UGI,NYSE,2020/10/20 16:00:00,33.92,34.65,33.78,34.42,879029
UGI,NYSE,2020/10/21 16:00:00,34.3,35.22,34.23,34.78,933537
UGI,NYSE,2020/10/22 16:00:00,34.84,35.71,34.51,35.69,755049
UGI,NYSE,2020/10/23 16:00:00,35.94,36.15,35.53,35.86,683420
UGI,NYSE,2020/10/26 16:00:00,35.46,35.46,34.83,35.22,526513
UGI,NYSE,2020/10/27 16:00:00,35.13,35.26,34.28,34.45,972151
UGI,NYSE,2020/10/28 16:00:00,33.7,33.89,32.58,32.95,1477135
UGI,NYSE,2020/10/29 16:00:00,32.69,32.75,31.84,32.37,1486903
UGI,NYSE,2020/10/30 16:00:00,32.19,32.44,31.84,32.34,2018551
UGI,NYSE,2020/11/02 16:00:00,32.75,33.43,32.45,33.25,911146
UGI,NYSE,2020/11/03 16:00:00,33.57,33.99,33.29,33.81,804730
UGI,NYSE,2020/11/04 16:00:00,33.53,34,32.95,32.96,606737
UGI,NYSE,2020/11/05 16:00:00,33.11,33.78,32.95,33.27,596946
UGI,NYSE,2020/11/06 16:00:00,33.45,33.63,32.19,32.32,708213
UGI,NYSE,2020/11/09 16:00:00,34.32,35.07,33.65,34.36,1183882
UGI,NYSE,2020/11/10 16:00:00,34.66,37.21,34.53,37.15,1522769
UGI,NYSE,2020/11/11 16:00:00,37.1,37.22,36.25,36.61,976162
UGI,NYSE,2020/11/12 16:00:00,36.25,36.3,35.16,35.48,717658
UGI,NYSE,2020/11/13 16:00:00,35.62,36.73,35.62,36.43,542858
UGI,NYSE,2020/11/16 16:00:00,37.18,37.32,36.5,36.79,1041586
UGI,NYSE,2020/11/17 16:00:00,36.59,36.59,35.64,36.26,1187246
UGI,NYSE,2020/11/18 16:00:00,36.6,36.62,35.43,35.45,981631
UGI,NYSE,2020/11/19 16:00:00,35.95,37.16,35.6,36.04,1369765
UGI,NYSE,2020/11/20 16:00:00,35.87,36.09,35.49,35.88,924407
UGI,NYSE,2020/11/23 16:00:00,36.05,36.88,35.81,36.54,795253
UGI,NYSE,2020/11/24 16:00:00,37,38.34,36.8,38.06,945785
UGI,NYSE,2020/11/25 16:00:00,38.1,38.1,37.44,37.64,1050361
UGI,NYSE,2020/11/27 13:00:00,37.47,37.53,36.77,37.16,518503
UGI,NYSE,2020/11/30 16:00:00,36.84,37.01,35.48,35.48,2476634
UGI,NYSE,2020/12/01 16:00:00,35.86,36.44,35.7,36.13,1100148
UGI,NYSE,2020/12/02 16:00:00,36,36.13,35.3,36.12,934095
UGI,NYSE,2020/12/03 16:00:00,36.12,36.34,35.54,35.65,629639
UGI,NYSE,2020/12/04 16:00:00,36,36.25,35.65,36.04,1289685
UGI,NYSE,2020/12/07 16:00:00,35.87,36.13,35.33,35.48,1049402
UGI,NYSE,2020/12/08 16:00:00,35.16,35.73,35.06,35.51,871250
UGI,NYSE,2020/12/09 16:00:00,35.69,35.97,35.12,35.26,680802
UGI,NYSE,2020/12/10 16:00:00,35.17,35.5,34.95,35.45,737288
UGI,NYSE,2020/12/11 16:00:00,35.18,35.73,35.18,35.37,740193
UGI,NYSE,2020/12/14 16:00:00,35.55,35.96,34.96,34.98,787522
UGI,NYSE,2020/12/15 16:00:00,35.12,36.46,34.88,36.35,872600
UGI,NYSE,2020/12/16 16:00:00,36.47,36.47,35.68,35.7,1115728
UGI,NYSE,2020/12/17 16:00:00,35.73,36.21,35.73,35.99,899138
UGI,NYSE,2020/12/18 16:00:00,36.16,36.42,35.42,35.54,2719395
UGI,NYSE,2020/12/21 16:00:00,35,35.32,33.86,34.3,872119
UGI,NYSE,2020/12/22 16:00:00,34.25,34.66,34.08,34.5,658610
UGI,NYSE,2020/12/23 16:00:00,34.62,35.24,34.62,34.85,526468
UGI,NYSE,2020/12/24 13:00:00,35.04,35.05,34.4,35.01,175756
UGI,NYSE,2020/12/28 16:00:00,35.02,35.38,34.72,34.95,671572
UGI,NYSE,2020/12/29 16:00:00,34.93,35.2,34.25,34.43,738937
UGI,NYSE,2020/12/30 16:00:00,34.25,35,34.2,34.44,657619
UGI,NYSE,2020/12/31 16:00:00,34.64,35.2,34.48,34.96,1065901
UGI,NYSE,2021/01/04 16:00:00,35.14,35.2,34.4,34.79,878560
UGI,NYSE,2021/01/05 16:00:00,34.98,35.28,34.37,34.88,991528
UGI,NYSE,2021/01/06 16:00:00,35.35,36.48,35.21,36.29,1184315
UGI,NYSE,2021/01/07 16:00:00,36.39,36.39,35.02,35.05,1290087
UGI,NYSE,2021/01/08 16:00:00,35.2,35.62,34.69,35.25,1082578
UGI,NYSE,2021/01/11 16:00:00,34.99,35.79,34.99,35.58,879471
UGI,NYSE,2021/01/12 16:00:00,35.7,36.61,35.49,36.5,971144
UGI,NYSE,2021/01/13 16:00:00,36.43,37.09,36.21,36.71,1032583
UGI,NYSE,2021/01/14 16:00:00,37.08,37.28,36.57,37.05,733034
UGI,NYSE,2021/01/15 16:00:00,37,37.69,36.79,37.63,883171
UGI,NYSE,2021/01/19 16:00:00,37.82,37.9,37.22,37.29,1339963
UGI,NYSE,2021/01/20 16:00:00,37.12,37.54,36.95,37.19,1051022
UGI,NYSE,2021/01/21 16:00:00,37.25,37.48,36.8,36.9,1005188
UGI,NYSE,2021/01/22 16:00:00,36.64,37.25,36.31,37.18,951051
UGI,NYSE,2021/01/25 16:00:00,37,37.36,36.9,37.19,1088509
UGI,NYSE,2021/01/26 16:00:00,37.33,37.5,36.84,36.89,1142202
UGI,NYSE,2021/01/27 16:00:00,36.45,37.24,36.35,36.62,1110899
UGI,NYSE,2021/01/28 16:00:00,36.68,37.16,36.4,36.42,974622
UGI,NYSE,2021/01/29 16:00:00,36.3,36.54,35.95,35.99,2294700
UGI,NYSE,2021/02/01 16:00:00,35.95,36.43,35.8,36.38,985493
UGI,NYSE,2021/02/02 16:00:00,36.51,36.79,35.88,36,1125022
UGI,NYSE,2021/02/03 16:00:00,35.62,36.18,35.52,36.15,821473
UGI,NYSE,2021/02/04 16:00:00,36.19,36.82,35.7,36.76,1287591
UGI,NYSE,2021/02/05 16:00:00,37,37.44,36.72,37.3,664413
UGI,NYSE,2021/02/08 16:00:00,37.38,37.52,36.96,37.18,885601
UGI,NYSE,2021/02/09 16:00:00,37.39,37.79,37.15,37.59,794570
UGI,NYSE,2021/02/10 16:00:00,38.19,38.63,38.1,38.33,1265821
UGI,NYSE,2021/02/11 16:00:00,38.24,38.73,38.09,38.66,978518
UGI,NYSE,2021/02/12 16:00:00,38.58,38.93,38.35,38.88,661588
UGI,NYSE,2021/02/16 16:00:00,39.01,40.14,38.94,40.09,1277797
UGI,NYSE,2021/02/17 16:00:00,40.09,40.44,39.5,40.25,1048682
UGI,NYSE,2021/02/18 16:00:00,40.19,40.45,39.51,39.53,668085
UGI,NYSE,2021/02/19 16:00:00,39.64,40.37,39.53,40.29,728621
UGI,NYSE,2021/02/22 16:00:00,40.44,40.59,40.05,40.24,909807
UGI,NYSE,2021/02/23 16:00:00,40.29,40.52,39.58,39.61,1158712
UGI,NYSE,2021/02/24 16:00:00,39.63,40.38,39.52,40.18,976507
UGI,NYSE,2021/02/25 16:00:00,40.46,40.67,39.75,39.75,946294
UGI,NYSE,2021/02/26 16:00:00,39.8,39.92,38.26,38.31,1707066
UGI,NYSE,2021/03/01 16:00:00,39.06,39.64,38.54,38.54,1447720
UGI,NYSE,2021/03/02 16:00:00,38.78,38.88,38.24,38.77,1002579
UGI,NYSE,2021/03/03 16:00:00,38.82,39.58,38.38,39.07,851823
UGI,NYSE,2021/03/04 16:00:00,39.13,39.82,38.81,39.1,1026658
UGI,NYSE,2021/03/05 16:00:00,39.48,40.82,39.29,40.66,1099118
UGI,NYSE,2021/03/08 16:00:00,40.88,41.22,40.09,41.02,1012176
UGI,NYSE,2021/03/09 16:00:00,40.95,41.22,39.89,39.94,912150
UGI,NYSE,2021/03/10 16:00:00,39.8,40.87,39.65,40.8,707586
UGI,NYSE,2021/03/11 16:00:00,40.95,41,40.22,40.38,702372
UGI,NYSE,2021/03/12 16:00:00,40.23,40.88,40.13,40.68,693792
UGI,NYSE,2021/03/15 16:00:00,40.68,41.67,40.51,41.65,875101
UGI,NYSE,2021/03/16 16:00:00,41.32,41.75,41.05,41.66,883454
UGI,NYSE,2021/03/17 16:00:00,41.65,41.65,40.96,41.05,805162
UGI,NYSE,2021/03/18 16:00:00,40.9,41.03,40.47,40.63,835348
UGI,NYSE,2021/03/19 16:00:00,40.82,41.75,40.11,41.46,4068017
UGI,NYSE,2021/03/22 16:00:00,41.84,41.84,40.45,40.79,706593
UGI,NYSE,2021/03/23 16:00:00,40.35,40.92,40.04,40.39,883590
UGI,NYSE,2021/03/24 16:00:00,40.53,41.6,40.39,40.7,827111
UGI,NYSE,2021/03/25 16:00:00,40.71,41.99,40.29,41.84,1165085
UGI,NYSE,2021/03/26 16:00:00,42,42.06,41.18,41.57,1048690
UGI,NYSE,2021/03/29 16:00:00,41.19,41.74,41.05,41.5,771241
UGI,NYSE,2021/03/30 16:00:00,41.42,41.56,41.05,41.55,1134151
UGI,NYSE,2021/03/31 16:00:00,41.52,41.65,40.77,41.01,1179694
UGI,NYSE,2021/04/01 16:00:00,41.14,41.25,40.59,41.25,806898
UGI,NYSE,2021/04/05 16:00:00,41.4,41.85,41.11,41.47,607499
UGI,NYSE,2021/04/06 16:00:00,41.29,41.7,41.05,41.59,956648
UGI,NYSE,2021/04/07 16:00:00,41.7,41.98,41.39,41.98,689994
UGI,NYSE,2021/04/08 16:00:00,41.92,42.32,41.58,42.28,1213825
UGI,NYSE,2021/04/09 16:00:00,42.17,42.21,41.54,41.9,828021
NRG,NYSE,2019/04/01 16:00:00,42.67,42.92,41.61,41.78,3437050
NRG,NYSE,2019/04/02 16:00:00,41.92,42.56,41.83,42.36,3050502
NRG,NYSE,2019/04/03 16:00:00,42.35,43.02,42.18,42.34,2536889
NRG,NYSE,2019/04/04 16:00:00,42.56,42.56,42.06,42.24,2195587
NRG,NYSE,2019/04/05 16:00:00,42.33,42.46,41.68,42.07,2432232
NRG,NYSE,2019/04/08 16:00:00,42,42.09,41.54,41.95,2142981
NRG,NYSE,2019/04/09 16:00:00,41.8,42.19,41.8,42.16,2458672
NRG,NYSE,2019/04/10 16:00:00,42.29,42.8,42.17,42.26,2410790
NRG,NYSE,2019/04/11 16:00:00,42.23,42.45,42.05,42.41,2309691
NRG,NYSE,2019/04/12 16:00:00,42.48,42.54,42.21,42.27,1960381
NRG,NYSE,2019/04/15 16:00:00,42.36,42.56,42.14,42.29,1863756
NRG,NYSE,2019/04/16 16:00:00,42.24,42.45,41.99,42.03,2100438
NRG,NYSE,2019/04/17 16:00:00,42,42.09,40.79,41.18,6153189
NRG,NYSE,2019/04/18 16:00:00,41.28,41.47,40.84,41,3146408
NRG,NYSE,2019/04/22 16:00:00,41.02,41.06,40.58,40.89,2345537
NRG,NYSE,2019/04/23 16:00:00,41.05,41.53,40.89,41.34,3154763
NRG,NYSE,2019/04/24 16:00:00,41.4,41.61,41.12,41.35,1756551
NRG,NYSE,2019/04/25 16:00:00,41.13,41.34,40.8,40.89,2306196
NRG,NYSE,2019/04/26 16:00:00,41.07,41.35,40.85,40.92,1475813
NRG,NYSE,2019/04/29 16:00:00,40.9,41.1,40.59,40.88,1868590
NRG,NYSE,2019/04/30 16:00:00,40.81,41.18,40.55,41.17,2890911
NRG,NYSE,2019/05/01 16:00:00,41,41.17,40.49,40.55,2646657
NRG,NYSE,2019/05/02 16:00:00,40.33,41,39.51,39.57,3789917
NRG,NYSE,2019/05/03 16:00:00,39.49,40,38.86,39.44,3541171
NRG,NYSE,2019/05/06 16:00:00,39.34,39.54,37.84,38.35,4051097
NRG,NYSE,2019/05/07 16:00:00,38.16,38.89,38.09,38.65,4499032
NRG,NYSE,2019/05/08 16:00:00,38.52,38.54,36.19,36.96,8454405
NRG,NYSE,2019/05/09 16:00:00,36.95,37.22,36.24,36.68,5629940
NRG,NYSE,2019/05/10 16:00:00,36.65,37.4,36.2,37.31,4107790
NRG,NYSE,2019/05/13 16:00:00,37.05,37.36,36.62,36.81,3380272
NRG,NYSE,2019/05/14 16:00:00,36.97,37.06,36.07,36.24,4120250
NRG,NYSE,2019/05/15 16:00:00,36.05,36.25,35.59,35.99,3575136
NRG,NYSE,2019/05/16 16:00:00,36.05,36.3,35.6,35.8,3048520
NRG,NYSE,2019/05/17 16:00:00,35.5,35.87,35.43,35.58,2688923
NRG,NYSE,2019/05/20 16:00:00,35.38,35.97,35.13,35.91,5142678
NRG,NYSE,2019/05/21 16:00:00,35.92,36.96,35.82,36.7,4515509
NRG,NYSE,2019/05/22 16:00:00,36.52,36.8,36.33,36.5,3300401
NRG,NYSE,2019/05/23 16:00:00,36.21,36.29,35.44,35.53,4361631
NRG,NYSE,2019/05/24 16:00:00,35.61,36.05,35.46,35.53,2618639
NRG,NYSE,2019/05/28 16:00:00,35.5,35.71,34.82,35.02,5998622
NRG,NYSE,2019/05/29 16:00:00,35.02,35.1,34.24,34.28,3490601
NRG,NYSE,2019/05/30 16:00:00,34.33,34.49,33.69,33.74,3092287
NRG,NYSE,2019/05/31 16:00:00,33.59,34.34,33.43,34.04,4530866
NRG,NYSE,2019/06/03 16:00:00,34.15,34.55,33.94,34.28,3674283
NRG,NYSE,2019/06/04 16:00:00,34.47,34.94,34.03,34.88,6226069
NRG,NYSE,2019/06/05 16:00:00,35.12,35.21,34.59,35.15,4168765
NRG,NYSE,2019/06/06 16:00:00,35.32,35.45,34.76,35.28,3340546
NRG,NYSE,2019/06/07 16:00:00,35.29,35.55,34.64,34.73,3156325
NRG,NYSE,2019/06/10 16:00:00,34.68,34.9,34.02,34.2,3057917
NRG,NYSE,2019/06/11 16:00:00,34.19,34.78,34.15,34.55,3441352
NRG,NYSE,2019/06/12 16:00:00,34.49,35.11,34.36,34.5,2622872
NRG,NYSE,2019/06/13 16:00:00,34.57,34.94,34.16,34.42,2827279
NRG,NYSE,2019/06/14 16:00:00,34.44,34.88,34.22,34.78,2717337
NRG,NYSE,2019/06/17 16:00:00,34.79,34.87,34.34,34.44,3077894
NRG,NYSE,2019/06/18 16:00:00,34.64,35.02,34.27,34.65,3387076
NRG,NYSE,2019/06/19 16:00:00,34.65,35.01,34.38,34.8,4387452
NRG,NYSE,2019/06/20 16:00:00,35.22,35.25,34.75,35.04,3878702
NRG,NYSE,2019/06/21 16:00:00,35.06,35.39,34.88,35.17,6029622
NRG,NYSE,2019/06/24 16:00:00,35.66,35.92,35.01,35.18,4526415
NRG,NYSE,2019/06/25 16:00:00,35.26,35.58,35.03,35.14,3782565
NRG,NYSE,2019/06/26 16:00:00,34.98,35.03,33.69,33.7,4327178
NRG,NYSE,2019/06/27 16:00:00,33.74,34.03,33.01,34.03,6333826
NRG,NYSE,2019/06/28 16:00:00,34.04,35.13,33.89,35.12,5632219
NRG,NYSE,2019/07/01 16:00:00,35.24,35.57,34.92,35.43,4063877
NRG,NYSE,2019/07/02 16:00:00,35.45,35.62,34.81,35.24,2741564
NRG,NYSE,2019/07/03 13:00:00,35.37,36.06,35.34,35.81,1850921
NRG,NYSE,2019/07/05 16:00:00,35.56,36.1,35.5,36.09,2102788
NRG,NYSE,2019/07/08 16:00:00,36.01,36.27,35.43,35.71,3541885
NRG,NYSE,2019/07/09 16:00:00,35.62,35.92,35.24,35.59,2676034
NRG,NYSE,2019/07/10 16:00:00,35.92,36.11,35.65,35.96,2649600
NRG,NYSE,2019/07/11 16:00:00,35.88,36.09,35.66,35.99,1991630
NRG,NYSE,2019/07/12 16:00:00,36.02,36.16,35.79,35.99,2029782
NRG,NYSE,2019/07/15 16:00:00,35.92,36.24,35.52,35.64,2700403
NRG,NYSE,2019/07/16 16:00:00,35.4,35.62,33.92,34.09,4879013
NRG,NYSE,2019/07/17 16:00:00,34.05,35.03,34.05,34.8,6674664
NRG,NYSE,2019/07/18 16:00:00,34.73,35.1,34.36,35.1,2420111
NRG,NYSE,2019/07/19 16:00:00,35.05,35.55,34.82,35.14,4132303
NRG,NYSE,2019/07/22 16:00:00,35.16,35.23,34.49,34.94,2471653
NRG,NYSE,2019/07/23 16:00:00,35,35.01,34.26,34.49,2684027
NRG,NYSE,2019/07/24 16:00:00,34.53,35.06,34.53,34.76,2226598
NRG,NYSE,2019/07/25 16:00:00,34.54,35.18,34.47,34.87,1897433
NRG,NYSE,2019/07/26 16:00:00,34.98,35.13,34.33,34.46,2070552
NRG,NYSE,2019/07/29 16:00:00,34.45,34.52,34.11,34.49,1995824
NRG,NYSE,2019/07/30 16:00:00,34.3,34.81,34.3,34.79,2227711
NRG,NYSE,2019/07/31 16:00:00,34.75,34.76,34.02,34.14,3579056
NRG,NYSE,2019/08/01 16:00:00,34.11,34.98,34.1,34.32,4325303
NRG,NYSE,2019/08/02 16:00:00,34.43,35,34.32,34.74,2797530
NRG,NYSE,2019/08/05 16:00:00,34.67,34.67,33.52,33.72,3093115
NRG,NYSE,2019/08/06 16:00:00,33.72,34.05,33.16,33.93,3232699
NRG,NYSE,2019/08/07 16:00:00,33.98,34.75,32.63,33.3,4928172
NRG,NYSE,2019/08/08 16:00:00,33.43,35.13,33.33,35.12,4843798
NRG,NYSE,2019/08/09 16:00:00,35.09,35.14,33.94,34.15,3310429
NRG,NYSE,2019/08/12 16:00:00,34.04,34.45,33.57,33.94,2221382
NRG,NYSE,2019/08/13 16:00:00,34.01,34.61,33.77,34.59,2383682
NRG,NYSE,2019/08/14 16:00:00,34.3,34.43,33.89,33.98,2153031
NRG,NYSE,2019/08/15 16:00:00,33.97,34.53,33.87,34.32,2338873
NRG,NYSE,2019/08/16 16:00:00,34.46,35.58,34.45,35.47,3132154
NRG,NYSE,2019/08/19 16:00:00,35.71,35.74,35.07,35.46,3602805
NRG,NYSE,2019/08/20 16:00:00,35.39,35.39,34.93,35.3,2058733
NRG,NYSE,2019/08/21 16:00:00,35.46,35.82,35.28,35.78,2260299
NRG,NYSE,2019/08/22 16:00:00,35.79,36.08,35.69,35.85,2306653
NRG,NYSE,2019/08/23 16:00:00,35.82,35.83,34.83,35.02,4258940
NRG,NYSE,2019/08/26 16:00:00,35.26,35.68,35.12,35.66,2000678
NRG,NYSE,2019/08/27 16:00:00,35.82,36.16,35.33,35.37,2678340
NRG,NYSE,2019/08/28 16:00:00,35.37,35.61,35.23,35.35,1469335
NRG,NYSE,2019/08/29 16:00:00,35.59,35.81,35.47,35.66,1554058
NRG,NYSE,2019/08/30 16:00:00,35.82,36.53,35.73,36.4,2009709
NRG,NYSE,2019/09/03 16:00:00,36.26,36.84,36.14,36.8,2386387
NRG,NYSE,2019/09/04 16:00:00,37.11,37.28,36.82,37.21,2287229
NRG,NYSE,2019/09/05 16:00:00,37.16,37.89,37,37.6,2918618
NRG,NYSE,2019/09/06 16:00:00,38.09,38.53,37.66,37.74,2230679
NRG,NYSE,2019/09/09 16:00:00,37.88,38.06,37.57,37.84,1855609
NRG,NYSE,2019/09/10 16:00:00,37.79,38.24,37.69,37.99,2088118
NRG,NYSE,2019/09/11 16:00:00,38.1,38.93,37.82,38.61,2100809
NRG,NYSE,2019/09/12 16:00:00,38.52,38.76,38.26,38.29,2339844
NRG,NYSE,2019/09/13 16:00:00,38.14,38.71,37.73,38.5,2929120
NRG,NYSE,2019/09/16 16:00:00,38.53,39.04,38.35,39.03,2435183
NRG,NYSE,2019/09/17 16:00:00,39.1,39.37,38.8,39.03,2822192
NRG,NYSE,2019/09/18 16:00:00,39.08,39.13,38.57,38.95,3035119
NRG,NYSE,2019/09/19 16:00:00,39.07,39.17,38.7,38.8,2097774
NRG,NYSE,2019/09/20 16:00:00,39.02,39.26,38.72,39.07,4405833
NRG,NYSE,2019/09/23 16:00:00,38.99,39.62,38.85,39.28,2522329
NRG,NYSE,2019/09/24 16:00:00,39.48,39.85,39.29,39.33,2833898
NRG,NYSE,2019/09/25 16:00:00,39.24,39.83,39.24,39.76,2619022
NRG,NYSE,2019/09/26 16:00:00,39.94,40.02,39.44,39.5,2256799
NRG,NYSE,2019/09/27 16:00:00,39.54,39.83,39.17,39.44,1521301
NRG,NYSE,2019/09/30 16:00:00,39.31,39.79,39.31,39.6,1899563
NRG,NYSE,2019/10/01 16:00:00,39.54,39.62,39.03,39.14,1859772
NRG,NYSE,2019/10/02 16:00:00,38.93,39,38.2,38.21,3284754
NRG,NYSE,2019/10/03 16:00:00,38.24,38.67,37.8,38.66,2497433
NRG,NYSE,2019/10/04 16:00:00,38.76,39.19,38.55,39.16,1780902
NRG,NYSE,2019/10/07 16:00:00,39.01,39.21,38.83,38.92,1602397
NRG,NYSE,2019/10/08 16:00:00,38.83,39.46,38.66,39,2500249
NRG,NYSE,2019/10/09 16:00:00,39.1,39.31,38.42,38.76,2104415
NRG,NYSE,2019/10/10 16:00:00,38.7,38.96,38.5,38.8,1518852
NRG,NYSE,2019/10/11 16:00:00,39.06,39.65,38.98,39.18,1646968
NRG,NYSE,2019/10/14 16:00:00,39.3,39.52,39.03,39.12,1615885
NRG,NYSE,2019/10/15 16:00:00,39.15,39.69,39.11,39.38,1205966
NRG,NYSE,2019/10/16 16:00:00,39.38,39.64,39.24,39.52,2136482
NRG,NYSE,2019/10/17 16:00:00,39.62,39.9,39.52,39.75,1456233
NRG,NYSE,2019/10/18 16:00:00,39.62,40.22,39.5,40.15,3082431
NRG,NYSE,2019/10/21 16:00:00,40.29,40.45,40.06,40.35,1530367
NRG,NYSE,2019/10/22 16:00:00,40.51,40.83,40.28,40.75,2287625
NRG,NYSE,2019/10/23 16:00:00,40.65,40.87,40.41,40.62,1792333
NRG,NYSE,2019/10/24 16:00:00,40.72,40.87,40.49,40.84,1793659
NRG,NYSE,2019/10/25 16:00:00,40.56,40.92,40.41,40.81,1791434
NRG,NYSE,2019/10/28 16:00:00,40.92,41.19,40.36,40.38,1963534
NRG,NYSE,2019/10/29 16:00:00,40.26,40.69,40.17,40.51,1771102
NRG,NYSE,2019/10/30 16:00:00,40.62,40.85,40.35,40.75,1232372
NRG,NYSE,2019/10/31 16:00:00,40.71,40.98,40.03,40.12,1891977
NRG,NYSE,2019/11/01 16:00:00,40.3,40.82,40.25,40.69,2129932
NRG,NYSE,2019/11/04 16:00:00,40.8,41.09,40.47,40.81,1878204
NRG,NYSE,2019/11/05 16:00:00,40.81,40.92,39.6,39.61,4309188
NRG,NYSE,2019/11/06 16:00:00,39.75,40.2,39.54,39.58,3780971
NRG,NYSE,2019/11/07 16:00:00,39.94,41.78,39.89,40.04,6602425
NRG,NYSE,2019/11/08 16:00:00,39.76,39.83,38.39,38.44,6554164
NRG,NYSE,2019/11/11 16:00:00,38.64,38.76,38.4,38.54,3451839
NRG,NYSE,2019/11/12 16:00:00,38.57,39.08,38.43,38.74,2292416
NRG,NYSE,2019/11/13 16:00:00,38.78,39.11,38.73,38.79,2469297
NRG,NYSE,2019/11/14 16:00:00,38.9,39.49,38.85,39.41,3120150
NRG,NYSE,2019/11/15 16:00:00,39.45,39.91,39.04,39.8,2907887
NRG,NYSE,2019/11/18 16:00:00,39.88,40.07,39.6,39.8,1808112
NRG,NYSE,2019/11/19 16:00:00,39.78,39.89,39.37,39.39,2409733
NRG,NYSE,2019/11/20 16:00:00,39.37,39.75,39.29,39.64,2947922
NRG,NYSE,2019/11/21 16:00:00,39.82,39.82,39.03,39.2,4088883
NRG,NYSE,2019/11/22 16:00:00,39.32,39.47,39.04,39.37,3505525
NRG,NYSE,2019/11/25 16:00:00,39.26,39.4,38.99,39.19,2886337
NRG,NYSE,2019/11/26 16:00:00,39.24,39.27,38.79,38.92,3600265
NRG,NYSE,2019/11/27 16:00:00,39.12,39.24,38.91,39.07,3246294
NRG,NYSE,2019/11/29 13:00:00,39.01,39.9,38.88,39.73,1677991
NRG,NYSE,2019/12/02 16:00:00,39.67,40.19,39.66,39.86,2500130
NRG,NYSE,2019/12/03 16:00:00,39.77,40.54,39.63,40.41,3466282
NRG,NYSE,2019/12/04 16:00:00,40.19,40.27,39.49,39.52,4480639
NRG,NYSE,2019/12/05 16:00:00,39.51,39.56,38.37,38.58,3718508
NRG,NYSE,2019/12/06 16:00:00,38.56,39.26,38.45,38.47,3952510
NRG,NYSE,2019/12/09 16:00:00,38.65,39.03,38.44,38.56,3096731
NRG,NYSE,2019/12/10 16:00:00,38.61,38.75,38.33,38.38,2829584
NRG,NYSE,2019/12/11 16:00:00,38.39,39.1,38.29,38.92,1915658
NRG,NYSE,2019/12/12 16:00:00,38.86,39.36,38.84,39.33,2391750
NRG,NYSE,2019/12/13 16:00:00,39.38,39.66,39.23,39.37,2483629
NRG,NYSE,2019/12/16 16:00:00,39.35,40.13,39.3,40.12,2452280
NRG,NYSE,2019/12/17 16:00:00,40.19,40.22,39.59,39.59,2893859
NRG,NYSE,2019/12/18 16:00:00,39.51,39.91,39.49,39.76,2078574
NRG,NYSE,2019/12/19 16:00:00,39.78,40.63,39.74,40.31,2793259
NRG,NYSE,2019/12/20 16:00:00,40.41,40.99,40.15,40.62,4070620
NRG,NYSE,2019/12/23 16:00:00,40.69,40.7,39.97,40.08,1699923
NRG,NYSE,2019/12/24 13:00:00,40.11,40.11,39.79,39.89,701872
NRG,NYSE,2019/12/26 16:00:00,39.97,40.05,39.08,39.23,1420027
NRG,NYSE,2019/12/27 16:00:00,39.25,39.43,39.15,39.23,1714525
NRG,NYSE,2019/12/30 16:00:00,39.12,39.3,39.01,39.23,1431039
NRG,NYSE,2019/12/31 16:00:00,39.16,39.76,39.11,39.75,1644452
NRG,NYSE,2020/01/02 16:00:00,39.83,39.99,38.59,38.8,2564003
NRG,NYSE,2020/01/03 16:00:00,38.57,38.79,38.01,38.2,2751309
NRG,NYSE,2020/01/06 16:00:00,38.14,38.18,37.26,37.38,2605644
NRG,NYSE,2020/01/07 16:00:00,37.22,37.58,36.82,36.87,2446023
NRG,NYSE,2020/01/08 16:00:00,36.88,37,36.24,36.86,3594180
NRG,NYSE,2020/01/09 16:00:00,36.89,37.31,36.76,37.14,2329401
NRG,NYSE,2020/01/10 16:00:00,37.23,37.64,37.07,37.31,1859327
NRG,NYSE,2020/01/13 16:00:00,37.22,37.43,36.9,36.92,2447759
NRG,NYSE,2020/01/14 16:00:00,36.94,37.51,36.9,37.5,2727966
NRG,NYSE,2020/01/15 16:00:00,37.38,38.4,37.38,38.13,2736537
NRG,NYSE,2020/01/16 16:00:00,38.27,38.8,38.23,38.62,2059100
NRG,NYSE,2020/01/17 16:00:00,38.62,38.69,38.26,38.54,2209205
NRG,NYSE,2020/01/21 16:00:00,38.51,38.62,38.09,38.52,1958494
NRG,NYSE,2020/01/22 16:00:00,38.68,39.24,38.62,38.68,2445575
NRG,NYSE,2020/01/23 16:00:00,38.61,38.91,38.33,38.87,1912185
NRG,NYSE,2020/01/24 16:00:00,38.79,38.89,37.8,37.96,2912605
NRG,NYSE,2020/01/27 16:00:00,37.67,37.78,36.8,36.82,2094078
NRG,NYSE,2020/01/28 16:00:00,37,37.29,36.83,37.01,1822901
NRG,NYSE,2020/01/29 16:00:00,36.96,37.26,36.36,37.16,2315216
NRG,NYSE,2020/01/30 16:00:00,37.2,37.22,36.58,37.16,2352793
NRG,NYSE,2020/01/31 16:00:00,36.7,37.14,36.65,36.89,3231315
NRG,NYSE,2020/02/03 16:00:00,37.03,37.75,36.97,37.54,2428807
NRG,NYSE,2020/02/04 16:00:00,37.67,38.12,37.26,37.26,3247868
NRG,NYSE,2020/02/05 16:00:00,37.26,38.41,37.26,38,2897141
NRG,NYSE,2020/02/06 16:00:00,38.11,38.21,37.73,37.83,2283424
NRG,NYSE,2020/02/07 16:00:00,37.81,38.05,37.6,37.88,1302271
NRG,NYSE,2020/02/10 16:00:00,37.86,38.32,37.64,38.29,1810836
NRG,NYSE,2020/02/11 16:00:00,38.49,39.37,38.41,38.84,1978112
NRG,NYSE,2020/02/12 16:00:00,38.85,39.51,38.78,39.24,1822185
NRG,NYSE,2020/02/13 16:00:00,39.22,39.7,39.1,39.56,1749292
NRG,NYSE,2020/02/14 16:00:00,39.65,40.06,39.51,40.06,1825522
NRG,NYSE,2020/02/18 16:00:00,40.01,40.25,39.76,39.95,1828227
NRG,NYSE,2020/02/19 16:00:00,40.11,40.15,39.39,39.4,1888222
NRG,NYSE,2020/02/20 16:00:00,39.38,39.38,38.28,39.04,2425725
NRG,NYSE,2020/02/21 16:00:00,38.89,39.4,38.81,39.37,1854635
NRG,NYSE,2020/02/24 16:00:00,38.79,39.03,38.07,38.14,2629730
NRG,NYSE,2020/02/25 16:00:00,38.08,38.08,36.04,36.13,3499664
NRG,NYSE,2020/02/26 16:00:00,36.15,36.3,35.03,35.05,3559379
NRG,NYSE,2020/02/27 16:00:00,34.85,35.42,33.51,34.5,3885257
NRG,NYSE,2020/02/28 16:00:00,33.65,33.65,31.9,33.21,6020229
NRG,NYSE,2020/03/02 16:00:00,33.31,34.19,32.86,34.17,3885155
NRG,NYSE,2020/03/03 16:00:00,34.22,34.97,33.05,33.3,3208772
NRG,NYSE,2020/03/04 16:00:00,33.77,35.5,33.72,35.45,4961192
NRG,NYSE,2020/03/05 16:00:00,34.55,35.1,33.85,34.35,3470954
NRG,NYSE,2020/03/06 16:00:00,32.98,34.44,32.83,34.32,3078686
NRG,NYSE,2020/03/09 16:00:00,31.53,31.87,29.33,30.13,4954659
NRG,NYSE,2020/03/10 16:00:00,31.32,32.37,30.46,32.35,4503926
NRG,NYSE,2020/03/11 16:00:00,31.29,31.47,29.21,30,5745381
NRG,NYSE,2020/03/12 16:00:00,27.98,29.45,26.46,26.6,6385514
NRG,NYSE,2020/03/13 16:00:00,28.38,28.89,25.86,28.85,5398178
NRG,NYSE,2020/03/16 16:00:00,25.66,28.57,24.75,24.89,3893822
NRG,NYSE,2020/03/17 16:00:00,25.53,26.53,23.24,23.57,4547844
NRG,NYSE,2020/03/18 16:00:00,21.62,22.27,19.54,21.99,5335191
NRG,NYSE,2020/03/19 16:00:00,21.98,24.3,20.55,23.95,3611587
NRG,NYSE,2020/03/20 16:00:00,24.39,25.68,22.92,23.31,6081243
NRG,NYSE,2020/03/23 16:00:00,23.1,23.1,20.97,22.16,5404724
NRG,NYSE,2020/03/24 16:00:00,23.49,26.02,23.35,25.76,4211477
NRG,NYSE,2020/03/25 16:00:00,25.83,27.47,24.33,26.29,4666461
NRG,NYSE,2020/03/26 16:00:00,26.59,28.72,26.2,28.24,3597545
NRG,NYSE,2020/03/27 16:00:00,26.83,30.39,26.74,29.55,3399444
NRG,NYSE,2020/03/30 16:00:00,29.65,30,27.51,28.45,3588883
NRG,NYSE,2020/03/31 16:00:00,28.63,28.63,26.97,27.26,2982451
NRG,NYSE,2020/04/01 16:00:00,26.33,26.97,25.3,26.84,3880525
NRG,NYSE,2020/04/02 16:00:00,26.67,28.03,26.07,27.79,6675475
NRG,NYSE,2020/04/03 16:00:00,27.5,28.12,25.75,26.21,6458705
NRG,NYSE,2020/04/06 16:00:00,27.62,27.81,26.41,27.24,2995969
NRG,NYSE,2020/04/07 16:00:00,28.64,29.12,27.27,27.36,3158493
NRG,NYSE,2020/04/08 16:00:00,27.45,29.84,27.2,29.45,2547492
NRG,NYSE,2020/04/09 16:00:00,30.22,31.8,30.15,30.76,4053068
NRG,NYSE,2020/04/13 16:00:00,30.47,30.75,29.22,29.98,2122210
NRG,NYSE,2020/04/14 16:00:00,30.46,30.77,29.5,30.41,2359292
NRG,NYSE,2020/04/15 16:00:00,29.41,29.87,29.06,29.5,2733902
NRG,NYSE,2020/04/16 16:00:00,29.5,29.89,28.61,29.69,4127268
NRG,NYSE,2020/04/17 16:00:00,30.37,31.59,30.16,31.37,3055891
NRG,NYSE,2020/04/20 16:00:00,30.71,31.87,30.51,31.03,3348548
NRG,NYSE,2020/04/21 16:00:00,29.91,30.98,29.75,30.31,2488563
NRG,NYSE,2020/04/22 16:00:00,30.92,31.33,30.23,31.09,3442247
NRG,NYSE,2020/04/23 16:00:00,31.25,31.65,30.83,31.23,2170343
NRG,NYSE,2020/04/24 16:00:00,31.77,32.81,31.45,32.6,2481240
NRG,NYSE,2020/04/27 16:00:00,33.24,33.83,32.72,33.68,2376890
NRG,NYSE,2020/04/28 16:00:00,34.81,35.64,33.47,33.71,3463156
NRG,NYSE,2020/04/29 16:00:00,34.72,35.13,34.05,34.64,3530393
NRG,NYSE,2020/04/30 16:00:00,34.16,34.23,32.94,33.53,2636587
NRG,NYSE,2020/05/01 16:00:00,32.92,33.03,32.25,32.97,1812469
NRG,NYSE,2020/05/04 16:00:00,32.74,33.11,32.06,32.95,2200730
NRG,NYSE,2020/05/05 16:00:00,33.32,34.11,32.88,32.89,2798204
NRG,NYSE,2020/05/06 16:00:00,33.05,33.06,32.18,32.78,2553536
NRG,NYSE,2020/05/07 16:00:00,32.63,33.03,31.4,32.12,4350131
NRG,NYSE,2020/05/08 16:00:00,32.5,33.39,32.29,32.77,2407654
NRG,NYSE,2020/05/11 16:00:00,32.43,32.76,31.89,32.5,2625313
NRG,NYSE,2020/05/12 16:00:00,32.58,32.85,32.05,32.07,3763959
NRG,NYSE,2020/05/13 16:00:00,31.94,32.05,31.12,31.75,3145315
NRG,NYSE,2020/05/14 16:00:00,31.29,32.71,30.69,32.65,2665670
NRG,NYSE,2020/05/15 16:00:00,32.39,32.93,32.01,32.6,2708390
NRG,NYSE,2020/05/18 16:00:00,33.52,35.83,33.25,35.53,3769580
NRG,NYSE,2020/05/19 16:00:00,35.27,36.03,35.03,35.35,2427675
NRG,NYSE,2020/05/20 16:00:00,35.93,36.78,35.4,35.5,2650701
NRG,NYSE,2020/05/21 16:00:00,35.5,35.96,35.23,35.3,1905255
NRG,NYSE,2020/05/22 16:00:00,35.29,35.73,35.08,35.72,1524139
NRG,NYSE,2020/05/26 16:00:00,36.58,37.09,35.59,35.74,2330385
NRG,NYSE,2020/05/27 16:00:00,36.11,36.75,35.68,35.97,2344940
NRG,NYSE,2020/05/28 16:00:00,36.47,36.88,35.82,36.44,2298071
NRG,NYSE,2020/05/29 16:00:00,36.38,36.46,35.45,36.05,3487192
NRG,NYSE,2020/06/01 16:00:00,36.06,36.41,35.65,36.09,1692935
NRG,NYSE,2020/06/02 16:00:00,36.42,36.51,35.81,35.9,2319128
NRG,NYSE,2020/06/03 16:00:00,36.29,36.62,36.08,36.38,3020957
NRG,NYSE,2020/06/04 16:00:00,36.2,36.47,35.03,35.44,3377254
NRG,NYSE,2020/06/05 16:00:00,36.09,37.05,35.66,36.72,4298180
NRG,NYSE,2020/06/08 16:00:00,36.83,38.27,36.8,38.16,2784764
NRG,NYSE,2020/06/09 16:00:00,37.57,37.75,36.31,36.4,1985118
NRG,NYSE,2020/06/10 16:00:00,36.34,36.74,35.73,36.19,2744882
NRG,NYSE,2020/06/11 16:00:00,35.31,35.38,33.69,33.77,3303474
NRG,NYSE,2020/06/12 16:00:00,34.59,34.8,33.04,33.68,3070804
NRG,NYSE,2020/06/15 16:00:00,32.96,33.51,32.05,33.31,2684562
NRG,NYSE,2020/06/16 16:00:00,34.37,34.8,33.56,33.76,2237810
NRG,NYSE,2020/06/17 16:00:00,33.88,34.09,33.19,33.59,2601569
NRG,NYSE,2020/06/18 16:00:00,33.39,33.84,33.15,33.63,1886263
NRG,NYSE,2020/06/19 16:00:00,34.19,34.3,33.45,34.08,4532772
NRG,NYSE,2020/06/22 16:00:00,33.99,34.31,33.18,34.15,2443636
NRG,NYSE,2020/06/23 16:00:00,34.41,34.46,32.95,33,2368754
NRG,NYSE,2020/06/24 16:00:00,32.71,32.99,32.07,32.57,2928784
NRG,NYSE,2020/06/25 16:00:00,32.38,32.76,31.96,32.63,2935236
NRG,NYSE,2020/06/26 16:00:00,32.59,32.59,31.24,31.57,4581862
NRG,NYSE,2020/06/29 16:00:00,31.86,32.96,31.26,32.94,2523466
NRG,NYSE,2020/06/30 16:00:00,32.84,32.85,32.28,32.56,2012782
NRG,NYSE,2020/07/01 16:00:00,32.59,33.31,32.41,33.15,1748334
NRG,NYSE,2020/07/02 16:00:00,33.5,33.86,32.68,32.79,1847248
NRG,NYSE,2020/07/06 16:00:00,33.21,33.45,32.77,33.03,1443054
NRG,NYSE,2020/07/07 16:00:00,32.72,32.93,32.42,32.75,2782595
NRG,NYSE,2020/07/08 16:00:00,32.83,33.38,32.6,33.19,2200490
NRG,NYSE,2020/07/09 16:00:00,33.06,33.06,31.66,32.31,2339167
NRG,NYSE,2020/07/10 16:00:00,32.25,32.98,32.2,32.96,1677693
NRG,NYSE,2020/07/13 16:00:00,33.06,33.63,32.78,33.23,2439965
NRG,NYSE,2020/07/14 16:00:00,33.12,34.06,33.12,33.84,2430771
NRG,NYSE,2020/07/15 16:00:00,34.26,34.58,33.95,34.02,1737921
NRG,NYSE,2020/07/16 16:00:00,34.03,34.42,33.74,33.84,1597313
NRG,NYSE,2020/07/17 16:00:00,34.08,34.17,33.42,33.72,1590511
NRG,NYSE,2020/07/20 16:00:00,33.54,33.81,33.12,33.42,2225929
NRG,NYSE,2020/07/21 16:00:00,33.41,33.84,33.21,33.53,1937231
NRG,NYSE,2020/07/22 16:00:00,33.31,33.76,32.94,33.59,2689659
NRG,NYSE,2020/07/23 16:00:00,33.58,33.79,33.06,33.23,3177502
NRG,NYSE,2020/07/24 16:00:00,33,34.23,32.35,34.19,5891158
NRG,NYSE,2020/07/27 16:00:00,34.57,35.55,33.64,33.74,3406046
NRG,NYSE,2020/07/28 16:00:00,33.6,34.21,33.39,33.74,1830920
NRG,NYSE,2020/07/29 16:00:00,33.76,33.92,33.28,33.64,1795895
NRG,NYSE,2020/07/30 16:00:00,33.28,33.92,32.72,33.85,2329835
NRG,NYSE,2020/07/31 16:00:00,33.47,33.84,33.04,33.81,1914135
NRG,NYSE,2020/08/03 16:00:00,33.71,33.79,33.17,33.47,1532898
NRG,NYSE,2020/08/04 16:00:00,33.55,34.1,33.55,34.03,1957000
NRG,NYSE,2020/08/05 16:00:00,34.18,34.41,33.44,33.56,1823435
NRG,NYSE,2020/08/06 16:00:00,33.44,34.12,33.42,33.98,1432605
NRG,NYSE,2020/08/07 16:00:00,33.81,34.57,33.81,34.28,1958456
NRG,NYSE,2020/08/10 16:00:00,34.44,35.26,34.4,34.98,2984394
NRG,NYSE,2020/08/11 16:00:00,35.18,35.66,34.72,34.9,2225174
NRG,NYSE,2020/08/12 16:00:00,35.08,35.49,34.89,35.26,2108180
NRG,NYSE,2020/08/13 16:00:00,35.17,35.39,34.86,35.29,1328607
NRG,NYSE,2020/08/14 16:00:00,35.18,35.22,34.88,34.94,1226875
NRG,NYSE,2020/08/17 16:00:00,34.91,35.68,34.81,35.3,2016371
NRG,NYSE,2020/08/18 16:00:00,35.3,36.35,35.3,36.09,2927432
NRG,NYSE,2020/08/19 16:00:00,36.24,36.28,35.37,35.41,2342651
NRG,NYSE,2020/08/20 16:00:00,35.2,35.41,34.54,34.65,1621086
NRG,NYSE,2020/08/21 16:00:00,34.7,34.95,34.51,34.53,1767075
NRG,NYSE,2020/08/24 16:00:00,34.68,34.83,34.02,34.7,1390808
NRG,NYSE,2020/08/25 16:00:00,34.93,35.02,34.26,34.56,1176042
NRG,NYSE,2020/08/26 16:00:00,34.35,34.35,33.57,33.94,1405605
NRG,NYSE,2020/08/27 16:00:00,33.95,34.25,33.51,33.73,2530669
NRG,NYSE,2020/08/28 16:00:00,33.73,34.33,33.62,34.29,1569075
NRG,NYSE,2020/08/31 16:00:00,34.33,34.71,34.18,34.41,2085602
NRG,NYSE,2020/09/01 16:00:00,34.33,34.47,33.84,34.17,2185400
NRG,NYSE,2020/09/02 16:00:00,34.25,35.51,34.01,35.41,1431159
NRG,NYSE,2020/09/03 16:00:00,35.6,36,33.95,34.23,3417007
NRG,NYSE,2020/09/04 16:00:00,34.33,34.48,33.22,33.38,2125592
NRG,NYSE,2020/09/08 16:00:00,33.22,33.32,31.89,31.96,3111139
NRG,NYSE,2020/09/09 16:00:00,32.27,32.88,32.19,32.36,2236189
NRG,NYSE,2020/09/10 16:00:00,32.25,32.45,31.3,31.38,2186004
NRG,NYSE,2020/09/11 16:00:00,31.5,31.68,31.15,31.61,1788136
NRG,NYSE,2020/09/14 16:00:00,31.7,31.9,31.37,31.54,1676006
NRG,NYSE,2020/09/15 16:00:00,31.67,31.8,30.47,30.6,2376815
NRG,NYSE,2020/09/16 16:00:00,30.6,31.44,30.52,30.92,1841533
NRG,NYSE,2020/09/17 16:00:00,30.56,30.56,29.93,30.54,2358983
NRG,NYSE,2020/09/18 16:00:00,30.41,30.57,29.83,29.93,3561833
NRG,NYSE,2020/09/21 16:00:00,29.47,29.6,28.75,29.15,2592132
NRG,NYSE,2020/09/22 16:00:00,29.21,29.5,28.62,28.84,2221007
NRG,NYSE,2020/09/23 16:00:00,28.97,29.22,28.5,28.52,1885094
NRG,NYSE,2020/09/24 16:00:00,28.49,29.11,28.22,29.03,2441907
NRG,NYSE,2020/09/25 16:00:00,28.83,29.62,28.74,29.52,1659168
NRG,NYSE,2020/09/28 16:00:00,29.85,30.09,29.48,29.52,2087734
NRG,NYSE,2020/09/29 16:00:00,29.76,30.07,29.43,29.7,2255499
NRG,NYSE,2020/09/30 16:00:00,29.95,30.92,29.81,30.74,3045698
NRG,NYSE,2020/10/01 16:00:00,30.79,30.93,30.24,30.63,2224874
NRG,NYSE,2020/10/02 16:00:00,30.25,31.17,29.95,31.06,1826808
NRG,NYSE,2020/10/05 16:00:00,31.15,31.59,30.88,31.27,2018527
NRG,NYSE,2020/10/06 16:00:00,31.31,31.55,30.9,31.1,1408335
NRG,NYSE,2020/10/07 16:00:00,31.13,31.53,31.04,31.39,1944997
NRG,NYSE,2020/10/08 16:00:00,31.48,32.41,31.44,32.35,1829248
NRG,NYSE,2020/10/09 16:00:00,32.53,32.67,32.06,32.27,2999597
NRG,NYSE,2020/10/12 16:00:00,32.35,33.02,32.04,32.76,2345894
NRG,NYSE,2020/10/13 16:00:00,32.7,33.36,32.52,33.21,2817405
NRG,NYSE,2020/10/14 16:00:00,33.26,34.07,33.18,33.71,2568269
NRG,NYSE,2020/10/15 16:00:00,33.2,34.4,33.1,34.04,1921285
NRG,NYSE,2020/10/16 16:00:00,34.07,34.22,33.67,33.69,2199369
NRG,NYSE,2020/10/19 16:00:00,33.84,34.14,33.29,33.4,1822627
NRG,NYSE,2020/10/20 16:00:00,33.57,33.72,33.06,33.18,1931571
NRG,NYSE,2020/10/21 16:00:00,33.04,33.11,32.48,32.53,2015359
NRG,NYSE,2020/10/22 16:00:00,32.53,33.32,32.09,33.18,1667023
NRG,NYSE,2020/10/23 16:00:00,33.4,33.76,33.16,33.67,1343455
NRG,NYSE,2020/10/26 16:00:00,33.33,33.95,33.17,33.78,1643810
NRG,NYSE,2020/10/27 16:00:00,33.83,33.98,33.04,33.04,2305002
NRG,NYSE,2020/10/28 16:00:00,32.38,32.77,31.09,31.13,2605709
NRG,NYSE,2020/10/29 16:00:00,31.01,31.74,30.59,31.44,2472091
NRG,NYSE,2020/10/30 16:00:00,31.08,31.72,30.93,31.62,2947543
NRG,NYSE,2020/11/02 16:00:00,32.04,32.33,31.64,32.17,2103109
NRG,NYSE,2020/11/03 16:00:00,32.65,33.32,32.53,32.73,2004252
NRG,NYSE,2020/11/04 16:00:00,32.93,32.94,32.33,32.71,3138543
NRG,NYSE,2020/11/05 16:00:00,32.81,33.3,31.93,32.12,2563918
NRG,NYSE,2020/11/06 16:00:00,32.13,32.35,31.09,31.23,2506600
NRG,NYSE,2020/11/09 16:00:00,32.92,33.56,31.89,31.92,3362582
NRG,NYSE,2020/11/10 16:00:00,32.12,32.85,31.99,32.61,2377344
NRG,NYSE,2020/11/11 16:00:00,32.91,33.04,32.01,32.22,2934151
NRG,NYSE,2020/11/12 16:00:00,32.08,32.23,31.06,31.19,2119714
NRG,NYSE,2020/11/13 16:00:00,31.32,32.28,31.31,32.14,2289817
NRG,NYSE,2020/11/16 16:00:00,32.67,32.92,32.19,32.65,2091618
NRG,NYSE,2020/11/17 16:00:00,32.5,32.65,31.85,31.89,2295632
NRG,NYSE,2020/11/18 16:00:00,32,32.46,31.33,31.34,2508138
NRG,NYSE,2020/11/19 16:00:00,31.43,31.46,30.58,30.97,2704970
NRG,NYSE,2020/11/20 16:00:00,30.95,31,30.47,30.54,2729275
NRG,NYSE,2020/11/23 16:00:00,30.62,30.99,30.59,30.81,2340836
NRG,NYSE,2020/11/24 16:00:00,31.17,31.82,30.86,31.78,2570132
NRG,NYSE,2020/11/25 16:00:00,31.73,32.31,31.58,32.25,2483718
NRG,NYSE,2020/11/27 13:00:00,32.24,32.62,32.06,32.51,1419830
NRG,NYSE,2020/11/30 16:00:00,32.66,33.06,32.13,32.75,4917292
NRG,NYSE,2020/12/01 16:00:00,32.94,33.74,32.9,33.36,4271651
NRG,NYSE,2020/12/02 16:00:00,33.29,33.64,32.8,33.6,2151797
NRG,NYSE,2020/12/03 16:00:00,33.28,33.47,32.85,33.1,1724159
NRG,NYSE,2020/12/04 16:00:00,33.07,34.54,33.07,34.52,2814300
NRG,NYSE,2020/12/07 16:00:00,34.52,34.7,33.78,33.88,1555452
NRG,NYSE,2020/12/08 16:00:00,33.79,34.07,33.64,34.01,1356573
NRG,NYSE,2020/12/09 16:00:00,34.1,34.46,33.7,33.81,1676936
NRG,NYSE,2020/12/10 16:00:00,33.57,33.94,33.15,33.91,1847633
NRG,NYSE,2020/12/11 16:00:00,33.9,33.9,33.13,33.18,2279635
NRG,NYSE,2020/12/14 16:00:00,33.62,33.84,32.53,32.63,2240965
NRG,NYSE,2020/12/15 16:00:00,32.93,33.74,32.7,33.57,1653065
NRG,NYSE,2020/12/16 16:00:00,33.77,33.85,33.27,33.38,1627061
NRG,NYSE,2020/12/17 16:00:00,33.39,33.64,33.12,33.54,2500018
NRG,NYSE,2020/12/18 16:00:00,33.79,34.08,33.62,33.79,4427929
NRG,NYSE,2020/12/21 16:00:00,33.3,33.71,33.09,33.7,2291925
NRG,NYSE,2020/12/22 16:00:00,33.71,34.55,33.65,34.55,1678093
NRG,NYSE,2020/12/23 16:00:00,34.78,35.55,34.78,35.33,1803031
NRG,NYSE,2020/12/24 13:00:00,35.29,35.29,34.66,35.08,732671
NRG,NYSE,2020/12/28 16:00:00,35.41,35.75,35.14,35.23,1107181
NRG,NYSE,2020/12/29 16:00:00,35.42,35.67,35.16,35.55,1365286
NRG,NYSE,2020/12/30 16:00:00,35.63,36.67,35.56,36.36,1764358
NRG,NYSE,2020/12/31 16:00:00,36.36,37.64,36.36,37.55,2629989
NRG,NYSE,2021/01/04 16:00:00,37.73,37.77,36.17,36.3,2887700
NRG,NYSE,2021/01/05 16:00:00,35.9,37.14,35.73,36.81,2240075
NRG,NYSE,2021/01/06 16:00:00,37.26,37.76,37.03,37.22,2506864
NRG,NYSE,2021/01/07 16:00:00,37.5,37.97,36.96,37.4,2715632
NRG,NYSE,2021/01/08 16:00:00,37.77,39.27,37.7,39.01,3321238
NRG,NYSE,2021/01/11 16:00:00,38.59,39.83,38.5,39.72,3490344
NRG,NYSE,2021/01/12 16:00:00,39.82,40.97,39.61,40.82,3898644
NRG,NYSE,2021/01/13 16:00:00,40.6,41.73,40.46,41.4,2401730
NRG,NYSE,2021/01/14 16:00:00,41.37,41.44,40.23,40.24,1837309
NRG,NYSE,2021/01/15 16:00:00,40,41.19,39.78,40.82,2238822
NRG,NYSE,2021/01/19 16:00:00,40.95,41.65,40.18,41.23,3618412
NRG,NYSE,2021/01/20 16:00:00,41.14,41.35,40.47,40.61,2768539
NRG,NYSE,2021/01/21 16:00:00,40.94,41.15,40.23,40.87,2071054
NRG,NYSE,2021/01/22 16:00:00,40.67,41.71,40.46,41.53,1501726
NRG,NYSE,2021/01/25 16:00:00,41.6,42.95,41.24,41.93,2165083
NRG,NYSE,2021/01/26 16:00:00,41.88,42.18,40.97,41.08,1710737
NRG,NYSE,2021/01/27 16:00:00,40.58,40.74,39.55,39.8,3206960
NRG,NYSE,2021/01/28 16:00:00,39.85,41.86,39.58,41.22,2169728
NRG,NYSE,2021/01/29 16:00:00,40.68,42.55,40.59,41.41,3815864
NRG,NYSE,2021/02/01 16:00:00,41.67,42.63,40.86,42.23,2361669
NRG,NYSE,2021/02/02 16:00:00,42.4,43.54,42.26,42.75,2677555
NRG,NYSE,2021/02/03 16:00:00,42.69,42.85,42.05,42.46,2039811
NRG,NYSE,2021/02/04 16:00:00,42.48,42.76,40.97,41.95,3114969
NRG,NYSE,2021/02/05 16:00:00,42.2,42.52,41.66,41.84,1984624
NRG,NYSE,2021/02/08 16:00:00,42.13,42.16,41.59,42.07,1694315
NRG,NYSE,2021/02/09 16:00:00,42.16,42.76,42.11,42.69,924952
NRG,NYSE,2021/02/10 16:00:00,42.96,43.23,42.4,43.08,1365728
NRG,NYSE,2021/02/11 16:00:00,43.2,43.25,42.4,42.88,2032102
NRG,NYSE,2021/02/12 16:00:00,42.55,43.15,42.39,43.04,2259929
NRG,NYSE,2021/02/16 16:00:00,40.65,41.4,39.56,40.59,6737591
NRG,NYSE,2021/02/17 16:00:00,40.75,41.19,39.14,39.77,4729695
NRG,NYSE,2021/02/18 16:00:00,39.64,39.8,37.9,37.9,4651767
NRG,NYSE,2021/02/19 16:00:00,38.66,40.1,37.87,39.58,5459721
NRG,NYSE,2021/02/22 16:00:00,39.24,39.33,36.68,36.9,5257724
NRG,NYSE,2021/02/23 16:00:00,37.05,38.59,36.39,38.28,4828080
NRG,NYSE,2021/02/24 16:00:00,38.41,39.1,37.91,38.42,3443375
NRG,NYSE,2021/02/25 16:00:00,38.28,38.85,37.32,37.57,2330692
NRG,NYSE,2021/02/26 16:00:00,36.5,36.9,35.82,36.51,7710668
NRG,NYSE,2021/03/01 16:00:00,41.98,43.04,40.33,40.36,11537828
NRG,NYSE,2021/03/02 16:00:00,40.41,40.63,38.58,39.28,4541801
NRG,NYSE,2021/03/03 16:00:00,39.25,39.38,37.83,38.71,3713511
NRG,NYSE,2021/03/04 16:00:00,38.72,39.56,37.91,38.75,3487360
NRG,NYSE,2021/03/05 16:00:00,39.03,40.07,38.51,39.85,3409325
NRG,NYSE,2021/03/08 16:00:00,39.97,42.22,39.8,41.63,3222903
NRG,NYSE,2021/03/09 16:00:00,42.3,43.1,41.67,42.83,3653012
NRG,NYSE,2021/03/10 16:00:00,42.77,42.96,40.42,40.74,4519970
NRG,NYSE,2021/03/11 16:00:00,41.06,43.48,40.89,42.54,3850079
NRG,NYSE,2021/03/12 16:00:00,42.59,42.82,41.28,41.5,3166675
NRG,NYSE,2021/03/15 16:00:00,41.73,44.08,41.53,43.93,4394590
NRG,NYSE,2021/03/16 16:00:00,43.72,43.85,42.87,43.44,2400352
NRG,NYSE,2021/03/17 16:00:00,38.15,38.61,36.02,36.18,17004781
NRG,NYSE,2021/03/18 16:00:00,36.25,37.41,35.75,36.4,8479926
NRG,NYSE,2021/03/19 16:00:00,36.8,37.47,36.33,37.04,11378107
NRG,NYSE,2021/03/22 16:00:00,36.87,36.93,35.69,35.78,6012793
NRG,NYSE,2021/03/23 16:00:00,35.7,35.86,34.96,35.82,3832915
NRG,NYSE,2021/03/24 16:00:00,35.83,36.9,35.82,35.93,3874795
NRG,NYSE,2021/03/25 16:00:00,35.9,36.87,35.43,36.77,2747786
NRG,NYSE,2021/03/26 16:00:00,37.05,37.45,36.57,37.4,2107151
NRG,NYSE,2021/03/29 16:00:00,37.08,38.1,36.9,37.84,2362453
NRG,NYSE,2021/03/30 16:00:00,37.54,38.03,36.76,37.09,3770182
NRG,NYSE,2021/03/31 16:00:00,37.33,37.85,37.03,37.73,3391781
NRG,NYSE,2021/04/01 16:00:00,37.72,37.76,37.01,37.46,2548542
NRG,NYSE,2021/04/05 16:00:00,37.8,38.18,37.5,37.52,2056839
NRG,NYSE,2021/04/06 16:00:00,37.77,38.52,37.48,38.39,2299650
NRG,NYSE,2021/04/07 16:00:00,38.29,38.73,37.89,38.15,2215723
NRG,NYSE,2021/04/08 16:00:00,38.21,39,37.85,38.35,3671075
NRG,NYSE,2021/04/09 16:00:00,38.25,38.98,38.22,38.73,1720829
CSL,NYSE,2019/04/01 16:00:00,123.7,125.54,123.11,125.29,402500
CSL,NYSE,2019/04/02 16:00:00,125.55,125.55,123.73,124.29,314933
CSL,NYSE,2019/04/03 16:00:00,124.77,125.06,123.87,124.66,331425
CSL,NYSE,2019/04/04 16:00:00,124.81,125.55,123.6,124.09,367126
CSL,NYSE,2019/04/05 16:00:00,124.67,125.22,123.2,125.22,389489
CSL,NYSE,2019/04/08 16:00:00,124.42,125.66,124.31,125.5,267805
CSL,NYSE,2019/04/09 16:00:00,125.19,125.39,124.14,124.29,319058
CSL,NYSE,2019/04/10 16:00:00,124.53,125.83,124.22,125.53,208782
CSL,NYSE,2019/04/11 16:00:00,125.45,126.77,124.98,126.55,191413
CSL,NYSE,2019/04/12 16:00:00,127,127.59,125.47,126.9,275075
CSL,NYSE,2019/04/15 16:00:00,126.85,127.57,126.34,127.46,312800
CSL,NYSE,2019/04/16 16:00:00,127.75,127.97,127.03,127.38,219896
CSL,NYSE,2019/04/17 16:00:00,127.96,128.01,126.36,126.86,264651
CSL,NYSE,2019/04/18 16:00:00,127.43,127.95,126.16,127.93,320373
CSL,NYSE,2019/04/22 16:00:00,127.67,127.99,126.07,126.71,465237
CSL,NYSE,2019/04/23 16:00:00,127.45,128.61,126.81,128.43,851934
CSL,NYSE,2019/04/24 16:00:00,137.82,141.5,135.25,138.1,2021950
CSL,NYSE,2019/04/25 16:00:00,137.71,139.27,136.03,137.49,567466
CSL,NYSE,2019/04/26 16:00:00,137.53,140.03,137.32,139.95,408623
CSL,NYSE,2019/04/29 16:00:00,139.68,140,138.66,139.72,367597
CSL,NYSE,2019/04/30 16:00:00,140,141.61,139.22,141.42,593326
CSL,NYSE,2019/05/01 16:00:00,142,142,140.1,140.15,251811
CSL,NYSE,2019/05/02 16:00:00,139.94,140.87,138.92,139.81,394469
CSL,NYSE,2019/05/03 16:00:00,139.82,141.07,139.62,140.47,361949
CSL,NYSE,2019/05/06 16:00:00,138.3,139.24,138.11,139.01,475705
CSL,NYSE,2019/05/07 16:00:00,138.34,138.91,136.8,137.65,223003
CSL,NYSE,2019/05/08 16:00:00,137.37,138,136.01,136.03,248845
CSL,NYSE,2019/05/09 16:00:00,135.41,136.14,134.42,135.52,336810
CSL,NYSE,2019/05/10 16:00:00,135.27,136.93,134.15,136.35,230478
CSL,NYSE,2019/05/13 16:00:00,134.09,135.35,133.49,134.59,392168
CSL,NYSE,2019/05/14 16:00:00,134.91,136.01,134.13,135.1,227433
CSL,NYSE,2019/05/15 16:00:00,134.51,136.99,133.5,136.36,560878
CSL,NYSE,2019/05/16 16:00:00,136.8,138.05,136.21,137.43,382375
CSL,NYSE,2019/05/17 16:00:00,136.67,138.64,136.67,136.91,180161
CSL,NYSE,2019/05/20 16:00:00,135.84,137.4,135.36,136.27,191310
CSL,NYSE,2019/05/21 16:00:00,136.87,138.04,136.44,137.73,249213
CSL,NYSE,2019/05/22 16:00:00,137.32,137.65,135.39,135.41,287468
CSL,NYSE,2019/05/23 16:00:00,134.45,135.54,133.27,134.06,234760
CSL,NYSE,2019/05/24 16:00:00,134.86,135.85,134.41,135.26,221725
CSL,NYSE,2019/05/28 16:00:00,135.38,136.77,135.06,135.13,240125
CSL,NYSE,2019/05/29 16:00:00,134.38,136.06,133.36,135.58,252416
CSL,NYSE,2019/05/30 16:00:00,135.78,137.36,135.57,136.96,242915
CSL,NYSE,2019/05/31 16:00:00,135.79,135.83,132.99,133.31,430834
CSL,NYSE,2019/06/03 16:00:00,133.24,134.62,133,133.26,506853
CSL,NYSE,2019/06/04 16:00:00,133.26,135.51,132.8,135.27,532371
CSL,NYSE,2019/06/05 16:00:00,135.52,136.74,134.72,136.27,277397
CSL,NYSE,2019/06/06 16:00:00,136.43,136.69,135.63,136.43,278801
CSL,NYSE,2019/06/07 16:00:00,136.99,138.49,136.58,137.84,239639
CSL,NYSE,2019/06/10 16:00:00,138.63,139.24,138.32,138.82,208453
CSL,NYSE,2019/06/11 16:00:00,138.2,139.87,137.31,137.92,163984
CSL,NYSE,2019/06/12 16:00:00,137.88,138.35,137.58,137.99,233778
CSL,NYSE,2019/06/13 16:00:00,138.13,138.79,136.95,137.79,214378
CSL,NYSE,2019/06/14 16:00:00,137.74,137.74,136.77,137.13,211143
CSL,NYSE,2019/06/17 16:00:00,137.23,138.08,135.18,135.53,312253
CSL,NYSE,2019/06/18 16:00:00,136.55,137.69,136.17,136.68,321941
CSL,NYSE,2019/06/19 16:00:00,136.57,138.33,136.08,138.28,460932
CSL,NYSE,2019/06/20 16:00:00,139.45,141.28,139.35,141.12,546903
CSL,NYSE,2019/06/21 16:00:00,140.52,140.61,139.13,139.23,417647
CSL,NYSE,2019/06/24 16:00:00,139.02,142.3,138.41,141.15,461665
CSL,NYSE,2019/06/25 16:00:00,141.47,141.6,138.42,138.43,321656
CSL,NYSE,2019/06/26 16:00:00,138.35,139.03,136.41,137.1,262175
CSL,NYSE,2019/06/27 16:00:00,137.62,139.14,137.22,138.97,355609
CSL,NYSE,2019/06/28 16:00:00,138.75,140.67,138.49,140.41,1454851
CSL,NYSE,2019/07/01 16:00:00,140.79,142.03,140.01,140.95,290505
CSL,NYSE,2019/07/02 16:00:00,141.41,141.41,139.72,140.14,281353
CSL,NYSE,2019/07/03 13:00:00,140.51,140.77,139.51,140.03,209870
CSL,NYSE,2019/07/05 16:00:00,139.21,139.49,137.66,139.35,196419
CSL,NYSE,2019/07/08 16:00:00,137.96,138.51,136.81,137.33,317842
CSL,NYSE,2019/07/09 16:00:00,136.94,137.33,135.09,136,305461
CSL,NYSE,2019/07/10 16:00:00,136.14,137.3,134.81,134.87,223897
CSL,NYSE,2019/07/11 16:00:00,135.04,135.55,133.51,133.94,244650
CSL,NYSE,2019/07/12 16:00:00,133.87,135.74,133.87,135.38,239441
CSL,NYSE,2019/07/15 16:00:00,135.38,135.53,133.96,134.05,247917
CSL,NYSE,2019/07/16 16:00:00,133.9,135.58,133.9,135.1,330042
CSL,NYSE,2019/07/17 16:00:00,135.01,135.01,131.91,132.05,290169
CSL,NYSE,2019/07/18 16:00:00,132.21,132.25,131.02,131.24,308479
CSL,NYSE,2019/07/19 16:00:00,131.43,131.96,129.81,129.84,359518
CSL,NYSE,2019/07/22 16:00:00,130.01,130.26,128.66,129.81,446006
CSL,NYSE,2019/07/23 16:00:00,130.73,132.47,129.74,132.16,457978
CSL,NYSE,2019/07/24 16:00:00,142.95,142.95,137.7,139.73,1003391
CSL,NYSE,2019/07/25 16:00:00,140.19,141.11,138.26,140.86,622457
CSL,NYSE,2019/07/26 16:00:00,140.97,143.01,140.13,142.01,342333
CSL,NYSE,2019/07/29 16:00:00,142.31,143.67,140.48,143.5,536036
CSL,NYSE,2019/07/30 16:00:00,143.03,144.81,141.78,143.85,367683
CSL,NYSE,2019/07/31 16:00:00,144.09,146.16,142.94,144.21,696294
CSL,NYSE,2019/08/01 16:00:00,143.89,145.12,139.78,139.96,462326
CSL,NYSE,2019/08/02 16:00:00,139.78,140.8,138.53,140.04,434483
CSL,NYSE,2019/08/05 16:00:00,137.69,138.58,136.58,137.09,449427
CSL,NYSE,2019/08/06 16:00:00,137.51,139.49,137.44,139.06,318595
CSL,NYSE,2019/08/07 16:00:00,138.21,139.23,135.55,138.69,471367
CSL,NYSE,2019/08/08 16:00:00,139.77,141.71,139.57,140.89,500286
CSL,NYSE,2019/08/09 16:00:00,140.99,141.88,139.93,140.91,221302
CSL,NYSE,2019/08/12 16:00:00,140.12,141.4,139.38,139.61,206873
CSL,NYSE,2019/08/13 16:00:00,140.12,144.44,139.94,143.21,433224
CSL,NYSE,2019/08/14 16:00:00,141.19,141.61,139.37,139.58,422222
CSL,NYSE,2019/08/15 16:00:00,139.55,139.78,136.04,136.81,481172
CSL,NYSE,2019/08/16 16:00:00,137.58,141.87,137.43,140.99,862051
CSL,NYSE,2019/08/19 16:00:00,141.81,142.21,140.82,141.38,170053
CSL,NYSE,2019/08/20 16:00:00,141.13,142.28,139.61,141.08,270437
CSL,NYSE,2019/08/21 16:00:00,142.46,143.08,140.66,141.12,283967
CSL,NYSE,2019/08/22 16:00:00,141.82,142.42,140.69,140.87,217170
CSL,NYSE,2019/08/23 16:00:00,139.82,140.62,136.72,137.16,442300
CSL,NYSE,2019/08/26 16:00:00,138.35,138.7,136.06,136.6,315449
CSL,NYSE,2019/08/27 16:00:00,137.7,138.01,136,137.3,380443
CSL,NYSE,2019/08/28 16:00:00,137.14,139.25,135.77,139.11,253885
CSL,NYSE,2019/08/29 16:00:00,140.14,142.39,140.11,141.61,342908
CSL,NYSE,2019/08/30 16:00:00,142.55,145.08,142.33,144.96,302018
CSL,NYSE,2019/09/03 16:00:00,143.98,144.06,140.4,141.82,261604
CSL,NYSE,2019/09/04 16:00:00,142.83,144.99,142.83,143.63,320816
CSL,NYSE,2019/09/05 16:00:00,145.1,145.48,143.68,144.76,387695
CSL,NYSE,2019/09/06 16:00:00,144.82,145.53,143.54,143.67,316052
CSL,NYSE,2019/09/09 16:00:00,144.53,145.33,143.31,144.3,368842
CSL,NYSE,2019/09/10 16:00:00,143.94,143.94,139.32,141.12,466588
CSL,NYSE,2019/09/11 16:00:00,142.3,147.83,140.74,147.76,473893
CSL,NYSE,2019/09/12 16:00:00,147.5,147.86,145.65,147.4,419947
CSL,NYSE,2019/09/13 16:00:00,148.4,149.45,147.82,149.29,460733
CSL,NYSE,2019/09/16 16:00:00,147.77,148.4,142.69,143.34,574275
CSL,NYSE,2019/09/17 16:00:00,142.93,145.64,142.06,145.29,418485
CSL,NYSE,2019/09/18 16:00:00,144.39,145.58,142.69,145.13,349982
CSL,NYSE,2019/09/19 16:00:00,145.05,147.01,144.39,145.4,355781
CSL,NYSE,2019/09/20 16:00:00,146.08,146.97,144.93,145.23,730746
CSL,NYSE,2019/09/23 16:00:00,144.19,145.18,143.46,144.05,197473
CSL,NYSE,2019/09/24 16:00:00,144.38,145.75,143.73,144.81,359611
CSL,NYSE,2019/09/25 16:00:00,144.31,145.69,142.79,145.25,309978
CSL,NYSE,2019/09/26 16:00:00,145.19,145.85,144.32,145.16,174101
CSL,NYSE,2019/09/27 16:00:00,145.86,146.08,142.7,143.01,244272
CSL,NYSE,2019/09/30 16:00:00,143.59,145.94,143.59,145.54,358025
CSL,NYSE,2019/10/01 16:00:00,146.23,147.07,141.88,142.04,294088
CSL,NYSE,2019/10/02 16:00:00,141.17,141.6,138.77,139.27,316669
CSL,NYSE,2019/10/03 16:00:00,138.86,139.87,137.02,139.84,250180
CSL,NYSE,2019/10/04 16:00:00,140.1,141.42,139.65,141.42,191719
CSL,NYSE,2019/10/07 16:00:00,140.97,140.97,139.03,139.28,279347
CSL,NYSE,2019/10/08 16:00:00,138,139.83,137.3,138.07,254371
CSL,NYSE,2019/10/09 16:00:00,139.23,140.36,138.4,139.96,143995
CSL,NYSE,2019/10/10 16:00:00,140.05,141.16,139.43,139.99,371170
CSL,NYSE,2019/10/11 16:00:00,142.02,143.13,140.63,140.84,224081
CSL,NYSE,2019/10/14 16:00:00,140.91,141.85,140.24,140.96,187237
CSL,NYSE,2019/10/15 16:00:00,141.5,142.91,141.5,142.32,200006
CSL,NYSE,2019/10/16 16:00:00,141.73,142.75,140.75,140.9,196388
CSL,NYSE,2019/10/17 16:00:00,141.59,142.69,141.4,142.45,194109
CSL,NYSE,2019/10/18 16:00:00,141.52,143.47,141.15,143.02,285256
CSL,NYSE,2019/10/21 16:00:00,144.34,145.48,143.87,145.3,338544
CSL,NYSE,2019/10/22 16:00:00,146.33,146.98,144.39,145.06,301766
CSL,NYSE,2019/10/23 16:00:00,152.5,155.01,150,154.39,1020687
CSL,NYSE,2019/10/24 16:00:00,154.7,154.77,152.21,153.63,611395
CSL,NYSE,2019/10/25 16:00:00,154.25,156.13,154.15,154.76,321477
CSL,NYSE,2019/10/28 16:00:00,155.25,156.75,155.2,155.7,414884
CSL,NYSE,2019/10/29 16:00:00,155.17,157.05,154.9,155.71,360577
CSL,NYSE,2019/10/30 16:00:00,155.88,156.28,154.32,154.97,282538
CSL,NYSE,2019/10/31 16:00:00,154.67,154.67,151.77,152.27,470441
CSL,NYSE,2019/11/01 16:00:00,153.41,156.34,152.53,156.34,460907
CSL,NYSE,2019/11/04 16:00:00,157.35,159.5,156.98,158.29,458054
CSL,NYSE,2019/11/05 16:00:00,158.55,160.4,158.55,160.34,433431
CSL,NYSE,2019/11/06 16:00:00,160.4,160.52,158.81,159.91,272431
CSL,NYSE,2019/11/07 16:00:00,160.29,160.48,157.29,158.04,255576
CSL,NYSE,2019/11/08 16:00:00,157.98,158.65,157.29,157.9,243408
CSL,NYSE,2019/11/11 16:00:00,157.09,158.93,156.54,158.64,255514
CSL,NYSE,2019/11/12 16:00:00,159.1,161.99,158.65,161.93,462798
CSL,NYSE,2019/11/13 16:00:00,160.74,161.43,157.9,158.27,429339
CSL,NYSE,2019/11/14 16:00:00,157.76,161,157.24,160.96,375239
CSL,NYSE,2019/11/15 16:00:00,161.77,161.77,159.94,161,350590
CSL,NYSE,2019/11/18 16:00:00,160.74,162.09,160.14,161.11,473601
CSL,NYSE,2019/11/19 16:00:00,161.49,163.42,161.11,162.86,373107
CSL,NYSE,2019/11/20 16:00:00,161.77,163.34,159.03,159.4,749104
CSL,NYSE,2019/11/21 16:00:00,159.8,159.91,155.94,156.76,484822
CSL,NYSE,2019/11/22 16:00:00,156.75,156.76,153.22,154.25,441535
CSL,NYSE,2019/11/25 16:00:00,154.69,158.89,154.66,158.72,727184
CSL,NYSE,2019/11/26 16:00:00,158.6,159.99,157.5,159.16,400900
CSL,NYSE,2019/11/27 16:00:00,159.66,159.66,157.26,158.13,149866
CSL,NYSE,2019/11/29 13:00:00,157.4,158.17,155.87,155.98,125654
CSL,NYSE,2019/12/02 16:00:00,156.08,156.73,154.07,154.1,344689
CSL,NYSE,2019/12/03 16:00:00,152.62,154.46,151.64,154.27,327530
CSL,NYSE,2019/12/04 16:00:00,155.12,157.27,154.98,155.62,465449
CSL,NYSE,2019/12/05 16:00:00,156.07,158.54,155.83,157.91,349514
CSL,NYSE,2019/12/06 16:00:00,159.25,160.56,158.25,158.7,423179
CSL,NYSE,2019/12/09 16:00:00,158.15,158.5,157.27,157.27,279388
CSL,NYSE,2019/12/10 16:00:00,156.76,158.15,155.25,155.73,426394
CSL,NYSE,2019/12/11 16:00:00,156.39,158.25,155.8,157.37,611695
CSL,NYSE,2019/12/12 16:00:00,157.13,158.86,156.81,158.51,320129
CSL,NYSE,2019/12/13 16:00:00,158.42,160,157.6,158.96,323603
CSL,NYSE,2019/12/16 16:00:00,159.27,160.6,158.95,159.91,446293
CSL,NYSE,2019/12/17 16:00:00,160.02,161.81,160.02,161.22,332025
CSL,NYSE,2019/12/18 16:00:00,161.48,161.48,159.79,159.99,583539
CSL,NYSE,2019/12/19 16:00:00,159.69,160.61,159.04,160.12,258290
CSL,NYSE,2019/12/20 16:00:00,161.26,163.34,160.85,163.07,857465
CSL,NYSE,2019/12/23 16:00:00,163.23,163.23,161.5,161.64,313942
CSL,NYSE,2019/12/24 13:00:00,161.62,162.49,161.57,161.91,68015
CSL,NYSE,2019/12/26 16:00:00,162.22,162.22,161.09,162.15,154171
CSL,NYSE,2019/12/27 16:00:00,162.59,163.2,161.65,163.04,159204
CSL,NYSE,2019/12/30 16:00:00,162.81,162.81,161.84,162.04,187455
CSL,NYSE,2019/12/31 16:00:00,161.88,162.72,161.35,161.84,216724
CSL,NYSE,2020/01/02 16:00:00,163.04,164.18,161.73,164.06,317398
CSL,NYSE,2020/01/03 16:00:00,161.98,162.42,160.03,161.28,309298
CSL,NYSE,2020/01/06 16:00:00,160.38,161.43,159.87,161.33,273626
CSL,NYSE,2020/01/07 16:00:00,160.13,161.43,158.82,159.08,367595
CSL,NYSE,2020/01/08 16:00:00,158.69,160.62,158.51,160.13,469909
CSL,NYSE,2020/01/09 16:00:00,160.88,162.78,160.36,160.65,343859
CSL,NYSE,2020/01/10 16:00:00,160.96,160.97,159.68,160.29,339025
CSL,NYSE,2020/01/13 16:00:00,160.5,161.04,159.8,160.75,212041
CSL,NYSE,2020/01/14 16:00:00,161.6,162.56,159.83,161.77,275682
CSL,NYSE,2020/01/15 16:00:00,161.64,163.49,159.8,160.46,367905
CSL,NYSE,2020/01/16 16:00:00,161.1,163.14,160.54,162.94,387567
CSL,NYSE,2020/01/17 16:00:00,163.15,164.8,163.15,163.95,263277
CSL,NYSE,2020/01/21 16:00:00,163.17,163.68,162.29,162.61,347722
CSL,NYSE,2020/01/22 16:00:00,163.49,163.71,159.15,159.7,351740
CSL,NYSE,2020/01/23 16:00:00,159.58,159.97,157.61,159.47,357042
CSL,NYSE,2020/01/24 16:00:00,159.54,159.98,155.4,156.52,479722
CSL,NYSE,2020/01/27 16:00:00,153.94,156.36,153.94,155.2,440152
CSL,NYSE,2020/01/28 16:00:00,156.22,157.13,155.08,156.39,320674
CSL,NYSE,2020/01/29 16:00:00,157.08,157.85,156.41,156.69,299629
CSL,NYSE,2020/01/30 16:00:00,155.43,158.53,155.22,158.41,314693
CSL,NYSE,2020/01/31 16:00:00,157.62,159.41,155.91,156.23,781699
CSL,NYSE,2020/02/03 16:00:00,157.7,159.41,156.79,158.12,554856
CSL,NYSE,2020/02/04 16:00:00,160.98,162.47,159.83,161.41,426724
CSL,NYSE,2020/02/05 16:00:00,163.28,163.89,161.39,162.81,282089
CSL,NYSE,2020/02/06 16:00:00,163.51,163.77,159.72,160.95,469565
CSL,NYSE,2020/02/07 16:00:00,167.95,169.86,161.54,162.75,773071
CSL,NYSE,2020/02/10 16:00:00,161.27,161.43,159.11,160.52,527213
CSL,NYSE,2020/02/11 16:00:00,160.5,161.15,159.79,160.02,466415
CSL,NYSE,2020/02/12 16:00:00,160.71,162.74,159.72,162.49,436813
CSL,NYSE,2020/02/13 16:00:00,161.61,162.5,160.42,161.75,356387
CSL,NYSE,2020/02/14 16:00:00,161.93,164.28,161.46,163.31,560661
CSL,NYSE,2020/02/18 16:00:00,162.66,165.18,162.17,162.89,436286
CSL,NYSE,2020/02/19 16:00:00,162.28,163.86,161.94,162.37,456872
CSL,NYSE,2020/02/20 16:00:00,162,163.57,161,162.35,422213
CSL,NYSE,2020/02/21 16:00:00,161.63,163.52,160.86,162.35,771360
CSL,NYSE,2020/02/24 16:00:00,158.38,160.01,157.18,158.99,818795
CSL,NYSE,2020/02/25 16:00:00,159.37,159.71,152.53,153.05,600063
CSL,NYSE,2020/02/26 16:00:00,153.89,156.15,151.93,152.11,479010
CSL,NYSE,2020/02/27 16:00:00,148.97,150.96,145.66,145.75,476264
CSL,NYSE,2020/02/28 16:00:00,142.01,146.1,140.03,145.29,1052970
CSL,NYSE,2020/03/02 16:00:00,146.26,150.99,145.45,150.49,632310
CSL,NYSE,2020/03/03 16:00:00,151.08,154.15,145.3,146.23,667684
CSL,NYSE,2020/03/04 16:00:00,148.37,152.03,147.34,151.45,524218
CSL,NYSE,2020/03/05 16:00:00,147.21,148.46,142.21,144.35,624101
CSL,NYSE,2020/03/06 16:00:00,139.91,145.12,139.35,144.19,564928
CSL,NYSE,2020/03/09 16:00:00,136.81,145.95,135.61,139.81,736968
CSL,NYSE,2020/03/10 16:00:00,142.81,143.02,137.65,142.7,1123457
CSL,NYSE,2020/03/11 16:00:00,139.17,140.38,131.52,133.9,578139
CSL,NYSE,2020/03/12 16:00:00,126.21,126.21,117.99,119.3,898656
CSL,NYSE,2020/03/13 16:00:00,124.83,132.41,120.93,132.18,599994
CSL,NYSE,2020/03/16 16:00:00,120.89,123.78,119.02,120,676447
CSL,NYSE,2020/03/17 16:00:00,121.49,124.64,118.63,124.07,1028873
CSL,NYSE,2020/03/18 16:00:00,117.19,123.72,114.61,123.52,814795
CSL,NYSE,2020/03/19 16:00:00,122.88,124.92,117.82,118.97,760486
CSL,NYSE,2020/03/20 16:00:00,118.73,120.91,102.1,104.24,765160
CSL,NYSE,2020/03/23 16:00:00,103.43,104.94,98.25,100.3,581426
CSL,NYSE,2020/03/24 16:00:00,104.23,110.16,103.89,109.89,469116
CSL,NYSE,2020/03/25 16:00:00,109.8,120.42,107.1,117.65,621439
CSL,NYSE,2020/03/26 16:00:00,119.27,129.74,118.3,129.1,860478
CSL,NYSE,2020/03/27 16:00:00,123.43,125.06,117.31,118.68,517621
CSL,NYSE,2020/03/30 16:00:00,118.21,126.05,117.48,125.44,527912
CSL,NYSE,2020/03/31 16:00:00,123.92,126.21,122.7,125.28,390432
CSL,NYSE,2020/04/01 16:00:00,117.27,121.05,116.15,117.12,400944
CSL,NYSE,2020/04/02 16:00:00,116.48,121.37,115.02,118.02,494631
CSL,NYSE,2020/04/03 16:00:00,117.8,118.66,112.03,112.83,412359
CSL,NYSE,2020/04/06 16:00:00,116.72,121.29,116.72,119.82,639248
CSL,NYSE,2020/04/07 16:00:00,124.51,127.1,121.33,121.45,472958
CSL,NYSE,2020/04/08 16:00:00,123.84,126.8,120.75,125.48,291357
CSL,NYSE,2020/04/09 16:00:00,126.83,130,126.68,126.68,320019
CSL,NYSE,2020/04/13 16:00:00,127.14,127.14,120.91,122.13,222994
CSL,NYSE,2020/04/14 16:00:00,124.92,125.58,123.88,124.69,283848
CSL,NYSE,2020/04/15 16:00:00,122.33,124.66,121,122.55,324959
CSL,NYSE,2020/04/16 16:00:00,122.94,124.08,118.09,119.03,681462
CSL,NYSE,2020/04/17 16:00:00,122.93,125.83,122.41,124.26,544642
CSL,NYSE,2020/04/20 16:00:00,121.89,125.86,121.01,122.63,334111
CSL,NYSE,2020/04/21 16:00:00,120.73,120.99,116.95,117.49,275998
CSL,NYSE,2020/04/22 16:00:00,116.46,121.6,113.25,119.88,697287
CSL,NYSE,2020/04/23 16:00:00,121.02,125.47,120.85,121.36,302755
CSL,NYSE,2020/04/24 16:00:00,122.03,122.08,117.56,118.09,585726
CSL,NYSE,2020/04/27 16:00:00,118.52,125.44,118.46,124.56,529371
CSL,NYSE,2020/04/28 16:00:00,125.8,129.11,122.77,123.56,498258
CSL,NYSE,2020/04/29 16:00:00,126.64,129.88,124.88,127.58,297897
CSL,NYSE,2020/04/30 16:00:00,126.61,126.61,120.58,120.96,637312
CSL,NYSE,2020/05/01 16:00:00,118.44,118.56,113.72,114.94,502781
CSL,NYSE,2020/05/04 16:00:00,114.25,114.55,111.53,113.65,320546
CSL,NYSE,2020/05/05 16:00:00,115.16,117.05,114.55,114.58,256373
CSL,NYSE,2020/05/06 16:00:00,115.16,115.47,111.84,111.98,298786
CSL,NYSE,2020/05/07 16:00:00,113.76,116.67,113.55,115.03,322234
CSL,NYSE,2020/05/08 16:00:00,116.93,120.77,116.83,119.98,432645
CSL,NYSE,2020/05/11 16:00:00,118.99,120.21,117.93,118.48,500655
CSL,NYSE,2020/05/12 16:00:00,118.87,119.85,110,110.02,432240
CSL,NYSE,2020/05/13 16:00:00,109.7,109.94,102.36,103.45,562602
CSL,NYSE,2020/05/14 16:00:00,101.51,107.12,97.55,106.68,663278
CSL,NYSE,2020/05/15 16:00:00,105.53,106.53,104.4,105.07,823474
CSL,NYSE,2020/05/18 16:00:00,109.66,115.62,109.33,114.54,378389
CSL,NYSE,2020/05/19 16:00:00,113.87,117.29,113.36,115.05,567484
CSL,NYSE,2020/05/20 16:00:00,117.19,118.39,116.42,116.82,565930
CSL,NYSE,2020/05/21 16:00:00,116.67,118.62,115.96,116.71,415258
CSL,NYSE,2020/05/22 16:00:00,117.12,117.6,115.05,115.38,527298
CSL,NYSE,2020/05/26 16:00:00,118.85,121.85,117.71,120.84,644235
CSL,NYSE,2020/05/27 16:00:00,123.01,124.42,121.23,123.25,571840
CSL,NYSE,2020/05/28 16:00:00,125.37,127.36,120.91,123.89,459372
CSL,NYSE,2020/05/29 16:00:00,122.16,122.16,118.23,119.86,573330
CSL,NYSE,2020/06/01 16:00:00,119.85,122.54,119.85,122.08,294078
CSL,NYSE,2020/06/02 16:00:00,123.11,123.64,120.89,123.14,357777
CSL,NYSE,2020/06/03 16:00:00,125.13,130.53,125.13,130.04,359648
CSL,NYSE,2020/06/04 16:00:00,129,130.94,128.38,130.76,373335
CSL,NYSE,2020/06/05 16:00:00,136.27,138.74,135.5,137.41,477804
CSL,NYSE,2020/06/08 16:00:00,138.2,140.56,136.61,136.87,360966
CSL,NYSE,2020/06/09 16:00:00,134.67,135.11,132.71,133.5,321019
CSL,NYSE,2020/06/10 16:00:00,133.12,133.74,128.87,129.51,432365
CSL,NYSE,2020/06/11 16:00:00,124.8,124.89,121.36,121.53,335435
CSL,NYSE,2020/06/12 16:00:00,125.87,126.76,120.82,123.91,478699
CSL,NYSE,2020/06/15 16:00:00,120.21,123.54,118.88,122.52,502840
CSL,NYSE,2020/06/16 16:00:00,127.8,127.94,121.77,122.48,703751
CSL,NYSE,2020/06/17 16:00:00,123.03,124.08,120.34,123.41,623016
CSL,NYSE,2020/06/18 16:00:00,121.59,122.23,119.35,120.1,585742
CSL,NYSE,2020/06/19 16:00:00,122.58,125.47,122,122.23,1070579
CSL,NYSE,2020/06/22 16:00:00,121.31,121.31,118.69,120.03,409233
CSL,NYSE,2020/06/23 16:00:00,121.64,122.31,120.8,120.89,376032
CSL,NYSE,2020/06/24 16:00:00,119.21,119.21,112.82,113,493354
CSL,NYSE,2020/06/25 16:00:00,112.47,114.14,109.72,114.06,499339
CSL,NYSE,2020/06/26 16:00:00,116.03,117.19,114.07,116.42,1659283
CSL,NYSE,2020/06/29 16:00:00,117.37,120.49,115.88,119.31,509364
CSL,NYSE,2020/06/30 16:00:00,118.78,120.94,118.75,119.67,467493
CSL,NYSE,2020/07/01 16:00:00,119.71,120.55,116.15,116.68,462165
CSL,NYSE,2020/07/02 16:00:00,119.2,120.55,116.14,116.28,501929
CSL,NYSE,2020/07/06 16:00:00,118.82,120.14,117.96,118.94,383335
CSL,NYSE,2020/07/07 16:00:00,117.73,117.88,115.14,115.2,448882
CSL,NYSE,2020/07/08 16:00:00,115.17,115.83,113.47,114.37,347439
CSL,NYSE,2020/07/09 16:00:00,113.81,114.14,111.79,112.99,426770
CSL,NYSE,2020/07/10 16:00:00,113.05,114.72,112.56,113.69,271834
CSL,NYSE,2020/07/13 16:00:00,114.8,116.68,113.87,114.42,626504
CSL,NYSE,2020/07/14 16:00:00,114.56,117.04,113.83,116.95,755240
CSL,NYSE,2020/07/15 16:00:00,119.52,120.94,118.48,120.45,525407
CSL,NYSE,2020/07/16 16:00:00,120.86,125.48,120.45,124.93,693555
CSL,NYSE,2020/07/17 16:00:00,125.12,125.28,123.94,124.9,694449
CSL,NYSE,2020/07/20 16:00:00,124.14,124.88,121.33,122.63,441827
CSL,NYSE,2020/07/21 16:00:00,123.45,125.02,122.34,122.65,357387
CSL,NYSE,2020/07/22 16:00:00,124.15,127.17,119.48,123.07,1100635
CSL,NYSE,2020/07/23 16:00:00,123.07,124.54,119.02,120.87,724780
CSL,NYSE,2020/07/24 16:00:00,121.15,122.39,120.37,120.84,429150
CSL,NYSE,2020/07/27 16:00:00,120.03,122.23,119.32,121.99,537524
CSL,NYSE,2020/07/28 16:00:00,121.01,121.59,117.43,117.58,663130
CSL,NYSE,2020/07/29 16:00:00,117.58,120.84,117.32,120.63,455912
CSL,NYSE,2020/07/30 16:00:00,118.83,119.63,117.11,117.79,519896
CSL,NYSE,2020/07/31 16:00:00,117.39,119.38,117.08,119.08,825311
CSL,NYSE,2020/08/03 16:00:00,119.24,120.4,117.87,120.06,437858
CSL,NYSE,2020/08/04 16:00:00,120,120.55,118.32,120.49,393416
CSL,NYSE,2020/08/05 16:00:00,121.24,122.37,121.01,122.16,332637
CSL,NYSE,2020/08/06 16:00:00,121.72,122.89,120.87,121.38,329452
CSL,NYSE,2020/08/07 16:00:00,121.93,125.94,121.28,125.92,362627
CSL,NYSE,2020/08/10 16:00:00,125.92,128.58,125.92,127.48,412276
CSL,NYSE,2020/08/11 16:00:00,129.65,131.55,127.6,127.86,449379
CSL,NYSE,2020/08/12 16:00:00,128.87,129.07,126.41,127.2,216865
CSL,NYSE,2020/08/13 16:00:00,126,127.54,125.46,126.48,177297
CSL,NYSE,2020/08/14 16:00:00,125.45,127.13,125.24,125.83,176016
CSL,NYSE,2020/08/17 16:00:00,125.15,127.29,124.89,126.49,476270
CSL,NYSE,2020/08/18 16:00:00,126.37,126.99,125.38,126.06,304183
CSL,NYSE,2020/08/19 16:00:00,126.25,127.42,125.34,126.38,395811
CSL,NYSE,2020/08/20 16:00:00,125.48,127.12,124.4,125.55,396182
CSL,NYSE,2020/08/21 16:00:00,125.17,126.26,124.5,124.61,324132
CSL,NYSE,2020/08/24 16:00:00,124.96,128.58,124.96,128.58,371024
CSL,NYSE,2020/08/25 16:00:00,129.75,130.05,127.29,128.35,380083
CSL,NYSE,2020/08/26 16:00:00,127.8,129.22,127.4,128.85,305164
CSL,NYSE,2020/08/27 16:00:00,129.27,130.61,129.09,129.27,488190
CSL,NYSE,2020/08/28 16:00:00,129.39,131.45,129.17,131.32,322268
CSL,NYSE,2020/08/31 16:00:00,131.5,132.34,130.66,130.95,488846
CSL,NYSE,2020/09/01 16:00:00,129.85,132.47,129.67,132.43,324757
CSL,NYSE,2020/09/02 16:00:00,132.5,133.41,130.67,132.28,570546
CSL,NYSE,2020/09/03 16:00:00,132.28,132.79,127.74,128.31,550574
CSL,NYSE,2020/09/04 16:00:00,130.19,130.66,126.2,127.66,279504
CSL,NYSE,2020/09/08 16:00:00,126,126.3,122.04,122.34,412420
CSL,NYSE,2020/09/09 16:00:00,123.17,125.73,122.6,124.3,408293
CSL,NYSE,2020/09/10 16:00:00,124.5,124.93,120.78,121.23,328233
CSL,NYSE,2020/09/11 16:00:00,121.69,122.91,120.44,121.05,300077
CSL,NYSE,2020/09/14 16:00:00,121.97,124.22,121.81,122.83,379484
CSL,NYSE,2020/09/15 16:00:00,123.66,125.1,122.48,123.78,393756
CSL,NYSE,2020/09/16 16:00:00,124.66,126.84,124.21,125.29,358963
CSL,NYSE,2020/09/17 16:00:00,123.59,126.18,123.36,125.96,343560
CSL,NYSE,2020/09/18 16:00:00,126.31,126.84,121.66,122.41,864966
CSL,NYSE,2020/09/21 16:00:00,120.02,120.59,115.7,118.73,546044
CSL,NYSE,2020/09/22 16:00:00,117.93,121.26,117.31,120.52,492866
CSL,NYSE,2020/09/23 16:00:00,120.37,122.92,116.4,116.61,500203
CSL,NYSE,2020/09/24 16:00:00,116.46,119.33,115.54,117.99,299215
CSL,NYSE,2020/09/25 16:00:00,117.07,119.27,117.03,118.81,307788
CSL,NYSE,2020/09/28 16:00:00,121.17,122.42,120.6,121.22,269269
CSL,NYSE,2020/09/29 16:00:00,121.32,121.48,119.33,119.98,166440
CSL,NYSE,2020/09/30 16:00:00,120.92,123.41,120.74,122.37,420185
CSL,NYSE,2020/10/01 16:00:00,122.64,124.81,121.58,122.82,282981
CSL,NYSE,2020/10/02 16:00:00,120.77,124.78,120.54,124.17,177549
CSL,NYSE,2020/10/05 16:00:00,125.21,127.77,125.07,125.88,184729
CSL,NYSE,2020/10/06 16:00:00,126.09,128.68,125.01,125.51,212751
CSL,NYSE,2020/10/07 16:00:00,126.38,128.4,126.28,128.02,296769
CSL,NYSE,2020/10/08 16:00:00,128.68,129.84,127.81,128.28,284055
CSL,NYSE,2020/10/09 16:00:00,129.6,130,127.06,127.41,220936
CSL,NYSE,2020/10/12 16:00:00,127.58,130.44,127.3,128.82,197669
CSL,NYSE,2020/10/13 16:00:00,128.24,128.53,125.26,126.02,153911
CSL,NYSE,2020/10/14 16:00:00,125.71,127.95,125.64,126.25,155820
CSL,NYSE,2020/10/15 16:00:00,125,128.34,124.44,127.73,199694
CSL,NYSE,2020/10/16 16:00:00,127.57,129.1,127.01,128.23,180329
CSL,NYSE,2020/10/19 16:00:00,128.46,128.46,124.01,125.45,267446
CSL,NYSE,2020/10/20 16:00:00,126.15,127.92,124.08,125.23,297824
CSL,NYSE,2020/10/21 16:00:00,126.67,131.1,124.18,124.23,721203
CSL,NYSE,2020/10/22 16:00:00,124.52,130,124.52,129.36,455744
CSL,NYSE,2020/10/23 16:00:00,129.68,132.12,129.67,131.71,465637
CSL,NYSE,2020/10/26 16:00:00,130,130.86,126.14,127.19,360156
CSL,NYSE,2020/10/27 16:00:00,127.1,127.58,122.93,123.06,369384
CSL,NYSE,2020/10/28 16:00:00,120.57,123.48,120.18,120.52,270372
CSL,NYSE,2020/10/29 16:00:00,120,123.17,119.68,121.87,291662
CSL,NYSE,2020/10/30 16:00:00,121.84,124.31,121.76,123.87,298753
CSL,NYSE,2020/11/02 16:00:00,125.97,129.01,125.46,128.36,277460
CSL,NYSE,2020/11/03 16:00:00,130.02,130.91,128.51,129.13,275617
CSL,NYSE,2020/11/04 16:00:00,128,130.96,124.82,129.28,388373
CSL,NYSE,2020/11/05 16:00:00,130.92,134.86,130.92,133.21,313640
CSL,NYSE,2020/11/06 16:00:00,133.5,135.35,132.15,132.8,192634
CSL,NYSE,2020/11/09 16:00:00,141.13,146.09,140.07,142.97,601216
CSL,NYSE,2020/11/10 16:00:00,144.05,147.11,142.91,145.83,341313
CSL,NYSE,2020/11/11 16:00:00,146.31,146.31,141.14,141.62,461543
CSL,NYSE,2020/11/12 16:00:00,139.78,141.62,137.69,139,328696
CSL,NYSE,2020/11/13 16:00:00,136.68,141.17,136.68,140.72,417404
CSL,NYSE,2020/11/16 16:00:00,143.35,144.21,141.27,144.12,378019
CSL,NYSE,2020/11/17 16:00:00,142.3,144.57,140.77,144.33,254104
CSL,NYSE,2020/11/18 16:00:00,145.91,146.78,143.36,144.79,306615
CSL,NYSE,2020/11/19 16:00:00,144.58,147.91,143,147.79,330224
CSL,NYSE,2020/11/20 16:00:00,146.84,148.6,145.72,147.56,273300
CSL,NYSE,2020/11/23 16:00:00,149.16,149.75,148.05,148.99,229988
CSL,NYSE,2020/11/24 16:00:00,150,152.7,149.23,152.46,240071
CSL,NYSE,2020/11/25 16:00:00,151.8,152.1,148.74,149.08,140089
CSL,NYSE,2020/11/27 13:00:00,149.13,149.62,147.54,148.62,60152
CSL,NYSE,2020/11/30 16:00:00,148.04,149.38,144.81,144.83,445683
CSL,NYSE,2020/12/01 16:00:00,146.62,148.49,145.67,147.82,260876
CSL,NYSE,2020/12/02 16:00:00,147.17,148.45,146.34,147.76,172598
CSL,NYSE,2020/12/03 16:00:00,147.31,149.44,146.62,147.84,190075
CSL,NYSE,2020/12/04 16:00:00,148.84,150.2,148.52,150.05,157268
CSL,NYSE,2020/12/07 16:00:00,149.67,149.98,146.84,149.45,211606
CSL,NYSE,2020/12/08 16:00:00,148.4,151.7,148.4,150.25,268390
CSL,NYSE,2020/12/09 16:00:00,150.89,155.04,149.99,154.64,418844
CSL,NYSE,2020/12/10 16:00:00,154.1,157.04,153.09,155.06,276667
CSL,NYSE,2020/12/11 16:00:00,153.38,156.06,153.38,155.45,229719
CSL,NYSE,2020/12/14 16:00:00,156.88,156.88,153.37,153.93,295720
CSL,NYSE,2020/12/15 16:00:00,155.34,156.24,153.06,154.92,336141
CSL,NYSE,2020/12/16 16:00:00,155.83,156.48,152.39,152.97,302049
CSL,NYSE,2020/12/17 16:00:00,153.09,155.15,152.59,155.04,224708
CSL,NYSE,2020/12/18 16:00:00,155.99,157.56,154.59,156.59,872817
CSL,NYSE,2020/12/21 16:00:00,154.53,158.83,153.44,158.51,432059
CSL,NYSE,2020/12/22 16:00:00,158.04,158.12,155.09,156.28,284968
CSL,NYSE,2020/12/23 16:00:00,156.86,158.15,156.09,156.93,188269
CSL,NYSE,2020/12/24 13:00:00,157.83,157.9,155.69,157.35,59689
CSL,NYSE,2020/12/28 16:00:00,157.85,158.61,155.49,155.73,190515
CSL,NYSE,2020/12/29 16:00:00,156.47,156.64,153.12,155.04,274399
CSL,NYSE,2020/12/30 16:00:00,154.91,157.3,154.61,155.94,168827
CSL,NYSE,2020/12/31 16:00:00,155.68,157.52,154.16,156.18,229664
CSL,NYSE,2021/01/04 16:00:00,157.11,158.37,152.47,153.93,252499
CSL,NYSE,2021/01/05 16:00:00,152.77,154.5,151.09,151.35,375173
CSL,NYSE,2021/01/06 16:00:00,152.03,155.74,152.03,155.08,348479
CSL,NYSE,2021/01/07 16:00:00,155.1,157.31,152.98,156.95,332385
CSL,NYSE,2021/01/08 16:00:00,157.59,158.02,153.01,155.01,235009
CSL,NYSE,2021/01/11 16:00:00,153.42,157.16,153.42,155.97,173811
CSL,NYSE,2021/01/12 16:00:00,156.08,158.15,154.63,156.06,206579
CSL,NYSE,2021/01/13 16:00:00,155.95,156.86,153.35,153.51,190997
CSL,NYSE,2021/01/14 16:00:00,155.03,156.4,152.54,155.84,238362
CSL,NYSE,2021/01/15 16:00:00,154.44,155.22,152.4,153,288083
CSL,NYSE,2021/01/19 16:00:00,154.21,156.4,153.96,154.04,236037
CSL,NYSE,2021/01/20 16:00:00,154.7,156.31,153.38,156.11,268246
CSL,NYSE,2021/01/21 16:00:00,156.66,156.66,152.96,153.04,225585
CSL,NYSE,2021/01/22 16:00:00,151.73,153.09,149.22,152.62,237483
CSL,NYSE,2021/01/25 16:00:00,152.61,155.18,151.9,153.29,239994
CSL,NYSE,2021/01/26 16:00:00,153.93,154.44,150.44,150.59,175378
CSL,NYSE,2021/01/27 16:00:00,148.57,150.08,145.5,145.69,286274
CSL,NYSE,2021/01/28 16:00:00,146.6,149.22,146.46,147.83,299531
CSL,NYSE,2021/01/29 16:00:00,147.66,147.66,143.52,144.93,565254
CSL,NYSE,2021/02/01 16:00:00,146,147,144.43,145.88,329564
CSL,NYSE,2021/02/02 16:00:00,147.31,151.7,146.54,150,384339
CSL,NYSE,2021/02/03 16:00:00,150.31,151.87,148.76,151.52,219921
CSL,NYSE,2021/02/04 16:00:00,151.76,152.83,150.96,152.48,218988
CSL,NYSE,2021/02/05 16:00:00,155.24,159.46,147.46,151.94,460383
CSL,NYSE,2021/02/08 16:00:00,152.14,152.25,150.76,151.47,273471
CSL,NYSE,2021/02/09 16:00:00,152.02,152.02,147.44,148.15,375944
CSL,NYSE,2021/02/10 16:00:00,148.61,149.97,147.25,148.02,247081
CSL,NYSE,2021/02/11 16:00:00,148.33,149.87,147.34,149.73,311659
CSL,NYSE,2021/02/12 16:00:00,149.84,151.79,149.32,150.97,302249
CSL,NYSE,2021/02/16 16:00:00,151.58,152.76,149.25,150.22,323029
CSL,NYSE,2021/02/17 16:00:00,149.17,150.95,149.17,149.62,278147
CSL,NYSE,2021/02/18 16:00:00,148.86,150.58,147.57,149.33,333100
CSL,NYSE,2021/02/19 16:00:00,149.89,150.91,149.25,150.41,320729
CSL,NYSE,2021/02/22 16:00:00,150,150.39,147.72,147.91,361409
CSL,NYSE,2021/02/23 16:00:00,147.91,148.97,145.87,148.36,351140
CSL,NYSE,2021/02/24 16:00:00,148.68,150,148.27,148.97,366251
CSL,NYSE,2021/02/25 16:00:00,148.66,150.21,145.44,145.78,320373
CSL,NYSE,2021/02/26 16:00:00,145.4,147.99,144.88,145.25,300361
CSL,NYSE,2021/03/01 16:00:00,147.53,150.18,147.05,147.95,471329
CSL,NYSE,2021/03/02 16:00:00,148.03,150.97,147.15,150.5,483583
CSL,NYSE,2021/03/03 16:00:00,150.75,150.94,147.39,147.57,598823
CSL,NYSE,2021/03/04 16:00:00,147.77,150.57,143.88,145.74,344217
CSL,NYSE,2021/03/05 16:00:00,146.52,151.48,145.38,151.25,422020
CSL,NYSE,2021/03/08 16:00:00,151.07,157.81,151.07,155.88,406925
CSL,NYSE,2021/03/09 16:00:00,156.12,157.42,154.77,155.29,367479
CSL,NYSE,2021/03/10 16:00:00,155.4,158.47,155.31,157.99,240234
CSL,NYSE,2021/03/11 16:00:00,157.54,159.59,157.26,158.01,190105
CSL,NYSE,2021/03/12 16:00:00,158.37,160.09,157.39,159.22,354439
CSL,NYSE,2021/03/15 16:00:00,159.34,159.99,156.7,159.52,225054
CSL,NYSE,2021/03/16 16:00:00,159.39,159.82,156.8,156.84,266882
CSL,NYSE,2021/03/17 16:00:00,156.84,159.64,156.84,158.87,266441
CSL,NYSE,2021/03/18 16:00:00,158.87,161.54,158.15,159.02,273570
CSL,NYSE,2021/03/19 16:00:00,159.13,159.13,156.61,157.12,547104
CSL,NYSE,2021/03/22 16:00:00,156.52,157.35,154.05,156.3,263730
CSL,NYSE,2021/03/23 16:00:00,154.9,156.98,152.44,153.29,331158
CSL,NYSE,2021/03/24 16:00:00,154.38,158.42,154.38,155.94,242957
CSL,NYSE,2021/03/25 16:00:00,156.63,162,155.1,161.75,312623
CSL,NYSE,2021/03/26 16:00:00,162.24,167.6,161.47,167.45,264681
CSL,NYSE,2021/03/29 16:00:00,166.66,169.51,164.4,166.32,414371
CSL,NYSE,2021/03/30 16:00:00,166.67,167.47,164.4,166.87,254938
CSL,NYSE,2021/03/31 16:00:00,167.42,168.06,164.54,164.58,247768
CSL,NYSE,2021/04/01 16:00:00,164.92,167.22,163.66,167.05,199050
CSL,NYSE,2021/04/05 16:00:00,168.52,169.61,167.17,168.93,252684
CSL,NYSE,2021/04/06 16:00:00,168.69,169.88,167.86,168.73,218356
CSL,NYSE,2021/04/07 16:00:00,168.65,169.92,167.42,169.57,446181
CSL,NYSE,2021/04/08 16:00:00,170,170.6,168.27,169.77,268439
CSL,NYSE,2021/04/09 16:00:00,169.49,171.93,169,171.63,281914
DECK,NYSE,2019/04/01 16:00:00,147.76,148.77,145.53,146.84,555847
DECK,NYSE,2019/04/02 16:00:00,147.24,147.24,142.8,143.23,593926
DECK,NYSE,2019/04/03 16:00:00,144.07,144.07,142.18,143.4,552619
DECK,NYSE,2019/04/04 16:00:00,143.69,145.35,142.28,145.13,314635
DECK,NYSE,2019/04/05 16:00:00,145.91,148.53,145.55,146.92,468466
DECK,NYSE,2019/04/08 16:00:00,146.28,147.36,144.98,145.03,344444
DECK,NYSE,2019/04/09 16:00:00,144.28,146.13,143.62,145.85,454992
DECK,NYSE,2019/04/10 16:00:00,146.09,148.39,146.09,148.22,282601
DECK,NYSE,2019/04/11 16:00:00,148.65,150.81,148.09,149.95,481343
DECK,NYSE,2019/04/12 16:00:00,150.92,152.14,149.36,151.62,339734
DECK,NYSE,2019/04/15 16:00:00,151.59,153,151.41,152.45,511489
DECK,NYSE,2019/04/16 16:00:00,152.42,154.64,151,151.28,458846
DECK,NYSE,2019/04/17 16:00:00,152.23,154.08,150.83,152.72,460828
DECK,NYSE,2019/04/18 16:00:00,152.34,154.59,151.41,153.4,364964
DECK,NYSE,2019/04/22 16:00:00,152.59,153.15,149.76,149.87,320220
DECK,NYSE,2019/04/23 16:00:00,150.23,151.97,149.58,151.97,356442
DECK,NYSE,2019/04/24 16:00:00,152.04,155.42,151.18,154.75,278234
DECK,NYSE,2019/04/25 16:00:00,154.75,155.91,153.17,154.6,321288
DECK,NYSE,2019/04/26 16:00:00,154.75,155.55,153.3,155.17,208698
DECK,NYSE,2019/04/29 16:00:00,155.35,157.85,154.64,157.63,441449
DECK,NYSE,2019/04/30 16:00:00,157.85,159.19,156.25,158.21,577168
DECK,NYSE,2019/05/01 16:00:00,158.15,158.42,156.25,156.56,434774
DECK,NYSE,2019/05/02 16:00:00,157.18,159.11,156.44,158.22,336910
DECK,NYSE,2019/05/03 16:00:00,158.41,159.75,156.77,158.9,445460
DECK,NYSE,2019/05/06 16:00:00,156.67,158.71,155.61,157.71,380091
DECK,NYSE,2019/05/07 16:00:00,156.83,157.38,150.54,151.55,469668
DECK,NYSE,2019/05/08 16:00:00,151.49,152.26,149.74,150.62,379038
DECK,NYSE,2019/05/09 16:00:00,149.89,150.03,146.29,148.89,409938
DECK,NYSE,2019/05/10 16:00:00,148.1,148.75,142.03,146.12,505557
DECK,NYSE,2019/05/13 16:00:00,142.71,142.9,137.2,138.35,551262
DECK,NYSE,2019/05/14 16:00:00,142.52,145.29,139.71,144.83,769758
DECK,NYSE,2019/05/15 16:00:00,143.96,145.37,141.66,143.24,580685
DECK,NYSE,2019/05/16 16:00:00,143.98,146.05,143.69,144.5,361156
DECK,NYSE,2019/05/17 16:00:00,143.23,145.03,142.01,142.61,339961
DECK,NYSE,2019/05/20 16:00:00,141.7,143.94,141.2,142.74,424428
DECK,NYSE,2019/05/21 16:00:00,145.8,149.07,144.2,148.67,898266
DECK,NYSE,2019/05/22 16:00:00,147.23,151.15,146.5,150.09,833182
DECK,NYSE,2019/05/23 16:00:00,148.69,151.43,146.53,147.41,1430450
DECK,NYSE,2019/05/24 16:00:00,158.88,159,152.02,153.46,1213745
DECK,NYSE,2019/05/28 16:00:00,152.96,153.97,150.62,150.86,747118
DECK,NYSE,2019/05/29 16:00:00,149.5,152,146.65,151.25,921097
DECK,NYSE,2019/05/30 16:00:00,151.02,154.49,149.65,151.73,509287
DECK,NYSE,2019/05/31 16:00:00,150.02,152.63,149.1,152.1,481986
DECK,NYSE,2019/06/03 16:00:00,151.1,155.86,150.89,154.22,776204
DECK,NYSE,2019/06/04 16:00:00,156.11,159.71,154.67,155.18,780664
DECK,NYSE,2019/06/05 16:00:00,156.57,157,154.7,155.79,508513
DECK,NYSE,2019/06/06 16:00:00,155.56,156.41,152.81,155.63,431750
DECK,NYSE,2019/06/07 16:00:00,156.61,160.86,156.61,160.33,442804
DECK,NYSE,2019/06/10 16:00:00,160.5,164.89,160.5,164.09,453841
DECK,NYSE,2019/06/11 16:00:00,165.91,168.51,164.89,167.72,565967
DECK,NYSE,2019/06/12 16:00:00,168,172.44,167.33,172.3,601109
DECK,NYSE,2019/06/13 16:00:00,173.75,176.8,173.28,176.19,628818
DECK,NYSE,2019/06/14 16:00:00,176.49,176.73,173.79,174.37,438880
DECK,NYSE,2019/06/17 16:00:00,174.48,174.86,172.78,173.15,326908
DECK,NYSE,2019/06/18 16:00:00,173.97,176.12,173.44,174.82,286721
DECK,NYSE,2019/06/19 16:00:00,174.65,174.98,172.62,174.4,300102
DECK,NYSE,2019/06/20 16:00:00,176.03,176.41,172.7,174.05,405959
DECK,NYSE,2019/06/21 16:00:00,172.92,175.83,172.61,175.5,508006
DECK,NYSE,2019/06/24 16:00:00,175.62,176.65,173.02,173.4,371064
DECK,NYSE,2019/06/25 16:00:00,174.14,175,171.77,171.93,382646
DECK,NYSE,2019/06/26 16:00:00,172.78,175.61,172.78,173.69,354605
DECK,NYSE,2019/06/27 16:00:00,173.83,175.38,173.24,175.24,346821
DECK,NYSE,2019/06/28 16:00:00,175.56,176.66,173.86,175.97,644294
DECK,NYSE,2019/07/01 16:00:00,177.73,180.76,174.81,175.79,400524
DECK,NYSE,2019/07/02 16:00:00,175.71,175.71,171.91,173.41,449493
DECK,NYSE,2019/07/03 13:00:00,174.19,176.34,172.1,176.08,223152
DECK,NYSE,2019/07/05 16:00:00,175.56,177.28,174.78,176.92,216227
DECK,NYSE,2019/07/08 16:00:00,176.17,177.96,175.89,177.92,345286
DECK,NYSE,2019/07/09 16:00:00,176.6,177.64,173.77,174.19,415367
DECK,NYSE,2019/07/10 16:00:00,175,175.98,174.06,175.61,318461
DECK,NYSE,2019/07/11 16:00:00,176.46,176.46,172.25,172.99,401809
DECK,NYSE,2019/07/12 16:00:00,173.84,179.47,173.84,178.49,334713
DECK,NYSE,2019/07/15 16:00:00,178.02,178.78,174.75,176.36,269431
DECK,NYSE,2019/07/16 16:00:00,176.35,177.47,174.87,176.4,315248
DECK,NYSE,2019/07/17 16:00:00,176.57,176.57,172.01,175.14,348964
DECK,NYSE,2019/07/18 16:00:00,175.17,176.95,174.44,176.38,277811
DECK,NYSE,2019/07/19 16:00:00,177.26,177.51,174.01,174.24,294472
DECK,NYSE,2019/07/22 16:00:00,175.32,177.65,174.23,175.54,485661
DECK,NYSE,2019/07/23 16:00:00,176.2,178.69,175.08,178.14,321189
DECK,NYSE,2019/07/24 16:00:00,178.5,179.66,176.71,179.06,296138
DECK,NYSE,2019/07/25 16:00:00,178.98,179.65,176.6,177.58,391715
DECK,NYSE,2019/07/26 16:00:00,174.7,177.5,152.73,159.52,1789571
DECK,NYSE,2019/07/29 16:00:00,159.94,160.66,156.19,159.36,799183
DECK,NYSE,2019/07/30 16:00:00,158.76,158.88,153.52,155.6,710703
DECK,NYSE,2019/07/31 16:00:00,155.67,157.69,154.17,156.28,617517
DECK,NYSE,2019/08/01 16:00:00,156.3,157.43,148.33,149.65,697998
DECK,NYSE,2019/08/02 16:00:00,148.62,148.97,144.89,146.83,538030
DECK,NYSE,2019/08/05 16:00:00,144.23,146.79,142.5,145.59,632324
DECK,NYSE,2019/08/06 16:00:00,146.26,149.43,145.24,149.09,569871
DECK,NYSE,2019/08/07 16:00:00,147.88,149.8,146.6,148.1,592571
DECK,NYSE,2019/08/08 16:00:00,148.82,150.5,148.07,149.08,865791
DECK,NYSE,2019/08/09 16:00:00,148.64,149.1,144.54,144.93,497198
DECK,NYSE,2019/08/12 16:00:00,143.45,143.98,140.33,143.07,601257
DECK,NYSE,2019/08/13 16:00:00,142.23,149.14,141.43,146.14,663021
DECK,NYSE,2019/08/14 16:00:00,142.19,142.32,137.27,137.39,602294
DECK,NYSE,2019/08/15 16:00:00,137.5,137.81,132.86,132.94,726552
DECK,NYSE,2019/08/16 16:00:00,133.54,135.45,132.52,134.29,375371
DECK,NYSE,2019/08/19 16:00:00,137.71,140.98,137.2,137.74,520288
DECK,NYSE,2019/08/20 16:00:00,136.8,138.5,136.09,137.43,388269
DECK,NYSE,2019/08/21 16:00:00,138.99,140.69,138.02,140.24,328085
DECK,NYSE,2019/08/22 16:00:00,140.37,143.06,139.56,142.02,504300
DECK,NYSE,2019/08/23 16:00:00,140.23,142.09,135.82,136.27,497847
DECK,NYSE,2019/08/26 16:00:00,137.04,139,136.17,138.54,351072
DECK,NYSE,2019/08/27 16:00:00,139.56,142.57,138.66,140.65,507920
DECK,NYSE,2019/08/28 16:00:00,140.16,144.28,139.6,142.96,337754
DECK,NYSE,2019/08/29 16:00:00,144.75,146.86,144.75,146.48,344771
DECK,NYSE,2019/08/30 16:00:00,147.32,148.27,146.49,147.45,389021
DECK,NYSE,2019/09/03 16:00:00,145.88,146.86,144.12,145.46,513987
DECK,NYSE,2019/09/04 16:00:00,147.33,148.44,146.2,146.94,429427
DECK,NYSE,2019/09/05 16:00:00,148.49,154.43,148.02,153.86,550189
DECK,NYSE,2019/09/06 16:00:00,154.3,155.48,152.65,152.79,327613
DECK,NYSE,2019/09/09 16:00:00,153.5,155.81,153.06,155.1,519323
DECK,NYSE,2019/09/10 16:00:00,154.24,154.74,150.05,151.38,506766
DECK,NYSE,2019/09/11 16:00:00,151.34,151.41,148.09,149.74,383128
DECK,NYSE,2019/09/12 16:00:00,150.23,152.74,148.58,150.73,369914
DECK,NYSE,2019/09/13 16:00:00,151.1,152.93,147.23,147.9,359719
DECK,NYSE,2019/09/16 16:00:00,146.69,149.16,144.49,145.04,347974
DECK,NYSE,2019/09/17 16:00:00,144.61,145.37,142.53,143.01,399787
DECK,NYSE,2019/09/18 16:00:00,142.9,143.01,137.76,139.81,455159
DECK,NYSE,2019/09/19 16:00:00,139.13,140.09,136.3,138.06,520476
DECK,NYSE,2019/09/20 16:00:00,137.94,141.37,136.21,136.25,619729
DECK,NYSE,2019/09/23 16:00:00,136.87,139.23,135.74,135.88,461241
DECK,NYSE,2019/09/24 16:00:00,135.85,136.24,130.19,133.02,685352
DECK,NYSE,2019/09/25 16:00:00,134.03,135.94,131.73,134.4,476418
DECK,NYSE,2019/09/26 16:00:00,134.93,140.98,134.91,140.41,785793
DECK,NYSE,2019/09/27 16:00:00,141.33,144.69,141.27,143.13,904424
DECK,NYSE,2019/09/30 16:00:00,143.44,149.13,143.44,147.36,931246
DECK,NYSE,2019/10/01 16:00:00,147.48,149.92,145.88,146.43,642157
DECK,NYSE,2019/10/02 16:00:00,144.81,145.57,141.18,144.22,552567
DECK,NYSE,2019/10/03 16:00:00,144.06,146.17,140.91,146,396915
DECK,NYSE,2019/10/04 16:00:00,145.97,146.82,142.9,146.38,314669
DECK,NYSE,2019/10/07 16:00:00,145.56,146.53,142.77,143.91,466144
DECK,NYSE,2019/10/08 16:00:00,141.63,143.13,138.55,142.46,460519
DECK,NYSE,2019/10/09 16:00:00,144.15,144.36,141.04,144.03,413583
DECK,NYSE,2019/10/10 16:00:00,144.17,145.18,142.89,143.73,316136
DECK,NYSE,2019/10/11 16:00:00,150.74,156.53,150,154.08,668818
DECK,NYSE,2019/10/14 16:00:00,153.09,154.64,151.23,153.39,317713
DECK,NYSE,2019/10/15 16:00:00,153.25,155.01,152.12,153.56,348364
DECK,NYSE,2019/10/16 16:00:00,153.3,155.17,152.15,153.68,300426
DECK,NYSE,2019/10/17 16:00:00,155.43,158.27,154.75,158.09,419411
DECK,NYSE,2019/10/18 16:00:00,156.16,157.88,154.19,156.91,360807
DECK,NYSE,2019/10/21 16:00:00,158.04,159.72,157.51,158.33,285021
DECK,NYSE,2019/10/22 16:00:00,158.79,159.16,156.47,158.03,320306
DECK,NYSE,2019/10/23 16:00:00,157.07,157.36,153.7,154.29,331028
DECK,NYSE,2019/10/24 16:00:00,155.31,156.02,153.04,156.02,525604
DECK,NYSE,2019/10/25 16:00:00,155.14,155.14,145.31,150.88,994563
DECK,NYSE,2019/10/28 16:00:00,151.95,151.95,148.09,148.13,558569
DECK,NYSE,2019/10/29 16:00:00,148.44,150.3,147.1,149.83,505759
DECK,NYSE,2019/10/30 16:00:00,149.01,151.26,148.69,151.17,452123
DECK,NYSE,2019/10/31 16:00:00,151.66,153.26,149.93,152.9,603136
DECK,NYSE,2019/11/01 16:00:00,154.17,157.87,152.91,155.15,752433
DECK,NYSE,2019/11/04 16:00:00,156.56,160.51,155.42,160.06,541111
DECK,NYSE,2019/11/05 16:00:00,161.65,164.84,160.83,162.82,619475
DECK,NYSE,2019/11/06 16:00:00,163.04,164.77,160.7,162.99,520103
DECK,NYSE,2019/11/07 16:00:00,164.09,167.14,160.82,162.06,587054
DECK,NYSE,2019/11/08 16:00:00,161.97,163.59,160.13,163.41,344376
DECK,NYSE,2019/11/11 16:00:00,162.92,165.25,161.96,164.47,340993
DECK,NYSE,2019/11/12 16:00:00,164.62,165.7,163.61,164.19,289609
DECK,NYSE,2019/11/13 16:00:00,163.2,165.13,161.8,164.68,255669
DECK,NYSE,2019/11/14 16:00:00,164.89,165.75,163.06,165.1,321037
DECK,NYSE,2019/11/15 16:00:00,166.48,168.41,165.85,167.41,427450
DECK,NYSE,2019/11/18 16:00:00,168.1,168.51,165.53,166.92,333316
DECK,NYSE,2019/11/19 16:00:00,166.44,166.91,163.89,164.17,437659
DECK,NYSE,2019/11/20 16:00:00,164.21,164.21,159.24,160.25,555646
DECK,NYSE,2019/11/21 16:00:00,161.28,162,157.13,157.28,477654
DECK,NYSE,2019/11/22 16:00:00,159.08,159.96,157.03,159.55,286107
DECK,NYSE,2019/11/25 16:00:00,162,164.99,160.98,164.52,678135
DECK,NYSE,2019/11/26 16:00:00,167.5,168.18,165.23,167.58,530700
DECK,NYSE,2019/11/27 16:00:00,168.23,169.56,166.02,168.87,404191
DECK,NYSE,2019/11/29 13:00:00,168.83,169.36,167.07,168.18,212470
DECK,NYSE,2019/12/02 16:00:00,168.39,168.99,162.32,162.76,571450
DECK,NYSE,2019/12/03 16:00:00,160.41,162.14,158.88,158.92,470539
DECK,NYSE,2019/12/04 16:00:00,160.01,162.56,158.96,161.56,374967
DECK,NYSE,2019/12/05 16:00:00,162.51,164.84,162.05,164.4,346129
DECK,NYSE,2019/12/06 16:00:00,166.76,167.37,161.66,162.38,538308
DECK,NYSE,2019/12/09 16:00:00,162.31,165.42,162.12,163.33,387285
DECK,NYSE,2019/12/10 16:00:00,163.61,165.28,161.45,161.71,290899
DECK,NYSE,2019/12/11 16:00:00,161.9,162.42,160.4,161.05,293985
DECK,NYSE,2019/12/12 16:00:00,161.54,163.4,159.81,161.79,389145
DECK,NYSE,2019/12/13 16:00:00,161.66,164.05,160.21,162.53,299310
DECK,NYSE,2019/12/16 16:00:00,163.2,165.24,162.47,163.6,282300
DECK,NYSE,2019/12/17 16:00:00,163.56,164.25,163.1,163.74,298838
DECK,NYSE,2019/12/18 16:00:00,164.36,166.93,163.93,166.25,361094
DECK,NYSE,2019/12/19 16:00:00,166.16,166.88,163.11,163.59,385409
DECK,NYSE,2019/12/20 16:00:00,164.27,167.98,163.97,167.44,782903
DECK,NYSE,2019/12/23 16:00:00,167.82,167.94,163.95,164.47,389277
DECK,NYSE,2019/12/24 13:00:00,164.66,165.67,164.18,164.5,139690
DECK,NYSE,2019/12/26 16:00:00,165.02,167.22,164.72,167.2,253343
DECK,NYSE,2019/12/27 16:00:00,167.36,168.27,165.94,167.45,244391
DECK,NYSE,2019/12/30 16:00:00,167.42,170.56,166.36,168.86,240728
DECK,NYSE,2019/12/31 16:00:00,168.6,170.98,168.52,168.86,287058
DECK,NYSE,2020/01/02 16:00:00,169.73,172.21,168.95,172.17,271168
DECK,NYSE,2020/01/03 16:00:00,169.56,173.67,168.79,173.46,315105
DECK,NYSE,2020/01/06 16:00:00,172.14,174.74,171.94,174.5,295818
DECK,NYSE,2020/01/07 16:00:00,174.5,177.01,172.95,173.15,419998
DECK,NYSE,2020/01/08 16:00:00,173.37,174,168.43,168.83,565361
DECK,NYSE,2020/01/09 16:00:00,168.77,169.83,167.4,169.29,555255
DECK,NYSE,2020/01/10 16:00:00,169.62,169.99,164.6,165.03,279048
DECK,NYSE,2020/01/13 16:00:00,165.51,167.83,164.53,167.79,371126
DECK,NYSE,2020/01/14 16:00:00,168.19,170.64,167.16,168.49,391183
DECK,NYSE,2020/01/15 16:00:00,168.15,169.06,167.53,168.82,406815
DECK,NYSE,2020/01/16 16:00:00,169.96,174.98,169.69,172.66,481487
DECK,NYSE,2020/01/17 16:00:00,173.25,173.96,171,173.52,513461
DECK,NYSE,2020/01/21 16:00:00,172.82,176.29,171.21,174.99,672494
DECK,NYSE,2020/01/22 16:00:00,176.19,178.08,173.77,175.33,543728
DECK,NYSE,2020/01/23 16:00:00,174.07,175.84,171.02,175.01,533691
DECK,NYSE,2020/01/24 16:00:00,180,180,175.65,177.66,575510
DECK,NYSE,2020/01/27 16:00:00,174.12,176.26,173.23,175.3,399901
DECK,NYSE,2020/01/28 16:00:00,175.94,176.29,171.12,175.05,620298
DECK,NYSE,2020/01/29 16:00:00,176.12,178.02,174.48,176.6,474770
DECK,NYSE,2020/01/30 16:00:00,175.09,177.95,174.4,177.38,759469
DECK,NYSE,2020/01/31 16:00:00,185.58,199.31,185.58,190.91,2520609
DECK,NYSE,2020/02/03 16:00:00,192.06,193.78,186.73,187.61,948321
DECK,NYSE,2020/02/04 16:00:00,188.79,191.67,188.51,189.68,498471
DECK,NYSE,2020/02/05 16:00:00,190.11,193.26,187.67,192.84,623916
DECK,NYSE,2020/02/06 16:00:00,193.58,193.64,190.48,192.05,518594
DECK,NYSE,2020/02/07 16:00:00,191.62,193.71,190.38,191.38,435346
DECK,NYSE,2020/02/10 16:00:00,191.36,193.63,190.07,193.05,340069
DECK,NYSE,2020/02/11 16:00:00,192.48,194.14,190.98,193.31,584017
DECK,NYSE,2020/02/12 16:00:00,194.73,200.1,193.43,199.39,460978
DECK,NYSE,2020/02/13 16:00:00,198.8,201.13,198.14,200.55,379243
DECK,NYSE,2020/02/14 16:00:00,201.12,203.17,199.44,200.56,353495
DECK,NYSE,2020/02/18 16:00:00,199.48,203.19,198.43,201.18,323527
DECK,NYSE,2020/02/19 16:00:00,202,203.16,200.79,201.12,441306
DECK,NYSE,2020/02/20 16:00:00,200.72,201.71,196.85,199.07,429783
DECK,NYSE,2020/02/21 16:00:00,198.56,198.69,193.88,194.56,469814
DECK,NYSE,2020/02/24 16:00:00,188.77,190.87,187.1,187.48,411920
DECK,NYSE,2020/02/25 16:00:00,188.35,189.5,181.47,182.16,505204
DECK,NYSE,2020/02/26 16:00:00,183.6,186.65,181.38,181.46,445381
DECK,NYSE,2020/02/27 16:00:00,177.14,181.78,173.91,173.92,489182
DECK,NYSE,2020/02/28 16:00:00,170,175.66,168.8,173.8,741082
DECK,NYSE,2020/03/02 16:00:00,174.3,179.35,169.25,178.94,684758
DECK,NYSE,2020/03/03 16:00:00,179,185.09,172.67,174.91,411094
DECK,NYSE,2020/03/04 16:00:00,177.19,180.22,174.5,179.91,320438
DECK,NYSE,2020/03/05 16:00:00,175.4,177.12,171.94,172.72,480123
DECK,NYSE,2020/03/06 16:00:00,168.18,173.58,167.35,172.63,444496
DECK,NYSE,2020/03/09 16:00:00,161.53,168.31,151.36,162.01,577174
DECK,NYSE,2020/03/10 16:00:00,166.98,168.8,157.33,166.85,624284
DECK,NYSE,2020/03/11 16:00:00,162.75,165.34,152.84,153.37,693474
DECK,NYSE,2020/03/12 16:00:00,142.71,142.77,130.73,131.1,758357
DECK,NYSE,2020/03/13 16:00:00,138.04,139.78,121.14,129.63,1004531
DECK,NYSE,2020/03/16 16:00:00,113,117.22,107.78,111.34,766380
DECK,NYSE,2020/03/17 16:00:00,113.02,115.09,99.07,110.73,830861
DECK,NYSE,2020/03/18 16:00:00,103.32,104.97,78.7,91.16,919451
DECK,NYSE,2020/03/19 16:00:00,91.28,105.51,82.25,103.76,976106
DECK,NYSE,2020/03/20 16:00:00,103.75,112.2,101.51,103.9,936883
DECK,NYSE,2020/03/23 16:00:00,104.59,115.9,99.99,113.69,926253
DECK,NYSE,2020/03/24 16:00:00,121.68,133.96,119.91,133.43,765304
DECK,NYSE,2020/03/25 16:00:00,134.33,137.57,127.5,129.55,912097
DECK,NYSE,2020/03/26 16:00:00,131.87,140.76,127.76,140.57,582424
DECK,NYSE,2020/03/27 16:00:00,136.36,136.48,129.41,133.09,460732
DECK,NYSE,2020/03/30 16:00:00,129.64,140.5,129.64,139.13,365851
DECK,NYSE,2020/03/31 16:00:00,137.53,140.58,132.73,134,416555
DECK,NYSE,2020/04/01 16:00:00,128.17,128.85,121.86,123.75,474286
DECK,NYSE,2020/04/02 16:00:00,123.97,129.12,121.89,126.69,353904
DECK,NYSE,2020/04/03 16:00:00,125.4,126.02,118.44,122.11,363322
DECK,NYSE,2020/04/06 16:00:00,130.18,138.74,128.17,138.36,500466
DECK,NYSE,2020/04/07 16:00:00,145.38,150.13,140.03,141.17,453360
DECK,NYSE,2020/04/08 16:00:00,143.06,146.9,141.25,145.08,299049
DECK,NYSE,2020/04/09 16:00:00,149.43,151.63,144.63,148.88,423046
DECK,NYSE,2020/04/13 16:00:00,146.83,147.55,140.75,143.35,326702
DECK,NYSE,2020/04/14 16:00:00,148.17,149.88,144.66,145.49,210546
DECK,NYSE,2020/04/15 16:00:00,140.46,142.84,137.58,138.93,451577
DECK,NYSE,2020/04/16 16:00:00,138.9,140.97,136.13,139.26,258095
DECK,NYSE,2020/04/17 16:00:00,144.54,149.18,143.28,145.65,365456
DECK,NYSE,2020/04/20 16:00:00,142.65,146.51,139.79,140.66,265618
DECK,NYSE,2020/04/21 16:00:00,136.56,138.36,131.75,131.97,372259
DECK,NYSE,2020/04/22 16:00:00,137.04,137.18,132.7,132.77,451658
DECK,NYSE,2020/04/23 16:00:00,132.53,137.11,130.64,132.75,354080
DECK,NYSE,2020/04/24 16:00:00,133.15,139.03,131.5,137.42,407609
DECK,NYSE,2020/04/27 16:00:00,139.45,147.31,136.47,146.4,504223
DECK,NYSE,2020/04/28 16:00:00,151.65,157.31,147.53,147.92,288402
DECK,NYSE,2020/04/29 16:00:00,154.83,159.1,150.01,155.58,296774
DECK,NYSE,2020/04/30 16:00:00,152.49,153.17,148,148.76,336116
DECK,NYSE,2020/05/01 16:00:00,147.92,149.01,142.14,143.29,300368
DECK,NYSE,2020/05/04 16:00:00,140.34,144.89,138.61,140.25,500279
DECK,NYSE,2020/05/05 16:00:00,143.38,148.23,141.96,143.6,407230
DECK,NYSE,2020/05/06 16:00:00,143.9,145.29,139.73,142.64,406484
DECK,NYSE,2020/05/07 16:00:00,144.98,148.73,144.22,144.56,250243
DECK,NYSE,2020/05/08 16:00:00,147.94,150.38,145.1,149.18,220368
DECK,NYSE,2020/05/11 16:00:00,147.33,147.97,143,147.35,439418
DECK,NYSE,2020/05/12 16:00:00,147.46,147.89,138.31,138.51,336801
DECK,NYSE,2020/05/13 16:00:00,137,138.17,130.76,135.47,449519
DECK,NYSE,2020/05/14 16:00:00,132.14,139.72,128.92,139.52,377783
DECK,NYSE,2020/05/15 16:00:00,138.48,141.76,135.5,140.83,340074
DECK,NYSE,2020/05/18 16:00:00,148.04,156.88,148.04,152.97,590116
DECK,NYSE,2020/05/19 16:00:00,152.3,156.64,150.59,154.51,447477
DECK,NYSE,2020/05/20 16:00:00,156.62,164.23,156.62,162.51,588137
DECK,NYSE,2020/05/21 16:00:00,162.19,168.39,159.06,168.03,720203
DECK,NYSE,2020/05/22 16:00:00,178.82,189.61,170,179.24,1086938
DECK,NYSE,2020/05/26 16:00:00,187.24,188.56,179.41,180.05,653571
DECK,NYSE,2020/05/27 16:00:00,183.98,196,182.86,195.28,719798
DECK,NYSE,2020/05/28 16:00:00,197.03,197.03,185.56,186.39,534868
DECK,NYSE,2020/05/29 16:00:00,184.63,186.57,181.31,182.53,556695
DECK,NYSE,2020/06/01 16:00:00,183.22,197.07,183.22,195.82,820464
DECK,NYSE,2020/06/02 16:00:00,196.81,204.1,195.51,203.97,782660
DECK,NYSE,2020/06/03 16:00:00,208.34,214.04,205.44,212.58,750406
DECK,NYSE,2020/06/04 16:00:00,212.27,213.04,200.01,204,710845
DECK,NYSE,2020/06/05 16:00:00,213.46,218.19,204.18,205.06,730408
DECK,NYSE,2020/06/08 16:00:00,205.48,206.43,199.33,200.45,476003
DECK,NYSE,2020/06/09 16:00:00,197.55,199.63,194.56,195.44,452314
DECK,NYSE,2020/06/10 16:00:00,196.06,202.24,193.73,198.15,450669
DECK,NYSE,2020/06/11 16:00:00,190,194.46,186.7,191.02,502994
DECK,NYSE,2020/06/12 16:00:00,198.25,198.55,189.71,196.09,406762
DECK,NYSE,2020/06/15 16:00:00,190.42,193.7,186.79,193.1,374665
DECK,NYSE,2020/06/16 16:00:00,200.94,200.94,189.91,196.88,345072
DECK,NYSE,2020/06/17 16:00:00,198.22,199.95,193.68,198.39,481486
DECK,NYSE,2020/06/18 16:00:00,197.98,205.36,195.81,200.45,646893
DECK,NYSE,2020/06/19 16:00:00,203.01,206.07,194.27,196.01,590018
DECK,NYSE,2020/06/22 16:00:00,196.01,201.19,194.09,200.73,296366
DECK,NYSE,2020/06/23 16:00:00,203.72,204.18,198.34,202.14,319512
DECK,NYSE,2020/06/24 16:00:00,201.51,205.01,193.26,194.52,498146
DECK,NYSE,2020/06/25 16:00:00,192.67,196.88,191.44,193.06,299372
DECK,NYSE,2020/06/26 16:00:00,191.38,192.56,184.63,186.11,441607
DECK,NYSE,2020/06/29 16:00:00,187.87,196.64,186.33,194.67,370254
DECK,NYSE,2020/06/30 16:00:00,193.61,197.9,193.01,196.39,285823
DECK,NYSE,2020/07/01 16:00:00,197.18,199.44,192.65,194.35,338422
DECK,NYSE,2020/07/02 16:00:00,198.69,201.02,193.17,194.2,223034
DECK,NYSE,2020/07/06 16:00:00,198.99,199.08,192.86,194.9,308333
DECK,NYSE,2020/07/07 16:00:00,192.49,194.13,188.62,189.1,302192
DECK,NYSE,2020/07/08 16:00:00,189.66,193.46,189.3,193.36,246618
DECK,NYSE,2020/07/09 16:00:00,195.45,196.59,184.21,190.02,448131
DECK,NYSE,2020/07/10 16:00:00,191.3,196.24,189.69,196.04,260054
DECK,NYSE,2020/07/13 16:00:00,198.03,200.15,192,193.74,289950
DECK,NYSE,2020/07/14 16:00:00,192.69,198.71,188.81,198.43,325684
DECK,NYSE,2020/07/15 16:00:00,204.19,207.85,199.36,201.95,432422
DECK,NYSE,2020/07/16 16:00:00,202,203.49,200.16,202.68,327758
DECK,NYSE,2020/07/17 16:00:00,202.72,203.99,198.67,201.35,238932
DECK,NYSE,2020/07/20 16:00:00,200.09,201.46,194.31,196.27,268596
DECK,NYSE,2020/07/21 16:00:00,198.39,202.93,197.39,201.3,316130
DECK,NYSE,2020/07/22 16:00:00,204.97,208.86,202.94,206.44,461170
DECK,NYSE,2020/07/23 16:00:00,204.56,210.4,204.4,206.45,409712
DECK,NYSE,2020/07/24 16:00:00,206.73,209.12,204.61,205.78,288331
DECK,NYSE,2020/07/27 16:00:00,206.12,213.5,205.93,211.12,469722
DECK,NYSE,2020/07/28 16:00:00,210.03,213.81,208.85,210.62,350779
DECK,NYSE,2020/07/29 16:00:00,212.19,220.36,211.46,218.83,405680
DECK,NYSE,2020/07/30 16:00:00,215.28,219.81,212.77,214.15,454656
DECK,NYSE,2020/07/31 16:00:00,198.23,215.1,196.21,209.25,593111
DECK,NYSE,2020/08/03 16:00:00,210.79,210.79,204.45,206.62,395326
DECK,NYSE,2020/08/04 16:00:00,205.31,207.09,202.84,205.46,589829
DECK,NYSE,2020/08/05 16:00:00,206.97,214.33,205.61,211.46,281456
DECK,NYSE,2020/08/06 16:00:00,210.49,210.49,204.01,206.51,271825
DECK,NYSE,2020/08/07 16:00:00,206,210.63,204.01,210.56,217162
DECK,NYSE,2020/08/10 16:00:00,211.99,221.19,211.47,218.5,439870
DECK,NYSE,2020/08/11 16:00:00,220.78,225.7,220.12,223.32,407488
DECK,NYSE,2020/08/12 16:00:00,224.85,225.32,220.79,220.87,389007
DECK,NYSE,2020/08/13 16:00:00,219.24,219.98,215.88,217.9,195980
DECK,NYSE,2020/08/14 16:00:00,216.71,218.78,215.37,215.71,237985
DECK,NYSE,2020/08/17 16:00:00,217.39,217.39,210.38,212.16,410623
DECK,NYSE,2020/08/18 16:00:00,212.75,213.42,208.86,210.83,361211
DECK,NYSE,2020/08/19 16:00:00,211.08,211.94,207.35,207.7,248135
DECK,NYSE,2020/08/20 16:00:00,205.73,211.2,203.88,207.76,224182
DECK,NYSE,2020/08/21 16:00:00,208.06,210.03,205.7,209.39,150454
DECK,NYSE,2020/08/24 16:00:00,209.86,212.22,207.33,209.28,286828
DECK,NYSE,2020/08/25 16:00:00,210.21,211.32,206.09,209.74,429916
DECK,NYSE,2020/08/26 16:00:00,209.74,212.22,208.98,211.59,240792
DECK,NYSE,2020/08/27 16:00:00,213.25,215.09,210.3,210.82,182928
DECK,NYSE,2020/08/28 16:00:00,213.07,213.07,207.47,210.39,179333
DECK,NYSE,2020/08/31 16:00:00,210.5,210.5,203.42,203.87,310588
DECK,NYSE,2020/09/01 16:00:00,203.94,210.08,202.28,209.97,273460
DECK,NYSE,2020/09/02 16:00:00,212.49,212.5,205.68,207.63,251128
DECK,NYSE,2020/09/03 16:00:00,207.52,207.52,196.76,198.24,300854
DECK,NYSE,2020/09/04 16:00:00,200.3,201.32,193.83,197.08,308850
DECK,NYSE,2020/09/08 16:00:00,194.21,203.88,192.58,199.89,343054
DECK,NYSE,2020/09/09 16:00:00,201.79,204.03,199.07,202.97,266056
DECK,NYSE,2020/09/10 16:00:00,204.44,205.78,197.7,198.29,317025
DECK,NYSE,2020/09/11 16:00:00,201.24,203.96,198.6,203.21,384284
DECK,NYSE,2020/09/14 16:00:00,205.08,208.97,204.46,208.19,236784
DECK,NYSE,2020/09/15 16:00:00,209.37,214.66,208.5,214.43,402498
DECK,NYSE,2020/09/16 16:00:00,216.84,222.82,215.4,219.39,462057
DECK,NYSE,2020/09/17 16:00:00,215.39,218.51,212.14,213.33,374043
DECK,NYSE,2020/09/18 16:00:00,215.49,215.49,205.54,208.91,464815
DECK,NYSE,2020/09/21 16:00:00,204.64,207.22,202.17,207.05,291654
DECK,NYSE,2020/09/22 16:00:00,208.16,214,206.91,213.67,288849
DECK,NYSE,2020/09/23 16:00:00,214.72,223.24,213.71,214.51,609454
DECK,NYSE,2020/09/24 16:00:00,214.31,219.8,209.9,217.65,262628
DECK,NYSE,2020/09/25 16:00:00,216.02,218.04,213.11,215.21,253985
DECK,NYSE,2020/09/28 16:00:00,217.23,221.77,217.23,219.27,235984
DECK,NYSE,2020/09/29 16:00:00,218.28,219.64,214.2,217.91,239851
DECK,NYSE,2020/09/30 16:00:00,218.58,221.63,217.54,220.01,332218
DECK,NYSE,2020/10/01 16:00:00,222.65,238,221.94,235.6,802881
DECK,NYSE,2020/10/02 16:00:00,229.76,238.47,229.76,237.38,307535
DECK,NYSE,2020/10/05 16:00:00,238.19,239.59,232.81,238.5,237337
DECK,NYSE,2020/10/06 16:00:00,240.11,240.32,233.84,234.97,345641
DECK,NYSE,2020/10/07 16:00:00,239.05,242.41,237.87,240.34,306053
DECK,NYSE,2020/10/08 16:00:00,243.33,247.03,240.69,245.26,300572
DECK,NYSE,2020/10/09 16:00:00,247.8,251.52,245.29,251.21,325170
DECK,NYSE,2020/10/12 16:00:00,256.45,257.88,251.98,253.34,345203
DECK,NYSE,2020/10/13 16:00:00,250.49,254.13,248,253.63,406764
DECK,NYSE,2020/10/14 16:00:00,254.12,257.54,253.94,256.1,336682
DECK,NYSE,2020/10/15 16:00:00,254.01,262.85,251.35,262.1,293992
DECK,NYSE,2020/10/16 16:00:00,261.88,266.68,259.86,262.32,584193
DECK,NYSE,2020/10/19 16:00:00,263.8,267.1,247.01,253,743682
DECK,NYSE,2020/10/20 16:00:00,253.82,256.28,249.36,249.52,339190
DECK,NYSE,2020/10/21 16:00:00,251.51,252.49,245.44,247.64,300567
DECK,NYSE,2020/10/22 16:00:00,251.23,251.23,244,247.72,335989
DECK,NYSE,2020/10/23 16:00:00,247.94,256.49,244.28,255.21,449025
DECK,NYSE,2020/10/26 16:00:00,255,261.98,253.09,261.8,348526
DECK,NYSE,2020/10/27 16:00:00,261.91,263.91,257.71,262.03,449219
DECK,NYSE,2020/10/28 16:00:00,256,258.39,246.87,250.21,362870
DECK,NYSE,2020/10/29 16:00:00,249.37,258.91,248.69,257.77,461368
DECK,NYSE,2020/10/30 16:00:00,261.85,262.19,246.82,253.37,645556
DECK,NYSE,2020/11/02 16:00:00,253.55,256.67,251.03,254.9,380211
DECK,NYSE,2020/11/03 16:00:00,258.83,258.83,248.65,251.59,407496
DECK,NYSE,2020/11/04 16:00:00,250.79,261.26,250.16,261.06,328866
DECK,NYSE,2020/11/05 16:00:00,262.86,280.8,262.51,278.57,624403
DECK,NYSE,2020/11/06 16:00:00,280.2,280.2,269.46,270.29,485285
DECK,NYSE,2020/11/09 16:00:00,282.55,285.28,254.01,254.76,656291
DECK,NYSE,2020/11/10 16:00:00,255.69,257.54,240.86,251.53,676083
DECK,NYSE,2020/11/11 16:00:00,253.15,260.9,250.37,253.62,323252
DECK,NYSE,2020/11/12 16:00:00,253.42,255.45,243.96,248.25,466998
DECK,NYSE,2020/11/13 16:00:00,251.21,254.75,248.31,251.1,356834
DECK,NYSE,2020/11/16 16:00:00,253,253.43,242.43,249.86,617191
DECK,NYSE,2020/11/17 16:00:00,250.53,256.54,247.62,254.32,285605
DECK,NYSE,2020/11/18 16:00:00,254.42,258.23,251.02,251.92,278632
DECK,NYSE,2020/11/19 16:00:00,252.26,253.25,245.68,248.7,314148
DECK,NYSE,2020/11/20 16:00:00,247.65,248.76,241.24,247.21,359642
DECK,NYSE,2020/11/23 16:00:00,249.68,258.8,247.74,257.42,384155
DECK,NYSE,2020/11/24 16:00:00,260.36,263.8,257,259.49,280781
DECK,NYSE,2020/11/25 16:00:00,260.3,267.42,256.61,264.49,259722
DECK,NYSE,2020/11/27 13:00:00,263.89,266.06,257.51,260.17,142276
DECK,NYSE,2020/11/30 16:00:00,259.45,260.29,252.85,254.59,360282
DECK,NYSE,2020/12/01 16:00:00,258.5,265.77,256.26,264.45,537603
DECK,NYSE,2020/12/02 16:00:00,264.2,269.35,260.9,269.19,356831
DECK,NYSE,2020/12/03 16:00:00,271,281.05,269.82,280.06,549206
DECK,NYSE,2020/12/04 16:00:00,280.05,289.12,276.85,288.62,494997
DECK,NYSE,2020/12/07 16:00:00,285.96,289.61,281.66,289,350183
DECK,NYSE,2020/12/08 16:00:00,291.94,299.15,287.1,295.16,418362
DECK,NYSE,2020/12/09 16:00:00,296.93,301.94,293.9,297.26,328869
DECK,NYSE,2020/12/10 16:00:00,295.96,301.77,288.71,291.64,304234
DECK,NYSE,2020/12/11 16:00:00,288.48,293.77,287.42,291.91,279852
DECK,NYSE,2020/12/14 16:00:00,293.77,299.89,293.7,294.9,395917
DECK,NYSE,2020/12/15 16:00:00,295.83,304.38,295.29,304.27,277109
DECK,NYSE,2020/12/16 16:00:00,307.74,307.81,295.87,300.19,305329
DECK,NYSE,2020/12/17 16:00:00,301.94,303.05,296.96,300.96,269372
DECK,NYSE,2020/12/18 16:00:00,302.43,302.43,291.62,294.72,512948
DECK,NYSE,2020/12/21 16:00:00,290.07,300.29,288.26,300.02,304859
DECK,NYSE,2020/12/22 16:00:00,298.55,301.3,291.6,293.96,272457
DECK,NYSE,2020/12/23 16:00:00,296.44,297.02,291.8,295.55,261978
DECK,NYSE,2020/12/24 13:00:00,296.83,296.95,291.89,292.74,73140
DECK,NYSE,2020/12/28 16:00:00,294.05,295.11,290,290.93,219688
DECK,NYSE,2020/12/29 16:00:00,291.5,292.93,282.01,287.45,241876
DECK,NYSE,2020/12/30 16:00:00,287.13,289.17,285.33,286,204613
DECK,NYSE,2020/12/31 16:00:00,286.84,289.44,283.64,286.78,218444
DECK,NYSE,2021/01/04 16:00:00,289.73,290.17,279.36,283.45,498372
DECK,NYSE,2021/01/05 16:00:00,283.14,295.03,283.14,293.98,272250
DECK,NYSE,2021/01/06 16:00:00,295.29,314.26,295.29,312.37,485470
DECK,NYSE,2021/01/07 16:00:00,313.26,317.86,310.04,316.86,270204
DECK,NYSE,2021/01/08 16:00:00,318.28,320.3,311.07,314.43,440118
DECK,NYSE,2021/01/11 16:00:00,311.65,330.6,310.69,326.92,348753
DECK,NYSE,2021/01/12 16:00:00,330,336.08,325.55,332.62,351834
DECK,NYSE,2021/01/13 16:00:00,335.41,336.32,320.75,324.34,369427
DECK,NYSE,2021/01/14 16:00:00,326.51,331.08,322.74,323.86,391421
DECK,NYSE,2021/01/15 16:00:00,320.6,327.66,315.53,326,288596
DECK,NYSE,2021/01/19 16:00:00,329.15,329.15,318.1,323.1,385294
DECK,NYSE,2021/01/20 16:00:00,326.93,332.11,322.55,330.94,387649
DECK,NYSE,2021/01/21 16:00:00,334.94,334.94,322.86,323,309425
DECK,NYSE,2021/01/22 16:00:00,320.9,324.13,316.34,319.88,250450
DECK,NYSE,2021/01/25 16:00:00,319.24,325.54,310.43,314.37,320050
DECK,NYSE,2021/01/26 16:00:00,317.31,317.92,302.13,304.23,304030
DECK,NYSE,2021/01/27 16:00:00,298.04,299.03,276.7,278.61,825408
DECK,NYSE,2021/01/28 16:00:00,284.42,292.96,279.61,290.65,681782
DECK,NYSE,2021/01/29 16:00:00,289.48,296.43,285.81,291.98,331065
DECK,NYSE,2021/02/01 16:00:00,294.17,299.96,291.89,299.34,254241
DECK,NYSE,2021/02/02 16:00:00,306,316.49,304.59,312.01,334912
DECK,NYSE,2021/02/03 16:00:00,314.71,316.51,307.11,309.57,217386
DECK,NYSE,2021/02/04 16:00:00,311.91,324.6,311.44,316.88,395787
DECK,NYSE,2021/02/05 16:00:00,321.03,331.62,310,316.73,505160
DECK,NYSE,2021/02/08 16:00:00,317.74,322.05,314.17,320.2,348183
DECK,NYSE,2021/02/09 16:00:00,319.78,326.5,319.78,325.5,293826
DECK,NYSE,2021/02/10 16:00:00,328.96,329.37,319.15,320.81,329183
DECK,NYSE,2021/02/11 16:00:00,324.88,324.88,315.56,319.44,300224
DECK,NYSE,2021/02/12 16:00:00,317.74,323.45,316.44,323.32,219274
DECK,NYSE,2021/02/16 16:00:00,326.57,326.99,318.39,323.81,379716
DECK,NYSE,2021/02/17 16:00:00,321.05,325.95,317.34,323.66,276106
DECK,NYSE,2021/02/18 16:00:00,321.75,325.29,318.23,323.23,243572
DECK,NYSE,2021/02/19 16:00:00,322.43,331.52,321.47,331.16,392758
DECK,NYSE,2021/02/22 16:00:00,329.5,340.58,326.3,328.04,309317
DECK,NYSE,2021/02/23 16:00:00,323.51,325.87,311.35,324.35,426662
DECK,NYSE,2021/02/24 16:00:00,324.91,334.81,324.77,331.48,302467
DECK,NYSE,2021/02/25 16:00:00,333.24,333.46,317.18,319.06,279591
DECK,NYSE,2021/02/26 16:00:00,323.6,331.66,322.59,326.11,470269
DECK,NYSE,2021/03/01 16:00:00,330.99,338.02,329.69,331.53,360159
DECK,NYSE,2021/03/02 16:00:00,332.03,334.75,325,325.69,225045
DECK,NYSE,2021/03/03 16:00:00,326.62,331.56,320.05,320.97,314057
DECK,NYSE,2021/03/04 16:00:00,318.39,323.08,304.58,310.4,335937
DECK,NYSE,2021/03/05 16:00:00,315.34,317.09,303.28,316.39,366272
DECK,NYSE,2021/03/08 16:00:00,317.87,329.41,316.08,316.97,363364
DECK,NYSE,2021/03/09 16:00:00,322.73,326.8,318.56,322.63,345439
DECK,NYSE,2021/03/10 16:00:00,326.43,328.16,314.63,315.94,285069
DECK,NYSE,2021/03/11 16:00:00,319.82,327.7,314.04,327.14,358791
DECK,NYSE,2021/03/12 16:00:00,325.99,332.32,324.1,328.26,205544
DECK,NYSE,2021/03/15 16:00:00,328.5,343.85,328.5,343.35,227747
DECK,NYSE,2021/03/16 16:00:00,345,345,334.7,338.7,172585
DECK,NYSE,2021/03/17 16:00:00,338.04,344.13,332.85,344.13,215705
DECK,NYSE,2021/03/18 16:00:00,342.39,343.51,328.88,330.96,206315
DECK,NYSE,2021/03/19 16:00:00,334.26,342.42,327.52,338.7,575789
DECK,NYSE,2021/03/22 16:00:00,342.15,342.28,329.35,332.8,393349
DECK,NYSE,2021/03/23 16:00:00,331.28,336.34,314.33,318.63,372800
DECK,NYSE,2021/03/24 16:00:00,321.24,323.82,311.07,311.73,328279
DECK,NYSE,2021/03/25 16:00:00,307.12,323.43,305.07,321.75,199322
DECK,NYSE,2021/03/26 16:00:00,323.39,333.94,321.8,333.84,208341
DECK,NYSE,2021/03/29 16:00:00,333.65,335.77,318.64,320.33,295075
DECK,NYSE,2021/03/30 16:00:00,320.77,327.64,319.5,325.68,207968
DECK,NYSE,2021/03/31 16:00:00,329.64,333.05,327.02,330.42,163564
DECK,NYSE,2021/04/01 16:00:00,334.6,335.91,328.12,330.52,279559
DECK,NYSE,2021/04/05 16:00:00,333.75,333.75,325,331,264026
DECK,NYSE,2021/04/06 16:00:00,333.45,347.3,332.83,338.97,301878
DECK,NYSE,2021/04/07 16:00:00,339.26,341.8,335.35,339.32,187155
DECK,NYSE,2021/04/08 16:00:00,342.55,342.55,334.43,336.58,160198
DECK,NYSE,2021/04/09 16:00:00,336.33,343.35,336.28,342.4,130658
AEG,NYSE,2019/04/01 16:00:00,4.87,4.96,4.86,4.95,2187265
AEG,NYSE,2019/04/02 16:00:00,4.95,4.98,4.91,4.96,1351112
AEG,NYSE,2019/04/03 16:00:00,5.01,5.04,4.99,5.02,1854118
AEG,NYSE,2019/04/04 16:00:00,5.01,5.05,4.98,5.02,2094085
AEG,NYSE,2019/04/05 16:00:00,5.01,5.04,4.99,5.01,1582398
AEG,NYSE,2019/04/08 16:00:00,5.01,5.03,4.98,5.01,1120040
AEG,NYSE,2019/04/09 16:00:00,5.01,5.01,4.95,4.95,1186005
AEG,NYSE,2019/04/10 16:00:00,4.95,4.97,4.91,4.95,981790
AEG,NYSE,2019/04/11 16:00:00,5.02,5.09,5.01,5.03,1751022
AEG,NYSE,2019/04/12 16:00:00,5.08,5.13,5.07,5.1,1726516
AEG,NYSE,2019/04/15 16:00:00,5.13,5.14,5.08,5.09,963711
AEG,NYSE,2019/04/16 16:00:00,5.16,5.19,5.12,5.18,1435652
AEG,NYSE,2019/04/17 16:00:00,5.27,5.3,5.24,5.28,1939713
AEG,NYSE,2019/04/18 16:00:00,5.23,5.25,5.18,5.19,945487
AEG,NYSE,2019/04/22 16:00:00,5.17,5.2,5.15,5.18,581617
AEG,NYSE,2019/04/23 16:00:00,5.08,5.13,5.05,5.1,1235168
AEG,NYSE,2019/04/24 16:00:00,5.09,5.12,5.05,5.08,1351720
AEG,NYSE,2019/04/25 16:00:00,5.07,5.11,5.06,5.09,960760
AEG,NYSE,2019/04/26 16:00:00,5.13,5.16,5.12,5.16,608569
AEG,NYSE,2019/04/29 16:00:00,5.17,5.2,5.15,5.18,1739353
AEG,NYSE,2019/04/30 16:00:00,5.2,5.22,5.15,5.2,731650
AEG,NYSE,2019/05/01 16:00:00,5.22,5.24,5.16,5.16,1310688
AEG,NYSE,2019/05/02 16:00:00,5.23,5.26,5.2,5.23,1962308
AEG,NYSE,2019/05/03 16:00:00,5.24,5.26,5.21,5.23,1446770
AEG,NYSE,2019/05/06 16:00:00,5.08,5.16,5.07,5.14,1140639
AEG,NYSE,2019/05/07 16:00:00,5,5.01,4.94,4.95,2377369
AEG,NYSE,2019/05/08 16:00:00,4.95,5.02,4.93,4.97,1736446
AEG,NYSE,2019/05/09 16:00:00,4.85,4.87,4.77,4.84,2573709
AEG,NYSE,2019/05/10 16:00:00,4.83,4.91,4.77,4.88,3388357
AEG,NYSE,2019/05/13 16:00:00,4.7,4.72,4.64,4.65,2367451
AEG,NYSE,2019/05/14 16:00:00,4.67,4.74,4.65,4.69,1923918
AEG,NYSE,2019/05/15 16:00:00,4.65,4.74,4.61,4.74,2296560
AEG,NYSE,2019/05/16 16:00:00,4.74,4.82,4.74,4.79,1358925
AEG,NYSE,2019/05/17 16:00:00,4.73,4.79,4.72,4.76,1496241
AEG,NYSE,2019/05/20 16:00:00,4.71,4.81,4.7,4.79,2979077
AEG,NYSE,2019/05/21 16:00:00,4.75,4.79,4.71,4.76,1869487
AEG,NYSE,2019/05/22 16:00:00,4.68,4.75,4.66,4.71,1911597
AEG,NYSE,2019/05/23 16:00:00,4.56,4.61,4.54,4.59,1350243
AEG,NYSE,2019/05/24 16:00:00,4.68,4.7,4.66,4.67,741484
AEG,NYSE,2019/05/28 16:00:00,4.68,4.69,4.61,4.61,1315734
AEG,NYSE,2019/05/29 16:00:00,4.57,4.63,4.56,4.63,1506506
AEG,NYSE,2019/05/30 16:00:00,4.64,4.67,4.58,4.61,1194229
AEG,NYSE,2019/05/31 16:00:00,4.55,4.59,4.54,4.56,1911602
AEG,NYSE,2019/06/03 16:00:00,4.49,4.55,4.48,4.54,1549670
AEG,NYSE,2019/06/04 16:00:00,4.71,4.75,4.69,4.74,2597244
AEG,NYSE,2019/06/05 16:00:00,4.72,4.72,4.66,4.68,1373968
AEG,NYSE,2019/06/06 16:00:00,4.68,4.7,4.61,4.66,1089475
AEG,NYSE,2019/06/07 16:00:00,4.76,4.8,4.75,4.77,1578780
AEG,NYSE,2019/06/10 16:00:00,4.8,4.82,4.77,4.78,848646
AEG,NYSE,2019/06/11 16:00:00,4.88,4.9,4.84,4.84,2179960
AEG,NYSE,2019/06/12 16:00:00,4.8,4.8,4.74,4.75,757165
AEG,NYSE,2019/06/13 16:00:00,4.75,4.78,4.73,4.74,710907
AEG,NYSE,2019/06/14 16:00:00,4.7,4.72,4.67,4.7,641195
AEG,NYSE,2019/06/17 16:00:00,4.73,4.75,4.69,4.69,1822847
AEG,NYSE,2019/06/18 16:00:00,4.7,4.78,4.7,4.76,683299
AEG,NYSE,2019/06/19 16:00:00,4.91,4.91,4.85,4.85,1248254
AEG,NYSE,2019/06/20 16:00:00,4.91,4.92,4.86,4.9,1258878
AEG,NYSE,2019/06/21 16:00:00,4.89,4.92,4.83,4.83,1546386
AEG,NYSE,2019/06/24 16:00:00,4.88,4.91,4.85,4.88,1049622
AEG,NYSE,2019/06/25 16:00:00,4.87,4.88,4.83,4.83,644117
AEG,NYSE,2019/06/26 16:00:00,4.87,4.9,4.84,4.86,972987
AEG,NYSE,2019/06/27 16:00:00,4.98,4.98,4.91,4.92,1155269
AEG,NYSE,2019/06/28 16:00:00,4.96,4.99,4.94,4.95,978116
AEG,NYSE,2019/07/01 16:00:00,5.1,5.11,5.05,5.08,1733372
AEG,NYSE,2019/07/02 16:00:00,5.06,5.08,5.01,5.02,904297
AEG,NYSE,2019/07/03 13:00:00,5.02,5.05,5.01,5.03,587429
AEG,NYSE,2019/07/05 16:00:00,5.13,5.18,5.11,5.14,1063443
AEG,NYSE,2019/07/08 16:00:00,5.11,5.13,5.07,5.09,821801
AEG,NYSE,2019/07/09 16:00:00,5.09,5.13,5.08,5.13,897267
AEG,NYSE,2019/07/10 16:00:00,5.15,5.17,5.08,5.09,749469
AEG,NYSE,2019/07/11 16:00:00,5.11,5.13,5.09,5.11,608489
AEG,NYSE,2019/07/12 16:00:00,5.16,5.18,5.11,5.14,1952333
AEG,NYSE,2019/07/15 16:00:00,5.14,5.15,5.08,5.11,957602
AEG,NYSE,2019/07/16 16:00:00,5.1,5.13,5.08,5.08,746390
AEG,NYSE,2019/07/17 16:00:00,5.12,5.12,5.06,5.08,831085
AEG,NYSE,2019/07/18 16:00:00,5.05,5.09,5.05,5.07,1076125
AEG,NYSE,2019/07/19 16:00:00,5.07,5.09,5.04,5.05,872816
AEG,NYSE,2019/07/22 16:00:00,5.06,5.08,5.03,5.04,1079333
AEG,NYSE,2019/07/23 16:00:00,5.1,5.14,5.1,5.11,655359
AEG,NYSE,2019/07/24 16:00:00,5.06,5.11,5.06,5.09,606608
AEG,NYSE,2019/07/25 16:00:00,5.09,5.09,5,5.02,933736
AEG,NYSE,2019/07/26 16:00:00,5.01,5.02,4.99,5,488893
AEG,NYSE,2019/07/29 16:00:00,5.02,5.03,4.97,4.98,1166585
AEG,NYSE,2019/07/30 16:00:00,4.91,4.93,4.88,4.9,908584
AEG,NYSE,2019/07/31 16:00:00,4.97,4.98,4.84,4.92,1713087
AEG,NYSE,2019/08/01 16:00:00,4.89,4.9,4.74,4.78,2305058
AEG,NYSE,2019/08/02 16:00:00,4.59,4.6,4.51,4.55,2071329
AEG,NYSE,2019/08/05 16:00:00,4.41,4.43,4.34,4.37,5129594
AEG,NYSE,2019/08/06 16:00:00,4.4,4.4,4.33,4.38,2551839
AEG,NYSE,2019/08/07 16:00:00,4.28,4.33,4.24,4.31,1623845
AEG,NYSE,2019/08/08 16:00:00,4.33,4.37,4.3,4.33,1251713
AEG,NYSE,2019/08/09 16:00:00,4.24,4.27,4.21,4.25,1336014
AEG,NYSE,2019/08/12 16:00:00,4.22,4.26,4.17,4.21,2283242
AEG,NYSE,2019/08/13 16:00:00,4.21,4.31,4.18,4.25,1590800
AEG,NYSE,2019/08/14 16:00:00,4.14,4.15,4.11,4.11,1810838
AEG,NYSE,2019/08/15 16:00:00,3.86,3.88,3.79,3.8,3344017
AEG,NYSE,2019/08/16 16:00:00,3.91,3.94,3.88,3.91,1870942
AEG,NYSE,2019/08/19 16:00:00,4,4.02,3.98,3.98,1571673
AEG,NYSE,2019/08/20 16:00:00,3.97,3.97,3.91,3.91,1498114
AEG,NYSE,2019/08/21 16:00:00,3.98,3.98,3.94,3.95,967676
AEG,NYSE,2019/08/22 16:00:00,3.98,3.99,3.92,3.96,1273150
AEG,NYSE,2019/08/23 16:00:00,3.82,3.86,3.75,3.75,1812527
AEG,NYSE,2019/08/26 16:00:00,3.8,3.81,3.77,3.78,1040698
AEG,NYSE,2019/08/27 16:00:00,3.83,3.84,3.77,3.79,1878686
AEG,NYSE,2019/08/28 16:00:00,3.75,3.78,3.73,3.74,1132309
AEG,NYSE,2019/08/29 16:00:00,3.75,3.78,3.74,3.77,1316790
AEG,NYSE,2019/08/30 16:00:00,3.81,3.81,3.75,3.78,898238
AEG,NYSE,2019/09/03 16:00:00,3.72,3.73,3.69,3.69,1521339
AEG,NYSE,2019/09/04 16:00:00,3.75,3.79,3.73,3.77,1684384
AEG,NYSE,2019/09/05 16:00:00,3.85,3.96,3.85,3.95,3073898
AEG,NYSE,2019/09/06 16:00:00,3.94,3.97,3.92,3.95,1480826
AEG,NYSE,2019/09/09 16:00:00,4.01,4.08,4,4.07,1716072
AEG,NYSE,2019/09/10 16:00:00,4.22,4.23,4.17,4.21,2421535
AEG,NYSE,2019/09/11 16:00:00,4.18,4.19,4.13,4.18,1373386
AEG,NYSE,2019/09/12 16:00:00,4.11,4.22,4.08,4.2,1888658
AEG,NYSE,2019/09/13 16:00:00,4.27,4.32,4.25,4.3,2096997
AEG,NYSE,2019/09/16 16:00:00,4.22,4.25,4.2,4.24,1845390
AEG,NYSE,2019/09/17 16:00:00,4.16,4.22,4.14,4.2,1114643
AEG,NYSE,2019/09/18 16:00:00,4.2,4.22,4.18,4.21,1100237
AEG,NYSE,2019/09/19 16:00:00,4.29,4.3,4.24,4.25,954699
AEG,NYSE,2019/09/20 16:00:00,4.25,4.26,4.2,4.2,1515675
AEG,NYSE,2019/09/23 16:00:00,4.12,4.17,4.1,4.16,1716716
AEG,NYSE,2019/09/24 16:00:00,4.15,4.15,4.08,4.1,1251092
AEG,NYSE,2019/09/25 16:00:00,4.07,4.12,4.06,4.09,1160585
AEG,NYSE,2019/09/26 16:00:00,4.11,4.13,4.09,4.12,1539552
AEG,NYSE,2019/09/27 16:00:00,4.16,4.2,4.14,4.16,1233782
AEG,NYSE,2019/09/30 16:00:00,4.18,4.18,4.13,4.13,1110979
AEG,NYSE,2019/10/01 16:00:00,4.2,4.21,4.07,4.07,1859787
AEG,NYSE,2019/10/02 16:00:00,4.04,4.05,3.95,3.98,1672950
AEG,NYSE,2019/10/03 16:00:00,4,4.03,3.94,4.02,2111981
AEG,NYSE,2019/10/04 16:00:00,4.01,4.05,3.99,4.04,1328445
AEG,NYSE,2019/10/07 16:00:00,4.08,4.09,4.04,4.04,1526011
AEG,NYSE,2019/10/08 16:00:00,3.99,4.01,3.95,3.95,3348100
AEG,NYSE,2019/10/09 16:00:00,3.99,4.01,3.97,4,1939496
AEG,NYSE,2019/10/10 16:00:00,4.1,4.15,4.09,4.14,1962099
AEG,NYSE,2019/10/11 16:00:00,4.25,4.28,4.21,4.24,3342532
AEG,NYSE,2019/10/14 16:00:00,4.18,4.22,4.17,4.2,968242
AEG,NYSE,2019/10/15 16:00:00,4.2,4.31,4.2,4.27,1822690
AEG,NYSE,2019/10/16 16:00:00,4.26,4.3,4.26,4.26,1680546
AEG,NYSE,2019/10/17 16:00:00,4.31,4.32,4.24,4.25,1805075
AEG,NYSE,2019/10/18 16:00:00,4.29,4.34,4.29,4.34,1459488
AEG,NYSE,2019/10/21 16:00:00,4.37,4.4,4.35,4.35,794400
AEG,NYSE,2019/10/22 16:00:00,4.34,4.43,4.33,4.4,1814691
AEG,NYSE,2019/10/23 16:00:00,4.45,4.47,4.43,4.47,1476283
AEG,NYSE,2019/10/24 16:00:00,4.5,4.5,4.4,4.43,1912143
AEG,NYSE,2019/10/25 16:00:00,4.38,4.43,4.37,4.41,1751022
AEG,NYSE,2019/10/28 16:00:00,4.43,4.45,4.42,4.44,955106
AEG,NYSE,2019/10/29 16:00:00,4.43,4.47,4.4,4.41,1468640
AEG,NYSE,2019/10/30 16:00:00,4.36,4.39,4.32,4.37,1266518
AEG,NYSE,2019/10/31 16:00:00,4.34,4.35,4.28,4.32,1375011
AEG,NYSE,2019/11/01 16:00:00,4.37,4.42,4.36,4.42,1223626
AEG,NYSE,2019/11/04 16:00:00,4.49,4.5,4.47,4.49,1277587
AEG,NYSE,2019/11/05 16:00:00,4.55,4.59,4.54,4.57,2158223
AEG,NYSE,2019/11/06 16:00:00,4.62,4.63,4.59,4.62,1882075
AEG,NYSE,2019/11/07 16:00:00,4.66,4.67,4.63,4.63,1137444
AEG,NYSE,2019/11/08 16:00:00,4.61,4.63,4.58,4.62,1211276
AEG,NYSE,2019/11/11 16:00:00,4.59,4.63,4.58,4.61,3095924
AEG,NYSE,2019/11/12 16:00:00,4.65,4.69,4.63,4.66,1841906
AEG,NYSE,2019/11/13 16:00:00,4.59,4.6,4.56,4.57,1233395
AEG,NYSE,2019/11/14 16:00:00,4.56,4.58,4.55,4.57,950621
AEG,NYSE,2019/11/15 16:00:00,4.62,4.63,4.59,4.62,1382949
AEG,NYSE,2019/11/18 16:00:00,4.57,4.59,4.55,4.58,1082421
AEG,NYSE,2019/11/19 16:00:00,4.61,4.62,4.56,4.57,899640
AEG,NYSE,2019/11/20 16:00:00,4.48,4.51,4.45,4.47,1637733
AEG,NYSE,2019/11/21 16:00:00,4.47,4.49,4.45,4.48,1001421
AEG,NYSE,2019/11/22 16:00:00,4.49,4.53,4.49,4.52,771797
AEG,NYSE,2019/11/25 16:00:00,4.49,4.52,4.48,4.52,901608
AEG,NYSE,2019/11/26 16:00:00,4.47,4.47,4.43,4.45,1100949
AEG,NYSE,2019/11/27 16:00:00,4.47,4.48,4.45,4.48,802567
AEG,NYSE,2019/11/29 13:00:00,4.48,4.48,4.46,4.47,489727
AEG,NYSE,2019/12/02 16:00:00,4.48,4.49,4.43,4.43,1408224
AEG,NYSE,2019/12/03 16:00:00,4.34,4.35,4.31,4.34,1770525
AEG,NYSE,2019/12/04 16:00:00,4.39,4.43,4.38,4.39,1389414
AEG,NYSE,2019/12/05 16:00:00,4.43,4.44,4.4,4.41,1150332
AEG,NYSE,2019/12/06 16:00:00,4.47,4.48,4.45,4.46,793270
AEG,NYSE,2019/12/09 16:00:00,4.46,4.49,4.46,4.47,879801
AEG,NYSE,2019/12/10 16:00:00,4.46,4.48,4.43,4.44,1384030
AEG,NYSE,2019/12/11 16:00:00,4.45,4.46,4.43,4.45,749224
AEG,NYSE,2019/12/12 16:00:00,4.51,4.6,4.5,4.6,2276268
AEG,NYSE,2019/12/13 16:00:00,4.63,4.68,4.59,4.61,1662383
AEG,NYSE,2019/12/16 16:00:00,4.65,4.67,4.63,4.63,982668
AEG,NYSE,2019/12/17 16:00:00,4.68,4.7,4.67,4.69,1286846
AEG,NYSE,2019/12/18 16:00:00,4.64,4.65,4.62,4.63,813260
AEG,NYSE,2019/12/19 16:00:00,4.63,4.64,4.62,4.62,838734
AEG,NYSE,2019/12/20 16:00:00,4.6,4.61,4.53,4.53,1473431
AEG,NYSE,2019/12/23 16:00:00,4.54,4.54,4.51,4.52,1043232
AEG,NYSE,2019/12/24 13:00:00,4.5,4.52,4.49,4.49,340407
AEG,NYSE,2019/12/26 16:00:00,4.5,4.53,4.5,4.51,540191
AEG,NYSE,2019/12/27 16:00:00,4.54,4.56,4.52,4.55,2334813
AEG,NYSE,2019/12/30 16:00:00,4.58,4.58,4.55,4.56,1523905
AEG,NYSE,2019/12/31 16:00:00,4.55,4.55,4.52,4.53,727060
AEG,NYSE,2020/01/02 16:00:00,4.59,4.6,4.56,4.6,1410337
AEG,NYSE,2020/01/03 16:00:00,4.53,4.54,4.49,4.52,2005803
AEG,NYSE,2020/01/06 16:00:00,4.35,4.42,4.34,4.42,1469205
AEG,NYSE,2020/01/07 16:00:00,4.46,4.46,4.43,4.43,997371
AEG,NYSE,2020/01/08 16:00:00,4.47,4.5,4.46,4.48,956669
AEG,NYSE,2020/01/09 16:00:00,4.46,4.47,4.43,4.46,1046286
AEG,NYSE,2020/01/10 16:00:00,4.45,4.46,4.41,4.41,1097127
AEG,NYSE,2020/01/13 16:00:00,4.41,4.45,4.4,4.45,866167
AEG,NYSE,2020/01/14 16:00:00,4.44,4.44,4.41,4.41,658709
AEG,NYSE,2020/01/15 16:00:00,4.39,4.4,4.35,4.35,1031952
AEG,NYSE,2020/01/16 16:00:00,4.37,4.39,4.36,4.39,689099
AEG,NYSE,2020/01/17 16:00:00,4.39,4.39,4.36,4.37,577044
AEG,NYSE,2020/01/21 16:00:00,4.36,4.36,4.31,4.31,1186534
AEG,NYSE,2020/01/22 16:00:00,4.26,4.28,4.25,4.26,1072534
AEG,NYSE,2020/01/23 16:00:00,4.25,4.26,4.18,4.25,2086372
AEG,NYSE,2020/01/24 16:00:00,4.27,4.27,4.21,4.22,1739119
AEG,NYSE,2020/01/27 16:00:00,4.09,4.12,4.07,4.07,1509714
AEG,NYSE,2020/01/28 16:00:00,4.1,4.13,4.08,4.11,1247850
AEG,NYSE,2020/01/29 16:00:00,4.1,4.12,4.08,4.09,1565780
AEG,NYSE,2020/01/30 16:00:00,4.07,4.13,4.05,4.13,1260894
AEG,NYSE,2020/01/31 16:00:00,4.06,4.07,4.01,4.01,1606465
AEG,NYSE,2020/02/03 16:00:00,4.04,4.09,4.04,4.04,1322312
AEG,NYSE,2020/02/04 16:00:00,4.16,4.18,4.14,4.16,2481474
AEG,NYSE,2020/02/05 16:00:00,4.23,4.27,4.22,4.24,1722164
AEG,NYSE,2020/02/06 16:00:00,4.32,4.34,4.25,4.28,3004841
AEG,NYSE,2020/02/07 16:00:00,4.24,4.27,4.22,4.25,943875
AEG,NYSE,2020/02/10 16:00:00,4.24,4.25,4.22,4.25,660480
AEG,NYSE,2020/02/11 16:00:00,4.28,4.31,4.28,4.29,821798
AEG,NYSE,2020/02/12 16:00:00,4.35,4.38,4.3,4.32,1305121
AEG,NYSE,2020/02/13 16:00:00,4.05,4.1,4.04,4.07,2838245
AEG,NYSE,2020/02/14 16:00:00,4.15,4.15,4.08,4.12,2063354
AEG,NYSE,2020/02/18 16:00:00,4.04,4.05,4.01,4.03,1229217
AEG,NYSE,2020/02/19 16:00:00,4.06,4.06,4.03,4.04,1164148
AEG,NYSE,2020/02/20 16:00:00,4.04,4.06,4,4.02,1598666
AEG,NYSE,2020/02/21 16:00:00,4.02,4.03,3.97,3.98,1431938
AEG,NYSE,2020/02/24 16:00:00,3.77,3.83,3.76,3.77,2738293
AEG,NYSE,2020/02/25 16:00:00,3.78,3.78,3.65,3.69,4315177
AEG,NYSE,2020/02/26 16:00:00,3.69,3.73,3.65,3.66,3100830
AEG,NYSE,2020/02/27 16:00:00,3.56,3.62,3.5,3.5,4100729
AEG,NYSE,2020/02/28 16:00:00,3.36,3.4,3.31,3.38,7372333
AEG,NYSE,2020/03/02 16:00:00,3.37,3.45,3.31,3.44,5706347
AEG,NYSE,2020/03/03 16:00:00,3.45,3.52,3.31,3.33,7659513
AEG,NYSE,2020/03/04 16:00:00,3.38,3.45,3.33,3.44,4224002
AEG,NYSE,2020/03/05 16:00:00,3.23,3.26,3.17,3.19,6470151
AEG,NYSE,2020/03/06 16:00:00,3.09,3.17,3.03,3.08,6901745
AEG,NYSE,2020/03/09 16:00:00,2.7,3,2.61,2.62,5403254
AEG,NYSE,2020/03/10 16:00:00,2.73,2.74,2.56,2.72,5940282
AEG,NYSE,2020/03/11 16:00:00,2.67,2.68,2.5,2.53,7677051
AEG,NYSE,2020/03/12 16:00:00,2.25,2.26,2.03,2.1,4821665
AEG,NYSE,2020/03/13 16:00:00,2.22,2.27,2.05,2.27,3922179
AEG,NYSE,2020/03/16 16:00:00,1.8,1.96,1.8,1.88,4583482
AEG,NYSE,2020/03/17 16:00:00,1.9,2.15,1.87,2.15,3617216
AEG,NYSE,2020/03/18 16:00:00,2.01,2.06,1.89,1.97,3775191
AEG,NYSE,2020/03/19 16:00:00,2.07,2.17,2.02,2.13,2817833
AEG,NYSE,2020/03/20 16:00:00,2.42,2.5,2.28,2.38,7132078
AEG,NYSE,2020/03/23 16:00:00,2.39,2.42,2.24,2.28,5666308
AEG,NYSE,2020/03/24 16:00:00,2.5,2.6,2.46,2.57,3201344
AEG,NYSE,2020/03/25 16:00:00,2.6,2.76,2.47,2.66,3417580
AEG,NYSE,2020/03/26 16:00:00,2.61,2.73,2.6,2.66,4180307
AEG,NYSE,2020/03/27 16:00:00,2.59,2.69,2.53,2.62,1955358
AEG,NYSE,2020/03/30 16:00:00,2.56,2.63,2.5,2.62,2971205
AEG,NYSE,2020/03/31 16:00:00,2.55,2.56,2.45,2.49,2410299
AEG,NYSE,2020/04/01 16:00:00,2.38,2.42,2.34,2.36,2345844
AEG,NYSE,2020/04/02 16:00:00,2.39,2.52,2.26,2.29,8391279
AEG,NYSE,2020/04/03 16:00:00,2.26,2.33,2.24,2.26,11015681
AEG,NYSE,2020/04/06 16:00:00,2.43,2.49,2.41,2.48,7066142
AEG,NYSE,2020/04/07 16:00:00,2.72,2.74,2.56,2.57,5770285
AEG,NYSE,2020/04/08 16:00:00,2.58,2.65,2.53,2.63,2798125
AEG,NYSE,2020/04/09 16:00:00,2.74,2.83,2.7,2.77,3211370
AEG,NYSE,2020/04/13 16:00:00,2.74,2.76,2.65,2.68,1700747
AEG,NYSE,2020/04/14 16:00:00,2.71,2.72,2.64,2.67,3241690
AEG,NYSE,2020/04/15 16:00:00,2.51,2.51,2.4,2.42,2692906
AEG,NYSE,2020/04/16 16:00:00,2.44,2.44,2.37,2.4,1964045
AEG,NYSE,2020/04/17 16:00:00,2.47,2.48,2.4,2.45,2746247
AEG,NYSE,2020/04/20 16:00:00,2.38,2.44,2.34,2.39,1966815
AEG,NYSE,2020/04/21 16:00:00,2.34,2.4,2.31,2.35,3172290
AEG,NYSE,2020/04/22 16:00:00,2.36,2.37,2.31,2.33,1754239
AEG,NYSE,2020/04/23 16:00:00,2.34,2.43,2.32,2.35,3068246
AEG,NYSE,2020/04/24 16:00:00,2.38,2.38,2.32,2.36,1347470
AEG,NYSE,2020/04/27 16:00:00,2.4,2.44,2.37,2.44,2513995
AEG,NYSE,2020/04/28 16:00:00,2.55,2.59,2.48,2.54,3649054
AEG,NYSE,2020/04/29 16:00:00,2.66,2.73,2.64,2.71,2698689
AEG,NYSE,2020/04/30 16:00:00,2.59,2.62,2.55,2.6,1996297
AEG,NYSE,2020/05/01 16:00:00,2.57,2.57,2.49,2.52,1999674
AEG,NYSE,2020/05/04 16:00:00,2.44,2.48,2.41,2.45,2290638
AEG,NYSE,2020/05/05 16:00:00,2.4,2.42,2.35,2.36,2130277
AEG,NYSE,2020/05/06 16:00:00,2.39,2.41,2.31,2.32,1300323
AEG,NYSE,2020/05/07 16:00:00,2.36,2.43,2.36,2.38,6620751
AEG,NYSE,2020/05/08 16:00:00,2.39,2.4,2.35,2.37,10018620
AEG,NYSE,2020/05/11 16:00:00,2.35,2.38,2.32,2.36,2594238
AEG,NYSE,2020/05/12 16:00:00,2.51,2.54,2.39,2.4,3415612
AEG,NYSE,2020/05/13 16:00:00,2.3,2.3,2.21,2.24,2559128
AEG,NYSE,2020/05/14 16:00:00,2.14,2.27,2.1,2.26,4085782
AEG,NYSE,2020/05/15 16:00:00,2.21,2.26,2.21,2.23,2207989
AEG,NYSE,2020/05/18 16:00:00,2.37,2.48,2.34,2.47,3664586
AEG,NYSE,2020/05/19 16:00:00,2.49,2.52,2.44,2.44,8171405
AEG,NYSE,2020/05/20 16:00:00,2.48,2.54,2.48,2.51,2127047
AEG,NYSE,2020/05/21 16:00:00,2.45,2.5,2.43,2.43,2250104
AEG,NYSE,2020/05/22 16:00:00,2.49,2.49,2.41,2.46,1805733
AEG,NYSE,2020/05/26 16:00:00,2.6,2.7,2.6,2.66,2660667
AEG,NYSE,2020/05/27 16:00:00,2.84,2.86,2.74,2.8,3845921
AEG,NYSE,2020/05/28 16:00:00,2.83,2.83,2.76,2.78,2638133
AEG,NYSE,2020/05/29 16:00:00,2.72,2.74,2.62,2.67,4564129
AEG,NYSE,2020/06/01 16:00:00,2.77,2.85,2.75,2.84,2553458
AEG,NYSE,2020/06/02 16:00:00,2.88,2.93,2.87,2.91,2176848
AEG,NYSE,2020/06/03 16:00:00,3.1,3.22,3.1,3.22,3471429
AEG,NYSE,2020/06/04 16:00:00,3.17,3.26,3.13,3.24,3324056
AEG,NYSE,2020/06/05 16:00:00,3.44,3.46,3.39,3.39,3975556
AEG,NYSE,2020/06/08 16:00:00,3.51,3.54,3.37,3.44,4110583
AEG,NYSE,2020/06/09 16:00:00,3.36,3.39,3.31,3.33,2936950
AEG,NYSE,2020/06/10 16:00:00,3.25,3.26,3.13,3.15,4961471
AEG,NYSE,2020/06/11 16:00:00,2.92,2.99,2.8,2.8,3979981
AEG,NYSE,2020/06/12 16:00:00,2.97,3,2.85,2.94,3632131
AEG,NYSE,2020/06/15 16:00:00,2.82,2.99,2.8,2.95,4283977
AEG,NYSE,2020/06/16 16:00:00,3.08,3.11,2.97,3.03,3995012
AEG,NYSE,2020/06/17 16:00:00,2.99,3.01,2.93,2.94,2916160
AEG,NYSE,2020/06/18 16:00:00,2.9,2.99,2.89,2.94,2225773
AEG,NYSE,2020/06/19 16:00:00,2.97,2.97,2.79,2.81,3027563
AEG,NYSE,2020/06/22 16:00:00,2.87,2.9,2.83,2.86,3066211
AEG,NYSE,2020/06/23 16:00:00,3.15,3.18,3.08,3.09,3885828
AEG,NYSE,2020/06/24 16:00:00,3.05,3.05,2.92,2.93,3761364
AEG,NYSE,2020/06/25 16:00:00,2.97,3.06,2.97,3.04,2900802
AEG,NYSE,2020/06/26 16:00:00,2.97,2.97,2.86,2.87,3111029
AEG,NYSE,2020/06/29 16:00:00,2.96,3.01,2.94,2.97,3035342
AEG,NYSE,2020/06/30 16:00:00,2.91,2.96,2.89,2.94,2810173
AEG,NYSE,2020/07/01 16:00:00,2.91,2.97,2.91,2.92,2827860
AEG,NYSE,2020/07/02 16:00:00,3.05,3.08,2.99,3.01,3093837
AEG,NYSE,2020/07/06 16:00:00,3.13,3.22,3.11,3.19,6061987
AEG,NYSE,2020/07/07 16:00:00,3.17,3.17,3.08,3.09,3930610
AEG,NYSE,2020/07/08 16:00:00,3.05,3.1,3.05,3.1,2544578
AEG,NYSE,2020/07/09 16:00:00,3.08,3.09,2.98,2.99,2959155
AEG,NYSE,2020/07/10 16:00:00,3.02,3.12,3.01,3.1,2527105
AEG,NYSE,2020/07/13 16:00:00,3.14,3.16,3.09,3.11,2205975
AEG,NYSE,2020/07/14 16:00:00,3.14,3.22,3.13,3.22,3154069
AEG,NYSE,2020/07/15 16:00:00,3.22,3.25,3.19,3.23,2560369
AEG,NYSE,2020/07/16 16:00:00,3.19,3.22,3.15,3.17,2781691
AEG,NYSE,2020/07/17 16:00:00,3.13,3.14,3.1,3.13,2186555
AEG,NYSE,2020/07/20 16:00:00,3.1,3.16,3.1,3.15,1461570
AEG,NYSE,2020/07/21 16:00:00,3.14,3.18,3.13,3.14,2183963
AEG,NYSE,2020/07/22 16:00:00,3.14,3.17,3.12,3.14,1731591
AEG,NYSE,2020/07/23 16:00:00,3.09,3.12,3.07,3.1,2087883
AEG,NYSE,2020/07/24 16:00:00,3.07,3.09,3.03,3.04,1615682
AEG,NYSE,2020/07/27 16:00:00,3.04,3.07,3.02,3.06,1904811
AEG,NYSE,2020/07/28 16:00:00,3.05,3.07,3.03,3.06,1627871
AEG,NYSE,2020/07/29 16:00:00,3.05,3.11,3.03,3.09,1035706
AEG,NYSE,2020/07/30 16:00:00,2.92,2.96,2.88,2.96,2117205
AEG,NYSE,2020/07/31 16:00:00,3,3,2.9,2.9,2400469
AEG,NYSE,2020/08/03 16:00:00,2.99,3.04,2.96,3.04,1859992
AEG,NYSE,2020/08/04 16:00:00,3.06,3.08,3.04,3.06,2348352
AEG,NYSE,2020/08/05 16:00:00,3.14,3.2,3.14,3.18,1834458
AEG,NYSE,2020/08/06 16:00:00,3.16,3.2,3.15,3.18,3099329
AEG,NYSE,2020/08/07 16:00:00,3.15,3.25,3.15,3.25,2052393
AEG,NYSE,2020/08/10 16:00:00,3.27,3.36,3.27,3.35,2364248
AEG,NYSE,2020/08/11 16:00:00,3.48,3.52,3.44,3.47,2966736
AEG,NYSE,2020/08/12 16:00:00,3.56,3.56,3.43,3.45,2195106
AEG,NYSE,2020/08/13 16:00:00,2.99,3.04,2.96,2.97,4157269
AEG,NYSE,2020/08/14 16:00:00,2.87,2.93,2.86,2.91,2583553
AEG,NYSE,2020/08/17 16:00:00,2.93,2.94,2.84,2.85,3131740
AEG,NYSE,2020/08/18 16:00:00,2.85,2.85,2.8,2.82,2123289
AEG,NYSE,2020/08/19 16:00:00,2.7,2.76,2.7,2.75,3024853
AEG,NYSE,2020/08/20 16:00:00,2.68,2.71,2.67,2.67,2485570
AEG,NYSE,2020/08/21 16:00:00,2.59,2.66,2.59,2.64,1939544
AEG,NYSE,2020/08/24 16:00:00,2.7,2.75,2.7,2.74,1964165
AEG,NYSE,2020/08/25 16:00:00,2.77,2.81,2.73,2.77,2820255
AEG,NYSE,2020/08/26 16:00:00,2.8,2.84,2.79,2.81,2291765
AEG,NYSE,2020/08/27 16:00:00,2.72,2.77,2.72,2.73,2139784
AEG,NYSE,2020/08/28 16:00:00,2.81,2.82,2.78,2.82,1576662
AEG,NYSE,2020/08/31 16:00:00,2.8,2.81,2.74,2.74,1791349
AEG,NYSE,2020/09/01 16:00:00,2.67,2.73,2.65,2.69,2236787
AEG,NYSE,2020/09/02 16:00:00,2.67,2.72,2.65,2.72,1853558
AEG,NYSE,2020/09/03 16:00:00,2.73,2.78,2.67,2.69,3124054
AEG,NYSE,2020/09/04 16:00:00,2.74,2.79,2.69,2.77,2187372
AEG,NYSE,2020/09/08 16:00:00,2.67,2.69,2.64,2.65,2421756
AEG,NYSE,2020/09/09 16:00:00,2.74,2.77,2.73,2.75,1354950
AEG,NYSE,2020/09/10 16:00:00,2.75,2.78,2.68,2.68,1881866
AEG,NYSE,2020/09/11 16:00:00,2.69,2.72,2.67,2.71,1205509
AEG,NYSE,2020/09/14 16:00:00,2.71,2.74,2.7,2.72,1206221
AEG,NYSE,2020/09/15 16:00:00,2.71,2.71,2.65,2.65,1265699
AEG,NYSE,2020/09/16 16:00:00,2.62,2.67,2.6,2.63,1895443
AEG,NYSE,2020/09/17 16:00:00,2.59,2.63,2.58,2.61,1915155
AEG,NYSE,2020/09/18 16:00:00,2.56,2.57,2.51,2.53,2498925
AEG,NYSE,2020/09/21 16:00:00,2.45,2.45,2.39,2.44,3326737
AEG,NYSE,2020/09/22 16:00:00,2.42,2.45,2.35,2.37,2687208
AEG,NYSE,2020/09/23 16:00:00,2.38,2.4,2.31,2.32,1833518
AEG,NYSE,2020/09/24 16:00:00,2.34,2.4,2.33,2.37,2874237
AEG,NYSE,2020/09/25 16:00:00,2.37,2.39,2.34,2.37,2274987
AEG,NYSE,2020/09/28 16:00:00,2.5,2.56,2.5,2.53,1919169
AEG,NYSE,2020/09/29 16:00:00,2.53,2.53,2.48,2.51,2724578
AEG,NYSE,2020/09/30 16:00:00,2.54,2.6,2.54,2.56,1622298
AEG,NYSE,2020/10/01 16:00:00,2.7,2.73,2.65,2.68,1915846
AEG,NYSE,2020/10/02 16:00:00,2.68,2.75,2.67,2.74,2442732
AEG,NYSE,2020/10/05 16:00:00,2.78,2.79,2.75,2.77,1858029
AEG,NYSE,2020/10/06 16:00:00,2.92,2.96,2.87,2.87,3946864
AEG,NYSE,2020/10/07 16:00:00,2.94,2.97,2.93,2.96,1721154
AEG,NYSE,2020/10/08 16:00:00,3.02,3.05,3,3.04,2350174
AEG,NYSE,2020/10/09 16:00:00,3.06,3.06,3.02,3.02,2586073
AEG,NYSE,2020/10/12 16:00:00,3.1,3.11,3.08,3.11,1739523
AEG,NYSE,2020/10/13 16:00:00,2.97,2.97,2.85,2.86,2638767
AEG,NYSE,2020/10/14 16:00:00,2.83,2.86,2.81,2.82,1271274
AEG,NYSE,2020/10/15 16:00:00,2.72,2.75,2.72,2.75,1408064
AEG,NYSE,2020/10/16 16:00:00,2.78,2.84,2.77,2.81,1216455
AEG,NYSE,2020/10/19 16:00:00,2.82,2.88,2.81,2.82,1151801
AEG,NYSE,2020/10/20 16:00:00,2.85,2.89,2.85,2.86,1198272
AEG,NYSE,2020/10/21 16:00:00,2.89,2.9,2.87,2.88,1509935
AEG,NYSE,2020/10/22 16:00:00,2.82,2.89,2.82,2.88,1208180
AEG,NYSE,2020/10/23 16:00:00,2.92,2.94,2.89,2.92,1439634
AEG,NYSE,2020/10/26 16:00:00,2.93,2.93,2.87,2.93,2339595
AEG,NYSE,2020/10/27 16:00:00,2.91,2.92,2.81,2.81,1707085
AEG,NYSE,2020/10/28 16:00:00,2.68,2.71,2.64,2.64,3023924
AEG,NYSE,2020/10/29 16:00:00,2.61,2.69,2.6,2.66,2587173
AEG,NYSE,2020/10/30 16:00:00,2.63,2.7,2.6,2.7,1993279
AEG,NYSE,2020/11/02 16:00:00,2.72,2.77,2.7,2.75,2028614
AEG,NYSE,2020/11/03 16:00:00,2.91,2.96,2.9,2.95,2437984
AEG,NYSE,2020/11/04 16:00:00,2.79,2.84,2.75,2.76,2062061
AEG,NYSE,2020/11/05 16:00:00,2.81,2.87,2.81,2.84,1518749
AEG,NYSE,2020/11/06 16:00:00,2.93,2.93,2.87,2.88,1583571
AEG,NYSE,2020/11/09 16:00:00,3.23,3.28,3.16,3.26,4302223
AEG,NYSE,2020/11/10 16:00:00,3.36,3.41,3.35,3.38,2707527
AEG,NYSE,2020/11/11 16:00:00,3.39,3.39,3.29,3.31,1909215
AEG,NYSE,2020/11/12 16:00:00,3.32,3.35,3.28,3.3,2347733
AEG,NYSE,2020/11/13 16:00:00,3.35,3.4,3.35,3.4,1722743
AEG,NYSE,2020/11/16 16:00:00,3.5,3.51,3.44,3.47,2052559
AEG,NYSE,2020/11/17 16:00:00,3.55,3.61,3.53,3.61,1991861
AEG,NYSE,2020/11/18 16:00:00,3.56,3.6,3.5,3.5,2142498
AEG,NYSE,2020/11/19 16:00:00,3.48,3.54,3.46,3.53,1301889
AEG,NYSE,2020/11/20 16:00:00,3.51,3.54,3.48,3.53,1890816
AEG,NYSE,2020/11/23 16:00:00,3.57,3.6,3.55,3.58,1114179
AEG,NYSE,2020/11/24 16:00:00,3.72,3.84,3.71,3.81,2049512
AEG,NYSE,2020/11/25 16:00:00,3.67,3.67,3.6,3.65,2438163
AEG,NYSE,2020/11/27 13:00:00,3.64,3.67,3.6,3.63,1518648
AEG,NYSE,2020/11/30 16:00:00,3.77,3.78,3.64,3.64,3939346
AEG,NYSE,2020/12/01 16:00:00,3.7,3.79,3.7,3.78,2070066
AEG,NYSE,2020/12/02 16:00:00,3.72,3.79,3.72,3.76,2058840
AEG,NYSE,2020/12/03 16:00:00,3.76,3.8,3.74,3.77,1355698
AEG,NYSE,2020/12/04 16:00:00,3.83,3.87,3.82,3.83,2266942
AEG,NYSE,2020/12/07 16:00:00,3.78,3.78,3.74,3.76,1773780
AEG,NYSE,2020/12/08 16:00:00,3.71,3.74,3.7,3.72,1057757
AEG,NYSE,2020/12/09 16:00:00,3.83,3.83,3.75,3.8,1518645
AEG,NYSE,2020/12/10 16:00:00,3.64,3.74,3.64,3.72,2337531
AEG,NYSE,2020/12/11 16:00:00,3.59,3.61,3.53,3.53,1775775
AEG,NYSE,2020/12/14 16:00:00,3.6,3.62,3.54,3.54,2013023
AEG,NYSE,2020/12/15 16:00:00,3.62,3.71,3.6,3.68,2460819
AEG,NYSE,2020/12/16 16:00:00,3.78,3.8,3.73,3.75,1527614
AEG,NYSE,2020/12/17 16:00:00,3.83,3.85,3.8,3.82,2221662
AEG,NYSE,2020/12/18 16:00:00,3.76,3.76,3.7,3.72,2041864
AEG,NYSE,2020/12/21 16:00:00,3.59,3.66,3.56,3.65,1970396
AEG,NYSE,2020/12/22 16:00:00,3.7,3.7,3.65,3.66,1218082
AEG,NYSE,2020/12/23 16:00:00,3.76,3.84,3.76,3.8,2270442
AEG,NYSE,2020/12/24 13:00:00,3.8,3.82,3.77,3.8,1356468
AEG,NYSE,2020/12/28 16:00:00,3.91,3.96,3.88,3.89,2069851
AEG,NYSE,2020/12/29 16:00:00,3.94,3.95,3.88,3.89,3133652
AEG,NYSE,2020/12/30 16:00:00,3.92,3.95,3.91,3.92,2095055
AEG,NYSE,2020/12/31 16:00:00,3.94,3.95,3.89,3.95,1070485
AEG,NYSE,2021/01/04 16:00:00,3.96,3.97,3.85,3.88,2988978
AEG,NYSE,2021/01/05 16:00:00,3.92,3.98,3.9,3.96,2560609
AEG,NYSE,2021/01/06 16:00:00,4.15,4.26,4.14,4.24,3459893
AEG,NYSE,2021/01/07 16:00:00,4.3,4.38,4.3,4.35,2188918
AEG,NYSE,2021/01/08 16:00:00,4.26,4.28,4.2,4.27,2476433
AEG,NYSE,2021/01/11 16:00:00,4.16,4.22,4.16,4.21,1424837
AEG,NYSE,2021/01/12 16:00:00,4.24,4.31,4.23,4.31,1284798
AEG,NYSE,2021/01/13 16:00:00,4.28,4.29,4.19,4.19,2495258
AEG,NYSE,2021/01/14 16:00:00,4.21,4.26,4.21,4.24,1317199
AEG,NYSE,2021/01/15 16:00:00,4.38,4.4,4.27,4.38,3528450
AEG,NYSE,2021/01/19 16:00:00,4.31,4.32,4.26,4.27,1768546
AEG,NYSE,2021/01/20 16:00:00,4.28,4.31,4.26,4.3,812486
AEG,NYSE,2021/01/21 16:00:00,4.3,4.31,4.26,4.28,1294554
AEG,NYSE,2021/01/22 16:00:00,4.23,4.26,4.21,4.23,1034614
AEG,NYSE,2021/01/25 16:00:00,4.04,4.09,4,4.04,1900699
AEG,NYSE,2021/01/26 16:00:00,4.16,4.17,4.11,4.12,1789575
AEG,NYSE,2021/01/27 16:00:00,4.14,4.14,4.03,4.03,4101189
AEG,NYSE,2021/01/28 16:00:00,4.13,4.19,4.12,4.16,2292588
AEG,NYSE,2021/01/29 16:00:00,4.12,4.13,4.01,4.09,3558602
AEG,NYSE,2021/02/01 16:00:00,4.13,4.14,4.09,4.13,1376980
AEG,NYSE,2021/02/02 16:00:00,4.16,4.2,4.15,4.16,1672403
AEG,NYSE,2021/02/03 16:00:00,4.2,4.23,4.16,4.16,6477759
AEG,NYSE,2021/02/04 16:00:00,4.24,4.3,4.24,4.27,7342000
AEG,NYSE,2021/02/05 16:00:00,4.32,4.34,4.27,4.31,1905691
AEG,NYSE,2021/02/08 16:00:00,4.35,4.38,4.31,4.32,1099154
AEG,NYSE,2021/02/09 16:00:00,4.37,4.43,4.35,4.39,2112496
AEG,NYSE,2021/02/10 16:00:00,4.38,4.4,4.35,4.36,1431867
AEG,NYSE,2021/02/11 16:00:00,4.57,4.62,4.46,4.56,3510253
AEG,NYSE,2021/02/12 16:00:00,4.44,4.51,4.44,4.49,1656069
AEG,NYSE,2021/02/16 16:00:00,4.57,4.65,4.56,4.64,1473988
AEG,NYSE,2021/02/17 16:00:00,4.63,4.63,4.59,4.63,1433291
AEG,NYSE,2021/02/18 16:00:00,4.58,4.59,4.51,4.55,2110779
AEG,NYSE,2021/02/19 16:00:00,4.7,4.75,4.69,4.73,1508853
AEG,NYSE,2021/02/22 16:00:00,4.81,4.91,4.81,4.89,2628277
AEG,NYSE,2021/02/23 16:00:00,4.84,4.86,4.78,4.85,1945366
AEG,NYSE,2021/02/24 16:00:00,4.85,4.93,4.84,4.93,2072163
AEG,NYSE,2021/02/25 16:00:00,4.93,4.94,4.77,4.79,2967585
AEG,NYSE,2021/02/26 16:00:00,4.76,4.79,4.72,4.73,2238355
AEG,NYSE,2021/03/01 16:00:00,4.83,4.9,4.83,4.86,1585477
AEG,NYSE,2021/03/02 16:00:00,4.85,4.89,4.83,4.84,2054897
AEG,NYSE,2021/03/03 16:00:00,4.96,5.04,4.96,5.01,2667696
AEG,NYSE,2021/03/04 16:00:00,4.95,4.98,4.82,4.91,3871918
AEG,NYSE,2021/03/05 16:00:00,4.94,4.94,4.79,4.9,3660998
AEG,NYSE,2021/03/08 16:00:00,4.98,5.09,4.97,5.03,4151967
AEG,NYSE,2021/03/09 16:00:00,5,5.11,4.97,5.04,4096623
AEG,NYSE,2021/03/10 16:00:00,5.04,5.08,5,5.06,2769433
AEG,NYSE,2021/03/11 16:00:00,4.93,4.97,4.89,4.94,2006631
AEG,NYSE,2021/03/12 16:00:00,4.96,5.01,4.96,4.99,1672766
AEG,NYSE,2021/03/15 16:00:00,4.91,4.93,4.85,4.93,1897425
AEG,NYSE,2021/03/16 16:00:00,4.91,4.92,4.81,4.86,1973179
AEG,NYSE,2021/03/17 16:00:00,4.82,4.88,4.81,4.87,2665471
AEG,NYSE,2021/03/18 16:00:00,4.86,4.97,4.85,4.86,2932455
AEG,NYSE,2021/03/19 16:00:00,4.86,4.89,4.76,4.83,4709952
AEG,NYSE,2021/03/22 16:00:00,4.75,4.75,4.68,4.68,1697259
AEG,NYSE,2021/03/23 16:00:00,4.57,4.6,4.49,4.5,2495568
AEG,NYSE,2021/03/24 16:00:00,4.51,4.62,4.51,4.56,2824671
AEG,NYSE,2021/03/25 16:00:00,4.57,4.74,4.55,4.73,4200214
AEG,NYSE,2021/03/26 16:00:00,4.72,4.77,4.65,4.7,1882102
AEG,NYSE,2021/03/29 16:00:00,4.71,4.76,4.67,4.68,2776614
AEG,NYSE,2021/03/30 16:00:00,4.77,4.85,4.77,4.82,1890240
AEG,NYSE,2021/03/31 16:00:00,4.78,4.79,4.71,4.73,2252036
AEG,NYSE,2021/04/01 16:00:00,4.76,4.79,4.72,4.78,1250173
AEG,NYSE,2021/04/05 16:00:00,4.83,4.87,4.8,4.82,924882
AEG,NYSE,2021/04/06 16:00:00,4.86,4.89,4.79,4.81,1481407
AEG,NYSE,2021/04/07 16:00:00,4.84,4.86,4.78,4.82,1121654
AEG,NYSE,2021/04/08 16:00:00,4.73,4.74,4.68,4.73,1119432
AEG,NYSE,2021/04/09 16:00:00,4.72,4.73,4.68,4.7,991443
RHI,NYSE,2019/04/01 16:00:00,65.85,66.72,65.55,66.57,1180612
RHI,NYSE,2019/04/02 16:00:00,66.68,66.81,65.79,66.21,1019245
RHI,NYSE,2019/04/03 16:00:00,66.84,67.75,66.68,67.64,1146254
RHI,NYSE,2019/04/04 16:00:00,67.86,67.99,67.02,67.32,621444
RHI,NYSE,2019/04/05 16:00:00,67.69,67.97,67,67.45,688730
RHI,NYSE,2019/04/08 16:00:00,67.36,67.41,66.87,67.14,598470
RHI,NYSE,2019/04/09 16:00:00,66.65,66.72,65.46,65.6,1002069
RHI,NYSE,2019/04/10 16:00:00,65.59,65.71,65.13,65.6,905629
RHI,NYSE,2019/04/11 16:00:00,65.91,66.51,65.84,66.49,1014046
RHI,NYSE,2019/04/12 16:00:00,66.89,67.5,66.09,66.96,959901
RHI,NYSE,2019/04/15 16:00:00,67.16,67.38,66.57,66.99,701385
RHI,NYSE,2019/04/16 16:00:00,67.4,67.77,67.17,67.22,808091
RHI,NYSE,2019/04/17 16:00:00,67.66,68.12,67,67.2,1180926
RHI,NYSE,2019/04/18 16:00:00,67.25,68.27,66.93,68.15,1413484
RHI,NYSE,2019/04/22 16:00:00,67.8,68,67.2,67.39,981801
RHI,NYSE,2019/04/23 16:00:00,67.96,69.08,67.51,68.79,2143043
RHI,NYSE,2019/04/24 16:00:00,62.1,63.85,61.7,63,4130342
RHI,NYSE,2019/04/25 16:00:00,62.27,62.94,61.9,62.1,1738495
RHI,NYSE,2019/04/26 16:00:00,62.37,62.79,61.8,62.45,1122848
RHI,NYSE,2019/04/29 16:00:00,62.23,62.59,61.93,62.29,1468548
RHI,NYSE,2019/04/30 16:00:00,62.4,62.41,61.77,62.09,1905371
RHI,NYSE,2019/05/01 16:00:00,62.21,62.48,60.88,60.89,934071
RHI,NYSE,2019/05/02 16:00:00,60.74,61.49,60.53,61.32,1084235
RHI,NYSE,2019/05/03 16:00:00,61.64,61.85,60.43,61.57,1224868
RHI,NYSE,2019/05/06 16:00:00,60.4,61.06,60.12,60.89,729926
RHI,NYSE,2019/05/07 16:00:00,60.14,60.39,58.87,59.41,1229356
RHI,NYSE,2019/05/08 16:00:00,59.4,59.4,58.5,58.55,1320675
RHI,NYSE,2019/05/09 16:00:00,58.03,58.12,57.14,57.45,1589101
RHI,NYSE,2019/05/10 16:00:00,57.31,57.82,56.4,57.7,1646996
RHI,NYSE,2019/05/13 16:00:00,56.29,56.86,55.46,55.65,1530687
RHI,NYSE,2019/05/14 16:00:00,55.87,56.5,55.76,56.08,2044746
RHI,NYSE,2019/05/15 16:00:00,55.44,56.26,55.37,56.02,814621
RHI,NYSE,2019/05/16 16:00:00,56.3,56.64,56.03,56.18,844393
RHI,NYSE,2019/05/17 16:00:00,55.64,56.48,55.52,56,874529
RHI,NYSE,2019/05/20 16:00:00,55.68,56.3,55.21,55.84,971548
RHI,NYSE,2019/05/21 16:00:00,56.43,57.25,56.37,57.01,864637
RHI,NYSE,2019/05/22 16:00:00,56.79,57.05,56.35,56.55,957582
RHI,NYSE,2019/05/23 16:00:00,55.58,56.56,55.17,56.2,1348066
RHI,NYSE,2019/05/24 16:00:00,56.6,57.18,56.02,56.31,748227
RHI,NYSE,2019/05/28 16:00:00,56.33,56.53,55.4,55.69,1532207
RHI,NYSE,2019/05/29 16:00:00,55.6,55.78,55.02,55.51,1374843
RHI,NYSE,2019/05/30 16:00:00,55.63,56.11,54.9,55.09,1668004
RHI,NYSE,2019/05/31 16:00:00,54.39,54.53,53.48,53.66,1697350
RHI,NYSE,2019/06/03 16:00:00,53.62,54.65,53.46,54.59,1496922
RHI,NYSE,2019/06/04 16:00:00,54.79,55.44,54.49,55.4,2171249
RHI,NYSE,2019/06/05 16:00:00,55.97,56,54.93,55.12,1357779
RHI,NYSE,2019/06/06 16:00:00,55.07,55.22,53.66,54.21,1325018
RHI,NYSE,2019/06/07 16:00:00,54.4,54.49,53.61,53.84,1503135
RHI,NYSE,2019/06/10 16:00:00,54.24,55.66,54.24,54.94,1516440
RHI,NYSE,2019/06/11 16:00:00,55.81,56.23,55.52,55.95,1219607
RHI,NYSE,2019/06/12 16:00:00,55.57,55.64,54.73,55.48,859139
RHI,NYSE,2019/06/13 16:00:00,55.5,56.75,55.23,56.71,1239069
RHI,NYSE,2019/06/14 16:00:00,56.62,56.62,55.46,56.25,1322320
RHI,NYSE,2019/06/17 16:00:00,56.21,56.48,55.42,55.57,812762
RHI,NYSE,2019/06/18 16:00:00,55.91,57.08,55.77,56.98,1296810
RHI,NYSE,2019/06/19 16:00:00,57.1,57.24,56.69,56.81,1036927
RHI,NYSE,2019/06/20 16:00:00,57.38,57.5,56.74,57.32,1194253
RHI,NYSE,2019/06/21 16:00:00,57.18,57.24,56.05,56.21,2209760
RHI,NYSE,2019/06/24 16:00:00,56.21,56.43,55.64,55.68,798321
RHI,NYSE,2019/06/25 16:00:00,55.74,56.13,55.23,55.47,1205698
RHI,NYSE,2019/06/26 16:00:00,55.59,56.24,55.59,55.86,1187499
RHI,NYSE,2019/06/27 16:00:00,56.08,56.7,56.08,56.48,996491
RHI,NYSE,2019/06/28 16:00:00,56.74,57.37,56.4,57.01,1515449
RHI,NYSE,2019/07/01 16:00:00,57.78,58.09,56.94,57.03,1028346
RHI,NYSE,2019/07/02 16:00:00,57.82,58.9,57.36,58.12,5649864
RHI,NYSE,2019/07/03 13:00:00,58.33,58.65,57.64,58,1889229
RHI,NYSE,2019/07/05 16:00:00,58.06,58.33,57.5,57.91,1289320
RHI,NYSE,2019/07/08 16:00:00,57.67,57.95,57.15,57.35,1786377
RHI,NYSE,2019/07/09 16:00:00,56.98,57.49,56.64,57.44,2100870
RHI,NYSE,2019/07/10 16:00:00,57.42,57.62,57.05,57.28,1791946
RHI,NYSE,2019/07/11 16:00:00,57.46,57.46,56.84,57.28,1396652
RHI,NYSE,2019/07/12 16:00:00,57.5,59.11,57.48,58.59,1163200
RHI,NYSE,2019/07/15 16:00:00,58.63,58.77,58.09,58.77,1208389
RHI,NYSE,2019/07/16 16:00:00,58.99,59.46,58.82,59.07,2391345
RHI,NYSE,2019/07/17 16:00:00,58.77,58.97,58.24,58.26,1231575
RHI,NYSE,2019/07/18 16:00:00,58.17,58.47,57.94,58.16,1288432
RHI,NYSE,2019/07/19 16:00:00,58.46,59.1,57.62,57.64,1469021
RHI,NYSE,2019/07/22 16:00:00,57.82,58.27,57.33,57.37,1066151
RHI,NYSE,2019/07/23 16:00:00,57.71,58.94,57.65,58.8,2069718
RHI,NYSE,2019/07/24 16:00:00,61.19,63.97,60.89,62.71,3488213
RHI,NYSE,2019/07/25 16:00:00,62.49,62.74,60.65,60.76,2449863
RHI,NYSE,2019/07/26 16:00:00,61.03,61.35,60.75,61.11,1406965
RHI,NYSE,2019/07/29 16:00:00,60.73,60.97,60.04,60.36,1019007
RHI,NYSE,2019/07/30 16:00:00,60.07,61.26,59.58,61.23,920561
RHI,NYSE,2019/07/31 16:00:00,61.15,61.45,59.92,60.41,981935
RHI,NYSE,2019/08/01 16:00:00,60.43,61.08,58.93,59.07,1298990
RHI,NYSE,2019/08/02 16:00:00,58.94,58.94,57.68,57.83,1283621
RHI,NYSE,2019/08/05 16:00:00,56.55,56.67,55.55,55.99,2045449
RHI,NYSE,2019/08/06 16:00:00,56.58,56.68,55.5,55.95,1511767
RHI,NYSE,2019/08/07 16:00:00,55.1,56.41,54.72,56.17,929919
RHI,NYSE,2019/08/08 16:00:00,56.86,57.84,56.53,57.63,625309
RHI,NYSE,2019/08/09 16:00:00,57.46,57.46,56.62,56.77,742085
RHI,NYSE,2019/08/12 16:00:00,56.23,56.4,55.83,56.08,481409
RHI,NYSE,2019/08/13 16:00:00,55.88,57.57,55.7,56.6,738972
RHI,NYSE,2019/08/14 16:00:00,55.5,55.5,53.91,53.93,1025006
RHI,NYSE,2019/08/15 16:00:00,54.16,54.35,53.44,53.66,1165075
RHI,NYSE,2019/08/16 16:00:00,54.2,55.17,54.2,55.04,617704
RHI,NYSE,2019/08/19 16:00:00,55.91,56.12,55.39,55.76,1047747
RHI,NYSE,2019/08/20 16:00:00,55.65,55.73,55.02,55.2,871855
RHI,NYSE,2019/08/21 16:00:00,55.81,55.96,55.14,55.22,642600
RHI,NYSE,2019/08/22 16:00:00,55.08,55.34,54.44,54.55,654114
RHI,NYSE,2019/08/23 16:00:00,54.39,54.76,52.89,53.08,956695
RHI,NYSE,2019/08/26 16:00:00,53.67,53.78,52.8,53.17,620471
RHI,NYSE,2019/08/27 16:00:00,53.41,53.56,52.47,52.9,886618
RHI,NYSE,2019/08/28 16:00:00,52.65,53.47,52.33,53.15,694584
RHI,NYSE,2019/08/29 16:00:00,53.7,54.06,53.29,53.41,653678
RHI,NYSE,2019/08/30 16:00:00,53.7,54.15,53.23,53.47,883998
RHI,NYSE,2019/09/03 16:00:00,53.1,53.17,51.9,52.13,1058747
RHI,NYSE,2019/09/04 16:00:00,52.84,53.46,52.54,52.9,1664303
RHI,NYSE,2019/09/05 16:00:00,53.8,54.5,53.7,54.17,817001
RHI,NYSE,2019/09/06 16:00:00,54.26,54.43,53.37,53.41,632756
RHI,NYSE,2019/09/09 16:00:00,53.91,55.35,53.46,55.22,1161636
RHI,NYSE,2019/09/10 16:00:00,55.16,56.44,55.07,56.02,1491903
RHI,NYSE,2019/09/11 16:00:00,56.33,56.88,55.63,56.87,1077012
RHI,NYSE,2019/09/12 16:00:00,56.74,57,55.27,55.63,1205351
RHI,NYSE,2019/09/13 16:00:00,56.24,57.3,56.03,56.76,1145679
RHI,NYSE,2019/09/16 16:00:00,56.42,57.14,56.22,57.12,769696
RHI,NYSE,2019/09/17 16:00:00,56.78,56.78,55.76,55.88,1081995
RHI,NYSE,2019/09/18 16:00:00,55.72,55.91,55.14,55.5,1272822
RHI,NYSE,2019/09/19 16:00:00,55.5,55.91,54.49,54.63,1072725
RHI,NYSE,2019/09/20 16:00:00,54.68,55.6,54.68,55.08,1389879
RHI,NYSE,2019/09/23 16:00:00,54.8,55.25,54.15,54.9,879362
RHI,NYSE,2019/09/24 16:00:00,55.04,55.26,54.03,54.26,1266240
RHI,NYSE,2019/09/25 16:00:00,54.43,55.55,54.17,55.12,590519
RHI,NYSE,2019/09/26 16:00:00,55.02,55.52,54.74,54.97,661625
RHI,NYSE,2019/09/27 16:00:00,55.25,55.68,54.47,54.62,941790
RHI,NYSE,2019/09/30 16:00:00,54.9,56.01,54.78,55.66,869462
RHI,NYSE,2019/10/01 16:00:00,56.25,56.8,53.63,53.99,1324855
RHI,NYSE,2019/10/02 16:00:00,53.51,54.66,53.06,53.83,1694986
RHI,NYSE,2019/10/03 16:00:00,53.54,54.07,52.1,52.76,1386331
RHI,NYSE,2019/10/04 16:00:00,53,54.18,52.85,54.09,859358
RHI,NYSE,2019/10/07 16:00:00,53.73,54.29,53.48,54.01,1085680
RHI,NYSE,2019/10/08 16:00:00,53.4,53.52,52.73,52.74,1536978
RHI,NYSE,2019/10/09 16:00:00,53.3,53.57,52.31,52.35,1144658
RHI,NYSE,2019/10/10 16:00:00,52.19,53.17,52.19,53.04,623141
RHI,NYSE,2019/10/11 16:00:00,54.24,54.9,54.18,54.36,1219013
RHI,NYSE,2019/10/14 16:00:00,53.9,54.64,53.9,54.41,922568
RHI,NYSE,2019/10/15 16:00:00,54.71,55.79,54.7,55.45,1144783
RHI,NYSE,2019/10/16 16:00:00,55.08,55.5,54.42,54.57,1445533
RHI,NYSE,2019/10/17 16:00:00,54.78,55.35,54.38,54.46,673780
RHI,NYSE,2019/10/18 16:00:00,54.23,55.68,53.93,55.09,1148521
RHI,NYSE,2019/10/21 16:00:00,55.74,56.37,55.46,55.94,940474
RHI,NYSE,2019/10/22 16:00:00,56.04,56.29,55.31,55.95,1224573
RHI,NYSE,2019/10/23 16:00:00,56,56.08,55.39,55.89,1286041
RHI,NYSE,2019/10/24 16:00:00,57.27,59.13,57.06,58.08,1509708
RHI,NYSE,2019/10/25 16:00:00,57.84,58.09,57.23,57.92,905653
RHI,NYSE,2019/10/28 16:00:00,58.55,59.49,58.55,59.19,635613
RHI,NYSE,2019/10/29 16:00:00,58.96,59.65,58.3,58.76,868206
RHI,NYSE,2019/10/30 16:00:00,58.62,58.65,57.5,58.12,630330
RHI,NYSE,2019/10/31 16:00:00,57.9,58.19,56.86,57.27,739160
RHI,NYSE,2019/11/01 16:00:00,57.83,58.87,57.27,58.71,975885
RHI,NYSE,2019/11/04 16:00:00,58.64,59,58.01,58.29,1316513
RHI,NYSE,2019/11/05 16:00:00,58.62,58.75,58.08,58.24,1080502
RHI,NYSE,2019/11/06 16:00:00,58.06,58.28,57.63,58.23,973988
RHI,NYSE,2019/11/07 16:00:00,58.64,58.99,57.75,58.1,880837
RHI,NYSE,2019/11/08 16:00:00,58,58.35,57.77,57.94,799994
RHI,NYSE,2019/11/11 16:00:00,57.37,58.14,57.26,58.02,704832
RHI,NYSE,2019/11/12 16:00:00,58.15,58.15,57.33,57.52,1015009
RHI,NYSE,2019/11/13 16:00:00,57.18,57.58,57.04,57.42,659032
RHI,NYSE,2019/11/14 16:00:00,57.38,57.91,57.38,57.8,1121450
RHI,NYSE,2019/11/15 16:00:00,58.15,58.45,57.9,58.19,922093
RHI,NYSE,2019/11/18 16:00:00,57.77,58.43,57.21,58.4,683820
RHI,NYSE,2019/11/19 16:00:00,58.73,59.1,58.47,58.83,797195
RHI,NYSE,2019/11/20 16:00:00,58.62,58.95,57.95,58.42,871051
RHI,NYSE,2019/11/21 16:00:00,58.4,58.68,57.6,57.99,780313
RHI,NYSE,2019/11/22 16:00:00,57.35,58.03,57.32,57.8,752517
RHI,NYSE,2019/11/25 16:00:00,57.94,58.27,57.77,57.95,675147
RHI,NYSE,2019/11/26 16:00:00,58.12,58.73,58,58.71,865927
RHI,NYSE,2019/11/27 16:00:00,58.83,58.87,58.32,58.6,771303
RHI,NYSE,2019/11/29 13:00:00,58.6,58.64,58.1,58.2,232959
RHI,NYSE,2019/12/02 16:00:00,58.31,58.69,57.65,57.92,719422
RHI,NYSE,2019/12/03 16:00:00,57.21,57.55,56.79,57.36,1383586
RHI,NYSE,2019/12/04 16:00:00,57.68,58.69,57.53,57.64,1191377
RHI,NYSE,2019/12/05 16:00:00,58.02,58.52,58.02,58.39,1207879
RHI,NYSE,2019/12/06 16:00:00,59.02,59.66,58.62,59.47,1029569
RHI,NYSE,2019/12/09 16:00:00,59.28,60.11,59.18,60.03,1404654
RHI,NYSE,2019/12/10 16:00:00,59.9,60.52,59.78,59.91,1456391
RHI,NYSE,2019/12/11 16:00:00,59.88,60.96,59.76,60.89,996039
RHI,NYSE,2019/12/12 16:00:00,60.76,62.07,60.53,61.99,911308
RHI,NYSE,2019/12/13 16:00:00,61.71,62.43,61.27,61.64,1368672
RHI,NYSE,2019/12/16 16:00:00,62.21,63,61.78,61.88,2144120
RHI,NYSE,2019/12/17 16:00:00,61.81,62.3,61.69,62.02,897408
RHI,NYSE,2019/12/18 16:00:00,61.93,62.14,61.4,61.5,1526568
RHI,NYSE,2019/12/19 16:00:00,61.59,62.04,61.16,61.95,744917
RHI,NYSE,2019/12/20 16:00:00,62.36,62.49,61.86,62.08,1356765
RHI,NYSE,2019/12/23 16:00:00,62.32,62.36,61.83,62.14,544813
RHI,NYSE,2019/12/24 13:00:00,62.26,62.36,62.05,62.2,182452
RHI,NYSE,2019/12/26 16:00:00,62.5,62.62,62.22,62.51,568943
RHI,NYSE,2019/12/27 16:00:00,62.82,62.86,62.33,62.44,977787
RHI,NYSE,2019/12/30 16:00:00,62.33,63.05,62.15,62.88,684488
RHI,NYSE,2019/12/31 16:00:00,62.59,63.43,62.59,63.15,713060
RHI,NYSE,2020/01/02 16:00:00,63.45,63.75,62.81,63.75,864847
RHI,NYSE,2020/01/03 16:00:00,62.6,63.36,62.55,63.31,1667671
RHI,NYSE,2020/01/06 16:00:00,62.77,63.09,62.51,62.81,991256
RHI,NYSE,2020/01/07 16:00:00,63.01,63.18,62.48,62.85,1239667
RHI,NYSE,2020/01/08 16:00:00,62.88,63.46,62.77,62.92,1025188
RHI,NYSE,2020/01/09 16:00:00,63.27,63.7,62.96,63.56,917858
RHI,NYSE,2020/01/10 16:00:00,63.5,63.74,62.85,63.08,698068
RHI,NYSE,2020/01/13 16:00:00,63.18,63.26,62.33,62.48,1121575
RHI,NYSE,2020/01/14 16:00:00,62.32,62.95,62.32,62.61,1108508
RHI,NYSE,2020/01/15 16:00:00,62.44,63.25,62.31,63.02,773570
RHI,NYSE,2020/01/16 16:00:00,63.27,63.77,63.21,63.48,1676781
RHI,NYSE,2020/01/17 16:00:00,63.75,63.84,63.06,63.34,874597
RHI,NYSE,2020/01/21 16:00:00,63,63.18,62.38,62.58,885688
RHI,NYSE,2020/01/22 16:00:00,62.85,62.98,62.08,62.32,627462
RHI,NYSE,2020/01/23 16:00:00,61.98,62.75,61.33,62.54,783688
RHI,NYSE,2020/01/24 16:00:00,62.52,62.54,61.41,61.95,616707
RHI,NYSE,2020/01/27 16:00:00,60.83,61.45,60.51,61.18,984308
RHI,NYSE,2020/01/28 16:00:00,61.49,61.49,60.65,61.05,1043984
RHI,NYSE,2020/01/29 16:00:00,61.35,61.66,61.05,61.05,779286
RHI,NYSE,2020/01/30 16:00:00,60.69,60.76,59.79,60.63,1384429
RHI,NYSE,2020/01/31 16:00:00,60.87,62.43,57.95,58.17,1891020
RHI,NYSE,2020/02/03 16:00:00,58.38,59.19,58.15,58.22,1172318
RHI,NYSE,2020/02/04 16:00:00,59.22,59.51,58.71,59.38,1006102
RHI,NYSE,2020/02/05 16:00:00,60.15,61.35,60.11,61.13,1030167
RHI,NYSE,2020/02/06 16:00:00,61.28,61.35,60.04,60.07,898213
RHI,NYSE,2020/02/07 16:00:00,59.58,59.81,59.09,59.23,559445
RHI,NYSE,2020/02/10 16:00:00,59.02,59.45,58.76,59.38,606627
RHI,NYSE,2020/02/11 16:00:00,59.78,60.42,59.78,60.02,413912
RHI,NYSE,2020/02/12 16:00:00,60.18,61.33,60.18,61.12,561775
RHI,NYSE,2020/02/13 16:00:00,61.17,61.17,60.29,60.4,531518
RHI,NYSE,2020/02/14 16:00:00,60.32,60.81,60.04,60.2,431658
RHI,NYSE,2020/02/18 16:00:00,59.91,59.93,58.97,59.38,642562
RHI,NYSE,2020/02/19 16:00:00,59.43,59.83,59,59.5,771634
RHI,NYSE,2020/02/20 16:00:00,59.18,59.9,58.93,59.26,699362
RHI,NYSE,2020/02/21 16:00:00,58.84,59.61,58.44,59.21,980337
RHI,NYSE,2020/02/24 16:00:00,57.11,57.3,56.32,56.67,1311200
RHI,NYSE,2020/02/25 16:00:00,56.52,56.89,53.38,53.46,1059987
RHI,NYSE,2020/02/26 16:00:00,53.89,54.31,52.25,52.26,1274039
RHI,NYSE,2020/02/27 16:00:00,51.17,52.53,50.25,50.76,1309716
RHI,NYSE,2020/02/28 16:00:00,48.89,50.5,48.74,50.41,2499483
RHI,NYSE,2020/03/02 16:00:00,50.71,51.07,49.06,51.07,1438827
RHI,NYSE,2020/03/03 16:00:00,50.92,51.81,48.12,48.44,1560747
RHI,NYSE,2020/03/04 16:00:00,49.28,50.33,48.13,50.18,1544731
RHI,NYSE,2020/03/05 16:00:00,48.58,49.53,47.4,47.69,1286542
RHI,NYSE,2020/03/06 16:00:00,46.27,49.14,46.11,49.06,2087176
RHI,NYSE,2020/03/09 16:00:00,45.84,47.63,44.1,44.67,2005505
RHI,NYSE,2020/03/10 16:00:00,46.28,48.13,43.83,48.1,1695933
RHI,NYSE,2020/03/11 16:00:00,46.59,47.11,45.91,46.51,1937830
RHI,NYSE,2020/03/12 16:00:00,43.76,46.02,42.87,43.56,1798790
RHI,NYSE,2020/03/13 16:00:00,45.95,47.28,44.21,47.23,1719443
RHI,NYSE,2020/03/16 16:00:00,41.84,45.11,41.54,43.44,1457878
RHI,NYSE,2020/03/17 16:00:00,44.27,44.69,40.04,41.45,1649173
RHI,NYSE,2020/03/18 16:00:00,38.77,39.95,35.93,39.38,1486128
RHI,NYSE,2020/03/19 16:00:00,38.55,40.86,36.72,38.2,1235762
RHI,NYSE,2020/03/20 16:00:00,38.85,38.85,34.38,35,1565951
RHI,NYSE,2020/03/23 16:00:00,34.6,35.64,32.38,34.17,1917790
RHI,NYSE,2020/03/24 16:00:00,35.77,39.48,35.42,39.18,2136943
RHI,NYSE,2020/03/25 16:00:00,39.24,42.47,37.11,39.87,1974344
RHI,NYSE,2020/03/26 16:00:00,40.43,43.75,38.84,43.46,2098138
RHI,NYSE,2020/03/27 16:00:00,41.59,42.38,38.84,39.01,1697328
RHI,NYSE,2020/03/30 16:00:00,39.19,41.96,39.01,40.31,1952797
RHI,NYSE,2020/03/31 16:00:00,39.77,40.47,37.05,37.75,1874770
RHI,NYSE,2020/04/01 16:00:00,36.18,38.29,35.38,38.17,2007686
RHI,NYSE,2020/04/02 16:00:00,37.68,39.27,37.06,37.83,1726745
RHI,NYSE,2020/04/03 16:00:00,38.03,38.58,37.27,37.97,1809199
RHI,NYSE,2020/04/06 16:00:00,38.22,38.93,35.23,38.15,4580928
RHI,NYSE,2020/04/07 16:00:00,39.91,41.21,39.18,40.17,3356364
RHI,NYSE,2020/04/08 16:00:00,41.03,41.73,39.7,41.4,1528821
RHI,NYSE,2020/04/09 16:00:00,42.37,43.96,41.88,43.28,1653616
RHI,NYSE,2020/04/13 16:00:00,42.79,43.2,40.25,40.93,1876659
RHI,NYSE,2020/04/14 16:00:00,41.47,42.33,40.88,41.74,2022006
RHI,NYSE,2020/04/15 16:00:00,40.49,41.91,39.53,41.18,1832294
RHI,NYSE,2020/04/16 16:00:00,41.3,41.3,38.95,40.4,1671969
RHI,NYSE,2020/04/17 16:00:00,41.85,43.4,41.51,43.24,1555523
RHI,NYSE,2020/04/20 16:00:00,41.37,42.63,41.11,41.19,1815465
RHI,NYSE,2020/04/21 16:00:00,39.39,41.62,39.27,41.3,1758029
RHI,NYSE,2020/04/22 16:00:00,42.19,42.38,40.97,41.35,2418480
RHI,NYSE,2020/04/23 16:00:00,42.36,44.2,42.01,43.78,2037727
RHI,NYSE,2020/04/24 16:00:00,45,47.16,42.64,44.06,3303984
RHI,NYSE,2020/04/27 16:00:00,44.32,45.86,44.29,45.51,1416733
RHI,NYSE,2020/04/28 16:00:00,46.44,47.44,45.7,46.3,1430701
RHI,NYSE,2020/04/29 16:00:00,47.51,48.68,47.2,48.29,2042924
RHI,NYSE,2020/04/30 16:00:00,46.84,47.67,46.68,47.27,1587062
RHI,NYSE,2020/05/01 16:00:00,46.4,46.52,43.97,44.38,1458007
RHI,NYSE,2020/05/04 16:00:00,44,44.54,43.37,44.21,1463145
RHI,NYSE,2020/05/05 16:00:00,44.83,45.52,44.22,44.36,1152973
RHI,NYSE,2020/05/06 16:00:00,44.62,44.76,43.7,43.89,964803
RHI,NYSE,2020/05/07 16:00:00,44.65,45.68,44.65,45.16,1148810
RHI,NYSE,2020/05/08 16:00:00,45.54,47.54,45.54,47.38,1280405
RHI,NYSE,2020/05/11 16:00:00,46.86,46.98,46.22,46.43,1143642
RHI,NYSE,2020/05/12 16:00:00,46.37,46.86,44.81,44.86,1144842
RHI,NYSE,2020/05/13 16:00:00,44.53,44.53,43.22,43.55,1272390
RHI,NYSE,2020/05/14 16:00:00,42.85,44.62,41.82,44.61,1282803
RHI,NYSE,2020/05/15 16:00:00,44.18,45.55,44.18,45.14,1485230
RHI,NYSE,2020/05/18 16:00:00,46.9,48.9,46.81,48.57,1193083
RHI,NYSE,2020/05/19 16:00:00,47.72,49.08,47.72,48.17,965554
RHI,NYSE,2020/05/20 16:00:00,48.66,50.28,48.66,48.99,910681
RHI,NYSE,2020/05/21 16:00:00,49.43,49.91,48.42,48.5,764160
RHI,NYSE,2020/05/22 16:00:00,48.11,48.31,47.32,47.41,999925
RHI,NYSE,2020/05/26 16:00:00,48.85,51.55,48.85,50.57,1839074
RHI,NYSE,2020/05/27 16:00:00,51.75,52.43,51.11,51.78,1113747
RHI,NYSE,2020/05/28 16:00:00,52.37,52.45,51.11,51.43,993163
RHI,NYSE,2020/05/29 16:00:00,50.89,51.24,49.71,50.74,1624882
RHI,NYSE,2020/06/01 16:00:00,50.89,52.32,50.85,51.83,1028004
RHI,NYSE,2020/06/02 16:00:00,52.32,53.34,52.06,53.18,985896
RHI,NYSE,2020/06/03 16:00:00,54.23,55.3,53.95,55.1,1677272
RHI,NYSE,2020/06/04 16:00:00,54.66,56.61,54.59,55.86,1779074
RHI,NYSE,2020/06/05 16:00:00,57.98,60.06,57.62,57.89,2519434
RHI,NYSE,2020/06/08 16:00:00,58.39,60.14,58.39,59.92,1730833
RHI,NYSE,2020/06/09 16:00:00,58.79,58.79,57.27,57.81,1261382
RHI,NYSE,2020/06/10 16:00:00,57.71,57.71,55.36,55.46,1099007
RHI,NYSE,2020/06/11 16:00:00,53.18,53.53,51.07,51.11,1330053
RHI,NYSE,2020/06/12 16:00:00,53.2,53.55,50.27,51.29,1216907
RHI,NYSE,2020/06/15 16:00:00,49.41,51.96,49.25,51.6,1322193
RHI,NYSE,2020/06/16 16:00:00,53.48,53.5,51.68,52.37,1421269
RHI,NYSE,2020/06/17 16:00:00,52.42,53.54,52.02,52.52,1207944
RHI,NYSE,2020/06/18 16:00:00,51.97,52.9,51.4,51.68,878066
RHI,NYSE,2020/06/19 16:00:00,52.51,52.51,50.19,51.1,2723099
RHI,NYSE,2020/06/22 16:00:00,50.67,51.51,49.98,51.25,1318815
RHI,NYSE,2020/06/23 16:00:00,52.01,52.42,51.52,51.92,1383813
RHI,NYSE,2020/06/24 16:00:00,51.32,51.58,49.4,49.47,2560733
RHI,NYSE,2020/06/25 16:00:00,48.94,50.52,48.46,50.34,1378337
RHI,NYSE,2020/06/26 16:00:00,49.85,50.72,49.5,50.6,3782916
RHI,NYSE,2020/06/29 16:00:00,51.11,51.85,50.65,51.83,1099905
RHI,NYSE,2020/06/30 16:00:00,51.57,53.04,51.57,52.83,1193859
RHI,NYSE,2020/07/01 16:00:00,53.22,53.22,51.35,51.49,1281886
RHI,NYSE,2020/07/02 16:00:00,52.22,53.19,51.64,51.72,815037
RHI,NYSE,2020/07/06 16:00:00,52.5,53.11,51.87,52.41,678732
RHI,NYSE,2020/07/07 16:00:00,51.96,51.96,50.55,50.59,795063
RHI,NYSE,2020/07/08 16:00:00,50.68,50.93,49.89,50.53,774811
RHI,NYSE,2020/07/09 16:00:00,50.33,50.44,49.04,49.27,624094
RHI,NYSE,2020/07/10 16:00:00,49.76,50.74,49.24,50.68,1476732
RHI,NYSE,2020/07/13 16:00:00,50.93,52.5,50.64,51.55,1102623
RHI,NYSE,2020/07/14 16:00:00,51.36,52.04,50.64,51.99,776428
RHI,NYSE,2020/07/15 16:00:00,53,54.45,52.75,54.1,1070351
RHI,NYSE,2020/07/16 16:00:00,54.31,55.32,53.98,54.67,722377
RHI,NYSE,2020/07/17 16:00:00,54.77,54.77,53.92,54.16,628420
RHI,NYSE,2020/07/20 16:00:00,53.83,54.21,52.83,53.08,865447
RHI,NYSE,2020/07/21 16:00:00,53.27,54.05,53.18,53.6,775556
RHI,NYSE,2020/07/22 16:00:00,53.52,53.97,53.09,53.55,596690
RHI,NYSE,2020/07/23 16:00:00,53.13,54.59,53.13,53.85,1015570
RHI,NYSE,2020/07/24 16:00:00,54.03,55.6,52.51,52.73,1278822
RHI,NYSE,2020/07/27 16:00:00,52.66,52.82,51.97,52.32,1045842
RHI,NYSE,2020/07/28 16:00:00,52,52.52,51.07,51.14,1202263
RHI,NYSE,2020/07/29 16:00:00,51.33,52.2,50.93,51.95,922371
RHI,NYSE,2020/07/30 16:00:00,51.44,51.63,50.42,50.93,1084896
RHI,NYSE,2020/07/31 16:00:00,50.71,50.95,49.72,50.87,1166093
RHI,NYSE,2020/08/03 16:00:00,51.02,51.84,50.42,51,805763
RHI,NYSE,2020/08/04 16:00:00,50.98,51.99,50.89,51.81,1119831
RHI,NYSE,2020/08/05 16:00:00,52.23,53.45,52.13,53.21,987550
RHI,NYSE,2020/08/06 16:00:00,53.02,53.68,52.74,52.8,913675
RHI,NYSE,2020/08/07 16:00:00,52.66,53.71,52.27,53.58,841110
RHI,NYSE,2020/08/10 16:00:00,53.61,55.12,53.6,55.1,576954
RHI,NYSE,2020/08/11 16:00:00,55.7,57,55.7,56.02,1039517
RHI,NYSE,2020/08/12 16:00:00,56.6,56.67,55.91,56.52,789029
RHI,NYSE,2020/08/13 16:00:00,56.05,56.97,55.52,56.39,779244
RHI,NYSE,2020/08/14 16:00:00,55.93,57.03,55.77,56.63,565347
RHI,NYSE,2020/08/17 16:00:00,56.39,57.01,55.96,56.87,891545
RHI,NYSE,2020/08/18 16:00:00,56.78,57.45,56.4,56.83,1248649
RHI,NYSE,2020/08/19 16:00:00,56.89,57.38,56.43,56.71,525332
RHI,NYSE,2020/08/20 16:00:00,56.09,56.64,56.01,56.11,425114
RHI,NYSE,2020/08/21 16:00:00,56.12,56.12,55.18,55.35,559563
RHI,NYSE,2020/08/24 16:00:00,55.18,56.25,54.91,56.19,523064
RHI,NYSE,2020/08/25 16:00:00,56.41,56.63,54.6,54.75,1038345
RHI,NYSE,2020/08/26 16:00:00,54.37,54.84,53.77,53.97,720142
RHI,NYSE,2020/08/27 16:00:00,54.28,55.09,53.87,53.99,639150
RHI,NYSE,2020/08/28 16:00:00,54.26,54.28,53.77,53.99,674976
RHI,NYSE,2020/08/31 16:00:00,54.05,54.05,52.99,53.2,917776
RHI,NYSE,2020/09/01 16:00:00,53.02,53.45,52.55,53.44,702713
RHI,NYSE,2020/09/02 16:00:00,53.59,55.07,53.34,54.93,877871
RHI,NYSE,2020/09/03 16:00:00,54.99,55.32,52.78,53.22,801977
RHI,NYSE,2020/09/04 16:00:00,53.88,54.3,53.06,53.2,805904
RHI,NYSE,2020/09/08 16:00:00,52.67,52.99,51.46,51.85,834601
RHI,NYSE,2020/09/09 16:00:00,52.04,52.86,51.92,52.41,643024
RHI,NYSE,2020/09/10 16:00:00,52.52,52.71,50.71,50.98,904885
RHI,NYSE,2020/09/11 16:00:00,51.14,52.31,50.89,51.75,1004644
RHI,NYSE,2020/09/14 16:00:00,52.29,53.8,52.05,53.5,809867
RHI,NYSE,2020/09/15 16:00:00,53.57,54.04,53.21,53.97,774906
RHI,NYSE,2020/09/16 16:00:00,54.01,54.8,53.5,54.07,719689
RHI,NYSE,2020/09/17 16:00:00,53.59,54.3,52.87,53.89,547116
RHI,NYSE,2020/09/18 16:00:00,53.85,54.52,53.4,53.67,1193910
RHI,NYSE,2020/09/21 16:00:00,52.81,52.81,51.51,51.97,1007010
RHI,NYSE,2020/09/22 16:00:00,52.16,53.14,52.07,52.61,821051
RHI,NYSE,2020/09/23 16:00:00,52.7,53.21,51.56,51.58,813339
RHI,NYSE,2020/09/24 16:00:00,51.41,52.41,50.77,51.76,456099
RHI,NYSE,2020/09/25 16:00:00,51.27,52.81,51.23,52.49,580731
RHI,NYSE,2020/09/28 16:00:00,53.27,53.65,53,53.24,519294
RHI,NYSE,2020/09/29 16:00:00,53.31,53.5,52.35,52.57,483106
RHI,NYSE,2020/09/30 16:00:00,52.67,53.97,52.2,52.94,1056351
RHI,NYSE,2020/10/01 16:00:00,53.14,53.68,51.93,52.54,851694
RHI,NYSE,2020/10/02 16:00:00,51.87,54.81,51.55,54.57,746785
RHI,NYSE,2020/10/05 16:00:00,55.32,55.89,54.95,55.6,659228
RHI,NYSE,2020/10/06 16:00:00,55.67,56.56,54.96,55.07,750551
RHI,NYSE,2020/10/07 16:00:00,55.75,57.15,55.7,57.07,705306
RHI,NYSE,2020/10/08 16:00:00,57.31,57.78,57.17,57.74,751348
RHI,NYSE,2020/10/09 16:00:00,58.27,58.81,57.88,58.14,1001142
RHI,NYSE,2020/10/12 16:00:00,58.73,58.98,58.45,58.77,680910
RHI,NYSE,2020/10/13 16:00:00,58.36,58.89,57.68,57.94,833922
RHI,NYSE,2020/10/14 16:00:00,57.8,58.77,57.01,57.07,627333
RHI,NYSE,2020/10/15 16:00:00,56.37,56.86,56.04,56.79,650774
RHI,NYSE,2020/10/16 16:00:00,56.9,57.18,56.36,56.66,509158
RHI,NYSE,2020/10/19 16:00:00,56.94,57.08,55.17,55.43,813535
RHI,NYSE,2020/10/20 16:00:00,56.01,57.31,56.01,56.3,1093191
RHI,NYSE,2020/10/21 16:00:00,56.19,57.13,55.22,55.32,837590
RHI,NYSE,2020/10/22 16:00:00,55.63,56.51,55.45,56.32,1861885
RHI,NYSE,2020/10/23 16:00:00,55.9,55.9,51.55,51.67,2673503
RHI,NYSE,2020/10/26 16:00:00,51.03,51.3,49.83,50.94,1570708
RHI,NYSE,2020/10/27 16:00:00,50.55,51.04,49.91,50.35,1092936
RHI,NYSE,2020/10/28 16:00:00,49.15,49.68,48.48,48.82,1283745
RHI,NYSE,2020/10/29 16:00:00,48.46,50.02,48.29,49.45,1112285
RHI,NYSE,2020/10/30 16:00:00,49.9,50.76,49.05,50.69,1080712
RHI,NYSE,2020/11/02 16:00:00,51.38,52.12,50.94,51.61,855147
RHI,NYSE,2020/11/03 16:00:00,52.28,53.23,51.83,52.59,770727
RHI,NYSE,2020/11/04 16:00:00,52.71,52.71,50.86,51.16,971965
RHI,NYSE,2020/11/05 16:00:00,51.9,52.78,51.68,52.22,900185
RHI,NYSE,2020/11/06 16:00:00,52.28,52.54,51.51,51.74,663745
RHI,NYSE,2020/11/09 16:00:00,55.31,63.15,55.31,62.11,3279794
RHI,NYSE,2020/11/10 16:00:00,62.63,65.43,62.34,64.03,1803070
RHI,NYSE,2020/11/11 16:00:00,64.02,64.86,62.58,62.97,1249069
RHI,NYSE,2020/11/12 16:00:00,61.92,62,60.7,61.49,1274426
RHI,NYSE,2020/11/13 16:00:00,61.96,63.25,61.96,63.19,763427
RHI,NYSE,2020/11/16 16:00:00,64.91,66.32,64.12,66.18,1227508
RHI,NYSE,2020/11/17 16:00:00,65.41,66.07,64.81,65.53,1158732
RHI,NYSE,2020/11/18 16:00:00,65.57,66.78,65.29,65.37,862585
RHI,NYSE,2020/11/19 16:00:00,62.2,64.5,60.54,62.32,2158892
RHI,NYSE,2020/11/20 16:00:00,61.99,62.03,60.57,60.99,1093013
RHI,NYSE,2020/11/23 16:00:00,63.68,66.02,63.29,65.41,1663849
RHI,NYSE,2020/11/24 16:00:00,65.4,67.23,65.05,66.52,1045386
RHI,NYSE,2020/11/25 16:00:00,66.3,66.52,64.53,65.83,988940
RHI,NYSE,2020/11/27 13:00:00,65.84,66.21,65.28,65.51,478406
RHI,NYSE,2020/11/30 16:00:00,65.25,65.51,63.83,64.18,1871768
RHI,NYSE,2020/12/01 16:00:00,65.35,65.77,64.25,64.78,1095511
RHI,NYSE,2020/12/02 16:00:00,64.28,65.6,64.05,64.79,1273899
RHI,NYSE,2020/12/03 16:00:00,65.08,65.88,64.55,64.69,950351
RHI,NYSE,2020/12/04 16:00:00,64.66,66.16,64.33,65.97,1056996
RHI,NYSE,2020/12/07 16:00:00,65.79,65.92,63.94,64.53,2753812
RHI,NYSE,2020/12/08 16:00:00,63.88,65.21,63.79,64.98,1994188
RHI,NYSE,2020/12/09 16:00:00,65.01,65.41,64.05,64.61,923405
RHI,NYSE,2020/12/10 16:00:00,64.35,64.56,63.25,64.13,1122158
RHI,NYSE,2020/12/11 16:00:00,63.45,64.9,63.45,64.2,1035134
RHI,NYSE,2020/12/14 16:00:00,64.99,64.99,63,63.08,1246697
RHI,NYSE,2020/12/15 16:00:00,63.58,63.87,62.4,63.34,712520
RHI,NYSE,2020/12/16 16:00:00,63.63,63.63,62.29,62.6,799442
RHI,NYSE,2020/12/17 16:00:00,62.95,63.17,61.92,62.35,992315
RHI,NYSE,2020/12/18 16:00:00,62.34,63.18,62.13,63.05,1570963
RHI,NYSE,2020/12/21 16:00:00,61.98,62.08,60.47,62.03,706886
RHI,NYSE,2020/12/22 16:00:00,61.92,62.44,61.62,62.04,608188
RHI,NYSE,2020/12/23 16:00:00,62.51,63.05,62.26,62.27,424247
RHI,NYSE,2020/12/24 13:00:00,62.46,62.46,61.66,62.21,178303
RHI,NYSE,2020/12/28 16:00:00,62.95,63.4,62.37,62.69,438729
RHI,NYSE,2020/12/29 16:00:00,63.12,63.12,61.65,62.26,487471
RHI,NYSE,2020/12/30 16:00:00,62.43,62.88,61.73,62.1,445335
RHI,NYSE,2020/12/31 16:00:00,61.96,62.59,61.59,62.48,530029
RHI,NYSE,2021/01/04 16:00:00,62.88,63.61,60.9,61.15,874124
RHI,NYSE,2021/01/05 16:00:00,61.13,62.52,61.07,62.08,1206090
RHI,NYSE,2021/01/06 16:00:00,62.98,64.67,62.76,64.12,947084
RHI,NYSE,2021/01/07 16:00:00,64.54,65.41,63.78,65.07,1031711
RHI,NYSE,2021/01/08 16:00:00,65.07,65.44,64.09,64.37,777664
RHI,NYSE,2021/01/11 16:00:00,63.53,64.21,62.9,63.08,1006690
RHI,NYSE,2021/01/12 16:00:00,63.19,64.99,63.03,64.4,1908397
RHI,NYSE,2021/01/13 16:00:00,64.62,64.75,63.13,63.63,1054180
RHI,NYSE,2021/01/14 16:00:00,64.08,65.85,63.88,65.35,827154
RHI,NYSE,2021/01/15 16:00:00,64.64,65,63.27,63.79,612622
RHI,NYSE,2021/01/19 16:00:00,64.37,65.06,63.73,64.2,739025
RHI,NYSE,2021/01/20 16:00:00,64.35,67.02,64.29,66.69,1278080
RHI,NYSE,2021/01/21 16:00:00,66.7,68.88,66.58,68.08,1522484
RHI,NYSE,2021/01/22 16:00:00,67.43,69,67.15,68.31,1379213
RHI,NYSE,2021/01/25 16:00:00,67.68,69.09,67.01,68.56,1711682
RHI,NYSE,2021/01/26 16:00:00,69.12,70.15,67.31,67.61,1565600
RHI,NYSE,2021/01/27 16:00:00,66.53,67.47,63.73,65.48,2853674
RHI,NYSE,2021/01/28 16:00:00,66.24,67.33,64.34,64.8,1571143
RHI,NYSE,2021/01/29 16:00:00,72.63,73.35,64.84,67.5,3296406
RHI,NYSE,2021/02/01 16:00:00,68,68.93,66.29,68.7,1182355
RHI,NYSE,2021/02/02 16:00:00,68.85,69,66.52,67.5,1848494
RHI,NYSE,2021/02/03 16:00:00,68.23,70.56,67.75,70.3,1264098
RHI,NYSE,2021/02/04 16:00:00,70.09,71.36,69.96,70.37,992679
RHI,NYSE,2021/02/05 16:00:00,70.77,71.61,70.08,70.82,696784
RHI,NYSE,2021/02/08 16:00:00,71.14,72.22,70.75,72.1,595516
RHI,NYSE,2021/02/09 16:00:00,71.9,72.4,71.03,72.19,616575
RHI,NYSE,2021/02/10 16:00:00,72.81,73.37,71.58,73.01,1026415
RHI,NYSE,2021/02/11 16:00:00,73.05,73.93,72.21,73.06,823606
RHI,NYSE,2021/02/12 16:00:00,73.16,74.1,73.05,73.78,790861
RHI,NYSE,2021/02/16 16:00:00,73.95,74.83,73.14,74.76,1229330
RHI,NYSE,2021/02/17 16:00:00,74.42,77.12,74.02,76.5,1160451
RHI,NYSE,2021/02/18 16:00:00,75.91,77.42,75.43,76.89,864977
RHI,NYSE,2021/02/19 16:00:00,77.18,78.89,77.18,78.43,916126
RHI,NYSE,2021/02/22 16:00:00,78.2,81.55,77.8,81.05,1031118
RHI,NYSE,2021/02/23 16:00:00,80.68,83.5,79.8,82.79,1382628
RHI,NYSE,2021/02/24 16:00:00,82.24,82.92,81.05,82.15,1505527
RHI,NYSE,2021/02/25 16:00:00,82.6,82.74,79.13,79.39,1718489
RHI,NYSE,2021/02/26 16:00:00,79.37,79.81,77.29,77.79,1997665
RHI,NYSE,2021/03/01 16:00:00,78.13,79.37,77.88,79.04,1172247
RHI,NYSE,2021/03/02 16:00:00,79.04,79.85,77.53,77.61,1228480
RHI,NYSE,2021/03/03 16:00:00,77.94,78.57,76.91,76.91,1258617
RHI,NYSE,2021/03/04 16:00:00,76.98,77.38,74.71,75.8,1338013
RHI,NYSE,2021/03/05 16:00:00,76.76,77.25,75.36,76.92,1287779
RHI,NYSE,2021/03/08 16:00:00,77.74,78.23,76.38,77.21,1142188
RHI,NYSE,2021/03/09 16:00:00,77.63,78.21,76.65,76.8,1242954
RHI,NYSE,2021/03/10 16:00:00,76.73,77.21,75.97,76.51,1037708
RHI,NYSE,2021/03/11 16:00:00,76.96,78.15,76.1,77.34,589000
RHI,NYSE,2021/03/12 16:00:00,77.74,78.5,76.45,78.43,646858
RHI,NYSE,2021/03/15 16:00:00,77.89,78,76.54,77.56,1092450
RHI,NYSE,2021/03/16 16:00:00,77.57,77.94,75.22,75.68,889174
RHI,NYSE,2021/03/17 16:00:00,75.98,76.64,75.13,75.67,1062947
RHI,NYSE,2021/03/18 16:00:00,75.81,79.17,75.4,77.49,1143007
RHI,NYSE,2021/03/19 16:00:00,76.88,77.48,75.23,76.71,4960534
RHI,NYSE,2021/03/22 16:00:00,76.87,77.16,74.42,75.5,907133
RHI,NYSE,2021/03/23 16:00:00,74.81,75.12,73.17,73.44,814161
RHI,NYSE,2021/03/24 16:00:00,74.22,75.67,73.63,73.69,837448
RHI,NYSE,2021/03/25 16:00:00,73.36,75.61,73.2,75.18,864657
RHI,NYSE,2021/03/26 16:00:00,76.21,77.23,75.39,77.14,832811
RHI,NYSE,2021/03/29 16:00:00,76.82,78.39,75.86,76.38,785984
RHI,NYSE,2021/03/30 16:00:00,76.62,77.84,76.39,77.56,667713
RHI,NYSE,2021/03/31 16:00:00,77.5,78.83,77.4,78.07,977858
RHI,NYSE,2021/04/01 16:00:00,78.25,78.63,77.19,77.66,1923950
RHI,NYSE,2021/04/05 16:00:00,78.25,79.11,77.63,78.19,814093
RHI,NYSE,2021/04/06 16:00:00,77.96,80.63,77.62,79.35,1279636
RHI,NYSE,2021/04/07 16:00:00,79.38,79.75,78.83,79.58,816633
RHI,NYSE,2021/04/08 16:00:00,79.72,80.54,79.1,80.24,673518
RHI,NYSE,2021/04/09 16:00:00,80.67,81.58,80.48,81.35,980227
JLL,NYSE,2019/04/01 16:00:00,155.7,156.94,154.31,155.56,466773
JLL,NYSE,2019/04/02 16:00:00,155.15,155.15,153.02,153.95,350919
JLL,NYSE,2019/04/03 16:00:00,155.34,156.48,154.44,155.51,287446
JLL,NYSE,2019/04/04 16:00:00,155.62,156.75,154.78,155.19,163235
JLL,NYSE,2019/04/05 16:00:00,155.52,156.69,154.65,155.96,185739
JLL,NYSE,2019/04/08 16:00:00,155.23,155.3,153.39,154.76,330090
JLL,NYSE,2019/04/09 16:00:00,154.06,154.06,152.09,152.4,121738
JLL,NYSE,2019/04/10 16:00:00,152.56,154.45,152.56,154.45,180724
JLL,NYSE,2019/04/11 16:00:00,154.66,156.44,154.21,154.85,287697
JLL,NYSE,2019/04/12 16:00:00,155.86,156,154.22,155.89,194475
JLL,NYSE,2019/04/15 16:00:00,156.4,156.64,153.1,154.86,182311
JLL,NYSE,2019/04/16 16:00:00,155.44,155.76,151.87,152.07,148340
JLL,NYSE,2019/04/17 16:00:00,154.92,154.92,152.34,152.48,286180
JLL,NYSE,2019/04/18 16:00:00,153.31,156.36,152.67,156.3,304208
JLL,NYSE,2019/04/22 16:00:00,155.21,156.47,154.34,155.99,336898
JLL,NYSE,2019/04/23 16:00:00,155.93,157.44,155.03,155.96,278793
JLL,NYSE,2019/04/24 16:00:00,155.63,157.64,155.03,156.06,253493
JLL,NYSE,2019/04/25 16:00:00,155.62,156.5,153.13,153.73,260150
JLL,NYSE,2019/04/26 16:00:00,154,155.65,153.48,155.12,148612
JLL,NYSE,2019/04/29 16:00:00,155,156.38,154.35,154.43,151406
JLL,NYSE,2019/04/30 16:00:00,154.21,155.1,153,154.57,292401
JLL,NYSE,2019/05/01 16:00:00,155.04,155.5,152.51,152.88,235717
JLL,NYSE,2019/05/02 16:00:00,153.19,154.69,150.48,151.78,268206
JLL,NYSE,2019/05/03 16:00:00,152.78,152.85,151.27,152.52,198340
JLL,NYSE,2019/05/06 16:00:00,150,151.45,148.23,150.88,306819
JLL,NYSE,2019/05/07 16:00:00,150.04,150.04,141.65,143.04,483132
JLL,NYSE,2019/05/08 16:00:00,143.25,143.31,139.1,140.57,550905
JLL,NYSE,2019/05/09 16:00:00,139.02,139.02,135.61,136.41,457029
JLL,NYSE,2019/05/10 16:00:00,138.5,139.23,134.84,137.93,600766
JLL,NYSE,2019/05/13 16:00:00,134.19,138.18,133.12,137.78,745888
JLL,NYSE,2019/05/14 16:00:00,138.53,138.91,135.25,135.85,568858
JLL,NYSE,2019/05/15 16:00:00,135.14,137.23,133.9,136.14,344179
JLL,NYSE,2019/05/16 16:00:00,135.78,136.97,135.78,136.04,237654
JLL,NYSE,2019/05/17 16:00:00,134.82,135.44,132.79,133.39,362739
JLL,NYSE,2019/05/20 16:00:00,132.36,133.4,130.7,131.23,288070
JLL,NYSE,2019/05/21 16:00:00,131.83,132.68,130.87,132.26,345619
JLL,NYSE,2019/05/22 16:00:00,131.72,132.12,129.11,130.26,275001
JLL,NYSE,2019/05/23 16:00:00,128.67,130.03,128.08,129.63,481229
JLL,NYSE,2019/05/24 16:00:00,130.33,133.22,130.33,132.74,404709
JLL,NYSE,2019/05/28 16:00:00,133.38,135.44,130.98,131.81,680317
JLL,NYSE,2019/05/29 16:00:00,131.21,131.93,129.57,129.69,347536
JLL,NYSE,2019/05/30 16:00:00,129.52,130.12,126.73,127.02,226264
JLL,NYSE,2019/05/31 16:00:00,125.78,126.07,124.01,124.45,261313
JLL,NYSE,2019/06/03 16:00:00,124.64,128.61,124.64,127.12,541319
JLL,NYSE,2019/06/04 16:00:00,127.94,129.56,126.06,127.98,464681
JLL,NYSE,2019/06/05 16:00:00,129.08,129.08,125.9,128.38,244927
JLL,NYSE,2019/06/06 16:00:00,128.34,129.78,127.32,129.51,186197
JLL,NYSE,2019/06/07 16:00:00,130.14,132.35,129.7,131.76,387714
JLL,NYSE,2019/06/10 16:00:00,132.6,133.66,131.96,133.52,171133
JLL,NYSE,2019/06/11 16:00:00,134.55,135.53,131.88,133.43,255835
JLL,NYSE,2019/06/12 16:00:00,133.47,133.8,130.75,132.4,296854
JLL,NYSE,2019/06/13 16:00:00,132.73,134.66,132,134.36,220714
JLL,NYSE,2019/06/14 16:00:00,133.87,134.41,133.13,133.13,208332
JLL,NYSE,2019/06/17 16:00:00,133.62,134.96,132.56,133.64,309418
JLL,NYSE,2019/06/18 16:00:00,134.69,137.64,134.21,137.41,421795
JLL,NYSE,2019/06/19 16:00:00,137.32,139.8,136.05,139.23,386113
JLL,NYSE,2019/06/20 16:00:00,140.81,141.66,139.6,140.69,474941
JLL,NYSE,2019/06/21 16:00:00,139.93,142,139.36,139.55,635943
JLL,NYSE,2019/06/24 16:00:00,140.08,140.08,136.57,137.45,569672
JLL,NYSE,2019/06/25 16:00:00,137.9,138.32,136.18,136.29,430235
JLL,NYSE,2019/06/26 16:00:00,136.54,137.15,133.95,135.5,347493
JLL,NYSE,2019/06/27 16:00:00,136.07,139.27,136.07,138.24,404241
JLL,NYSE,2019/06/28 16:00:00,138.5,141.9,138.5,140.69,525264
JLL,NYSE,2019/07/01 16:00:00,142.49,144.21,139.76,141.13,2395772
JLL,NYSE,2019/07/02 16:00:00,140.93,141.65,136.63,137.57,721350
JLL,NYSE,2019/07/03 13:00:00,138.67,140.26,137.93,140.04,584187
JLL,NYSE,2019/07/05 16:00:00,139.24,140.7,138.41,139.6,563576
JLL,NYSE,2019/07/08 16:00:00,138.99,139.58,137.32,138.5,445673
JLL,NYSE,2019/07/09 16:00:00,137.47,138.08,137,137.27,410974
JLL,NYSE,2019/07/10 16:00:00,137.94,138.66,135.45,137.12,495336
JLL,NYSE,2019/07/11 16:00:00,138.03,139.67,137.24,139.56,252378
JLL,NYSE,2019/07/12 16:00:00,139.69,141.59,138.42,138.59,356227
JLL,NYSE,2019/07/15 16:00:00,139,139.57,137.3,139.44,289212
JLL,NYSE,2019/07/16 16:00:00,139.78,141.02,139.43,140.23,314673
JLL,NYSE,2019/07/17 16:00:00,140.98,141.13,138.98,139.41,251264
JLL,NYSE,2019/07/18 16:00:00,139.6,140.74,138.51,140.19,203888
JLL,NYSE,2019/07/19 16:00:00,140.77,142,140.64,140.71,214024
JLL,NYSE,2019/07/22 16:00:00,141.14,141.6,139.65,140.02,316452
JLL,NYSE,2019/07/23 16:00:00,141.3,143.56,141.04,142.97,361565
JLL,NYSE,2019/07/24 16:00:00,142.87,143.97,141.43,143.66,316882
JLL,NYSE,2019/07/25 16:00:00,143.78,143.92,142.24,143.84,376605
JLL,NYSE,2019/07/26 16:00:00,144,145.32,143.88,144.33,324264
JLL,NYSE,2019/07/29 16:00:00,143.98,145.75,141.59,142.8,444212
JLL,NYSE,2019/07/30 16:00:00,145.65,148.17,142.96,144.43,614110
JLL,NYSE,2019/07/31 16:00:00,144.5,146.78,143.76,145.69,613142
JLL,NYSE,2019/08/01 16:00:00,146.69,150.5,145.71,146.57,468035
JLL,NYSE,2019/08/02 16:00:00,145.86,145.95,141.67,143.24,298955
JLL,NYSE,2019/08/05 16:00:00,140.69,140.69,133.1,135.18,603275
JLL,NYSE,2019/08/06 16:00:00,140.58,143.11,139.17,141.14,525531
JLL,NYSE,2019/08/07 16:00:00,139.08,140.81,136.67,138.89,313178
JLL,NYSE,2019/08/08 16:00:00,139.56,143.61,139.1,143.41,474473
JLL,NYSE,2019/08/09 16:00:00,142.84,142.84,140.56,141.5,273576
JLL,NYSE,2019/08/12 16:00:00,140.34,140.62,138.35,139.04,240603
JLL,NYSE,2019/08/13 16:00:00,138.78,141.13,137.85,139.26,247775
JLL,NYSE,2019/08/14 16:00:00,136.41,137.14,129.99,130.66,598413
JLL,NYSE,2019/08/15 16:00:00,131.28,131.31,127.13,128.42,341109
JLL,NYSE,2019/08/16 16:00:00,129.6,133.67,128.68,132.83,271316
JLL,NYSE,2019/08/19 16:00:00,134.64,137.51,133.85,135.09,265584
JLL,NYSE,2019/08/20 16:00:00,134.68,136.25,133.35,135.51,349729
JLL,NYSE,2019/08/21 16:00:00,137.18,138.37,135.73,137.23,240719
JLL,NYSE,2019/08/22 16:00:00,137.54,138,134.46,134.56,179384
JLL,NYSE,2019/08/23 16:00:00,133.36,133.83,129.36,129.71,185299
JLL,NYSE,2019/08/26 16:00:00,130.75,130.75,128.57,129.87,224907
JLL,NYSE,2019/08/27 16:00:00,130.98,131.64,129.68,130.05,438786
JLL,NYSE,2019/08/28 16:00:00,129.3,131.94,128.75,131.53,195517
JLL,NYSE,2019/08/29 16:00:00,132.93,135.02,132.93,134.06,212261
JLL,NYSE,2019/08/30 16:00:00,134.85,134.99,132.34,134.05,304616
JLL,NYSE,2019/09/03 16:00:00,133.04,133.96,130.9,132.04,229721
JLL,NYSE,2019/09/04 16:00:00,133.22,135.02,133.12,134.27,343975
JLL,NYSE,2019/09/05 16:00:00,135.56,137.67,134.41,136.84,329205
JLL,NYSE,2019/09/06 16:00:00,137.49,139.31,136.5,137.45,279753
JLL,NYSE,2019/09/09 16:00:00,138.15,142.08,137.85,141.97,401104
JLL,NYSE,2019/09/10 16:00:00,141.18,143.96,140.61,143.74,280892
JLL,NYSE,2019/09/11 16:00:00,144.36,144.75,143,143.89,296089
JLL,NYSE,2019/09/12 16:00:00,143.82,143.84,140.46,142.02,273185
JLL,NYSE,2019/09/13 16:00:00,142.27,143.29,141.17,141.97,237101
JLL,NYSE,2019/09/16 16:00:00,140.36,142.05,139.86,140.52,227523
JLL,NYSE,2019/09/17 16:00:00,139.39,139.46,136.74,138.81,263893
JLL,NYSE,2019/09/18 16:00:00,138.59,138.59,136.08,138.09,191849
JLL,NYSE,2019/09/19 16:00:00,138.75,139.29,136.8,137.39,326911
JLL,NYSE,2019/09/20 16:00:00,137.58,138.93,136.9,137.12,670421
JLL,NYSE,2019/09/23 16:00:00,136.09,138.48,136.02,137.36,258351
JLL,NYSE,2019/09/24 16:00:00,137.36,137.93,135.55,135.92,294634
JLL,NYSE,2019/09/25 16:00:00,135.95,140.69,135.95,139.9,311787
JLL,NYSE,2019/09/26 16:00:00,139.82,140.21,138.69,139.49,149162
JLL,NYSE,2019/09/27 16:00:00,139.99,141.58,138.65,139.31,185403
JLL,NYSE,2019/09/30 16:00:00,139.8,140.79,138.99,139.06,222344
JLL,NYSE,2019/10/01 16:00:00,139.25,141.22,134.6,135.42,275082
JLL,NYSE,2019/10/02 16:00:00,134.12,134.12,129.4,130.36,317798
JLL,NYSE,2019/10/03 16:00:00,129.67,130.86,127.18,130.79,237198
JLL,NYSE,2019/10/04 16:00:00,130.87,133.25,130.47,133.21,267882
JLL,NYSE,2019/10/07 16:00:00,132.41,134.55,131.97,134.04,254973
JLL,NYSE,2019/10/08 16:00:00,132.43,133.36,131.69,132.1,244103
JLL,NYSE,2019/10/09 16:00:00,133.39,134.67,132.68,134.38,188835
JLL,NYSE,2019/10/10 16:00:00,134.35,136.03,134.1,135.15,262459
JLL,NYSE,2019/10/11 16:00:00,137.46,141.45,137.46,139.9,293499
JLL,NYSE,2019/10/14 16:00:00,139.5,140.89,138.53,140.57,161848
JLL,NYSE,2019/10/15 16:00:00,140.97,143.84,140.11,142.35,233755
JLL,NYSE,2019/10/16 16:00:00,142.31,143.45,141.17,143.08,167120
JLL,NYSE,2019/10/17 16:00:00,143.86,145,143.15,143.33,166175
JLL,NYSE,2019/10/18 16:00:00,143.05,144.1,141.42,143.59,267060
JLL,NYSE,2019/10/21 16:00:00,144.59,145.99,143.96,144.16,135541
JLL,NYSE,2019/10/22 16:00:00,144.18,144.54,142.18,143.99,163172
JLL,NYSE,2019/10/23 16:00:00,143.86,144.97,142.66,144.82,129022
JLL,NYSE,2019/10/24 16:00:00,145.14,146.18,143.14,144.59,132168
JLL,NYSE,2019/10/25 16:00:00,144.56,146.62,143.9,146.29,176097
JLL,NYSE,2019/10/28 16:00:00,147.01,148.5,146.61,148.16,147530
JLL,NYSE,2019/10/29 16:00:00,147.38,149.59,147.38,148.27,325465
JLL,NYSE,2019/10/30 16:00:00,148.1,148.65,146.53,148.65,291676
JLL,NYSE,2019/10/31 16:00:00,148.17,148.17,145.78,146.52,215321
JLL,NYSE,2019/11/01 16:00:00,147.73,150.42,146.97,150.34,221689
JLL,NYSE,2019/11/04 16:00:00,151.5,151.94,150.36,150.92,309330
JLL,NYSE,2019/11/05 16:00:00,157.17,163.03,155.67,161.65,923208
JLL,NYSE,2019/11/06 16:00:00,161.1,161.1,155.96,157.85,434805
JLL,NYSE,2019/11/07 16:00:00,158.72,162.84,157.99,161.88,446339
JLL,NYSE,2019/11/08 16:00:00,160.75,162.78,159.69,161.64,331569
JLL,NYSE,2019/11/11 16:00:00,159.57,162.49,159.36,162.24,134450
JLL,NYSE,2019/11/12 16:00:00,161.68,163.22,159.18,159.86,375826
JLL,NYSE,2019/11/13 16:00:00,158.45,162.26,158.07,161.76,264030
JLL,NYSE,2019/11/14 16:00:00,161.48,162.36,160.06,161.94,220013
JLL,NYSE,2019/11/15 16:00:00,162.26,164.96,162.26,163.79,303557
JLL,NYSE,2019/11/18 16:00:00,163.6,165.77,163.12,165.08,307285
JLL,NYSE,2019/11/19 16:00:00,165.08,165.24,162.71,163.45,345961
JLL,NYSE,2019/11/20 16:00:00,163.03,166.07,162.69,164.95,409797
JLL,NYSE,2019/11/21 16:00:00,165.21,165.9,163.28,165.2,337583
JLL,NYSE,2019/11/22 16:00:00,165.61,166.81,164.25,166.1,269033
JLL,NYSE,2019/11/25 16:00:00,166,168.61,165.88,168.05,347185
JLL,NYSE,2019/11/26 16:00:00,168.35,170,168.14,169.88,552622
JLL,NYSE,2019/11/27 16:00:00,170,170.16,166.71,168.08,297146
JLL,NYSE,2019/11/29 13:00:00,167.68,169.08,166.21,166.33,134030
JLL,NYSE,2019/12/02 16:00:00,167.32,167.32,164.64,165.96,356357
JLL,NYSE,2019/12/03 16:00:00,164.44,166.02,163.79,165.73,365018
JLL,NYSE,2019/12/04 16:00:00,165.74,168.53,165.74,168.28,334452
JLL,NYSE,2019/12/05 16:00:00,168.68,169.37,167.42,168.5,312349
JLL,NYSE,2019/12/06 16:00:00,170,171.23,169.41,169.65,251836
JLL,NYSE,2019/12/09 16:00:00,169.47,170.03,168.39,168.98,234335
JLL,NYSE,2019/12/10 16:00:00,168.43,169.18,167.81,168.74,311956
JLL,NYSE,2019/12/11 16:00:00,169.7,170.8,168.26,168.59,169325
JLL,NYSE,2019/12/12 16:00:00,168.99,171.37,167.06,171.27,230266
JLL,NYSE,2019/12/13 16:00:00,170.64,171.52,169.32,170.1,204582
JLL,NYSE,2019/12/16 16:00:00,170.96,171.93,170.51,171.22,243036
JLL,NYSE,2019/12/17 16:00:00,171.68,171.68,169.1,169.66,319790
JLL,NYSE,2019/12/18 16:00:00,169.73,172.31,169.07,171.68,227978
JLL,NYSE,2019/12/19 16:00:00,171.35,172.4,170.24,170.62,303859
JLL,NYSE,2019/12/20 16:00:00,171.19,173.61,170.72,172.51,714431
JLL,NYSE,2019/12/23 16:00:00,172.84,172.97,171.04,171.82,151825
JLL,NYSE,2019/12/24 13:00:00,171.82,172.7,170.7,171.66,81487
JLL,NYSE,2019/12/26 16:00:00,172.01,173.48,171.26,173.3,154577
JLL,NYSE,2019/12/27 16:00:00,173.91,174,172.4,173.25,135024
JLL,NYSE,2019/12/30 16:00:00,173.18,174.48,172.15,174.02,134433
JLL,NYSE,2019/12/31 16:00:00,173.33,175.99,173.33,174.09,226589
JLL,NYSE,2020/01/02 16:00:00,175.21,175.45,172.91,175.32,205386
JLL,NYSE,2020/01/03 16:00:00,172.68,174.42,171.22,173.84,191077
JLL,NYSE,2020/01/06 16:00:00,172.36,174.52,172.36,173.74,207727
JLL,NYSE,2020/01/07 16:00:00,173.28,174.04,172.41,172.71,221155
JLL,NYSE,2020/01/08 16:00:00,172.8,173.29,169.99,170.42,263776
JLL,NYSE,2020/01/09 16:00:00,171.45,172.83,170.22,172.05,174536
JLL,NYSE,2020/01/10 16:00:00,172.17,172.17,170.13,170.54,199393
JLL,NYSE,2020/01/13 16:00:00,170.2,171.53,169.48,171.27,196507
JLL,NYSE,2020/01/14 16:00:00,171.01,171.01,168.14,168.64,238958
JLL,NYSE,2020/01/15 16:00:00,168.21,171.72,168.21,171.21,380482
JLL,NYSE,2020/01/16 16:00:00,172.28,173.09,170.67,171.08,398443
JLL,NYSE,2020/01/17 16:00:00,171.85,172.47,170.9,171.94,194814
JLL,NYSE,2020/01/21 16:00:00,171.19,172.02,170.3,170.4,204613
JLL,NYSE,2020/01/22 16:00:00,171.23,171.76,169.22,169.31,202896
JLL,NYSE,2020/01/23 16:00:00,169,170.55,168,169.92,268981
JLL,NYSE,2020/01/24 16:00:00,169.66,170.16,168.36,169.46,192898
JLL,NYSE,2020/01/27 16:00:00,166.09,169.19,165.57,168.46,301060
JLL,NYSE,2020/01/28 16:00:00,169.28,171.49,168.83,171.1,186971
JLL,NYSE,2020/01/29 16:00:00,171.67,172,170.38,170.87,177480
JLL,NYSE,2020/01/30 16:00:00,169.28,171.78,169.23,171.53,261025
JLL,NYSE,2020/01/31 16:00:00,170.72,170.72,168.02,169.82,260080
JLL,NYSE,2020/02/03 16:00:00,170.8,174.73,170.1,173.46,414760
JLL,NYSE,2020/02/04 16:00:00,175.24,177.22,174.25,175.1,212172
JLL,NYSE,2020/02/05 16:00:00,176.7,178.23,176.05,177.16,239329
JLL,NYSE,2020/02/06 16:00:00,177.85,178.55,172.97,173.01,252205
JLL,NYSE,2020/02/07 16:00:00,172.12,173,170.71,172.73,163022
JLL,NYSE,2020/02/10 16:00:00,172.42,173.17,171.4,172.5,207294
JLL,NYSE,2020/02/11 16:00:00,177.5,177.5,160.38,165.17,514758
JLL,NYSE,2020/02/12 16:00:00,167.33,170.49,162.54,170.3,526116
JLL,NYSE,2020/02/13 16:00:00,170,170.75,167.43,170.11,292042
JLL,NYSE,2020/02/14 16:00:00,169.74,171.62,168.48,171.34,300849
JLL,NYSE,2020/02/18 16:00:00,170.88,171.35,169.18,170.04,289938
JLL,NYSE,2020/02/19 16:00:00,170,170.48,165.52,165.91,300079
JLL,NYSE,2020/02/20 16:00:00,165.52,167.44,165,165.85,198976
JLL,NYSE,2020/02/21 16:00:00,165.34,165.34,161.07,161.2,192715
JLL,NYSE,2020/02/24 16:00:00,156.49,157.11,151.37,154.3,389447
JLL,NYSE,2020/02/25 16:00:00,154.51,154.99,145.65,146.45,308935
JLL,NYSE,2020/02/26 16:00:00,147.74,148.95,143.69,143.75,329298
JLL,NYSE,2020/02/27 16:00:00,140.2,146.47,136.97,144.98,628094
JLL,NYSE,2020/02/28 16:00:00,141.6,151.45,139.39,147.77,1037140
JLL,NYSE,2020/03/02 16:00:00,148.75,149.72,145.04,149.65,593404
JLL,NYSE,2020/03/03 16:00:00,149.94,153.2,146.92,151.79,724654
JLL,NYSE,2020/03/04 16:00:00,153.75,154.51,151.45,152.92,599764
JLL,NYSE,2020/03/05 16:00:00,149.61,153.34,147.04,148.59,487434
JLL,NYSE,2020/03/06 16:00:00,144.33,146.82,141.84,145.1,658769
JLL,NYSE,2020/03/09 16:00:00,139.96,139.96,130.55,136.72,924510
JLL,NYSE,2020/03/10 16:00:00,140.96,145.18,137,144.97,815058
JLL,NYSE,2020/03/11 16:00:00,141.43,144.51,138.76,139.4,1150609
JLL,NYSE,2020/03/12 16:00:00,131.45,139.28,121.4,122.26,1200112
JLL,NYSE,2020/03/13 16:00:00,127.93,134.13,121.18,134.13,884370
JLL,NYSE,2020/03/16 16:00:00,119,119.35,107.37,112.47,1083855
JLL,NYSE,2020/03/17 16:00:00,115.66,117.08,104.59,105.6,858199
JLL,NYSE,2020/03/18 16:00:00,99.57,101.98,86.18,92.7,832867
JLL,NYSE,2020/03/19 16:00:00,91.8,103.04,90.16,99.8,1104087
JLL,NYSE,2020/03/20 16:00:00,100.27,102.4,88.85,89.46,759941
JLL,NYSE,2020/03/23 16:00:00,89.15,89.38,78.29,81.48,664437
JLL,NYSE,2020/03/24 16:00:00,85.74,88.16,83.6,87.24,943264
JLL,NYSE,2020/03/25 16:00:00,86.82,100.69,85.08,91.21,1049516
JLL,NYSE,2020/03/26 16:00:00,93.35,102.68,91.68,102.17,678564
JLL,NYSE,2020/03/27 16:00:00,97.82,102.42,96.02,99.73,466395
JLL,NYSE,2020/03/30 16:00:00,99.39,107.8,96.61,107.44,799099
JLL,NYSE,2020/03/31 16:00:00,106.8,108.16,99.71,100.98,829518
JLL,NYSE,2020/04/01 16:00:00,95.83,95.96,90.91,94.36,607023
JLL,NYSE,2020/04/02 16:00:00,93.77,97.51,89.48,92.12,464448
JLL,NYSE,2020/04/03 16:00:00,91.36,91.84,83.25,86.45,564684
JLL,NYSE,2020/04/06 16:00:00,90.97,94.77,90,93.55,771416
JLL,NYSE,2020/04/07 16:00:00,100.54,108.97,99.32,102.11,635561
JLL,NYSE,2020/04/08 16:00:00,103.02,112.53,102.06,111.25,322569
JLL,NYSE,2020/04/09 16:00:00,114.39,119,112.08,115.37,470529
JLL,NYSE,2020/04/13 16:00:00,114.19,114.23,107.77,107.97,302390
JLL,NYSE,2020/04/14 16:00:00,110.84,112.1,108.52,109.8,495488
JLL,NYSE,2020/04/15 16:00:00,105.76,107.38,104.59,106.93,296912
JLL,NYSE,2020/04/16 16:00:00,106.68,107.42,104.34,106.9,441707
JLL,NYSE,2020/04/17 16:00:00,111.13,113.13,106.46,107,624758
JLL,NYSE,2020/04/20 16:00:00,104.33,105.61,99.47,99.65,402199
JLL,NYSE,2020/04/21 16:00:00,97.35,100.38,96.91,98.98,309181
JLL,NYSE,2020/04/22 16:00:00,101.82,101.82,97.85,98.37,399129
JLL,NYSE,2020/04/23 16:00:00,99.61,102.91,98.24,101.55,293972
JLL,NYSE,2020/04/24 16:00:00,102.08,103.26,100.32,102.48,225970
JLL,NYSE,2020/04/27 16:00:00,102.87,107.27,102.87,106.79,418907
JLL,NYSE,2020/04/28 16:00:00,110,111.54,106.13,106.31,534310
JLL,NYSE,2020/04/29 16:00:00,111.48,112.3,108.92,110.23,490267
JLL,NYSE,2020/04/30 16:00:00,108.77,108.77,103.49,105.58,642902
JLL,NYSE,2020/05/01 16:00:00,103.38,103.38,99.4,101.08,322213
JLL,NYSE,2020/05/04 16:00:00,98.92,101.79,98.23,101.05,289371
JLL,NYSE,2020/05/05 16:00:00,103.1,107.33,101.07,102.41,378363
JLL,NYSE,2020/05/06 16:00:00,103.45,103.45,96.31,96.48,348838
JLL,NYSE,2020/05/07 16:00:00,98.04,105.01,98.01,102.95,400647
JLL,NYSE,2020/05/08 16:00:00,104.84,106.07,103.14,104.18,481006
JLL,NYSE,2020/05/11 16:00:00,102.55,103.2,99.93,100.01,362896
JLL,NYSE,2020/05/12 16:00:00,100.56,100.73,92.16,92.17,396986
JLL,NYSE,2020/05/13 16:00:00,90.79,90.85,83.1,85,800900
JLL,NYSE,2020/05/14 16:00:00,83.35,86.22,79.05,85.76,686727
JLL,NYSE,2020/05/15 16:00:00,85,86.48,83.72,86.08,491892
JLL,NYSE,2020/05/18 16:00:00,90.5,94.72,89.96,94.16,423755
JLL,NYSE,2020/05/19 16:00:00,93.8,95.58,91.53,93.85,399441
JLL,NYSE,2020/05/20 16:00:00,95.27,98,94.92,96.7,290924
JLL,NYSE,2020/05/21 16:00:00,96.3,99.09,95.87,98.22,352790
JLL,NYSE,2020/05/22 16:00:00,98.44,98.44,92.89,93.57,297994
JLL,NYSE,2020/05/26 16:00:00,98.95,102.09,98.05,100.31,517143
JLL,NYSE,2020/05/27 16:00:00,103.71,106.35,101.98,106.22,463096
JLL,NYSE,2020/05/28 16:00:00,107.01,107.06,102.99,104.2,340678
JLL,NYSE,2020/05/29 16:00:00,102.58,104.06,100.22,102.4,842482
JLL,NYSE,2020/06/01 16:00:00,102.41,103.84,102.01,102.48,264318
JLL,NYSE,2020/06/02 16:00:00,102.66,105.88,102.51,105.59,425740
JLL,NYSE,2020/06/03 16:00:00,107.99,116.72,107.99,114.47,424882
JLL,NYSE,2020/06/04 16:00:00,113.75,117.53,111.8,116.58,529856
JLL,NYSE,2020/06/05 16:00:00,123.92,127.89,121.9,122.68,494363
JLL,NYSE,2020/06/08 16:00:00,125.52,127.56,124.34,125.53,382127
JLL,NYSE,2020/06/09 16:00:00,120.97,122.48,118.98,120.32,331628
JLL,NYSE,2020/06/10 16:00:00,118.88,119.45,114.3,115.36,276471
JLL,NYSE,2020/06/11 16:00:00,108.11,109.76,105.24,105.53,362468
JLL,NYSE,2020/06/12 16:00:00,110.49,110.51,105.14,109.17,338230
JLL,NYSE,2020/06/15 16:00:00,104.47,108.06,101.25,107.74,546102
JLL,NYSE,2020/06/16 16:00:00,112.86,113.46,108,110.58,488508
JLL,NYSE,2020/06/17 16:00:00,111.18,111.18,105.65,106.4,293659
JLL,NYSE,2020/06/18 16:00:00,105.13,107.19,104.59,105.38,259173
JLL,NYSE,2020/06/19 16:00:00,105.98,107.24,102.31,104.39,588934
JLL,NYSE,2020/06/22 16:00:00,102.65,104.4,101.17,102.59,278474
JLL,NYSE,2020/06/23 16:00:00,104.33,105,101.86,103.56,361002
JLL,NYSE,2020/06/24 16:00:00,102.87,102.87,98.18,100.76,453916
JLL,NYSE,2020/06/25 16:00:00,99.59,101.21,97.05,101.03,256851
JLL,NYSE,2020/06/26 16:00:00,100.52,102.22,98,98.12,592572
JLL,NYSE,2020/06/29 16:00:00,99.27,102.5,98.24,101.2,226687
JLL,NYSE,2020/06/30 16:00:00,101.23,104.38,100.97,103.46,293923
JLL,NYSE,2020/07/01 16:00:00,103.44,104.93,101.68,102.66,449084
JLL,NYSE,2020/07/02 16:00:00,105.4,107.75,104.01,105.12,356829
JLL,NYSE,2020/07/06 16:00:00,107.78,109.07,105.96,108.01,320599
JLL,NYSE,2020/07/07 16:00:00,106.49,106.81,103.78,103.85,253215
JLL,NYSE,2020/07/08 16:00:00,103.4,105.47,101.71,104.12,184779
JLL,NYSE,2020/07/09 16:00:00,103.76,103.76,98.95,102.77,250798
JLL,NYSE,2020/07/10 16:00:00,102.06,105.4,102.06,104.37,372108
JLL,NYSE,2020/07/13 16:00:00,105.21,105.21,102.12,102.39,169631
JLL,NYSE,2020/07/14 16:00:00,102.04,102.64,100.13,102.52,235641
JLL,NYSE,2020/07/15 16:00:00,106.04,108.19,105.46,107.51,195874
JLL,NYSE,2020/07/16 16:00:00,106.06,107.05,104.3,104.87,214948
JLL,NYSE,2020/07/17 16:00:00,105.44,106.15,104.91,105.6,194864
JLL,NYSE,2020/07/20 16:00:00,104.67,105.16,101.27,101.38,243766
JLL,NYSE,2020/07/21 16:00:00,102.11,103.59,100,100.4,369476
JLL,NYSE,2020/07/22 16:00:00,100,102.92,100,101.37,352135
JLL,NYSE,2020/07/23 16:00:00,100.88,102.47,100.51,102.21,292569
JLL,NYSE,2020/07/24 16:00:00,102.27,102.97,99.85,100.06,279117
JLL,NYSE,2020/07/27 16:00:00,99.22,99.22,96.25,98.39,378103
JLL,NYSE,2020/07/28 16:00:00,97.54,98.85,96.61,96.96,308468
JLL,NYSE,2020/07/29 16:00:00,96.5,98.5,95.9,97.86,494315
JLL,NYSE,2020/07/30 16:00:00,96.22,99.24,94.43,99.07,503546
JLL,NYSE,2020/07/31 16:00:00,99.29,99.83,95.93,98.91,318603
JLL,NYSE,2020/08/03 16:00:00,99.03,99.03,93.19,93.92,343812
JLL,NYSE,2020/08/04 16:00:00,94.32,95.94,93.69,94.39,388638
JLL,NYSE,2020/08/05 16:00:00,95.84,96.22,94.16,96.13,572463
JLL,NYSE,2020/08/06 16:00:00,96.02,97.61,87.67,90,1157045
JLL,NYSE,2020/08/07 16:00:00,90.68,95.74,90.02,94.73,604228
JLL,NYSE,2020/08/10 16:00:00,94.76,98.36,94.74,98.19,426052
JLL,NYSE,2020/08/11 16:00:00,100,106.41,100,105.4,579479
JLL,NYSE,2020/08/12 16:00:00,106.56,107.09,103.21,103.86,365381
JLL,NYSE,2020/08/13 16:00:00,102.71,102.73,98.07,98.91,319403
JLL,NYSE,2020/08/14 16:00:00,98.38,102.09,97.68,100.35,252905
JLL,NYSE,2020/08/17 16:00:00,100.12,100.5,99.36,100.37,285761
JLL,NYSE,2020/08/18 16:00:00,100,100.75,96.83,96.98,366240
JLL,NYSE,2020/08/19 16:00:00,96.98,97.69,95.37,96.73,243261
JLL,NYSE,2020/08/20 16:00:00,96.12,96.63,94.04,94.43,493796
JLL,NYSE,2020/08/21 16:00:00,94.75,97.49,94.16,96.87,386822
JLL,NYSE,2020/08/24 16:00:00,97.49,101.93,96.33,101.67,304257
JLL,NYSE,2020/08/25 16:00:00,102.62,103.45,100.34,103,369050
JLL,NYSE,2020/08/26 16:00:00,103.06,103.79,101.63,103.54,382045
JLL,NYSE,2020/08/27 16:00:00,103.59,105.2,103.08,104.38,323686
JLL,NYSE,2020/08/28 16:00:00,104.68,105.06,102.9,104.79,282127
JLL,NYSE,2020/08/31 16:00:00,105.4,105.4,101.54,103.04,400480
JLL,NYSE,2020/09/01 16:00:00,102.07,103,100.53,102.56,237651
JLL,NYSE,2020/09/02 16:00:00,102.9,105.05,101.77,104.86,346296
JLL,NYSE,2020/09/03 16:00:00,105.42,107.91,102.5,102.96,341128
JLL,NYSE,2020/09/04 16:00:00,104.24,104.98,100.5,103.03,193657
JLL,NYSE,2020/09/08 16:00:00,102.16,102.68,100.69,101.21,237125
JLL,NYSE,2020/09/09 16:00:00,101.62,104.09,100.81,103.23,248715
JLL,NYSE,2020/09/10 16:00:00,103.65,104.1,100.66,100.89,268651
JLL,NYSE,2020/09/11 16:00:00,101.39,101.39,98.09,100.75,278359
JLL,NYSE,2020/09/14 16:00:00,101.28,106.61,101.28,105.94,280341
JLL,NYSE,2020/09/15 16:00:00,106.94,108.64,105.49,107,348568
JLL,NYSE,2020/09/16 16:00:00,108,109.71,106.58,106.93,387008
JLL,NYSE,2020/09/17 16:00:00,106.08,107,104.19,106.07,287471
JLL,NYSE,2020/09/18 16:00:00,106.21,106.63,102.96,103.22,593982
JLL,NYSE,2020/09/21 16:00:00,100.5,100.67,95.6,98.73,600612
JLL,NYSE,2020/09/22 16:00:00,99.24,101.09,95.7,95.89,541537
JLL,NYSE,2020/09/23 16:00:00,95.92,97.01,92.02,92.28,555272
JLL,NYSE,2020/09/24 16:00:00,92.27,95.5,90.86,94.32,666674
JLL,NYSE,2020/09/25 16:00:00,93.39,96.08,93.19,95,547056
JLL,NYSE,2020/09/28 16:00:00,97.37,98.87,96.61,97.47,527368
JLL,NYSE,2020/09/29 16:00:00,97.59,98.15,95.34,96.12,360841
JLL,NYSE,2020/09/30 16:00:00,97.09,98.42,94.92,95.66,511655
JLL,NYSE,2020/10/01 16:00:00,96.77,98.24,95.63,96.5,433272
JLL,NYSE,2020/10/02 16:00:00,94,99.41,93.91,99.2,505274
JLL,NYSE,2020/10/05 16:00:00,100.3,101.86,99.73,101.57,318195
JLL,NYSE,2020/10/06 16:00:00,102.54,106.53,101.8,104.03,391800
JLL,NYSE,2020/10/07 16:00:00,105.49,105.82,103.57,105.45,302427
JLL,NYSE,2020/10/08 16:00:00,104,108.05,104,107.97,438171
JLL,NYSE,2020/10/09 16:00:00,109.11,109.85,106.72,107.13,334268
JLL,NYSE,2020/10/12 16:00:00,107.82,108.67,105.72,108.24,176238
JLL,NYSE,2020/10/13 16:00:00,107.68,108.65,107.15,108.1,358581
JLL,NYSE,2020/10/14 16:00:00,107.43,108.87,107,108.35,230422
JLL,NYSE,2020/10/15 16:00:00,106.84,111.05,106.52,110.33,282957
JLL,NYSE,2020/10/16 16:00:00,110.05,110.05,107.69,108.84,232249
JLL,NYSE,2020/10/19 16:00:00,108.97,111.46,108.62,109.12,410490
JLL,NYSE,2020/10/20 16:00:00,110.35,111.34,109.62,109.83,254804
JLL,NYSE,2020/10/21 16:00:00,109.12,111.69,108.8,110.4,441348
JLL,NYSE,2020/10/22 16:00:00,110.49,111.83,109.48,111.41,507830
JLL,NYSE,2020/10/23 16:00:00,112.65,113.36,111.03,111.86,488783
JLL,NYSE,2020/10/26 16:00:00,110.39,110.62,109.06,110.47,471006
JLL,NYSE,2020/10/27 16:00:00,109.87,110.85,105.81,105.86,465440
JLL,NYSE,2020/10/28 16:00:00,103.31,104.83,101.39,101.63,583638
JLL,NYSE,2020/10/29 16:00:00,102.6,114.47,101.64,113.1,609203
JLL,NYSE,2020/10/30 16:00:00,111.72,114.15,110.5,112.86,550947
JLL,NYSE,2020/11/02 16:00:00,117,123.85,115.73,117.82,902754
JLL,NYSE,2020/11/03 16:00:00,119.82,120.4,111.4,115.26,657006
JLL,NYSE,2020/11/04 16:00:00,114.96,117.04,111.52,114.03,323057
JLL,NYSE,2020/11/05 16:00:00,115.37,120.22,115.15,119.84,357541
JLL,NYSE,2020/11/06 16:00:00,119.56,119.93,115.05,116.75,291615
JLL,NYSE,2020/11/09 16:00:00,126.61,141.41,126.34,137.13,1498787
JLL,NYSE,2020/11/10 16:00:00,137.84,138.51,131.38,133.65,881681
JLL,NYSE,2020/11/11 16:00:00,134.14,134.28,128.27,129.42,517299
JLL,NYSE,2020/11/12 16:00:00,128.05,129.46,125.45,127.69,473415
JLL,NYSE,2020/11/13 16:00:00,128.85,133.27,128.85,132.45,360132
JLL,NYSE,2020/11/16 16:00:00,138.57,139.6,135.01,138.05,710384
JLL,NYSE,2020/11/17 16:00:00,136.48,141.73,134.05,140.82,344572
JLL,NYSE,2020/11/18 16:00:00,141.05,141.05,137.27,137.61,391746
JLL,NYSE,2020/11/19 16:00:00,135.23,135.84,131.97,134.23,512995
JLL,NYSE,2020/11/20 16:00:00,134.2,135.05,131.64,131.81,534513
JLL,NYSE,2020/11/23 16:00:00,133.12,136.33,130.88,135.98,641065
JLL,NYSE,2020/11/24 16:00:00,137.85,141.81,137.37,140.73,514028
JLL,NYSE,2020/11/25 16:00:00,140,140.01,136.51,137.25,834403
JLL,NYSE,2020/11/27 13:00:00,137.23,137.7,133.02,133.96,532289
JLL,NYSE,2020/11/30 16:00:00,133.31,136.85,131.91,132.29,5007752
JLL,NYSE,2020/12/01 16:00:00,134.5,135.91,132.49,133.91,611105
JLL,NYSE,2020/12/02 16:00:00,133.36,135.45,133.25,135.21,427836
JLL,NYSE,2020/12/03 16:00:00,135.18,139.88,135.18,138.94,524795
JLL,NYSE,2020/12/04 16:00:00,140.02,145.51,139.37,145.11,489041
JLL,NYSE,2020/12/07 16:00:00,145.06,148.51,143.46,147.91,576762
JLL,NYSE,2020/12/08 16:00:00,146.7,149.25,146.53,149.21,552392
JLL,NYSE,2020/12/09 16:00:00,150.17,152.65,149.29,150.1,670326
JLL,NYSE,2020/12/10 16:00:00,148.07,153.12,147.55,152.67,585073
JLL,NYSE,2020/12/11 16:00:00,151.02,153.22,148.19,148.27,834147
JLL,NYSE,2020/12/14 16:00:00,148.79,149.38,143.26,145.36,477899
JLL,NYSE,2020/12/15 16:00:00,146.61,150.89,144.84,150.88,493651
JLL,NYSE,2020/12/16 16:00:00,151.5,152.75,148.58,151.2,610886
JLL,NYSE,2020/12/17 16:00:00,151.19,151.29,146.06,147.5,302363
JLL,NYSE,2020/12/18 16:00:00,148.42,149.12,145.38,148.33,986595
JLL,NYSE,2020/12/21 16:00:00,146.05,147.88,144.86,146.65,454550
JLL,NYSE,2020/12/22 16:00:00,147.37,149.11,145.2,149.07,324782
JLL,NYSE,2020/12/23 16:00:00,149.6,153.49,149.6,151.85,351742
JLL,NYSE,2020/12/24 13:00:00,153.07,154.04,151.08,153.76,97378
JLL,NYSE,2020/12/28 16:00:00,155,155.49,151.53,152.81,204181
JLL,NYSE,2020/12/29 16:00:00,153.15,153.86,149.15,150.87,257086
JLL,NYSE,2020/12/30 16:00:00,150.3,152.26,148.77,149.23,199296
JLL,NYSE,2020/12/31 16:00:00,148.95,149.42,146.7,148.37,314912
JLL,NYSE,2021/01/04 16:00:00,149.82,149.82,141.39,142.33,232830
JLL,NYSE,2021/01/05 16:00:00,142.05,145.48,141.88,143.32,372979
JLL,NYSE,2021/01/06 16:00:00,146.06,149.87,144.91,148.22,466058
JLL,NYSE,2021/01/07 16:00:00,149.62,149.63,145.64,147.89,384512
JLL,NYSE,2021/01/08 16:00:00,148.7,151.93,147.62,149.69,275337
JLL,NYSE,2021/01/11 16:00:00,148.49,150.45,148.39,150.2,269041
JLL,NYSE,2021/01/12 16:00:00,150.93,154.47,150.29,152.79,299049
JLL,NYSE,2021/01/13 16:00:00,152.71,154.14,146.93,147.24,394136
JLL,NYSE,2021/01/14 16:00:00,149.24,151.73,148.53,149.07,381084
JLL,NYSE,2021/01/15 16:00:00,148.3,149.82,146.11,148.3,240615
JLL,NYSE,2021/01/19 16:00:00,149.5,151.43,146.26,149.71,237297
JLL,NYSE,2021/01/20 16:00:00,149.42,156.35,148.75,154.11,342665
JLL,NYSE,2021/01/21 16:00:00,152.99,155.46,151.91,154.33,258215
JLL,NYSE,2021/01/22 16:00:00,153.38,161.07,152.73,159.9,330422
JLL,NYSE,2021/01/25 16:00:00,161.18,161.18,154.9,158.65,386931
JLL,NYSE,2021/01/26 16:00:00,159.41,159.71,152.59,152.75,333186
JLL,NYSE,2021/01/27 16:00:00,150.84,155.17,150.19,152.26,651602
JLL,NYSE,2021/01/28 16:00:00,153.27,155.69,152.17,153.79,430541
JLL,NYSE,2021/01/29 16:00:00,153.27,153.27,145.09,146.21,492145
JLL,NYSE,2021/02/01 16:00:00,147.02,151.28,145.82,151.22,577066
JLL,NYSE,2021/02/02 16:00:00,153.52,153.74,150.08,152.38,860132
JLL,NYSE,2021/02/03 16:00:00,151.58,151.76,148.77,150,1354223
JLL,NYSE,2021/02/04 16:00:00,150.97,154.29,149.28,153.27,909060
JLL,NYSE,2021/02/05 16:00:00,154.87,155.4,153.44,154.26,459707
JLL,NYSE,2021/02/08 16:00:00,154.35,156.98,153.82,156.71,475723
JLL,NYSE,2021/02/09 16:00:00,158.1,163.81,152.84,155.82,805457
JLL,NYSE,2021/02/10 16:00:00,155.61,156.7,153.17,154.32,401524
JLL,NYSE,2021/02/11 16:00:00,154.74,159.65,154.16,156.74,429089
JLL,NYSE,2021/02/12 16:00:00,156.57,159.01,154.28,155.72,282196
JLL,NYSE,2021/02/16 16:00:00,156.18,156.61,154.04,154.86,282326
JLL,NYSE,2021/02/17 16:00:00,152.9,154.2,151.41,151.42,199689
JLL,NYSE,2021/02/18 16:00:00,150.57,150.97,148.56,150.59,214615
JLL,NYSE,2021/02/19 16:00:00,152.04,156.92,150.97,156.92,306466
JLL,NYSE,2021/02/22 16:00:00,156.35,167.62,156.04,166.56,557577
JLL,NYSE,2021/02/23 16:00:00,165.72,172.97,165.72,172.06,555252
JLL,NYSE,2021/02/24 16:00:00,172.06,175,171.75,174.38,370326
JLL,NYSE,2021/02/25 16:00:00,174.34,174.65,169.22,171.45,560321
JLL,NYSE,2021/02/26 16:00:00,172.48,175.4,171.38,173.98,690106
JLL,NYSE,2021/03/01 16:00:00,177.21,179.99,176.85,178.92,575449
JLL,NYSE,2021/03/02 16:00:00,180,180.6,177.53,178.25,712232
JLL,NYSE,2021/03/03 16:00:00,179.13,186.18,178.12,181.78,586855
JLL,NYSE,2021/03/04 16:00:00,182.44,183.04,171.8,173.97,514982
JLL,NYSE,2021/03/05 16:00:00,175.29,177.46,169.76,177.18,427297
JLL,NYSE,2021/03/08 16:00:00,177.87,180.27,174.73,177.29,371294
JLL,NYSE,2021/03/09 16:00:00,177.79,177.94,172.03,175.56,320147
JLL,NYSE,2021/03/10 16:00:00,175.21,176.66,173.41,174.09,245245
JLL,NYSE,2021/03/11 16:00:00,175.91,176.19,173.23,175.26,247480
JLL,NYSE,2021/03/12 16:00:00,173.96,176.89,173.32,175.8,250875
JLL,NYSE,2021/03/15 16:00:00,176,180.96,173.63,180.12,273342
JLL,NYSE,2021/03/16 16:00:00,180.54,180.85,175.95,176.29,183578
JLL,NYSE,2021/03/17 16:00:00,175.63,179.63,174.55,179.61,185089
JLL,NYSE,2021/03/18 16:00:00,178.68,182.2,176.69,177.77,198386
JLL,NYSE,2021/03/19 16:00:00,178.43,179.48,173.41,175.02,509354
JLL,NYSE,2021/03/22 16:00:00,174.79,176.76,173.56,175.41,192855
JLL,NYSE,2021/03/23 16:00:00,173.61,175.78,171.35,172.65,390417
JLL,NYSE,2021/03/24 16:00:00,174.68,176.2,170.43,170.67,201056
JLL,NYSE,2021/03/25 16:00:00,169.34,175.91,167.06,175.13,380949
JLL,NYSE,2021/03/26 16:00:00,176.82,181.09,174.74,181.09,311236
JLL,NYSE,2021/03/29 16:00:00,179.44,182.18,176.39,177.75,265063
JLL,NYSE,2021/03/30 16:00:00,177.8,181.29,176.79,179.13,385883
JLL,NYSE,2021/03/31 16:00:00,178.75,182.38,177.2,179.04,329180
JLL,NYSE,2021/04/01 16:00:00,180.66,184.52,179.27,184.52,297708
JLL,NYSE,2021/04/05 16:00:00,185,186.6,183.15,185.82,252747
JLL,NYSE,2021/04/06 16:00:00,184.87,185.43,181.66,182.44,308999
JLL,NYSE,2021/04/07 16:00:00,183.04,183.64,178.82,180.69,213635
JLL,NYSE,2021/04/08 16:00:00,180.08,183.34,177.69,182.22,281252
JLL,NYSE,2021/04/09 16:00:00,181.98,183.52,179.25,183.32,213112
GLOB,NYSE,2019/04/01 16:00:00,71.75,72.04,69.44,69.77,296216
GLOB,NYSE,2019/04/02 16:00:00,69.55,73.12,68.68,72.64,240740
GLOB,NYSE,2019/04/03 16:00:00,73.34,75.23,73.05,74.51,239067
GLOB,NYSE,2019/04/04 16:00:00,74.5,74.79,70.87,72.02,184332
GLOB,NYSE,2019/04/05 16:00:00,72.89,75.96,72.03,74.6,482283
GLOB,NYSE,2019/04/08 16:00:00,74.6,74.83,73.12,73.91,145341
GLOB,NYSE,2019/04/09 16:00:00,73.54,77.63,73.31,76.37,318701
GLOB,NYSE,2019/04/10 16:00:00,77.11,80.5,76.62,78.79,375783
GLOB,NYSE,2019/04/11 16:00:00,78.89,80.41,78.2,79.82,212689
GLOB,NYSE,2019/04/12 16:00:00,80.5,81.8,78.79,81.59,233754
GLOB,NYSE,2019/04/15 16:00:00,81.58,82.33,80.18,80.74,139452
GLOB,NYSE,2019/04/16 16:00:00,81.41,82.93,80.77,80.97,141452
GLOB,NYSE,2019/04/17 16:00:00,81.62,81.83,78.05,78.37,235741
GLOB,NYSE,2019/04/18 16:00:00,78.52,79.78,77.5,78.6,193497
GLOB,NYSE,2019/04/22 16:00:00,78.28,80.39,78.25,80.09,104162
GLOB,NYSE,2019/04/23 16:00:00,80.44,83.75,80.17,83.65,276421
GLOB,NYSE,2019/04/24 16:00:00,83.6,84.19,80.34,82.81,325931
GLOB,NYSE,2019/04/25 16:00:00,83.02,83.02,80.39,80.84,160349
GLOB,NYSE,2019/04/26 16:00:00,80.84,83.16,80.83,83,119769
GLOB,NYSE,2019/04/29 16:00:00,83,83.45,81.49,82.03,117432
GLOB,NYSE,2019/04/30 16:00:00,81.74,84.06,80.6,83.99,172234
GLOB,NYSE,2019/05/01 16:00:00,84.33,85,82.19,82.92,108161
GLOB,NYSE,2019/05/02 16:00:00,82.31,83.85,81.19,82.9,221880
GLOB,NYSE,2019/05/03 16:00:00,83.28,84.64,82.48,84.35,256020
GLOB,NYSE,2019/05/06 16:00:00,82.22,83.42,81,82.79,300131
GLOB,NYSE,2019/05/07 16:00:00,81.85,82.31,79.39,81.07,252050
GLOB,NYSE,2019/05/08 16:00:00,81.49,84.56,80.51,83.19,256133
GLOB,NYSE,2019/05/09 16:00:00,81.56,82.52,79.25,80,379017
GLOB,NYSE,2019/05/10 16:00:00,79.31,85.7,75,85.49,656368
GLOB,NYSE,2019/05/13 16:00:00,83.13,84.94,79.44,79.61,294375
GLOB,NYSE,2019/05/14 16:00:00,80.25,83.05,79.14,81.16,305006
GLOB,NYSE,2019/05/15 16:00:00,80.39,83.54,79.59,83.21,282056
GLOB,NYSE,2019/05/16 16:00:00,83.21,86.97,82.54,86.42,401376
GLOB,NYSE,2019/05/17 16:00:00,85.51,86.38,83.3,84.04,234964
GLOB,NYSE,2019/05/20 16:00:00,84.72,86.14,82.6,84.62,192339
GLOB,NYSE,2019/05/21 16:00:00,85.83,87.88,85.83,87.39,319370
GLOB,NYSE,2019/05/22 16:00:00,87.72,89.71,87.4,89.34,408877
GLOB,NYSE,2019/05/23 16:00:00,88.46,88.85,85.98,88.46,458391
GLOB,NYSE,2019/05/24 16:00:00,88.88,89.93,87.6,89.46,415250
GLOB,NYSE,2019/05/28 16:00:00,89.95,93.5,89.47,92.85,5145475
GLOB,NYSE,2019/05/29 16:00:00,91.75,91.83,88.01,88.35,489151
GLOB,NYSE,2019/05/30 16:00:00,88.36,90.87,88.21,90.77,413136
GLOB,NYSE,2019/05/31 16:00:00,89.63,93.19,89.63,92.84,321990
GLOB,NYSE,2019/06/03 16:00:00,92.72,93.43,85.62,87.44,688470
GLOB,NYSE,2019/06/04 16:00:00,88.64,90.34,87.95,89.88,372128
GLOB,NYSE,2019/06/05 16:00:00,91.1,92.74,90.25,90.76,336450
GLOB,NYSE,2019/06/06 16:00:00,90.91,91.61,89.09,91.49,204457
GLOB,NYSE,2019/06/07 16:00:00,92.06,93.54,92.05,93.17,146809
GLOB,NYSE,2019/06/10 16:00:00,94.38,97.23,94.28,96.12,325711
GLOB,NYSE,2019/06/11 16:00:00,97.1,100.99,95.36,96.05,400229
GLOB,NYSE,2019/06/12 16:00:00,95.76,100.07,95.76,99.6,441068
GLOB,NYSE,2019/06/13 16:00:00,100.26,102.24,97.83,101.27,460933
GLOB,NYSE,2019/06/14 16:00:00,100.86,100.86,98.89,99.5,265182
GLOB,NYSE,2019/06/17 16:00:00,100,101.62,98.67,101.46,296306
GLOB,NYSE,2019/06/18 16:00:00,103.04,104.14,101.43,101.78,385111
GLOB,NYSE,2019/06/19 16:00:00,102.02,102.7,99.89,102.14,194648
GLOB,NYSE,2019/06/20 16:00:00,103.84,104.25,102.53,103.53,318559
GLOB,NYSE,2019/06/21 16:00:00,104.21,105.33,103.01,105.01,747431
GLOB,NYSE,2019/06/24 16:00:00,104.91,104.91,100.69,101.7,363984
GLOB,NYSE,2019/06/25 16:00:00,101.91,102.75,100.65,101,433688
GLOB,NYSE,2019/06/26 16:00:00,101.48,102.52,98.1,98.29,434307
GLOB,NYSE,2019/06/27 16:00:00,98.36,100.55,97.98,99.31,377954
GLOB,NYSE,2019/06/28 16:00:00,99.69,101.13,98.87,101.05,385820
GLOB,NYSE,2019/07/01 16:00:00,103.55,104.99,101.44,102.72,280395
GLOB,NYSE,2019/07/02 16:00:00,102.38,103.95,102.27,103.39,256388
GLOB,NYSE,2019/07/03 13:00:00,103.61,105,103.44,104.27,174945
GLOB,NYSE,2019/07/05 16:00:00,103.47,105.39,102.07,104.59,202787
GLOB,NYSE,2019/07/08 16:00:00,103.9,106.15,103.21,104.57,281914
GLOB,NYSE,2019/07/09 16:00:00,103.62,105.67,101.56,105.5,257853
GLOB,NYSE,2019/07/10 16:00:00,106.19,109.78,106.19,108.97,385037
GLOB,NYSE,2019/07/11 16:00:00,108.89,109.29,107.18,108.56,224169
GLOB,NYSE,2019/07/12 16:00:00,108.25,109.49,107.29,107.77,337409
GLOB,NYSE,2019/07/15 16:00:00,108.2,109.47,107.02,107.65,208920
GLOB,NYSE,2019/07/16 16:00:00,107.61,109.06,105.62,106.96,265698
GLOB,NYSE,2019/07/17 16:00:00,103.5,109.17,103.22,106.67,275086
GLOB,NYSE,2019/07/18 16:00:00,106.12,107,104.69,106.07,219562
GLOB,NYSE,2019/07/19 16:00:00,106.71,107.55,104.54,104.6,202555
GLOB,NYSE,2019/07/22 16:00:00,106,106.95,105.26,105.31,324029
GLOB,NYSE,2019/07/23 16:00:00,106.37,106.76,103.71,104.33,247935
GLOB,NYSE,2019/07/24 16:00:00,104.1,106,104.1,105.68,286122
GLOB,NYSE,2019/07/25 16:00:00,105.81,108.23,104.84,107.96,198308
GLOB,NYSE,2019/07/26 16:00:00,108.09,111.17,108.09,110.73,206219
GLOB,NYSE,2019/07/29 16:00:00,110.79,111.87,108.52,111.22,210274
GLOB,NYSE,2019/07/30 16:00:00,110,110.68,106.88,107,227290
GLOB,NYSE,2019/07/31 16:00:00,107.34,109.38,104.88,106,446257
GLOB,NYSE,2019/08/01 16:00:00,106.6,112.33,106.27,110.2,341193
GLOB,NYSE,2019/08/02 16:00:00,109.8,110.02,103.25,108.17,238853
GLOB,NYSE,2019/08/05 16:00:00,105.75,105.75,101.98,103.38,267624
GLOB,NYSE,2019/08/06 16:00:00,105.36,106.28,103.53,104.92,223111
GLOB,NYSE,2019/08/07 16:00:00,103.44,104.96,101.51,102.89,370986
GLOB,NYSE,2019/08/08 16:00:00,104.48,109.8,104.41,107.27,569520
GLOB,NYSE,2019/08/09 16:00:00,107.38,108.75,105.46,107.35,259787
GLOB,NYSE,2019/08/12 16:00:00,103.44,105,96.08,103.46,644695
GLOB,NYSE,2019/08/13 16:00:00,103,105.94,101.27,105.41,230104
GLOB,NYSE,2019/08/14 16:00:00,103.44,103.73,100.01,100.63,245150
GLOB,NYSE,2019/08/15 16:00:00,100.84,101.87,99.16,101.11,466921
GLOB,NYSE,2019/08/16 16:00:00,94.89,101.7,91.93,98.74,736006
GLOB,NYSE,2019/08/19 16:00:00,99.63,99.94,90.05,91.64,847570
GLOB,NYSE,2019/08/20 16:00:00,91.46,92.33,89.79,89.79,529859
GLOB,NYSE,2019/08/21 16:00:00,91.25,95.08,90.17,93.63,320101
GLOB,NYSE,2019/08/22 16:00:00,93.49,97.61,92.27,96.82,460636
GLOB,NYSE,2019/08/23 16:00:00,97.21,99.57,94.98,95.3,529764
GLOB,NYSE,2019/08/26 16:00:00,96,96.67,94.82,95.68,210528
GLOB,NYSE,2019/08/27 16:00:00,95.9,96.55,92.72,93.7,521327
GLOB,NYSE,2019/08/28 16:00:00,93.68,95.15,92.7,92.89,226995
GLOB,NYSE,2019/08/29 16:00:00,93.99,95.13,92.1,95.04,306416
GLOB,NYSE,2019/08/30 16:00:00,96,96.87,94.66,94.93,228938
GLOB,NYSE,2019/09/03 16:00:00,94.47,94.97,90.99,91.58,297849
GLOB,NYSE,2019/09/04 16:00:00,93,94.47,92.07,94.19,217027
GLOB,NYSE,2019/09/05 16:00:00,94.82,95.3,92.79,94.94,221166
GLOB,NYSE,2019/09/06 16:00:00,95.14,96.15,93.27,93.45,103149
GLOB,NYSE,2019/09/09 16:00:00,93.6,93.6,89.21,90.04,171967
GLOB,NYSE,2019/09/10 16:00:00,86.49,90.93,85.27,87.35,452765
GLOB,NYSE,2019/09/11 16:00:00,86.72,87.73,85.9,87.57,426782
GLOB,NYSE,2019/09/12 16:00:00,88.07,90.91,87.47,87.52,229706
GLOB,NYSE,2019/09/13 16:00:00,87.51,89,86.72,86.9,207214
GLOB,NYSE,2019/09/16 16:00:00,86,89.11,85.54,88.78,243090
GLOB,NYSE,2019/09/17 16:00:00,88.59,91.93,88.53,91.36,230196
GLOB,NYSE,2019/09/18 16:00:00,91.09,93.71,90.5,93.14,334380
GLOB,NYSE,2019/09/19 16:00:00,93.4,94.63,92.65,93.38,254418
GLOB,NYSE,2019/09/20 16:00:00,93.97,95.78,93.02,94.99,492105
GLOB,NYSE,2019/09/23 16:00:00,94.99,95.31,91.3,91.43,219103
GLOB,NYSE,2019/09/24 16:00:00,91.64,92.21,89.82,90.41,244707
GLOB,NYSE,2019/09/25 16:00:00,90.21,91.17,87.7,90.69,174043
GLOB,NYSE,2019/09/26 16:00:00,90.83,93.16,90.49,93.04,206760
GLOB,NYSE,2019/09/27 16:00:00,93.5,94,90.69,91.87,184018
GLOB,NYSE,2019/09/30 16:00:00,92.19,93.52,91.41,91.58,169641
GLOB,NYSE,2019/10/01 16:00:00,91.41,92.4,90.3,92.06,137344
GLOB,NYSE,2019/10/02 16:00:00,91.76,91.82,89.26,90.47,210524
GLOB,NYSE,2019/10/03 16:00:00,90.31,94.01,90.31,93.82,363793
GLOB,NYSE,2019/10/04 16:00:00,94.97,95.65,92.86,94.53,100604
GLOB,NYSE,2019/10/07 16:00:00,94.5,96.81,94.17,96.59,128877
GLOB,NYSE,2019/10/08 16:00:00,95.74,97,92.29,92.61,115893
GLOB,NYSE,2019/10/09 16:00:00,92.75,95.84,92.75,95.52,126593
GLOB,NYSE,2019/10/10 16:00:00,95.1,95.94,94.5,95.9,90205
GLOB,NYSE,2019/10/11 16:00:00,96.59,99.69,96.59,98.89,140571
GLOB,NYSE,2019/10/14 16:00:00,98.89,100.36,98.31,98.63,246775
GLOB,NYSE,2019/10/15 16:00:00,99.1,101.81,99.08,101.59,122368
GLOB,NYSE,2019/10/16 16:00:00,100.58,101.4,98.76,100.24,228133
GLOB,NYSE,2019/10/17 16:00:00,100.12,102.21,98.73,100.02,186157
GLOB,NYSE,2019/10/18 16:00:00,100.01,101.03,96.92,97.78,358654
GLOB,NYSE,2019/10/21 16:00:00,100.93,101.48,95.16,96.39,225124
GLOB,NYSE,2019/10/22 16:00:00,96.87,97.31,90.22,91.13,330009
GLOB,NYSE,2019/10/23 16:00:00,90.52,92.8,88.54,88.89,223854
GLOB,NYSE,2019/10/24 16:00:00,89.91,93.13,89.78,91.3,224275
GLOB,NYSE,2019/10/25 16:00:00,90.99,90.99,88.2,88.49,277716
GLOB,NYSE,2019/10/28 16:00:00,88.34,93.89,88.31,92.04,292546
GLOB,NYSE,2019/10/29 16:00:00,91.73,92.96,89.3,90.82,238957
GLOB,NYSE,2019/10/30 16:00:00,90.91,92.65,90.38,92.63,106003
GLOB,NYSE,2019/10/31 16:00:00,92.45,94.61,92.26,93.26,208631
GLOB,NYSE,2019/11/01 16:00:00,94.55,95.76,93.14,93.72,123770
GLOB,NYSE,2019/11/04 16:00:00,94.29,95.49,92.17,94.24,172165
GLOB,NYSE,2019/11/05 16:00:00,94.68,96.15,93.7,95.92,233339
GLOB,NYSE,2019/11/06 16:00:00,95.62,97.36,95.16,96.65,171464
GLOB,NYSE,2019/11/07 16:00:00,96.83,99.85,96.44,98.79,233269
GLOB,NYSE,2019/11/08 16:00:00,98.36,100.61,96.86,99.11,185474
GLOB,NYSE,2019/11/11 16:00:00,98.8,101.51,98.5,101.04,165207
GLOB,NYSE,2019/11/12 16:00:00,101.26,104.41,101.26,104.01,264203
GLOB,NYSE,2019/11/13 16:00:00,103.35,105.18,102.25,105.09,215755
GLOB,NYSE,2019/11/14 16:00:00,105.2,109.78,104.34,109.26,480488
GLOB,NYSE,2019/11/15 16:00:00,106,109,99.16,99.83,692927
GLOB,NYSE,2019/11/18 16:00:00,99.68,99.68,93.71,94.33,528688
GLOB,NYSE,2019/11/19 16:00:00,94.48,96.7,92.12,95.93,398182
GLOB,NYSE,2019/11/20 16:00:00,95.78,99.62,95.76,99.56,332555
GLOB,NYSE,2019/11/21 16:00:00,99.74,100.37,98,99.99,587409
GLOB,NYSE,2019/11/22 16:00:00,100.38,102.68,98.89,102.07,290812
GLOB,NYSE,2019/11/25 16:00:00,102.71,105.17,102.7,105.1,340624
GLOB,NYSE,2019/11/26 16:00:00,104.99,108.12,104.27,107.83,762636
GLOB,NYSE,2019/11/27 16:00:00,108,108.73,106.32,107.79,343517
GLOB,NYSE,2019/11/29 13:00:00,106.97,107.92,106.33,107,176841
GLOB,NYSE,2019/12/02 16:00:00,106.99,106.99,103.55,103.75,508669
GLOB,NYSE,2019/12/03 16:00:00,101.91,102.56,97.29,98.76,521332
GLOB,NYSE,2019/12/04 16:00:00,99.35,100.62,98.45,100.16,221435
GLOB,NYSE,2019/12/05 16:00:00,99.9,102.81,99.21,101.45,216040
GLOB,NYSE,2019/12/06 16:00:00,102,103.66,101.23,103.34,281958
GLOB,NYSE,2019/12/09 16:00:00,102.65,102.91,101.5,101.84,111019
GLOB,NYSE,2019/12/10 16:00:00,101.54,102.58,100.31,100.51,172866
GLOB,NYSE,2019/12/11 16:00:00,100.22,102.4,100.01,102.27,113844
GLOB,NYSE,2019/12/12 16:00:00,102.07,104.86,101.69,104.24,317132
GLOB,NYSE,2019/12/13 16:00:00,103.46,105.43,103.44,104.97,169600
GLOB,NYSE,2019/12/16 16:00:00,105.37,105.98,103.02,103.59,167552
GLOB,NYSE,2019/12/17 16:00:00,103.55,103.91,100.47,101.17,221886
GLOB,NYSE,2019/12/18 16:00:00,101.24,102.44,99.43,99.7,305727
GLOB,NYSE,2019/12/19 16:00:00,99.79,102.45,99.22,101.23,346379
GLOB,NYSE,2019/12/20 16:00:00,102.03,106.3,101.61,106,374100
GLOB,NYSE,2019/12/23 16:00:00,106,108.7,106,108.53,161760
GLOB,NYSE,2019/12/24 13:00:00,108.39,108.47,107.63,108.15,50948
GLOB,NYSE,2019/12/26 16:00:00,108.05,110.03,107.7,109.58,135870
GLOB,NYSE,2019/12/27 16:00:00,110.07,110.43,107.51,107.94,147681
GLOB,NYSE,2019/12/30 16:00:00,107.19,107.19,104.24,106.1,122381
GLOB,NYSE,2019/12/31 16:00:00,105.73,106.4,104.41,106.05,110028
GLOB,NYSE,2020/01/02 16:00:00,106.37,108.11,106.28,107.74,150420
GLOB,NYSE,2020/01/03 16:00:00,105.78,109.01,105.17,108.58,156178
GLOB,NYSE,2020/01/06 16:00:00,107.41,108.17,105.45,107.64,323610
GLOB,NYSE,2020/01/07 16:00:00,107.18,109.99,105.54,109.18,179922
GLOB,NYSE,2020/01/08 16:00:00,109.36,113.48,108.65,112.86,226297
GLOB,NYSE,2020/01/09 16:00:00,114,115.6,113.06,113.25,175494
GLOB,NYSE,2020/01/10 16:00:00,113.86,114.54,106.8,110.74,379512
GLOB,NYSE,2020/01/13 16:00:00,111.79,113.02,111.32,111.79,174574
GLOB,NYSE,2020/01/14 16:00:00,112.28,114.86,111.28,114.05,190157
GLOB,NYSE,2020/01/15 16:00:00,114.24,118.84,114.24,116.66,299683
GLOB,NYSE,2020/01/16 16:00:00,117.44,118.41,115.46,116.66,177813
GLOB,NYSE,2020/01/17 16:00:00,117.77,119.83,117,119.67,189330
GLOB,NYSE,2020/01/21 16:00:00,119.67,120.64,116.25,116.74,295454
GLOB,NYSE,2020/01/22 16:00:00,116.6,120.93,116.5,120.6,335941
GLOB,NYSE,2020/01/23 16:00:00,119.82,124.62,119.82,123.5,304037
GLOB,NYSE,2020/01/24 16:00:00,124.2,126.79,122.7,124.18,191876
GLOB,NYSE,2020/01/27 16:00:00,121.1,124.37,120.1,123.25,883046
GLOB,NYSE,2020/01/28 16:00:00,124.13,130.75,122.51,130.1,285539
GLOB,NYSE,2020/01/29 16:00:00,131,131,123.79,125.79,365814
GLOB,NYSE,2020/01/30 16:00:00,125.81,128.1,124.99,127.6,280782
GLOB,NYSE,2020/01/31 16:00:00,127.1,127.4,121.89,122.7,284602
GLOB,NYSE,2020/02/03 16:00:00,123.2,124.85,120.02,124.48,219813
GLOB,NYSE,2020/02/04 16:00:00,126.49,128.36,125.56,126.63,204335
GLOB,NYSE,2020/02/05 16:00:00,127.83,128.54,120.1,121.88,299218
GLOB,NYSE,2020/02/06 16:00:00,122.22,127.13,121.63,125,313957
GLOB,NYSE,2020/02/07 16:00:00,124.63,125.08,121.17,121.56,157951
GLOB,NYSE,2020/02/10 16:00:00,121.56,124.99,121.3,123.6,277318
GLOB,NYSE,2020/02/11 16:00:00,125.07,125.07,121.83,122.55,277314
GLOB,NYSE,2020/02/12 16:00:00,123,125.91,120.1,125.47,288963
GLOB,NYSE,2020/02/13 16:00:00,124.44,126.8,123.96,126.08,180412
GLOB,NYSE,2020/02/14 16:00:00,126.25,128.49,126.25,127.98,189550
GLOB,NYSE,2020/02/18 16:00:00,128.63,130.44,126.94,128.61,188867
GLOB,NYSE,2020/02/19 16:00:00,130,130.2,127.94,129.17,266274
GLOB,NYSE,2020/02/20 16:00:00,131.99,134.6,124.28,125.99,461333
GLOB,NYSE,2020/02/21 16:00:00,136.7,141.67,130.3,134.82,823106
GLOB,NYSE,2020/02/24 16:00:00,127.68,127.68,121.11,123.27,632429
GLOB,NYSE,2020/02/25 16:00:00,124.71,124.93,115.84,116,441304
GLOB,NYSE,2020/02/26 16:00:00,115.99,118.55,113.64,114.02,466243
GLOB,NYSE,2020/02/27 16:00:00,112.73,114.66,109.75,109.93,729312
GLOB,NYSE,2020/02/28 16:00:00,105.67,113.01,104.85,113.01,583144
GLOB,NYSE,2020/03/02 16:00:00,115.18,123.81,112.6,123.5,516214
GLOB,NYSE,2020/03/03 16:00:00,124.32,124.32,114.04,114.97,414272
GLOB,NYSE,2020/03/04 16:00:00,118.18,118.91,114.99,118.56,247876
GLOB,NYSE,2020/03/05 16:00:00,115.44,119.51,115.03,117.58,173398
GLOB,NYSE,2020/03/06 16:00:00,113.2,115.75,107.83,110.51,353430
GLOB,NYSE,2020/03/09 16:00:00,104,104,95.19,99.32,616296
GLOB,NYSE,2020/03/10 16:00:00,104.16,106.33,98.98,106.14,390108
GLOB,NYSE,2020/03/11 16:00:00,102.01,104.8,96.68,98.18,367102
GLOB,NYSE,2020/03/12 16:00:00,91.56,94.83,87.18,90.34,405859
GLOB,NYSE,2020/03/13 16:00:00,97.37,101.99,93.64,101.75,393778
GLOB,NYSE,2020/03/16 16:00:00,95.55,98.5,90.07,92.55,576772
GLOB,NYSE,2020/03/17 16:00:00,94.88,101.53,93.07,97.99,544414
GLOB,NYSE,2020/03/18 16:00:00,93.98,94.93,83.92,92.57,612362
GLOB,NYSE,2020/03/19 16:00:00,90.8,94.62,82.5,82.5,571708
GLOB,NYSE,2020/03/20 16:00:00,81.64,85.5,72.34,74.09,837408
GLOB,NYSE,2020/03/23 16:00:00,73.75,80.38,71.94,73.5,551994
GLOB,NYSE,2020/03/24 16:00:00,78.71,86.37,76.02,84.78,519140
GLOB,NYSE,2020/03/25 16:00:00,85.85,90.35,81.64,88.58,396160
GLOB,NYSE,2020/03/26 16:00:00,89.09,91.62,86.81,89.4,524696
GLOB,NYSE,2020/03/27 16:00:00,86.11,88.01,84.2,85.31,296397
GLOB,NYSE,2020/03/30 16:00:00,85.53,90.97,84.7,88.8,294389
GLOB,NYSE,2020/03/31 16:00:00,87.57,90.65,85.83,87.88,250971
GLOB,NYSE,2020/04/01 16:00:00,83.89,85.78,80.46,83.58,516578
GLOB,NYSE,2020/04/02 16:00:00,82.51,84.6,77.8,78.82,869400
GLOB,NYSE,2020/04/03 16:00:00,78.5,79.06,70.83,72.65,570351
GLOB,NYSE,2020/04/06 16:00:00,74.89,89.78,74.89,89.51,688508
GLOB,NYSE,2020/04/07 16:00:00,95,97.79,90.75,94.36,556636
GLOB,NYSE,2020/04/08 16:00:00,96.78,97.95,93.23,97.57,295054
GLOB,NYSE,2020/04/09 16:00:00,98.57,102.73,91.4,92.9,612826
GLOB,NYSE,2020/04/13 16:00:00,94.31,94.31,89.02,93.12,197755
GLOB,NYSE,2020/04/14 16:00:00,96.29,100.98,95.51,100.06,339096
GLOB,NYSE,2020/04/15 16:00:00,96.79,98.37,93.74,97.8,263267
GLOB,NYSE,2020/04/16 16:00:00,98.9,100.63,95.54,100.06,336487
GLOB,NYSE,2020/04/17 16:00:00,103.1,105.61,101.05,103.02,262774
GLOB,NYSE,2020/04/20 16:00:00,102.15,104.98,100.3,102.6,174174
GLOB,NYSE,2020/04/21 16:00:00,100.5,101.5,95.15,97.24,188239
GLOB,NYSE,2020/04/22 16:00:00,100.32,105.44,99.89,104.45,231057
GLOB,NYSE,2020/04/23 16:00:00,103.6,108.18,103.6,106.12,243935
GLOB,NYSE,2020/04/24 16:00:00,106.47,106.47,101.67,105.87,303845
GLOB,NYSE,2020/04/27 16:00:00,105.54,111.05,104.77,111,261803
GLOB,NYSE,2020/04/28 16:00:00,113.28,116.6,109.41,116.01,812572
GLOB,NYSE,2020/04/29 16:00:00,118,122.37,116.62,118,479398
GLOB,NYSE,2020/04/30 16:00:00,117,119.58,114.77,115.67,201523
GLOB,NYSE,2020/05/01 16:00:00,112.61,115.65,110.1,112.19,167461
GLOB,NYSE,2020/05/04 16:00:00,110.19,114.64,108.24,113.95,255339
GLOB,NYSE,2020/05/05 16:00:00,115.66,119.04,114.14,115.94,357202
GLOB,NYSE,2020/05/06 16:00:00,117.22,120.22,117.02,118.39,279306
GLOB,NYSE,2020/05/07 16:00:00,120.08,123.44,118.07,123.09,333804
GLOB,NYSE,2020/05/08 16:00:00,125,126.75,122.55,124.25,383528
GLOB,NYSE,2020/05/11 16:00:00,123.75,125.6,122.6,123.23,253233
GLOB,NYSE,2020/05/12 16:00:00,122.85,124.58,117.24,117.31,248558
GLOB,NYSE,2020/05/13 16:00:00,117.31,118.34,105.41,107.89,585997
GLOB,NYSE,2020/05/14 16:00:00,106.31,111.98,102.05,111.37,603638
GLOB,NYSE,2020/05/15 16:00:00,119.47,124.59,117.39,122.59,716737
GLOB,NYSE,2020/05/18 16:00:00,126.13,131.9,126,130.99,573722
GLOB,NYSE,2020/05/19 16:00:00,130.28,138.99,129.11,134.08,705132
GLOB,NYSE,2020/05/20 16:00:00,135.35,137.78,132.77,137.57,359827
GLOB,NYSE,2020/05/21 16:00:00,137.6,140.4,134.41,135.67,279015
GLOB,NYSE,2020/05/22 16:00:00,137.49,138.17,134.62,137,294908
GLOB,NYSE,2020/05/26 16:00:00,140.11,145.45,140.03,142.11,444569
GLOB,NYSE,2020/05/27 16:00:00,144.04,145.2,138.25,144.81,402680
GLOB,NYSE,2020/05/28 16:00:00,143.94,145.95,142.76,144.04,331951
GLOB,NYSE,2020/05/29 16:00:00,144.61,144.61,137.19,140.21,743865
GLOB,NYSE,2020/06/01 16:00:00,140,147.85,139.58,146.69,515753
GLOB,NYSE,2020/06/02 16:00:00,148.03,148.03,142.55,146.31,389242
GLOB,NYSE,2020/06/03 16:00:00,146.42,152.59,145.04,150.78,350865
GLOB,NYSE,2020/06/04 16:00:00,144.32,148.82,139.69,141.25,656589
GLOB,NYSE,2020/06/05 16:00:00,134.17,140.7,131.61,138.17,1969906
GLOB,NYSE,2020/06/08 16:00:00,138.74,140.79,136.74,140.42,660968
GLOB,NYSE,2020/06/09 16:00:00,139.98,140.39,136.08,136.65,669603
GLOB,NYSE,2020/06/10 16:00:00,137.21,147.12,137.21,143.63,846490
GLOB,NYSE,2020/06/11 16:00:00,137.39,139.92,130.92,132.23,578529
GLOB,NYSE,2020/06/12 16:00:00,136.1,141.41,134.34,141.25,501936
GLOB,NYSE,2020/06/15 16:00:00,137.7,144.15,135.95,143.58,514515
GLOB,NYSE,2020/06/16 16:00:00,147,148.87,142.85,144.57,477118
GLOB,NYSE,2020/06/17 16:00:00,145.08,148.66,143.71,145.18,324565
GLOB,NYSE,2020/06/18 16:00:00,145.15,146.94,143.06,145.49,265100
GLOB,NYSE,2020/06/19 16:00:00,148.07,149,142.18,143.76,573549
GLOB,NYSE,2020/06/22 16:00:00,143.71,146.64,142.54,144.35,388959
GLOB,NYSE,2020/06/23 16:00:00,144.7,152.17,143.57,148.56,417029
GLOB,NYSE,2020/06/24 16:00:00,147.48,150.33,143.66,145.36,348036
GLOB,NYSE,2020/06/25 16:00:00,145.49,149.55,144.04,148.61,573086
GLOB,NYSE,2020/06/26 16:00:00,148.59,149.12,138.68,141.2,2919029
GLOB,NYSE,2020/06/29 16:00:00,141.2,147.08,137.97,146.9,462750
GLOB,NYSE,2020/06/30 16:00:00,147,150.28,145.85,149.85,270663
GLOB,NYSE,2020/07/01 16:00:00,149.42,153.05,147.59,152.49,330414
GLOB,NYSE,2020/07/02 16:00:00,154.99,156.12,152.19,154.04,481051
GLOB,NYSE,2020/07/06 16:00:00,157.22,161.17,155.26,155.62,788650
GLOB,NYSE,2020/07/07 16:00:00,154.95,157.69,154.04,156,312416
GLOB,NYSE,2020/07/08 16:00:00,157.6,161.08,157.12,160.74,421986
GLOB,NYSE,2020/07/09 16:00:00,161.68,167.01,157.97,166.09,536462
GLOB,NYSE,2020/07/10 16:00:00,166.17,166.29,161.66,164.95,206735
GLOB,NYSE,2020/07/13 16:00:00,167.52,168.3,154.89,155.25,386993
GLOB,NYSE,2020/07/14 16:00:00,153.45,157.37,148.74,156.83,473568
GLOB,NYSE,2020/07/15 16:00:00,158.64,159.93,155.81,158.45,398673
GLOB,NYSE,2020/07/16 16:00:00,156.77,160,155.56,158.88,225829
GLOB,NYSE,2020/07/17 16:00:00,160.37,163.39,157.17,162.6,202916
GLOB,NYSE,2020/07/20 16:00:00,163.17,170.52,163.17,169.98,238360
GLOB,NYSE,2020/07/21 16:00:00,171.01,171.01,166.03,167.36,196959
GLOB,NYSE,2020/07/22 16:00:00,167.65,170.45,167.33,170.17,185925
GLOB,NYSE,2020/07/23 16:00:00,169.62,173.64,164.47,166.18,242206
GLOB,NYSE,2020/07/24 16:00:00,163.98,166.77,158.69,164.69,293305
GLOB,NYSE,2020/07/27 16:00:00,165.23,173.29,165.23,170.19,215032
GLOB,NYSE,2020/07/28 16:00:00,169,170.42,165.55,165.72,170791
GLOB,NYSE,2020/07/29 16:00:00,167.95,178.05,166.97,176.68,331395
GLOB,NYSE,2020/07/30 16:00:00,173.46,174.29,168.16,173.45,322268
GLOB,NYSE,2020/07/31 16:00:00,175.77,178.74,169.47,172.94,188217
GLOB,NYSE,2020/08/03 16:00:00,176.06,180.55,174.01,179.87,231567
GLOB,NYSE,2020/08/04 16:00:00,180,181.94,175.74,180.85,269079
GLOB,NYSE,2020/08/05 16:00:00,180.85,185.76,180.02,184.08,266250
GLOB,NYSE,2020/08/06 16:00:00,182.93,185.57,180.49,184.14,234963
GLOB,NYSE,2020/08/07 16:00:00,184,184.52,177.25,178.88,275396
GLOB,NYSE,2020/08/10 16:00:00,179.22,179.56,171.29,175.78,343979
GLOB,NYSE,2020/08/11 16:00:00,174.49,175.78,171.2,172.58,194999
GLOB,NYSE,2020/08/12 16:00:00,173.52,177.18,172.34,174.34,241818
GLOB,NYSE,2020/08/13 16:00:00,176.08,184.42,176.08,180.72,337437
GLOB,NYSE,2020/08/14 16:00:00,183.57,183.57,172.02,174.87,343996
GLOB,NYSE,2020/08/17 16:00:00,177.17,179.36,175.78,177.02,167031
GLOB,NYSE,2020/08/18 16:00:00,178.07,178.19,174.14,175.59,167068
GLOB,NYSE,2020/08/19 16:00:00,176,176,171.2,172.03,347968
GLOB,NYSE,2020/08/20 16:00:00,171.11,177.87,171.11,175.8,205544
GLOB,NYSE,2020/08/21 16:00:00,176.01,177.58,172.03,173.79,182699
GLOB,NYSE,2020/08/24 16:00:00,176.32,177.47,173.13,173.68,158629
GLOB,NYSE,2020/08/25 16:00:00,173.42,177.07,173.04,175.75,182104
GLOB,NYSE,2020/08/26 16:00:00,177.57,180.77,176.49,178.92,186919
GLOB,NYSE,2020/08/27 16:00:00,179.72,179.72,174.48,177,201768
GLOB,NYSE,2020/08/28 16:00:00,178.81,179.4,174.97,176.25,203067
GLOB,NYSE,2020/08/31 16:00:00,177.03,179.69,176.27,177.58,284771
GLOB,NYSE,2020/09/01 16:00:00,179.24,185.96,178.67,184.72,350458
GLOB,NYSE,2020/09/02 16:00:00,187.5,189.34,182,188.57,285048
GLOB,NYSE,2020/09/03 16:00:00,184.58,185.14,171.08,171.66,401928
GLOB,NYSE,2020/09/04 16:00:00,171.34,172.64,157.03,170,449595
GLOB,NYSE,2020/09/08 16:00:00,161.57,170.39,161.07,165.67,174558
GLOB,NYSE,2020/09/09 16:00:00,170.45,175.69,165.77,173.63,287927
GLOB,NYSE,2020/09/10 16:00:00,175.92,179.54,172.61,173.64,256444
GLOB,NYSE,2020/09/11 16:00:00,175.76,175.76,169.79,172.66,207137
GLOB,NYSE,2020/09/14 16:00:00,175.89,179.4,173.26,173.74,221149
GLOB,NYSE,2020/09/15 16:00:00,176.73,178.41,173.8,176.75,150159
GLOB,NYSE,2020/09/16 16:00:00,177.25,179.25,176.67,178.03,249897
GLOB,NYSE,2020/09/17 16:00:00,173.4,175.94,171.31,174.84,245477
GLOB,NYSE,2020/09/18 16:00:00,176.29,180.51,174.16,177.9,349907
GLOB,NYSE,2020/09/21 16:00:00,176.55,180.72,173.35,180.5,160883
GLOB,NYSE,2020/09/22 16:00:00,181.6,181.6,174.2,179.1,261202
GLOB,NYSE,2020/09/23 16:00:00,178.44,179.25,173.04,173.78,167914
GLOB,NYSE,2020/09/24 16:00:00,170.95,172.71,165.5,171.62,209402
GLOB,NYSE,2020/09/25 16:00:00,170.44,176.09,170.03,174.32,155630
GLOB,NYSE,2020/09/28 16:00:00,178.41,181.55,177,181.02,144542
GLOB,NYSE,2020/09/29 16:00:00,181.82,182.98,177.4,178.77,128151
GLOB,NYSE,2020/09/30 16:00:00,180.48,184.55,178.45,179.22,211117
GLOB,NYSE,2020/10/01 16:00:00,182.27,184.69,180.44,184.44,186139
GLOB,NYSE,2020/10/02 16:00:00,179.56,184.65,179,182.68,170853
GLOB,NYSE,2020/10/05 16:00:00,185,193.59,184.14,191.26,424928
GLOB,NYSE,2020/10/06 16:00:00,193,193.47,188.09,189.67,248426
GLOB,NYSE,2020/10/07 16:00:00,191.75,195.76,187.26,194.86,151229
GLOB,NYSE,2020/10/08 16:00:00,195.82,197.5,190.17,191.21,150304
GLOB,NYSE,2020/10/09 16:00:00,193,195.91,193,195.82,101609
GLOB,NYSE,2020/10/12 16:00:00,199.46,199.46,195.47,197.12,94776
GLOB,NYSE,2020/10/13 16:00:00,196.7,200.8,194.24,199.38,94435
GLOB,NYSE,2020/10/14 16:00:00,201.03,201.03,196.59,197.83,125351
GLOB,NYSE,2020/10/15 16:00:00,193.39,199.66,192.72,198.85,130844
GLOB,NYSE,2020/10/16 16:00:00,199.31,201.44,197.2,199.09,69381
GLOB,NYSE,2020/10/19 16:00:00,200,201.15,195.26,195.93,137574
GLOB,NYSE,2020/10/20 16:00:00,197.03,197.87,194.51,194.96,105852
GLOB,NYSE,2020/10/21 16:00:00,195.23,198.24,192.26,193.91,155078
GLOB,NYSE,2020/10/22 16:00:00,194,194.37,187.72,192,162678
GLOB,NYSE,2020/10/23 16:00:00,192,198.07,190.54,197.07,149687
GLOB,NYSE,2020/10/26 16:00:00,194.55,197.51,186.88,187.04,179360
GLOB,NYSE,2020/10/27 16:00:00,188.53,191.68,184.92,186.28,163977
GLOB,NYSE,2020/10/28 16:00:00,182.51,183.16,178.17,179.59,176865
GLOB,NYSE,2020/10/29 16:00:00,179.66,181.9,175.53,180.5,121248
GLOB,NYSE,2020/10/30 16:00:00,179.13,181.99,176.67,180.61,201006
GLOB,NYSE,2020/11/02 16:00:00,182.89,186.94,177.19,179.37,249801
GLOB,NYSE,2020/11/03 16:00:00,181.49,184.83,178.6,181.14,127424
GLOB,NYSE,2020/11/04 16:00:00,185.55,194.54,185.55,192.2,200612
GLOB,NYSE,2020/11/05 16:00:00,198.39,209.67,197.95,208.88,294074
GLOB,NYSE,2020/11/06 16:00:00,207.34,209.73,202.91,209.15,127360
GLOB,NYSE,2020/11/09 16:00:00,210,210.88,201.59,202.29,296287
GLOB,NYSE,2020/11/10 16:00:00,199.91,199.91,184.84,190.24,342345
GLOB,NYSE,2020/11/11 16:00:00,193,195.77,184.75,186.73,370685
GLOB,NYSE,2020/11/12 16:00:00,185.37,188.12,183.48,184.77,357094
GLOB,NYSE,2020/11/13 16:00:00,186.15,194.48,186.15,187.48,299921
GLOB,NYSE,2020/11/16 16:00:00,188,188.2,183.45,185.33,212630
GLOB,NYSE,2020/11/17 16:00:00,186,187.62,181.68,182.91,349039
GLOB,NYSE,2020/11/18 16:00:00,184.71,185.5,180.29,181.91,172878
GLOB,NYSE,2020/11/19 16:00:00,182.19,189.44,180.05,187.63,159537
GLOB,NYSE,2020/11/20 16:00:00,187.95,191.26,185,188.39,182438
GLOB,NYSE,2020/11/23 16:00:00,190.35,192.77,186.32,189.14,109015
GLOB,NYSE,2020/11/24 16:00:00,188.74,190.32,180.88,181.31,174860
GLOB,NYSE,2020/11/25 16:00:00,182.4,183.98,176.2,178.74,209779
GLOB,NYSE,2020/11/27 13:00:00,181.42,187.88,178.86,187.48,133416
GLOB,NYSE,2020/11/30 16:00:00,186.82,188.99,179.22,188.68,458404
GLOB,NYSE,2020/12/01 16:00:00,190.01,191.69,185.06,189.53,179702
GLOB,NYSE,2020/12/02 16:00:00,188.21,188.21,182.13,185.22,275128
GLOB,NYSE,2020/12/03 16:00:00,184.62,189.19,182.89,183.67,208015
GLOB,NYSE,2020/12/04 16:00:00,182.43,183.69,178.45,182.53,248924
GLOB,NYSE,2020/12/07 16:00:00,182.5,183.62,173.41,176.4,330724
GLOB,NYSE,2020/12/08 16:00:00,177.06,181.71,175.42,181.49,234443
GLOB,NYSE,2020/12/09 16:00:00,180.46,181.97,175.74,177,185296
GLOB,NYSE,2020/12/10 16:00:00,176.04,179.79,173.34,178.23,150757
GLOB,NYSE,2020/12/11 16:00:00,177.94,180.92,176.94,180.6,146241
GLOB,NYSE,2020/12/14 16:00:00,181.83,190.8,181.71,189.54,303439
GLOB,NYSE,2020/12/15 16:00:00,192.11,195.82,190.62,194.83,211590
GLOB,NYSE,2020/12/16 16:00:00,195.92,199.26,193.1,199.03,190611
GLOB,NYSE,2020/12/17 16:00:00,201.57,210.42,200,207.78,303307
GLOB,NYSE,2020/12/18 16:00:00,209.15,213.47,206.88,213.35,409944
GLOB,NYSE,2020/12/21 16:00:00,210,217.89,206.49,216.49,286368
GLOB,NYSE,2020/12/22 16:00:00,216.5,223.26,213.99,222.7,204283
GLOB,NYSE,2020/12/23 16:00:00,222.66,223.07,215.66,221.43,175393
GLOB,NYSE,2020/12/24 13:00:00,222.46,222.46,216.28,218.67,51830
GLOB,NYSE,2020/12/28 16:00:00,221.81,222.03,213.05,216.8,117040
GLOB,NYSE,2020/12/29 16:00:00,217.96,220.11,213.28,214.86,117349
GLOB,NYSE,2020/12/30 16:00:00,216.44,220.95,216.23,217.88,138109
GLOB,NYSE,2020/12/31 16:00:00,218.59,219.22,214.96,217.61,89829
GLOB,NYSE,2021/01/04 16:00:00,219.86,219.86,206.8,210.32,174953
GLOB,NYSE,2021/01/05 16:00:00,210.08,216.31,208.89,214.93,158244
GLOB,NYSE,2021/01/06 16:00:00,211.84,214.36,202.52,203.47,229412
GLOB,NYSE,2021/01/07 16:00:00,204.69,218.37,204.69,217.76,205257
GLOB,NYSE,2021/01/08 16:00:00,217.54,230.47,217.54,230,237901
GLOB,NYSE,2021/01/11 16:00:00,223,228.68,220.17,222.14,231839
GLOB,NYSE,2021/01/12 16:00:00,220.51,220.89,216.32,217.6,120483
GLOB,NYSE,2021/01/13 16:00:00,218.44,219.55,212.29,212.67,126350
GLOB,NYSE,2021/01/14 16:00:00,209.61,212.74,207.77,209.44,348802
GLOB,NYSE,2021/01/15 16:00:00,209.25,212.67,207.31,208.82,123059
GLOB,NYSE,2021/01/19 16:00:00,212.62,214.84,210.39,212.99,246683
GLOB,NYSE,2021/01/20 16:00:00,214.97,215.8,209.99,210.2,151675
GLOB,NYSE,2021/01/21 16:00:00,212.34,212.34,206.62,207.03,206789
GLOB,NYSE,2021/01/22 16:00:00,207.03,207.76,201.86,207.12,222170
GLOB,NYSE,2021/01/25 16:00:00,211.25,214.49,198.81,207.34,306299
GLOB,NYSE,2021/01/26 16:00:00,208.05,208.11,199,200.22,170091
GLOB,NYSE,2021/01/27 16:00:00,198,200.3,188.67,194.7,189437
GLOB,NYSE,2021/01/28 16:00:00,197,202.44,190.8,200.42,135663
GLOB,NYSE,2021/01/29 16:00:00,200,200.99,191.14,192,226087
GLOB,NYSE,2021/02/01 16:00:00,195,203.07,195,199.58,193524
GLOB,NYSE,2021/02/02 16:00:00,201.96,208.55,201.31,207.01,124935
GLOB,NYSE,2021/02/03 16:00:00,208.56,210.12,204.79,207.79,178667
GLOB,NYSE,2021/02/04 16:00:00,209.72,211.76,207.15,211.5,75252
GLOB,NYSE,2021/02/05 16:00:00,212.49,215.74,212.2,215.51,96412
GLOB,NYSE,2021/02/08 16:00:00,215.6,219.26,215.42,218.34,115894
GLOB,NYSE,2021/02/09 16:00:00,217.35,223.22,216.33,222.66,165517
GLOB,NYSE,2021/02/10 16:00:00,224.97,224.99,218.38,220.16,119288
GLOB,NYSE,2021/02/11 16:00:00,222.5,225.64,220.67,222.7,167385
GLOB,NYSE,2021/02/12 16:00:00,223.17,226.97,221.72,224.1,190533
GLOB,NYSE,2021/02/16 16:00:00,225,227.67,222.48,223.83,175763
GLOB,NYSE,2021/02/17 16:00:00,219.77,220.73,213.44,218.91,138844
GLOB,NYSE,2021/02/18 16:00:00,214.91,219.78,214.06,219.42,179860
GLOB,NYSE,2021/02/19 16:00:00,226.08,244.72,222,229.66,441884
GLOB,NYSE,2021/02/22 16:00:00,224.57,224.57,210.9,214.64,360531
GLOB,NYSE,2021/02/23 16:00:00,206.64,213.21,198.43,213.01,266026
GLOB,NYSE,2021/02/24 16:00:00,209.26,222.84,207.3,222.57,241393
GLOB,NYSE,2021/02/25 16:00:00,220.01,222.3,213.5,213.75,370531
GLOB,NYSE,2021/02/26 16:00:00,214.92,216.91,208.8,214.72,231970
GLOB,NYSE,2021/03/01 16:00:00,220.01,234.97,219.99,232.11,240342
GLOB,NYSE,2021/03/02 16:00:00,232.96,235.69,228.53,231.35,269897
GLOB,NYSE,2021/03/03 16:00:00,230.2,232,215.77,219.33,149637
GLOB,NYSE,2021/03/04 16:00:00,215.41,219.18,203.04,208.55,284077
GLOB,NYSE,2021/03/05 16:00:00,212.53,212.53,193.13,200.61,376064
GLOB,NYSE,2021/03/08 16:00:00,199.92,201.02,191.92,192.38,320748
GLOB,NYSE,2021/03/09 16:00:00,200.01,213.62,199.87,206.77,242817
GLOB,NYSE,2021/03/10 16:00:00,212.29,213.52,203.33,204.24,194721
GLOB,NYSE,2021/03/11 16:00:00,210.16,218.93,209.53,218.21,102862
GLOB,NYSE,2021/03/12 16:00:00,215.01,216.85,209.45,210.84,110222
GLOB,NYSE,2021/03/15 16:00:00,210.53,214.32,207.77,213.58,149185
GLOB,NYSE,2021/03/16 16:00:00,216.94,223.49,216.87,221.57,202188
GLOB,NYSE,2021/03/17 16:00:00,218.12,220.57,213.46,218.75,185129
GLOB,NYSE,2021/03/18 16:00:00,214.34,215.69,207.35,207.78,151291
GLOB,NYSE,2021/03/19 16:00:00,208.89,216.63,205.63,213.27,175095
GLOB,NYSE,2021/03/22 16:00:00,214.08,218.85,211.24,215.99,86754
GLOB,NYSE,2021/03/23 16:00:00,214.89,216.98,212.25,215.03,122749
GLOB,NYSE,2021/03/24 16:00:00,217.6,217.6,208.54,208.98,138744
GLOB,NYSE,2021/03/25 16:00:00,205.21,205.21,198.02,202.72,181521
GLOB,NYSE,2021/03/26 16:00:00,202.61,210,201.6,209,194904
GLOB,NYSE,2021/03/29 16:00:00,208.45,208.45,192.59,194.73,368207
GLOB,NYSE,2021/03/30 16:00:00,193.76,201.33,193.76,199.12,179477
GLOB,NYSE,2021/03/31 16:00:00,202.25,210,201.63,207.61,168040
GLOB,NYSE,2021/04/01 16:00:00,211.93,214.07,206.19,210.07,124865
GLOB,NYSE,2021/04/05 16:00:00,211.57,214.6,208.57,213.48,116745
GLOB,NYSE,2021/04/06 16:00:00,212.95,219.65,208.52,217.52,262902
GLOB,NYSE,2021/04/07 16:00:00,216.58,216.58,207.58,211.29,215034
GLOB,NYSE,2021/04/08 16:00:00,214.59,220.69,212.44,220.69,158392
GLOB,NYSE,2021/04/09 16:00:00,217.46,221.78,214.2,221.02,123157
ST,NYSE,2019/04/01 16:00:00,45.7,46.96,45.57,46.93,2033009
ST,NYSE,2019/04/02 16:00:00,46.86,47.53,46.86,47.5,1226037
ST,NYSE,2019/04/03 16:00:00,47.5,48.7,47.5,48.59,1380340
ST,NYSE,2019/04/04 16:00:00,48.54,48.82,47.97,48.19,1308236
ST,NYSE,2019/04/05 16:00:00,48.42,48.58,48.02,48.33,953023
ST,NYSE,2019/04/08 16:00:00,48.17,48.73,47.79,48.72,493816
ST,NYSE,2019/04/09 16:00:00,48.4,48.52,47.54,47.57,480184
ST,NYSE,2019/04/10 16:00:00,47.67,48.26,47.39,48.19,439323
ST,NYSE,2019/04/11 16:00:00,48.3,48.59,47.99,48.54,399264
ST,NYSE,2019/04/12 16:00:00,48.86,49.47,48.56,48.65,451624
ST,NYSE,2019/04/15 16:00:00,48.62,49.23,48.53,49.11,713286
ST,NYSE,2019/04/16 16:00:00,49.27,50.29,49.16,50.11,826723
ST,NYSE,2019/04/17 16:00:00,50.68,50.75,50.09,50.5,732176
ST,NYSE,2019/04/18 16:00:00,50.77,51.5,50.55,51.25,869873
ST,NYSE,2019/04/22 16:00:00,50.29,50.8,49.81,50.56,529109
ST,NYSE,2019/04/23 16:00:00,50.55,51.43,50.44,51.09,400664
ST,NYSE,2019/04/24 16:00:00,51.24,51.73,51.03,51.09,701437
ST,NYSE,2019/04/25 16:00:00,50.78,50.78,49.84,50.38,736560
ST,NYSE,2019/04/26 16:00:00,50.19,50.5,49.85,50.09,511206
ST,NYSE,2019/04/29 16:00:00,50.16,50.49,49.95,50.07,530208
ST,NYSE,2019/04/30 16:00:00,49.94,50.09,49.23,49.94,2224457
ST,NYSE,2019/05/01 16:00:00,50,51.02,49.17,49.99,1280420
ST,NYSE,2019/05/02 16:00:00,49.9,51.08,49.8,50.76,866455
ST,NYSE,2019/05/03 16:00:00,50.96,51.85,50.81,51.79,812175
ST,NYSE,2019/05/06 16:00:00,50.5,51,49.8,50.6,622105
ST,NYSE,2019/05/07 16:00:00,49.82,50.13,49.17,49.45,752603
ST,NYSE,2019/05/08 16:00:00,49.28,49.73,48.9,48.98,452980
ST,NYSE,2019/05/09 16:00:00,48.38,49.01,47.85,48.69,543383
ST,NYSE,2019/05/10 16:00:00,48.46,49.01,47.73,48.87,298290
ST,NYSE,2019/05/13 16:00:00,47.6,47.8,45.39,45.56,1529174
ST,NYSE,2019/05/14 16:00:00,45.82,46.27,45.66,46.03,751034
ST,NYSE,2019/05/15 16:00:00,45.64,46.69,45.59,46.55,602167
ST,NYSE,2019/05/16 16:00:00,46.75,47,46.58,46.82,597631
ST,NYSE,2019/05/17 16:00:00,46.37,46.65,45.89,45.92,295641
ST,NYSE,2019/05/20 16:00:00,45.43,45.82,44.85,45.01,418680
ST,NYSE,2019/05/21 16:00:00,45.12,45.78,44.96,45.57,590302
ST,NYSE,2019/05/22 16:00:00,45.23,45.5,44.9,44.92,739324
ST,NYSE,2019/05/23 16:00:00,44.26,44.63,43.81,44.32,648353
ST,NYSE,2019/05/24 16:00:00,44.71,45.1,43.86,44.16,400368
ST,NYSE,2019/05/28 16:00:00,44.11,44.48,43.7,43.73,569165
ST,NYSE,2019/05/29 16:00:00,43.38,43.61,42.95,43.26,800800
ST,NYSE,2019/05/30 16:00:00,43.51,43.89,43.33,43.84,561321
ST,NYSE,2019/05/31 16:00:00,43.07,43.22,42.6,42.69,603411
ST,NYSE,2019/06/03 16:00:00,42.69,43.67,42.5,43.64,1083716
ST,NYSE,2019/06/04 16:00:00,44.26,45.47,44.15,45.45,749350
ST,NYSE,2019/06/05 16:00:00,45.75,45.75,44.9,45.35,521656
ST,NYSE,2019/06/06 16:00:00,45.35,45.61,45.13,45.34,551930
ST,NYSE,2019/06/07 16:00:00,45.69,46.01,45.47,45.79,389804
ST,NYSE,2019/06/10 16:00:00,46.01,47.19,46.01,46.81,570497
ST,NYSE,2019/06/11 16:00:00,47.39,47.55,46.77,46.9,567244
ST,NYSE,2019/06/12 16:00:00,46.95,47.12,46.43,46.5,734808
ST,NYSE,2019/06/13 16:00:00,46.62,47.16,46.52,47.14,601247
ST,NYSE,2019/06/14 16:00:00,46.81,46.81,45.64,45.84,706374
ST,NYSE,2019/06/17 16:00:00,45.02,45.91,44.32,45.53,589703
ST,NYSE,2019/06/18 16:00:00,45.89,47.2,45.88,46.7,1545113
ST,NYSE,2019/06/19 16:00:00,47.07,47.43,47.03,47.33,401918
ST,NYSE,2019/06/20 16:00:00,48.17,48.52,47.86,48.44,429295
ST,NYSE,2019/06/21 16:00:00,48.15,48.5,47.93,48.2,727010
ST,NYSE,2019/06/24 16:00:00,48.32,48.36,47.64,47.73,422919
ST,NYSE,2019/06/25 16:00:00,47.89,48.44,47.79,47.88,603952
ST,NYSE,2019/06/26 16:00:00,48.12,48.88,47.91,47.96,724847
ST,NYSE,2019/06/27 16:00:00,48.26,49.53,47.86,48.61,1211529
ST,NYSE,2019/06/28 16:00:00,48.81,49.46,48.68,49,1646936
ST,NYSE,2019/07/01 16:00:00,49.71,50.01,48.83,48.9,900746
ST,NYSE,2019/07/02 16:00:00,48.9,48.9,48.24,48.35,634543
ST,NYSE,2019/07/03 13:00:00,48.63,48.65,48.21,48.25,256383
ST,NYSE,2019/07/05 16:00:00,47.84,48.2,47.46,48,451893
ST,NYSE,2019/07/08 16:00:00,47.73,47.95,47.35,47.5,383973
ST,NYSE,2019/07/09 16:00:00,47.12,47.38,46.81,46.96,878669
ST,NYSE,2019/07/10 16:00:00,47.23,47.32,46.55,46.75,608723
ST,NYSE,2019/07/11 16:00:00,46.86,47.05,46.21,46.38,826235
ST,NYSE,2019/07/12 16:00:00,46.4,47.46,46.4,47.24,914551
ST,NYSE,2019/07/15 16:00:00,47.29,47.48,46.72,47.25,731572
ST,NYSE,2019/07/16 16:00:00,46.55,47.46,46.55,47.4,1151322
ST,NYSE,2019/07/17 16:00:00,47.31,47.47,46.7,46.78,907531
ST,NYSE,2019/07/18 16:00:00,46.7,46.94,46.33,46.5,495689
ST,NYSE,2019/07/19 16:00:00,46.7,47.27,46.44,46.45,445551
ST,NYSE,2019/07/22 16:00:00,46.39,47.02,46.11,46.16,466931
ST,NYSE,2019/07/23 16:00:00,46.42,47.96,46.42,47.96,739509
ST,NYSE,2019/07/24 16:00:00,47.84,48.86,47.68,48.73,766328
ST,NYSE,2019/07/25 16:00:00,48.51,49,47.96,48.35,745701
ST,NYSE,2019/07/26 16:00:00,48.13,49.03,47.88,48.81,1160687
ST,NYSE,2019/07/29 16:00:00,48.77,48.86,48.38,48.59,750714
ST,NYSE,2019/07/30 16:00:00,46.8,48.53,45.5,47.4,1995567
ST,NYSE,2019/07/31 16:00:00,47.4,48.29,46.87,47.43,1342762
ST,NYSE,2019/08/01 16:00:00,47.36,47.59,45.76,46.3,1089783
ST,NYSE,2019/08/02 16:00:00,46,46.17,44.9,46.03,803211
ST,NYSE,2019/08/05 16:00:00,45,45.69,44.78,45.35,947455
ST,NYSE,2019/08/06 16:00:00,45.64,46.67,45.43,45.58,1373134
ST,NYSE,2019/08/07 16:00:00,45,45.94,45,45.86,754782
ST,NYSE,2019/08/08 16:00:00,46.09,46.76,45.93,46.18,1098873
ST,NYSE,2019/08/09 16:00:00,45.8,46.28,45.46,45.74,843970
ST,NYSE,2019/08/12 16:00:00,45.41,45.58,44.74,44.81,711301
ST,NYSE,2019/08/13 16:00:00,44.88,46.05,44.63,45.12,949723
ST,NYSE,2019/08/14 16:00:00,44.37,44.4,43.58,43.77,852797
ST,NYSE,2019/08/15 16:00:00,43.84,43.89,43.25,43.57,893702
ST,NYSE,2019/08/16 16:00:00,43.83,44.53,43.83,44.34,533273
ST,NYSE,2019/08/19 16:00:00,45.06,45.06,44.53,44.64,1088514
ST,NYSE,2019/08/20 16:00:00,44.61,44.84,44.26,44.55,610371
ST,NYSE,2019/08/21 16:00:00,44.97,45.14,44.57,44.79,469624
ST,NYSE,2019/08/22 16:00:00,44.96,45.15,44.64,44.76,388905
ST,NYSE,2019/08/23 16:00:00,44.4,44.53,43.43,43.51,560368
ST,NYSE,2019/08/26 16:00:00,43.87,44.11,43.28,43.45,296801
ST,NYSE,2019/08/27 16:00:00,43.58,43.96,43.27,43.41,597149
ST,NYSE,2019/08/28 16:00:00,43.16,44.06,43,43.66,520103
ST,NYSE,2019/08/29 16:00:00,44.27,45.39,44.27,45.26,572429
ST,NYSE,2019/08/30 16:00:00,45.6,45.94,45.41,45.58,557395
ST,NYSE,2019/09/03 16:00:00,45.33,45.45,44.76,45.41,502043
ST,NYSE,2019/09/04 16:00:00,45.87,46.23,45.7,45.94,638950
ST,NYSE,2019/09/05 16:00:00,46.52,47.59,46.28,47.37,489162
ST,NYSE,2019/09/06 16:00:00,47.56,48.19,47.47,47.98,587936
ST,NYSE,2019/09/09 16:00:00,48.15,48.97,48.02,48.86,910564
ST,NYSE,2019/09/10 16:00:00,48.74,49.37,48.69,49.3,768058
ST,NYSE,2019/09/11 16:00:00,49.41,50.49,48.86,50.46,539862
ST,NYSE,2019/09/12 16:00:00,50.54,51.07,50,50.91,547273
ST,NYSE,2019/09/13 16:00:00,51.16,52.33,51.07,52.14,1221785
ST,NYSE,2019/09/16 16:00:00,51.87,52.29,51.58,51.71,499109
ST,NYSE,2019/09/17 16:00:00,51.5,51.75,50.75,51.71,490820
ST,NYSE,2019/09/18 16:00:00,51.38,51.5,50.95,51.39,622632
ST,NYSE,2019/09/19 16:00:00,51.45,51.84,51.3,51.3,563654
ST,NYSE,2019/09/20 16:00:00,51.26,51.43,50.34,50.42,1094944
ST,NYSE,2019/09/23 16:00:00,50.12,50.87,50.03,50.63,871898
ST,NYSE,2019/09/24 16:00:00,50.58,50.84,49.06,49.54,985939
ST,NYSE,2019/09/25 16:00:00,49.48,50.09,48.96,49.97,712524
ST,NYSE,2019/09/26 16:00:00,49.93,50.1,49.21,49.4,723593
ST,NYSE,2019/09/27 16:00:00,49.75,49.91,49.22,49.4,670827
ST,NYSE,2019/09/30 16:00:00,49.63,50.35,49.42,50.06,790288
ST,NYSE,2019/10/01 16:00:00,50.46,51.44,49.51,49.67,780149
ST,NYSE,2019/10/02 16:00:00,48.92,49.03,47.01,47.17,676255
ST,NYSE,2019/10/03 16:00:00,46.96,48.02,46.59,48.02,665517
ST,NYSE,2019/10/04 16:00:00,48.02,48.48,47.96,48.46,421354
ST,NYSE,2019/10/07 16:00:00,48.23,48.52,47.73,47.76,575661
ST,NYSE,2019/10/08 16:00:00,47.35,47.36,45.74,46.29,772616
ST,NYSE,2019/10/09 16:00:00,46.75,47.17,46.59,46.77,548898
ST,NYSE,2019/10/10 16:00:00,46.79,47.55,46.76,46.96,571262
ST,NYSE,2019/10/11 16:00:00,47.89,49.2,47.74,48.51,608898
ST,NYSE,2019/10/14 16:00:00,48.37,49.1,48.18,48.82,313821
ST,NYSE,2019/10/15 16:00:00,48.98,49.69,48.66,49.28,436266
ST,NYSE,2019/10/16 16:00:00,49.06,49.69,48.57,49.55,682961
ST,NYSE,2019/10/17 16:00:00,49.95,50.19,49.61,50.12,775258
ST,NYSE,2019/10/18 16:00:00,50.06,50.7,50.04,50.45,478076
ST,NYSE,2019/10/21 16:00:00,50.87,51.13,50.36,50.98,500177
ST,NYSE,2019/10/22 16:00:00,50.79,51.32,50.57,50.91,413972
ST,NYSE,2019/10/23 16:00:00,51.33,51.33,50.43,51.01,1883085
ST,NYSE,2019/10/24 16:00:00,51.33,51.49,50.91,51.26,436169
ST,NYSE,2019/10/25 16:00:00,51.26,51.55,51.01,51.08,742059
ST,NYSE,2019/10/28 16:00:00,51.5,51.92,51.43,51.51,497893
ST,NYSE,2019/10/29 16:00:00,51.2,51.89,51.03,51.61,806995
ST,NYSE,2019/10/30 16:00:00,49.29,52.25,49.13,50.75,1383251
ST,NYSE,2019/10/31 16:00:00,50.61,51.23,50.15,51.19,696955
ST,NYSE,2019/11/01 16:00:00,51.3,51.72,51.06,51.58,859749
ST,NYSE,2019/11/04 16:00:00,51.8,52.83,51.45,52.82,709767
ST,NYSE,2019/11/05 16:00:00,52.95,53.9,52.95,53.66,756400
ST,NYSE,2019/11/06 16:00:00,53.63,53.87,53.11,53.82,653054
ST,NYSE,2019/11/07 16:00:00,54.25,54.72,53.35,53.63,1174782
ST,NYSE,2019/11/08 16:00:00,53.53,53.8,52.88,53.03,733727
ST,NYSE,2019/11/11 16:00:00,52.81,52.94,52.28,52.89,676323
ST,NYSE,2019/11/12 16:00:00,53.13,53.46,52.52,52.54,304746
ST,NYSE,2019/11/13 16:00:00,52.14,52.61,51.96,52.08,587331
ST,NYSE,2019/11/14 16:00:00,51.9,52.6,51.9,52.25,336918
ST,NYSE,2019/11/15 16:00:00,52.68,52.84,52.25,52.43,309561
ST,NYSE,2019/11/18 16:00:00,52.16,52.27,51.66,52.22,320718
ST,NYSE,2019/11/19 16:00:00,52.41,52.66,52.02,52.34,530529
ST,NYSE,2019/11/20 16:00:00,52.07,52.48,51.51,51.62,585012
ST,NYSE,2019/11/21 16:00:00,51.6,51.68,50.81,50.99,724579
ST,NYSE,2019/11/22 16:00:00,51.13,51.41,50.57,51.16,661663
ST,NYSE,2019/11/25 16:00:00,51.25,52.24,51.25,52.03,561325
ST,NYSE,2019/11/26 16:00:00,51.97,52.28,51.88,51.97,480168
ST,NYSE,2019/11/27 16:00:00,52.13,52.51,51.77,52.3,425521
ST,NYSE,2019/11/29 13:00:00,52.15,52.35,51.42,51.49,329936
ST,NYSE,2019/12/02 16:00:00,51.79,52.23,51.08,51.08,562672
ST,NYSE,2019/12/03 16:00:00,50.22,50.43,49.95,49.97,549969
ST,NYSE,2019/12/04 16:00:00,50.37,51.27,50.37,50.55,522094
ST,NYSE,2019/12/05 16:00:00,50.8,51.15,50.71,50.96,410678
ST,NYSE,2019/12/06 16:00:00,51.55,52.05,51.44,51.65,735976
ST,NYSE,2019/12/09 16:00:00,51.62,51.71,51.27,51.36,722769
ST,NYSE,2019/12/10 16:00:00,51.12,51.9,51,51.24,1030437
ST,NYSE,2019/12/11 16:00:00,51.31,52.06,51.3,52.05,1546619
ST,NYSE,2019/12/12 16:00:00,52.05,52.93,51.88,52.47,772735
ST,NYSE,2019/12/13 16:00:00,52.36,52.92,51.89,51.98,395660
ST,NYSE,2019/12/16 16:00:00,52.31,52.97,52.31,52.71,597643
ST,NYSE,2019/12/17 16:00:00,53,53.26,52.61,53.14,684301
ST,NYSE,2019/12/18 16:00:00,53.31,54.14,52.67,54.05,791136
ST,NYSE,2019/12/19 16:00:00,53.84,54.05,53.54,53.59,538232
ST,NYSE,2019/12/20 16:00:00,53.72,53.83,53.31,53.45,766454
ST,NYSE,2019/12/23 16:00:00,53.82,53.88,53.14,53.74,434199
ST,NYSE,2019/12/24 13:00:00,53.71,53.71,53.39,53.59,150476
ST,NYSE,2019/12/26 16:00:00,53.71,53.91,53.4,53.88,203828
ST,NYSE,2019/12/27 16:00:00,54.11,54.22,53.59,53.71,305143
ST,NYSE,2019/12/30 16:00:00,53.78,54.09,53.52,53.79,505863
ST,NYSE,2019/12/31 16:00:00,53.8,54.21,53.7,53.87,470053
ST,NYSE,2020/01/02 16:00:00,54.26,54.37,53.52,54.2,783253
ST,NYSE,2020/01/03 16:00:00,53.37,53.75,53.2,53.67,792662
ST,NYSE,2020/01/06 16:00:00,53.31,53.31,52.83,53.1,246763
ST,NYSE,2020/01/07 16:00:00,52.82,53.2,52.58,52.72,910385
ST,NYSE,2020/01/08 16:00:00,52.9,52.95,52.37,52.56,1017684
ST,NYSE,2020/01/09 16:00:00,52.85,52.85,52.2,52.48,729599
ST,NYSE,2020/01/10 16:00:00,52.48,52.51,51.33,51.47,859738
ST,NYSE,2020/01/13 16:00:00,51.64,52.08,51.15,52.03,1204075
ST,NYSE,2020/01/14 16:00:00,52.05,53.3,52.05,52.65,1896079
ST,NYSE,2020/01/15 16:00:00,52.59,52.87,51.99,52.14,607765
ST,NYSE,2020/01/16 16:00:00,52.58,52.82,52.24,52.81,455735
ST,NYSE,2020/01/17 16:00:00,52.92,53.22,52.61,52.71,468443
ST,NYSE,2020/01/21 16:00:00,52.49,52.64,52.06,52.37,1059962
ST,NYSE,2020/01/22 16:00:00,52.7,52.72,51.9,51.9,468944
ST,NYSE,2020/01/23 16:00:00,51.5,51.53,50.77,51.4,1098701
ST,NYSE,2020/01/24 16:00:00,51.65,51.75,49.95,50.3,758076
ST,NYSE,2020/01/27 16:00:00,49.2,49.25,48.57,48.6,566508
ST,NYSE,2020/01/28 16:00:00,48.85,49.29,48.5,49.12,794095
ST,NYSE,2020/01/29 16:00:00,49.36,49.59,48.77,48.81,523317
ST,NYSE,2020/01/30 16:00:00,48.41,48.73,47.92,48.67,843925
ST,NYSE,2020/01/31 16:00:00,48.55,48.58,47.08,47.27,872369
ST,NYSE,2020/02/03 16:00:00,47.67,48.45,47.38,47.41,1126552
ST,NYSE,2020/02/04 16:00:00,48.4,48.97,48.19,48.48,624480
ST,NYSE,2020/02/05 16:00:00,49.01,49.18,48.7,48.97,741026
ST,NYSE,2020/02/06 16:00:00,49.25,49.25,48.11,48.15,1034708
ST,NYSE,2020/02/07 16:00:00,47.85,47.96,47.16,47.52,830273
ST,NYSE,2020/02/10 16:00:00,47.32,47.89,47.32,47.85,958003
ST,NYSE,2020/02/11 16:00:00,47.72,50.87,47.69,49.41,3597858
ST,NYSE,2020/02/12 16:00:00,49.71,50.33,48.8,49.79,2015123
ST,NYSE,2020/02/13 16:00:00,49.34,50.01,49.24,49.31,2131073
ST,NYSE,2020/02/14 16:00:00,49.29,49.6,48.72,48.88,834536
ST,NYSE,2020/02/18 16:00:00,48.49,48.55,47.34,47.54,1041556
ST,NYSE,2020/02/19 16:00:00,47.79,48.83,47.72,48.58,916345
ST,NYSE,2020/02/20 16:00:00,48.46,49.09,48.01,48.35,1145596
ST,NYSE,2020/02/21 16:00:00,48.12,48.12,47.13,47.25,395407
ST,NYSE,2020/02/24 16:00:00,45.46,45.98,45.15,45.68,1699362
ST,NYSE,2020/02/25 16:00:00,45.81,45.9,43.81,44.02,1163627
ST,NYSE,2020/02/26 16:00:00,44.4,45.16,43.09,43.09,1082955
ST,NYSE,2020/02/27 16:00:00,42.25,42.77,40.94,40.95,1800839
ST,NYSE,2020/02/28 16:00:00,39.54,41.07,39.49,40.8,1867682
ST,NYSE,2020/03/02 16:00:00,41,41.32,39.98,41.19,1700120
ST,NYSE,2020/03/03 16:00:00,41.2,42.5,39.45,39.93,1431250
ST,NYSE,2020/03/04 16:00:00,40.56,41.09,39.69,40.95,2363412
ST,NYSE,2020/03/05 16:00:00,39.42,39.51,38.12,38.37,2613261
ST,NYSE,2020/03/06 16:00:00,37.25,38.6,36.89,38.04,1550238
ST,NYSE,2020/03/09 16:00:00,35.4,36.25,34.19,34.48,2048058
ST,NYSE,2020/03/10 16:00:00,36.01,38.19,34.88,37.94,1654607
ST,NYSE,2020/03/11 16:00:00,37.07,37.46,35.68,36.12,1846243
ST,NYSE,2020/03/12 16:00:00,33.68,34.93,32.9,33.17,1456935
ST,NYSE,2020/03/13 16:00:00,35,35.25,32.17,34.31,1396198
ST,NYSE,2020/03/16 16:00:00,29.17,31.58,27.8,27.89,1324011
ST,NYSE,2020/03/17 16:00:00,28.45,28.61,24.56,25.75,2048316
ST,NYSE,2020/03/18 16:00:00,23.8,24.69,18.25,23.11,3151142
ST,NYSE,2020/03/19 16:00:00,22.58,26.33,20.9,25.86,2034355
ST,NYSE,2020/03/20 16:00:00,26.54,27.1,25.23,25.8,1841064
ST,NYSE,2020/03/23 16:00:00,25.29,25.88,24.67,25.02,1816976
ST,NYSE,2020/03/24 16:00:00,26.97,28.62,26.38,27.44,1975618
ST,NYSE,2020/03/25 16:00:00,28,31.08,27.3,29.91,1577845
ST,NYSE,2020/03/26 16:00:00,30.27,32.08,30.01,31.82,989674
ST,NYSE,2020/03/27 16:00:00,30.37,31.07,28.8,29.1,805500
ST,NYSE,2020/03/30 16:00:00,28.84,29.72,28.01,29.36,1108390
ST,NYSE,2020/03/31 16:00:00,29.25,29.72,28.7,28.93,837033
ST,NYSE,2020/04/01 16:00:00,27.74,28.54,26.74,27.75,1387135
ST,NYSE,2020/04/02 16:00:00,25.9,28.49,25.9,28.02,1731040
ST,NYSE,2020/04/03 16:00:00,28.2,28.72,27.2,27.89,1378575
ST,NYSE,2020/04/06 16:00:00,29.64,31.71,29.13,31.44,1333651
ST,NYSE,2020/04/07 16:00:00,33.25,34.45,31.84,31.97,1967924
ST,NYSE,2020/04/08 16:00:00,32.57,33.19,31.83,32.58,1189998
ST,NYSE,2020/04/09 16:00:00,33.23,35.16,33.23,34.28,1459081
ST,NYSE,2020/04/13 16:00:00,34.14,34.67,32.47,32.99,1707852
ST,NYSE,2020/04/14 16:00:00,33.48,33.96,33.2,33.32,1425795
ST,NYSE,2020/04/15 16:00:00,31.55,32.62,30.9,31.3,888652
ST,NYSE,2020/04/16 16:00:00,31.37,31.53,29.82,30.45,1369705
ST,NYSE,2020/04/17 16:00:00,31.5,33.49,31.47,32.7,1360092
ST,NYSE,2020/04/20 16:00:00,32.13,33.04,31.53,32.32,889411
ST,NYSE,2020/04/21 16:00:00,31.12,31.89,31.04,31.68,826511
ST,NYSE,2020/04/22 16:00:00,32.48,32.81,31.73,32.24,864477
ST,NYSE,2020/04/23 16:00:00,32.63,34.12,32.63,33.18,700288
ST,NYSE,2020/04/24 16:00:00,33.78,34.72,33.06,34.55,900702
ST,NYSE,2020/04/27 16:00:00,34.69,37.34,34.55,36.5,2080327
ST,NYSE,2020/04/28 16:00:00,37.93,38.74,36.89,37.05,2118953
ST,NYSE,2020/04/29 16:00:00,37.89,39.5,35.99,38.29,2506541
ST,NYSE,2020/04/30 16:00:00,37.52,37.89,36.15,36.38,1609871
ST,NYSE,2020/05/01 16:00:00,35.49,35.49,33.57,34.12,847245
ST,NYSE,2020/05/04 16:00:00,33.47,33.9,32.67,33.25,737376
ST,NYSE,2020/05/05 16:00:00,33.95,34.95,33.95,34.34,562121
ST,NYSE,2020/05/06 16:00:00,34.44,34.83,33.92,34.25,468614
ST,NYSE,2020/05/07 16:00:00,34.91,35.74,34.91,35.65,800386
ST,NYSE,2020/05/08 16:00:00,36.34,37.01,36.2,36.71,1137922
ST,NYSE,2020/05/11 16:00:00,36.34,36.42,35.63,35.89,933139
ST,NYSE,2020/05/12 16:00:00,35.94,36.11,34.38,34.6,859129
ST,NYSE,2020/05/13 16:00:00,34.28,34.28,32.74,33.04,1036117
ST,NYSE,2020/05/14 16:00:00,32.19,33.23,31.5,33.18,821450
ST,NYSE,2020/05/15 16:00:00,32.94,34.01,32.68,33.28,894614
ST,NYSE,2020/05/18 16:00:00,34.93,36.48,34.75,35.99,1177372
ST,NYSE,2020/05/19 16:00:00,36.07,36.84,35.6,35.97,1657486
ST,NYSE,2020/05/20 16:00:00,36.64,37.82,36.64,36.77,674948
ST,NYSE,2020/05/21 16:00:00,36.66,37.1,35.26,35.35,1588979
ST,NYSE,2020/05/22 16:00:00,35.3,35.33,34.46,34.95,948196
ST,NYSE,2020/05/26 16:00:00,36.65,37.21,36.1,36.35,2653610
ST,NYSE,2020/05/27 16:00:00,37.41,38.09,36.72,37.86,2280720
ST,NYSE,2020/05/28 16:00:00,38.24,38.24,36.75,36.79,1132904
ST,NYSE,2020/05/29 16:00:00,36.4,36.52,35.55,35.65,2204656
ST,NYSE,2020/06/01 16:00:00,35.7,37.05,35.62,36.77,1236519
ST,NYSE,2020/06/02 16:00:00,37.18,37.74,37.03,37.66,1197825
ST,NYSE,2020/06/03 16:00:00,38.53,40.67,38.15,40.17,2076999
ST,NYSE,2020/06/04 16:00:00,39.71,40,38.97,39.29,1796845
ST,NYSE,2020/06/05 16:00:00,41.56,42.41,40.76,41.67,1405113
ST,NYSE,2020/06/08 16:00:00,42.3,43.08,42.3,42.99,1516179
ST,NYSE,2020/06/09 16:00:00,41.96,42.26,41.33,41.84,1110287
ST,NYSE,2020/06/10 16:00:00,41.78,41.83,39.88,39.89,1604433
ST,NYSE,2020/06/11 16:00:00,37.95,37.96,36.2,36.31,1567546
ST,NYSE,2020/06/12 16:00:00,38,38.69,36.6,37.06,1161593
ST,NYSE,2020/06/15 16:00:00,35.7,37.78,35.03,37.58,1233614
ST,NYSE,2020/06/16 16:00:00,39.53,39.93,37.47,37.93,1455741
ST,NYSE,2020/06/17 16:00:00,38.09,38.38,37.33,37.37,1053103
ST,NYSE,2020/06/18 16:00:00,36.98,37.91,36.86,37.11,987716
ST,NYSE,2020/06/19 16:00:00,38.97,38.97,36.66,37.06,1880795
ST,NYSE,2020/06/22 16:00:00,36.93,37.45,36.23,37.28,876793
ST,NYSE,2020/06/23 16:00:00,37.86,38.05,37.25,37.3,700925
ST,NYSE,2020/06/24 16:00:00,36.81,36.88,35.14,35.17,1082280
ST,NYSE,2020/06/25 16:00:00,35.01,35.38,34.42,35.36,1216276
ST,NYSE,2020/06/26 16:00:00,35.03,35.83,34.69,35.74,3064494
ST,NYSE,2020/06/29 16:00:00,36.36,36.8,35.74,36.59,971925
ST,NYSE,2020/06/30 16:00:00,36.44,37.37,36.09,37.23,1311178
ST,NYSE,2020/07/01 16:00:00,37.14,37.48,35.59,35.82,1469830
ST,NYSE,2020/07/02 16:00:00,36.61,37.63,36.18,36.28,1275535
ST,NYSE,2020/07/06 16:00:00,37.07,37.28,36.38,37.02,712854
ST,NYSE,2020/07/07 16:00:00,36.64,36.91,35.85,36.07,1146724
ST,NYSE,2020/07/08 16:00:00,36.07,36.45,35.62,36.01,1752393
ST,NYSE,2020/07/09 16:00:00,37.94,37.94,35.64,36.1,2290670
ST,NYSE,2020/07/10 16:00:00,36.08,36.54,35.8,36.52,2496311
ST,NYSE,2020/07/13 16:00:00,37.56,38.15,36.99,37.53,1008949
ST,NYSE,2020/07/14 16:00:00,37.5,38.58,37.06,38.45,883801
ST,NYSE,2020/07/15 16:00:00,39.57,40.61,38.94,40.49,1540382
ST,NYSE,2020/07/16 16:00:00,40.45,40.54,39.72,40.08,971040
ST,NYSE,2020/07/17 16:00:00,40.12,40.97,40.06,40.42,1138546
ST,NYSE,2020/07/20 16:00:00,40.2,40.52,39.85,40.26,974993
ST,NYSE,2020/07/21 16:00:00,40.76,41.04,40.2,40.45,847232
ST,NYSE,2020/07/22 16:00:00,40.33,40.98,40.24,40.62,760218
ST,NYSE,2020/07/23 16:00:00,40.29,41.55,40.18,41.19,1416716
ST,NYSE,2020/07/24 16:00:00,41.22,41.22,40.33,40.42,1101888
ST,NYSE,2020/07/27 16:00:00,40.52,42.07,40.29,41.77,2202060
ST,NYSE,2020/07/28 16:00:00,39.73,41.25,39.1,39.46,2257659
ST,NYSE,2020/07/29 16:00:00,39.54,40.21,39.04,40.01,1076708
ST,NYSE,2020/07/30 16:00:00,39.4,39.74,38.23,38.79,1364905
ST,NYSE,2020/07/31 16:00:00,38.78,39.03,37.01,37.98,1589999
ST,NYSE,2020/08/03 16:00:00,38.25,38.76,38,38.68,1894315
ST,NYSE,2020/08/04 16:00:00,39.29,39.44,38.83,39.01,971476
ST,NYSE,2020/08/05 16:00:00,39.25,39.75,39.24,39.57,991603
ST,NYSE,2020/08/06 16:00:00,39.39,39.61,38.9,39.56,1312585
ST,NYSE,2020/08/07 16:00:00,39.57,40.21,39.18,40.18,1419971
ST,NYSE,2020/08/10 16:00:00,40.1,41.47,40.1,41.1,1010794
ST,NYSE,2020/08/11 16:00:00,41.75,42.55,41.48,41.63,1759141
ST,NYSE,2020/08/12 16:00:00,41.99,42.04,41.16,41.79,1206930
ST,NYSE,2020/08/13 16:00:00,41.97,42.19,41.39,41.47,1142033
ST,NYSE,2020/08/14 16:00:00,41.08,41.65,40.95,41.22,467494
ST,NYSE,2020/08/17 16:00:00,41.34,41.68,40.9,41.4,734351
ST,NYSE,2020/08/18 16:00:00,41.42,41.54,40.87,40.99,834643
ST,NYSE,2020/08/19 16:00:00,41.22,41.42,40.55,40.63,637450
ST,NYSE,2020/08/20 16:00:00,40.25,40.3,39.8,39.87,656155
ST,NYSE,2020/08/21 16:00:00,40.05,40.46,39.82,40.2,975260
ST,NYSE,2020/08/24 16:00:00,40.54,41.29,40.38,41.29,849951
ST,NYSE,2020/08/25 16:00:00,41.61,41.83,41,41.28,914892
ST,NYSE,2020/08/26 16:00:00,41.43,41.45,40.81,41.38,733380
ST,NYSE,2020/08/27 16:00:00,41.53,41.82,41.19,41.29,766291
ST,NYSE,2020/08/28 16:00:00,41.48,42.26,41.38,42.21,632242
ST,NYSE,2020/08/31 16:00:00,42.17,42.35,41.52,41.64,778859
ST,NYSE,2020/09/01 16:00:00,41.36,42.44,41.15,42.23,1000297
ST,NYSE,2020/09/02 16:00:00,42.36,43.75,42.36,43.56,1248650
ST,NYSE,2020/09/03 16:00:00,43.56,43.73,41.89,42.1,1156179
ST,NYSE,2020/09/04 16:00:00,42.8,42.88,41.78,42.53,921250
ST,NYSE,2020/09/08 16:00:00,41.97,42.25,40.95,41.01,1012297
ST,NYSE,2020/09/09 16:00:00,42.23,43.92,41.95,43.09,1153450
ST,NYSE,2020/09/10 16:00:00,43.69,43.86,42.16,42.18,921346
ST,NYSE,2020/09/11 16:00:00,42.42,43.06,42.21,42.68,670796
ST,NYSE,2020/09/14 16:00:00,43.08,43.35,42.61,42.9,699414
ST,NYSE,2020/09/15 16:00:00,43.1,43.38,42.79,43.14,724274
ST,NYSE,2020/09/16 16:00:00,43.4,44.72,43.28,44.11,1428065
ST,NYSE,2020/09/17 16:00:00,43.44,44.99,43.09,44.26,1236619
ST,NYSE,2020/09/18 16:00:00,44.24,44.55,43.18,43.41,1745601
ST,NYSE,2020/09/21 16:00:00,42.29,42.75,40.87,41.67,1413031
ST,NYSE,2020/09/22 16:00:00,41.87,42.41,41.6,41.88,817933
ST,NYSE,2020/09/23 16:00:00,41.97,42.9,41.26,41.46,1019236
ST,NYSE,2020/09/24 16:00:00,41.24,41.73,40.46,41.28,872795
ST,NYSE,2020/09/25 16:00:00,41.05,41.85,40.71,41.58,940197
ST,NYSE,2020/09/28 16:00:00,42.57,43.38,42.36,42.89,619996
ST,NYSE,2020/09/29 16:00:00,42.92,43.25,42.48,42.69,845474
ST,NYSE,2020/09/30 16:00:00,42.92,43.68,42.89,43.14,1012361
ST,NYSE,2020/10/01 16:00:00,43.86,44.47,43.08,43.97,1162104
ST,NYSE,2020/10/02 16:00:00,42.79,44.44,42.79,43.6,974626
ST,NYSE,2020/10/05 16:00:00,46.34,46.57,45.33,45.91,1644193
ST,NYSE,2020/10/06 16:00:00,46.51,46.69,45.4,45.49,1125988
ST,NYSE,2020/10/07 16:00:00,46.18,46.74,45.77,46.26,734189
ST,NYSE,2020/10/08 16:00:00,46.29,47.17,46.26,46.95,854433
ST,NYSE,2020/10/09 16:00:00,47.57,48.16,47.07,47.74,696666
ST,NYSE,2020/10/12 16:00:00,48.13,48.17,47.43,47.54,827600
ST,NYSE,2020/10/13 16:00:00,47.16,47.53,46.56,46.82,828099
ST,NYSE,2020/10/14 16:00:00,47.36,47.54,46.78,47.3,890144
ST,NYSE,2020/10/15 16:00:00,46.28,47.72,46.28,47.58,832809
ST,NYSE,2020/10/16 16:00:00,47.77,48.1,47.24,47.29,659816
ST,NYSE,2020/10/19 16:00:00,47.3,47.69,46.63,46.85,555158
ST,NYSE,2020/10/20 16:00:00,48.03,48.59,47.58,47.62,885479
ST,NYSE,2020/10/21 16:00:00,47.72,48.29,47.33,47.48,1582186
ST,NYSE,2020/10/22 16:00:00,47.75,48.34,47.19,48.16,1110702
ST,NYSE,2020/10/23 16:00:00,48.63,49.23,48.33,48.9,1050333
ST,NYSE,2020/10/26 16:00:00,48.19,48.36,47.3,48.24,1811347
ST,NYSE,2020/10/27 16:00:00,48.33,48.46,44.13,44.35,1939885
ST,NYSE,2020/10/28 16:00:00,43.45,44.29,42.52,43.33,1448649
ST,NYSE,2020/10/29 16:00:00,43.34,43.94,43.05,43.62,1185056
ST,NYSE,2020/10/30 16:00:00,43.4,43.73,42.54,43.71,1362315
ST,NYSE,2020/11/02 16:00:00,44.53,45.57,44.33,44.79,1226675
ST,NYSE,2020/11/03 16:00:00,45.58,46.05,44.79,45.37,997162
ST,NYSE,2020/11/04 16:00:00,45.18,45.18,44,44.24,1167372
ST,NYSE,2020/11/05 16:00:00,44.9,45.81,44.84,45.19,1233496
ST,NYSE,2020/11/06 16:00:00,45.42,45.56,44.35,44.49,874087
ST,NYSE,2020/11/09 16:00:00,47.31,48.39,46.94,46.97,2053254
ST,NYSE,2020/11/10 16:00:00,47,47.28,46.3,46.84,1708501
ST,NYSE,2020/11/11 16:00:00,47.21,47.56,46.12,46.51,1712706
ST,NYSE,2020/11/12 16:00:00,46.24,46.29,45.3,45.79,744352
ST,NYSE,2020/11/13 16:00:00,45.79,46.65,45.79,46.3,999647
ST,NYSE,2020/11/16 16:00:00,47.3,47.56,46.82,47.08,1918869
ST,NYSE,2020/11/17 16:00:00,46.78,48.19,46.5,47.97,1190813
ST,NYSE,2020/11/18 16:00:00,48.19,48.95,48,48.04,955381
ST,NYSE,2020/11/19 16:00:00,48.16,48.45,47.38,47.9,1609629
ST,NYSE,2020/11/20 16:00:00,47.86,47.94,47.4,47.65,912497
ST,NYSE,2020/11/23 16:00:00,47.88,49.45,47.82,49.39,809150
ST,NYSE,2020/11/24 16:00:00,49.99,51.5,49.8,51.25,2041571
ST,NYSE,2020/11/25 16:00:00,50.8,51.21,50.16,50.31,1400277
ST,NYSE,2020/11/27 13:00:00,50.55,50.98,50.26,50.55,670169
ST,NYSE,2020/11/30 16:00:00,50.58,50.58,48.75,48.83,1378863
ST,NYSE,2020/12/01 16:00:00,49.52,50.13,48.79,49,646645
ST,NYSE,2020/12/02 16:00:00,48.62,49.11,48.29,49,602235
ST,NYSE,2020/12/03 16:00:00,49.02,49.28,48.59,48.89,699450
ST,NYSE,2020/12/04 16:00:00,49.08,50.3,49.08,50.15,717478
ST,NYSE,2020/12/07 16:00:00,49.65,50.21,49.11,49.3,599136
ST,NYSE,2020/12/08 16:00:00,48.87,49.67,48.87,49.34,540818
ST,NYSE,2020/12/09 16:00:00,49.58,49.85,49.15,49.61,647110
ST,NYSE,2020/12/10 16:00:00,49.42,49.92,49.14,49.64,726682
ST,NYSE,2020/12/11 16:00:00,49.15,49.99,49.03,49.1,618714
ST,NYSE,2020/12/14 16:00:00,50.89,51.4,49.84,49.94,1272377
ST,NYSE,2020/12/15 16:00:00,50.39,51.19,49.95,50.97,1173577
ST,NYSE,2020/12/16 16:00:00,50.88,51.14,50.21,50.93,841337
ST,NYSE,2020/12/17 16:00:00,51.11,51.84,50.56,50.8,1377247
ST,NYSE,2020/12/18 16:00:00,51.11,51.26,50.03,50.59,1395476
ST,NYSE,2020/12/21 16:00:00,49.63,51.15,49.14,50.78,1435154
ST,NYSE,2020/12/22 16:00:00,50.95,51.36,50.36,50.74,537034
ST,NYSE,2020/12/23 16:00:00,51.54,52.54,51.49,52.18,1010820
ST,NYSE,2020/12/24 13:00:00,52.19,52.4,51.58,52.23,252847
ST,NYSE,2020/12/28 16:00:00,52.77,53.14,52.13,52.15,582652
ST,NYSE,2020/12/29 16:00:00,52.24,52.37,51.02,51.47,424497
ST,NYSE,2020/12/30 16:00:00,51.5,52.63,51.31,52.16,453656
ST,NYSE,2020/12/31 16:00:00,52.08,53.45,51.85,52.74,946458
ST,NYSE,2021/01/04 16:00:00,52.92,53.56,51.69,51.97,991909
ST,NYSE,2021/01/05 16:00:00,51.69,53.48,51.64,53.42,715677
ST,NYSE,2021/01/06 16:00:00,54.76,56.42,54.1,55.47,1331261
ST,NYSE,2021/01/07 16:00:00,56.3,56.85,55.46,56.12,825420
ST,NYSE,2021/01/08 16:00:00,60.28,61.64,55.68,56.38,1867966
ST,NYSE,2021/01/11 16:00:00,55.36,56.18,55.12,55.91,948619
ST,NYSE,2021/01/12 16:00:00,56.09,56.58,55.61,56.42,935648
ST,NYSE,2021/01/13 16:00:00,56.28,56.5,55.15,55.52,866226
ST,NYSE,2021/01/14 16:00:00,55.67,56.14,55.14,55.6,657441
ST,NYSE,2021/01/15 16:00:00,55.05,55.05,54.29,54.72,826987
ST,NYSE,2021/01/19 16:00:00,55.32,56.12,55.01,55.33,583253
ST,NYSE,2021/01/20 16:00:00,55.62,56.02,55.17,55.91,616137
ST,NYSE,2021/01/21 16:00:00,55.91,57.15,55.87,56.91,982311
ST,NYSE,2021/01/22 16:00:00,56.51,58.01,56.1,57.84,1645684
ST,NYSE,2021/01/25 16:00:00,57.75,58.14,56.82,57.15,1923536
ST,NYSE,2021/01/26 16:00:00,57.44,57.91,56.4,56.41,1042803
ST,NYSE,2021/01/27 16:00:00,55.15,55.44,53.74,54.02,1632882
ST,NYSE,2021/01/28 16:00:00,54.74,55.97,54.43,54.79,759886
ST,NYSE,2021/01/29 16:00:00,54.99,55.76,53.99,54.5,1057190
ST,NYSE,2021/02/01 16:00:00,55.19,55.64,54.42,55.39,1253849
ST,NYSE,2021/02/02 16:00:00,55.57,55.9,53.09,54.11,2216104
ST,NYSE,2021/02/03 16:00:00,54.62,55.29,53.57,53.89,1826330
ST,NYSE,2021/02/04 16:00:00,53.95,54.62,53.52,53.81,1872737
ST,NYSE,2021/02/05 16:00:00,54.18,54.82,52.85,52.87,1714840
ST,NYSE,2021/02/08 16:00:00,53.24,54.77,53.11,54.77,2241734
ST,NYSE,2021/02/09 16:00:00,54.97,55.04,54.22,54.53,896365
ST,NYSE,2021/02/10 16:00:00,54.96,55.19,53.81,54.42,845747
ST,NYSE,2021/02/11 16:00:00,55,56.29,54.89,56.27,2006859
ST,NYSE,2021/02/12 16:00:00,57.31,58.51,56.51,58.4,1775646
ST,NYSE,2021/02/16 16:00:00,58.99,59.9,58.94,59.03,1698837
ST,NYSE,2021/02/17 16:00:00,58.5,58.87,57.61,58.57,876595
ST,NYSE,2021/02/18 16:00:00,58.36,59.03,58.01,58.29,1786722
ST,NYSE,2021/02/19 16:00:00,58.63,59.84,58.63,59.31,935243
ST,NYSE,2021/02/22 16:00:00,58.94,59.38,58.51,59.03,686539
ST,NYSE,2021/02/23 16:00:00,58.5,58.78,57.13,58.59,718687
ST,NYSE,2021/02/24 16:00:00,58.85,59.89,58.85,59.37,1420148
ST,NYSE,2021/02/25 16:00:00,59.14,59.65,56.17,56.5,1216877
ST,NYSE,2021/02/26 16:00:00,56.82,57.65,56.27,57.29,1354723
ST,NYSE,2021/03/01 16:00:00,58.77,59.74,58.42,59.31,860787
ST,NYSE,2021/03/02 16:00:00,60.5,60.64,59.03,59.64,1091724
ST,NYSE,2021/03/03 16:00:00,61.62,61.89,60.34,60.87,1253782
ST,NYSE,2021/03/04 16:00:00,60.45,61.51,57.45,58.52,1574125
ST,NYSE,2021/03/05 16:00:00,59.23,59.43,56.33,59.23,1150067
ST,NYSE,2021/03/08 16:00:00,59.51,60.31,58.79,58.84,996757
ST,NYSE,2021/03/09 16:00:00,59.19,60.27,58.58,59.61,1103562
ST,NYSE,2021/03/10 16:00:00,60.16,60.98,59.76,60.68,899839
ST,NYSE,2021/03/11 16:00:00,61.22,62.12,60.65,61.86,1202735
ST,NYSE,2021/03/12 16:00:00,61.5,62.99,61.46,62.83,822518
ST,NYSE,2021/03/15 16:00:00,62.64,64.03,62.44,63.85,1008309
ST,NYSE,2021/03/16 16:00:00,63.15,64,62.78,63.13,1004980
ST,NYSE,2021/03/17 16:00:00,62.99,64.06,62.73,63.88,726468
ST,NYSE,2021/03/18 16:00:00,63.77,64.8,63.02,63.36,1510456
ST,NYSE,2021/03/19 16:00:00,62.9,63.14,61.75,62.35,1125758
ST,NYSE,2021/03/22 16:00:00,62.42,62.52,61.32,62.28,916203
ST,NYSE,2021/03/23 16:00:00,61.49,61.87,57.73,58.35,1538357
ST,NYSE,2021/03/24 16:00:00,58.84,59.34,57.8,58.04,1602249
ST,NYSE,2021/03/25 16:00:00,57.67,58.65,56.76,58.38,1057732
ST,NYSE,2021/03/26 16:00:00,58.47,59.66,57.74,59.63,957513
ST,NYSE,2021/03/29 16:00:00,59.24,59.89,57.17,57.9,1447980
ST,NYSE,2021/03/30 16:00:00,57.77,58.36,57.53,57.92,1360736
ST,NYSE,2021/03/31 16:00:00,58.24,58.64,57.37,57.95,983531
ST,NYSE,2021/04/01 16:00:00,58.45,59.05,57.85,58.57,922292
ST,NYSE,2021/04/05 16:00:00,59.35,60.23,58.52,60.03,915678
ST,NYSE,2021/04/06 16:00:00,59.76,60.75,59.45,59.46,1016470
ST,NYSE,2021/04/07 16:00:00,59.35,59.78,57.69,58.04,1023957
ST,NYSE,2021/04/08 16:00:00,57.73,58.61,57.38,57.93,1456050
ST,NYSE,2021/04/09 16:00:00,58.22,58.55,57.49,58.55,824467
KSS,NYSE,2019/04/01 16:00:00,69.31,70.28,69.11,70.21,2503515
KSS,NYSE,2019/04/02 16:00:00,70.39,71.16,70.09,70.87,2217432
KSS,NYSE,2019/04/03 16:00:00,71.23,71.91,70.81,71.01,2035376
KSS,NYSE,2019/04/04 16:00:00,71.36,73.48,71.22,73.46,2497198
KSS,NYSE,2019/04/05 16:00:00,73.46,74.24,71.96,72,2858363
KSS,NYSE,2019/04/08 16:00:00,72.17,73.58,71.85,72.81,2541753
KSS,NYSE,2019/04/09 16:00:00,72.39,73.03,72.21,72.45,1907970
KSS,NYSE,2019/04/10 16:00:00,72.79,73.96,71.06,71.51,3236240
KSS,NYSE,2019/04/11 16:00:00,71.79,72.17,70.05,70.16,2411527
KSS,NYSE,2019/04/12 16:00:00,70.56,71.07,69.41,69.73,2242769
KSS,NYSE,2019/04/15 16:00:00,69.75,70.35,69.34,69.91,2208876
KSS,NYSE,2019/04/16 16:00:00,69.28,70.71,69.28,70.48,2419006
KSS,NYSE,2019/04/17 16:00:00,70.75,71.12,69.81,69.83,2669490
KSS,NYSE,2019/04/18 16:00:00,69.99,70.88,69.4,70.37,2044424
KSS,NYSE,2019/04/22 16:00:00,69.78,69.78,67.02,67.45,5098226
KSS,NYSE,2019/04/23 16:00:00,72,75.91,71.4,75.48,16102769
KSS,NYSE,2019/04/24 16:00:00,75.56,75.8,73.23,73.28,5368411
KSS,NYSE,2019/04/25 16:00:00,73.34,73.51,70.96,71.62,4316085
KSS,NYSE,2019/04/26 16:00:00,71.1,72.71,70.12,72.41,3367680
KSS,NYSE,2019/04/29 16:00:00,72.66,72.74,71.95,72.42,2593296
KSS,NYSE,2019/04/30 16:00:00,72.5,72.8,70.71,71.1,3875089
KSS,NYSE,2019/05/01 16:00:00,71.15,71.58,69.75,69.76,2794074
KSS,NYSE,2019/05/02 16:00:00,69.96,70.56,69.01,70.14,3280759
KSS,NYSE,2019/05/03 16:00:00,70.25,70.66,69.12,69.19,2625733
KSS,NYSE,2019/05/06 16:00:00,68.25,69.13,68.08,68.9,2120258
KSS,NYSE,2019/05/07 16:00:00,68.52,68.55,66.95,67.53,3617074
KSS,NYSE,2019/05/08 16:00:00,67.5,69.45,66.98,68.54,2771996
KSS,NYSE,2019/05/09 16:00:00,67.92,68.65,66.86,68.37,3510214
KSS,NYSE,2019/05/10 16:00:00,67.87,68.2,66.05,67.06,2241726
KSS,NYSE,2019/05/13 16:00:00,66.23,66.35,63.61,64.4,5032985
KSS,NYSE,2019/05/14 16:00:00,64.67,66.29,63.46,65.5,4798339
KSS,NYSE,2019/05/15 16:00:00,65.14,67.64,63.75,64.22,5818354
KSS,NYSE,2019/05/16 16:00:00,64.43,64.77,63.44,63.77,4011665
KSS,NYSE,2019/05/17 16:00:00,63.38,64.63,62.79,63.6,2947235
KSS,NYSE,2019/05/20 16:00:00,63.48,64.15,62.68,62.91,5055171
KSS,NYSE,2019/05/21 16:00:00,55.27,57.71,54.15,55.15,25969609
KSS,NYSE,2019/05/22 16:00:00,54.59,55.37,53.01,53.44,11349473
KSS,NYSE,2019/05/23 16:00:00,52.92,53.06,50.63,51.15,10659671
KSS,NYSE,2019/05/24 16:00:00,50.96,52.1,50.4,51.12,5670630
KSS,NYSE,2019/05/28 16:00:00,51.1,52.13,50.66,51.11,6581676
KSS,NYSE,2019/05/29 16:00:00,50.72,51.76,50.02,50.51,5557732
KSS,NYSE,2019/05/30 16:00:00,50.83,51.65,50.12,50.28,4818904
KSS,NYSE,2019/05/31 16:00:00,49.88,49.88,48.71,49.32,4498026
KSS,NYSE,2019/06/03 16:00:00,49.32,51.32,49.15,50.28,4821209
KSS,NYSE,2019/06/04 16:00:00,49.86,51.27,49.8,50.39,5946363
KSS,NYSE,2019/06/05 16:00:00,50.48,50.69,47.98,48.9,7250933
KSS,NYSE,2019/06/06 16:00:00,48.4,48.9,47.08,47.97,6105928
KSS,NYSE,2019/06/07 16:00:00,48.02,48.58,47.53,48.18,4027926
KSS,NYSE,2019/06/10 16:00:00,48.67,50.04,48.67,48.8,5959406
KSS,NYSE,2019/06/11 16:00:00,48.3,48.82,47.42,47.95,3241559
KSS,NYSE,2019/06/12 16:00:00,47.66,48.36,47.63,47.97,3734390
KSS,NYSE,2019/06/13 16:00:00,47.99,48.97,47.83,48.73,3636094
KSS,NYSE,2019/06/14 16:00:00,48.69,48.9,47.4,47.77,3982568
KSS,NYSE,2019/06/17 16:00:00,47.73,48.46,47.24,47.47,3206364
KSS,NYSE,2019/06/18 16:00:00,47.59,48.39,47.09,47.42,3907502
KSS,NYSE,2019/06/19 16:00:00,47.55,47.62,46.7,46.89,5083038
KSS,NYSE,2019/06/20 16:00:00,47.3,47.5,46.18,46.88,4022615
KSS,NYSE,2019/06/21 16:00:00,46.85,47.87,46.24,47.51,5949608
KSS,NYSE,2019/06/24 16:00:00,47.18,47.29,45.76,45.98,5295870
KSS,NYSE,2019/06/25 16:00:00,45.92,46.23,45.21,46.01,5352439
KSS,NYSE,2019/06/26 16:00:00,46.35,47.13,46.04,46.46,5165964
KSS,NYSE,2019/06/27 16:00:00,46.47,47.26,46.06,46.82,4289377
KSS,NYSE,2019/06/28 16:00:00,47.02,47.83,46.72,47.55,5832643
KSS,NYSE,2019/07/01 16:00:00,48.33,49.18,47.45,47.85,5616565
KSS,NYSE,2019/07/02 16:00:00,47.85,48.04,46.79,47.11,3435728
KSS,NYSE,2019/07/03 13:00:00,47.19,48.12,47.01,47.52,2159599
KSS,NYSE,2019/07/05 16:00:00,47.58,48.69,47.54,48.28,2853146
KSS,NYSE,2019/07/08 16:00:00,48.29,48.74,48.02,48.27,3656514
KSS,NYSE,2019/07/09 16:00:00,48.29,48.47,47.7,47.75,3375311
KSS,NYSE,2019/07/10 16:00:00,47.75,47.97,47.12,47.16,3214575
KSS,NYSE,2019/07/11 16:00:00,47.49,48.33,47.26,48.12,3180490
KSS,NYSE,2019/07/12 16:00:00,48.31,49.2,47.95,48.71,2858957
KSS,NYSE,2019/07/15 16:00:00,48.74,49.57,48.72,49.26,2839843
KSS,NYSE,2019/07/16 16:00:00,49.29,50.18,49.16,49.84,2390146
KSS,NYSE,2019/07/17 16:00:00,49.6,49.82,48.49,48.6,2722179
KSS,NYSE,2019/07/18 16:00:00,48.59,49.04,48.23,48.57,2593094
KSS,NYSE,2019/07/19 16:00:00,48.82,49.79,48.81,49.33,2657516
KSS,NYSE,2019/07/22 16:00:00,49.65,50.53,49.2,49.65,3525645
KSS,NYSE,2019/07/23 16:00:00,49.82,50.88,49.59,50.72,4610029
KSS,NYSE,2019/07/24 16:00:00,50.87,51.9,50.65,51.62,3117136
KSS,NYSE,2019/07/25 16:00:00,51.72,52.06,50.63,51.1,2985077
KSS,NYSE,2019/07/26 16:00:00,51.2,52.32,50.62,52.3,2988474
KSS,NYSE,2019/07/29 16:00:00,52.27,53.71,52.27,53.46,4759282
KSS,NYSE,2019/07/30 16:00:00,53.07,53.63,52.31,53.3,3414383
KSS,NYSE,2019/07/31 16:00:00,53.31,54.86,52.93,53.86,5720340
KSS,NYSE,2019/08/01 16:00:00,53.96,53.96,49.18,49.65,5908907
KSS,NYSE,2019/08/02 16:00:00,49.65,50.28,49.07,50.18,4163499
KSS,NYSE,2019/08/05 16:00:00,49.22,49.51,47.97,49.45,3679376
KSS,NYSE,2019/08/06 16:00:00,49.75,50.58,49.38,50.47,2835698
KSS,NYSE,2019/08/07 16:00:00,49.57,50.67,48.94,50.56,3557110
KSS,NYSE,2019/08/08 16:00:00,50.59,51.32,49.81,50.15,4356667
KSS,NYSE,2019/08/09 16:00:00,49.97,49.97,48.76,49.06,3303224
KSS,NYSE,2019/08/12 16:00:00,48.75,49.61,48.6,49.23,3849826
KSS,NYSE,2019/08/13 16:00:00,48.99,52.5,48.57,50.67,5697885
KSS,NYSE,2019/08/14 16:00:00,47.61,47.62,44.76,45.11,10258105
KSS,NYSE,2019/08/15 16:00:00,45.46,45.65,43.33,44.27,6601361
KSS,NYSE,2019/08/16 16:00:00,44.68,45.85,44.33,45.51,3864625
KSS,NYSE,2019/08/19 16:00:00,46.33,48.35,46.05,48.2,6038734
KSS,NYSE,2019/08/20 16:00:00,47.63,48.37,44.79,44.88,14909460
KSS,NYSE,2019/08/21 16:00:00,45.64,47.35,44.9,47.06,7291108
KSS,NYSE,2019/08/22 16:00:00,47.5,48.27,46.55,47.33,4251505
KSS,NYSE,2019/08/23 16:00:00,46.68,47.56,45.01,45.18,5550450
KSS,NYSE,2019/08/26 16:00:00,45.39,45.68,44.41,45.35,3685335
KSS,NYSE,2019/08/27 16:00:00,45.63,45.93,44.74,44.75,2884461
KSS,NYSE,2019/08/28 16:00:00,44.57,46.39,44.57,46.25,3085110
KSS,NYSE,2019/08/29 16:00:00,46.96,47.62,46.81,47.21,3429168
KSS,NYSE,2019/08/30 16:00:00,47.54,48.22,47.14,47.26,2514819
KSS,NYSE,2019/09/03 16:00:00,46.61,47.23,45.93,46.22,3201597
KSS,NYSE,2019/09/04 16:00:00,47,47.44,46.42,47.09,3274570
KSS,NYSE,2019/09/05 16:00:00,48.12,48.68,47.51,48.25,4824505
KSS,NYSE,2019/09/06 16:00:00,48.56,49.2,48.31,48.56,3235403
KSS,NYSE,2019/09/09 16:00:00,48.71,52.07,48.37,51.73,6975600
KSS,NYSE,2019/09/10 16:00:00,50.9,51.46,49.91,51.1,4713179
KSS,NYSE,2019/09/11 16:00:00,51.47,52.77,50.23,52.33,3932564
KSS,NYSE,2019/09/12 16:00:00,51.97,53.2,50.91,52.36,4118677
KSS,NYSE,2019/09/13 16:00:00,53.2,54.2,52.25,52.7,2927516
KSS,NYSE,2019/09/16 16:00:00,52.11,53.22,52.03,53.13,2867283
KSS,NYSE,2019/09/17 16:00:00,52.12,52.15,50.42,50.81,4513501
KSS,NYSE,2019/09/18 16:00:00,50.97,51.24,49.51,50.09,2790075
KSS,NYSE,2019/09/19 16:00:00,50.32,50.53,48.77,48.8,2846807
KSS,NYSE,2019/09/20 16:00:00,49.01,50.23,48.82,49.02,3497155
KSS,NYSE,2019/09/23 16:00:00,48.71,49.25,48.2,49.03,2274602
KSS,NYSE,2019/09/24 16:00:00,49.71,50.19,48.56,49.18,2363932
KSS,NYSE,2019/09/25 16:00:00,49.18,50.18,49.09,49.78,1776895
KSS,NYSE,2019/09/26 16:00:00,49.64,49.88,48.8,49.17,1750195
KSS,NYSE,2019/09/27 16:00:00,49.43,50.07,49.22,49.64,1994180
KSS,NYSE,2019/09/30 16:00:00,49.87,50.45,49.16,49.66,2253785
KSS,NYSE,2019/10/01 16:00:00,50.09,50.54,48.97,49,3171924
KSS,NYSE,2019/10/02 16:00:00,48.61,48.68,45.82,46.18,5353271
KSS,NYSE,2019/10/03 16:00:00,45.94,46.64,44.67,46.57,4040804
KSS,NYSE,2019/10/04 16:00:00,46.68,47.23,46.34,47.18,2493839
KSS,NYSE,2019/10/07 16:00:00,47.1,48.93,46.95,48.36,3692457
KSS,NYSE,2019/10/08 16:00:00,47.63,48.99,46.7,48.4,2925122
KSS,NYSE,2019/10/09 16:00:00,48.71,50.18,48.59,49.41,3028425
KSS,NYSE,2019/10/10 16:00:00,49.5,51.19,49.38,50.8,4445517
KSS,NYSE,2019/10/11 16:00:00,51.52,52.13,50.65,51.46,3088419
KSS,NYSE,2019/10/14 16:00:00,51.43,51.43,50.26,50.73,2325319
KSS,NYSE,2019/10/15 16:00:00,50.94,52.08,50.55,51.45,2225364
KSS,NYSE,2019/10/16 16:00:00,51.07,52.07,50.75,51.02,2184944
KSS,NYSE,2019/10/17 16:00:00,51.34,51.91,50.73,51.06,2562544
KSS,NYSE,2019/10/18 16:00:00,49.88,51.37,49.8,50.6,2658134
KSS,NYSE,2019/10/21 16:00:00,51.23,52.07,50.85,51.23,2231024
KSS,NYSE,2019/10/22 16:00:00,51.41,53,51.2,52.94,2307770
KSS,NYSE,2019/10/23 16:00:00,52.43,53.5,52.03,53.26,2560441
KSS,NYSE,2019/10/24 16:00:00,53.31,53.31,51.67,52.32,1644138
KSS,NYSE,2019/10/25 16:00:00,52.19,54.07,51.92,53.96,2336771
KSS,NYSE,2019/10/28 16:00:00,54.28,54.57,53.7,53.71,2119840
KSS,NYSE,2019/10/29 16:00:00,53.48,54.45,53.06,53.91,2422608
KSS,NYSE,2019/10/30 16:00:00,53.89,54.13,51.15,51.62,3623358
KSS,NYSE,2019/10/31 16:00:00,51.28,51.28,50.32,51.26,3090974
KSS,NYSE,2019/11/01 16:00:00,51.88,52.64,51.74,52.09,3106266
KSS,NYSE,2019/11/04 16:00:00,53.05,54.47,52.92,54.09,4838706
KSS,NYSE,2019/11/05 16:00:00,54.5,55.94,54.46,55.3,2920923
KSS,NYSE,2019/11/06 16:00:00,54.78,54.97,53.79,54.39,3193345
KSS,NYSE,2019/11/07 16:00:00,55.7,57.41,55.46,56.74,4944077
KSS,NYSE,2019/11/08 16:00:00,56.5,57.31,55.84,57.04,3942890
KSS,NYSE,2019/11/11 16:00:00,56.73,57.23,56.37,57.01,3282701
KSS,NYSE,2019/11/12 16:00:00,56.42,57.04,55.34,56.45,4047383
KSS,NYSE,2019/11/13 16:00:00,56.12,56.98,55.85,56.69,2198288
KSS,NYSE,2019/11/14 16:00:00,57.03,58.5,57,57.55,4154137
KSS,NYSE,2019/11/15 16:00:00,57.91,59.28,57.19,59.08,3589079
KSS,NYSE,2019/11/18 16:00:00,59.24,59.24,57.26,58.4,6093744
KSS,NYSE,2019/11/19 16:00:00,48.75,50.27,47.01,47.02,27113076
KSS,NYSE,2019/11/20 16:00:00,46.33,47.86,46.06,47.22,8098326
KSS,NYSE,2019/11/21 16:00:00,47,47.93,46.63,47.09,4896635
KSS,NYSE,2019/11/22 16:00:00,47.4,47.81,46.66,47,4406143
KSS,NYSE,2019/11/25 16:00:00,47.36,48.77,47.01,48.4,5772010
KSS,NYSE,2019/11/26 16:00:00,48.36,48.98,47.81,48.05,3930191
KSS,NYSE,2019/11/27 16:00:00,48.19,48.56,47.82,48.32,3215970
KSS,NYSE,2019/11/29 13:00:00,48.04,48.04,46.95,47.01,3299644
KSS,NYSE,2019/12/02 16:00:00,47.23,47.36,46.45,46.82,4271876
KSS,NYSE,2019/12/03 16:00:00,46.33,46.39,45.53,45.94,3969675
KSS,NYSE,2019/12/04 16:00:00,46.18,46.95,46.07,46.25,3552967
KSS,NYSE,2019/12/05 16:00:00,46.42,47.26,46.42,47.08,3386792
KSS,NYSE,2019/12/06 16:00:00,47.49,48.03,46.99,47.15,3785483
KSS,NYSE,2019/12/09 16:00:00,47.35,48.86,47.14,48.71,4681915
KSS,NYSE,2019/12/10 16:00:00,47.95,48.04,47.33,48.04,3232723
KSS,NYSE,2019/12/11 16:00:00,47.72,48.18,47.46,47.7,3240684
KSS,NYSE,2019/12/12 16:00:00,47.86,49.2,47.67,49.12,3892653
KSS,NYSE,2019/12/13 16:00:00,49.17,49.54,48.27,48.28,2858555
KSS,NYSE,2019/12/16 16:00:00,48.87,50.13,48.72,49.79,3700249
KSS,NYSE,2019/12/17 16:00:00,49.69,50.74,48.92,50.46,3367204
KSS,NYSE,2019/12/18 16:00:00,50.92,51.54,50.61,50.86,3163623
KSS,NYSE,2019/12/19 16:00:00,50.66,50.8,49.93,50.48,2606440
KSS,NYSE,2019/12/20 16:00:00,50.74,51.35,50.16,50.57,5363415
KSS,NYSE,2019/12/23 16:00:00,50.98,51.05,50,50.77,2101726
KSS,NYSE,2019/12/24 13:00:00,50.77,51.19,50.52,50.79,874281
KSS,NYSE,2019/12/26 16:00:00,50.99,51.4,50.46,51.19,2355426
KSS,NYSE,2019/12/27 16:00:00,51.3,51.6,50.7,50.94,2059978
KSS,NYSE,2019/12/30 16:00:00,50.95,51.13,50.01,50.62,1870264
KSS,NYSE,2019/12/31 16:00:00,50.59,51.44,50.52,50.95,2386493
KSS,NYSE,2020/01/02 16:00:00,51.22,51.3,48.75,49.11,4923737
KSS,NYSE,2020/01/03 16:00:00,48.58,49.38,48.46,49.19,3174837
KSS,NYSE,2020/01/06 16:00:00,48.95,50.58,48.87,50.06,4622590
KSS,NYSE,2020/01/07 16:00:00,49.64,50.82,49.43,50.17,3154572
KSS,NYSE,2020/01/08 16:00:00,50.08,50.55,49.08,49.38,3723918
KSS,NYSE,2020/01/09 16:00:00,45.79,46.33,44.61,46.15,19186772
KSS,NYSE,2020/01/10 16:00:00,45.65,47.06,45.64,46.36,5241905
KSS,NYSE,2020/01/13 16:00:00,46.48,46.78,45.92,46.31,3166023
KSS,NYSE,2020/01/14 16:00:00,46.39,46.9,46.16,46.53,2578017
KSS,NYSE,2020/01/15 16:00:00,46.14,46.76,46.03,46.72,2601492
KSS,NYSE,2020/01/16 16:00:00,46.85,47.04,46.42,47.03,2341233
KSS,NYSE,2020/01/17 16:00:00,47.08,47.42,46.74,47,2060628
KSS,NYSE,2020/01/21 16:00:00,46.86,46.86,45.85,46.13,2852115
KSS,NYSE,2020/01/22 16:00:00,46.22,46.9,46.15,46.37,1754635
KSS,NYSE,2020/01/23 16:00:00,46.18,46.46,45.62,46.22,2021870
KSS,NYSE,2020/01/24 16:00:00,46.31,46.45,45.41,45.49,1925408
KSS,NYSE,2020/01/27 16:00:00,44.71,45.19,44.45,44.68,2115410
KSS,NYSE,2020/01/28 16:00:00,45.15,45.4,44.48,45.08,1947310
KSS,NYSE,2020/01/29 16:00:00,45.28,45.62,44.84,44.85,1660064
KSS,NYSE,2020/01/30 16:00:00,44.51,44.75,44.13,44.56,2424492
KSS,NYSE,2020/01/31 16:00:00,44.39,44.42,42.5,42.75,3974697
KSS,NYSE,2020/02/03 16:00:00,42.87,44.09,42.77,42.88,2456329
KSS,NYSE,2020/02/04 16:00:00,43.46,44.05,43.13,43.22,2943120
KSS,NYSE,2020/02/05 16:00:00,43.75,46.26,43.68,46.07,4034019
KSS,NYSE,2020/02/06 16:00:00,46.34,46.47,44.92,44.95,2573278
KSS,NYSE,2020/02/07 16:00:00,44.65,44.76,43.63,43.8,2845741
KSS,NYSE,2020/02/10 16:00:00,43.6,44.52,43.46,44.09,2194074
KSS,NYSE,2020/02/11 16:00:00,44.19,44.75,43.65,44.44,2816454
KSS,NYSE,2020/02/12 16:00:00,44.74,45.7,44.58,45.36,3254024
KSS,NYSE,2020/02/13 16:00:00,45.01,45.13,44.27,44.64,2574779
KSS,NYSE,2020/02/14 16:00:00,44.68,44.72,44.11,44.47,2218901
KSS,NYSE,2020/02/18 16:00:00,44.22,44.28,43.36,43.83,3328448
KSS,NYSE,2020/02/19 16:00:00,43.83,44.33,43.18,44,2975037
KSS,NYSE,2020/02/20 16:00:00,43.95,45.52,43.81,44.77,3062340
KSS,NYSE,2020/02/21 16:00:00,44.23,45.03,43.94,44.55,2448502
KSS,NYSE,2020/02/24 16:00:00,42.88,43.51,42.36,43.13,2766581
KSS,NYSE,2020/02/25 16:00:00,43.38,43.56,40.46,41.1,3623610
KSS,NYSE,2020/02/26 16:00:00,41.31,41.78,39.91,40.02,4236385
KSS,NYSE,2020/02/27 16:00:00,38.75,40.85,37.11,38.92,5744543
KSS,NYSE,2020/02/28 16:00:00,37.55,39.75,37.51,39.15,4627759
KSS,NYSE,2020/03/02 16:00:00,39.2,39.2,37.17,38.44,5781682
KSS,NYSE,2020/03/03 16:00:00,39.86,40.1,36.58,37.43,11105301
KSS,NYSE,2020/03/04 16:00:00,37.77,37.77,35.74,36.52,5865510
KSS,NYSE,2020/03/05 16:00:00,35.42,35.96,34.01,34.14,6754313
KSS,NYSE,2020/03/06 16:00:00,33.5,35.98,32.88,34.65,6341832
KSS,NYSE,2020/03/09 16:00:00,32.08,32.79,31.1,32.5,5365604
KSS,NYSE,2020/03/10 16:00:00,34.02,34.21,30.05,31.61,7072555
KSS,NYSE,2020/03/11 16:00:00,30.58,30.69,28.09,28.45,7443047
KSS,NYSE,2020/03/12 16:00:00,24.75,25.5,23,23.01,7803304
KSS,NYSE,2020/03/13 16:00:00,24.6,24.9,22.05,24.79,9208541
KSS,NYSE,2020/03/16 16:00:00,21.66,22.08,19.7,19.71,7129182
KSS,NYSE,2020/03/17 16:00:00,19.3,19.35,15.95,17,11065658
KSS,NYSE,2020/03/18 16:00:00,15.92,16.48,13.98,15.59,7246830
KSS,NYSE,2020/03/19 16:00:00,15.35,18.07,14.36,17.18,8203169
KSS,NYSE,2020/03/20 16:00:00,17,17.6,15.33,15.85,8900854
KSS,NYSE,2020/03/23 16:00:00,15.6,15.79,12.85,13.09,14523898
KSS,NYSE,2020/03/24 16:00:00,14.2,16.84,14.01,16.63,12213210
KSS,NYSE,2020/03/25 16:00:00,17.39,18.3,15.89,17.7,11926891
KSS,NYSE,2020/03/26 16:00:00,18.41,18.89,17.11,17.96,7979324
KSS,NYSE,2020/03/27 16:00:00,16.77,18.26,15.77,17.55,8296121
KSS,NYSE,2020/03/30 16:00:00,17.02,17.54,15.7,16.03,6602786
KSS,NYSE,2020/03/31 16:00:00,15.92,16.46,14.45,14.59,8790069
KSS,NYSE,2020/04/01 16:00:00,13.79,13.92,12.85,12.94,9759811
KSS,NYSE,2020/04/02 16:00:00,12.9,13.77,11.52,11.71,10388459
KSS,NYSE,2020/04/03 16:00:00,11.75,11.99,10.89,11.51,9657466
KSS,NYSE,2020/04/06 16:00:00,12.42,14.59,12.31,14.15,14233661
KSS,NYSE,2020/04/07 16:00:00,16.65,18.63,16.51,17.01,23043529
KSS,NYSE,2020/04/08 16:00:00,17.95,18.5,17,17.52,14489338
KSS,NYSE,2020/04/09 16:00:00,18.88,21.28,18.81,19.91,16693605
KSS,NYSE,2020/04/13 16:00:00,20.42,20.9,17.92,18.79,10311192
KSS,NYSE,2020/04/14 16:00:00,19.43,20.33,18.57,19.01,9173478
KSS,NYSE,2020/04/15 16:00:00,17.6,18.47,17.08,17.69,7435723
KSS,NYSE,2020/04/16 16:00:00,17.85,18.08,17.2,17.61,5448822
KSS,NYSE,2020/04/17 16:00:00,18.96,19.7,18.03,18.48,10036088
KSS,NYSE,2020/04/20 16:00:00,17.73,18.31,16.98,17.06,9833444
KSS,NYSE,2020/04/21 16:00:00,16.33,17.08,16.11,16.48,8264179
KSS,NYSE,2020/04/22 16:00:00,16.9,17.2,15.16,15.39,11059793
KSS,NYSE,2020/04/23 16:00:00,15.08,16.35,15.04,16.12,13759026
KSS,NYSE,2020/04/24 16:00:00,16.25,16.45,15.12,15.8,13397040
KSS,NYSE,2020/04/27 16:00:00,16.2,18.64,15.72,18.6,16283593
KSS,NYSE,2020/04/28 16:00:00,19.73,20.95,18.74,19.84,19431260
KSS,NYSE,2020/04/29 16:00:00,20.9,21.08,19.37,20.05,14546863
KSS,NYSE,2020/04/30 16:00:00,19.5,19.64,18.22,18.46,13705245
KSS,NYSE,2020/05/01 16:00:00,17.72,18.38,17.35,17.64,8493859
KSS,NYSE,2020/05/04 16:00:00,16.99,17.94,16.26,17.57,8117106
KSS,NYSE,2020/05/05 16:00:00,18,18.58,16.98,17.08,6722160
KSS,NYSE,2020/05/06 16:00:00,17.26,17.4,16.45,16.65,7278418
KSS,NYSE,2020/05/07 16:00:00,17.22,18.4,17.21,17.9,10880635
KSS,NYSE,2020/05/08 16:00:00,18.55,18.92,17.72,18.2,10042024
KSS,NYSE,2020/05/11 16:00:00,17.86,17.91,17.02,17.54,8374755
KSS,NYSE,2020/05/12 16:00:00,17.78,18.22,16.88,16.9,5475939
KSS,NYSE,2020/05/13 16:00:00,16.78,16.9,15.98,16.33,7920970
KSS,NYSE,2020/05/14 16:00:00,15.82,17.3,15.31,16.69,8061187
KSS,NYSE,2020/05/15 16:00:00,16.35,17.71,16.1,17.54,9449447
KSS,NYSE,2020/05/18 16:00:00,18.54,19.33,18.3,18.82,15992868
KSS,NYSE,2020/05/19 16:00:00,18.55,18.61,16.9,17.38,24297184
KSS,NYSE,2020/05/20 16:00:00,17.76,17.76,16.62,16.7,14811007
KSS,NYSE,2020/05/21 16:00:00,16.58,18.3,16.31,18.01,14671807
KSS,NYSE,2020/05/22 16:00:00,18.06,18.35,17.19,17.48,8518397
KSS,NYSE,2020/05/26 16:00:00,18.55,19.66,18.42,19.46,13145941
KSS,NYSE,2020/05/27 16:00:00,20.54,22.31,20.31,22.29,18688807
KSS,NYSE,2020/05/28 16:00:00,22.52,22.61,19.96,20.12,15472760
KSS,NYSE,2020/05/29 16:00:00,19.54,19.73,18.8,19.22,21263835
KSS,NYSE,2020/06/01 16:00:00,19.16,21.04,19.01,20.7,13250773
KSS,NYSE,2020/06/02 16:00:00,21.08,21.46,20.21,21.05,10626336
KSS,NYSE,2020/06/03 16:00:00,21.64,23.2,21.64,22.9,12266695
KSS,NYSE,2020/06/04 16:00:00,22.93,24.28,22.3,23.84,12021942
KSS,NYSE,2020/06/05 16:00:00,27.33,28.65,26.36,26.58,18114450
KSS,NYSE,2020/06/08 16:00:00,28.35,28.89,27.4,28.83,13538350
KSS,NYSE,2020/06/09 16:00:00,27.81,29.34,26.65,26.82,13522586
KSS,NYSE,2020/06/10 16:00:00,26.76,26.8,23.94,23.95,16263453
KSS,NYSE,2020/06/11 16:00:00,21.51,22.74,20.99,21.26,12965901
KSS,NYSE,2020/06/12 16:00:00,23.07,23.29,21.88,23.22,8787925
KSS,NYSE,2020/06/15 16:00:00,21.5,23.05,21.14,22.78,11092089
KSS,NYSE,2020/06/16 16:00:00,25.84,25.84,24.06,24.82,12875775
KSS,NYSE,2020/06/17 16:00:00,24.47,24.64,23.33,23.57,7505600
KSS,NYSE,2020/06/18 16:00:00,22.95,24.04,22.63,23.36,7302290
KSS,NYSE,2020/06/19 16:00:00,23.82,23.87,22.08,22.25,11984162
KSS,NYSE,2020/06/22 16:00:00,22.15,22.43,21.58,21.94,9855182
KSS,NYSE,2020/06/23 16:00:00,22.2,22.36,21.48,22,7511239
KSS,NYSE,2020/06/24 16:00:00,21.55,21.72,20.26,20.64,8964355
KSS,NYSE,2020/06/25 16:00:00,20.06,20.48,19.51,19.91,8988874
KSS,NYSE,2020/06/26 16:00:00,19.8,20.42,18.69,18.77,10901812
KSS,NYSE,2020/06/29 16:00:00,19.04,20.68,18.7,20.66,9119065
KSS,NYSE,2020/06/30 16:00:00,20.35,20.86,19.97,20.77,6911278
KSS,NYSE,2020/07/01 16:00:00,20.88,21.78,20.08,20.1,8293638
KSS,NYSE,2020/07/02 16:00:00,20.86,21.1,20.16,20.58,6942080
KSS,NYSE,2020/07/06 16:00:00,21.1,21.4,20.42,20.98,6335653
KSS,NYSE,2020/07/07 16:00:00,20.56,20.88,20.04,20.3,6501369
KSS,NYSE,2020/07/08 16:00:00,21.24,22.28,20.69,22.22,14995168
KSS,NYSE,2020/07/09 16:00:00,22.05,22.05,20.32,20.61,12413128
KSS,NYSE,2020/07/10 16:00:00,20.52,21.34,20.2,21.09,8246394
KSS,NYSE,2020/07/13 16:00:00,21.2,21.36,20.32,20.44,7214053
KSS,NYSE,2020/07/14 16:00:00,20.25,20.88,19.93,20.38,6915693
KSS,NYSE,2020/07/15 16:00:00,21.26,22.43,21.07,22.3,8555800
KSS,NYSE,2020/07/16 16:00:00,21.62,22.91,21.5,22.77,8636706
KSS,NYSE,2020/07/17 16:00:00,22.71,22.87,21.94,22.04,6406479
KSS,NYSE,2020/07/20 16:00:00,21.9,21.98,20.86,21.21,6842134
KSS,NYSE,2020/07/21 16:00:00,21.51,22.94,21.4,22.33,8910990
KSS,NYSE,2020/07/22 16:00:00,20.87,21.5,20.59,21.46,12291230
KSS,NYSE,2020/07/23 16:00:00,21.25,22.69,21.22,22.06,10019328
KSS,NYSE,2020/07/24 16:00:00,21.81,22.24,20.74,20.86,8985262
KSS,NYSE,2020/07/27 16:00:00,20.86,20.87,19.52,19.78,9009219
KSS,NYSE,2020/07/28 16:00:00,19.71,20.75,19.7,20.28,6547802
KSS,NYSE,2020/07/29 16:00:00,20.38,20.84,19.9,20.09,7360538
KSS,NYSE,2020/07/30 16:00:00,19.85,20.04,19.11,19.36,8366780
KSS,NYSE,2020/07/31 16:00:00,19.37,19.57,18.67,19.04,6874606
KSS,NYSE,2020/08/03 16:00:00,19.02,19.68,18.61,19.33,6602915
KSS,NYSE,2020/08/04 16:00:00,19.35,19.86,19.17,19.65,6211885
KSS,NYSE,2020/08/05 16:00:00,20.28,21.12,20.17,20.83,9003433
KSS,NYSE,2020/08/06 16:00:00,20.55,21.15,20.23,20.72,6078374
KSS,NYSE,2020/08/07 16:00:00,20.62,22.22,20.46,22.02,7119058
KSS,NYSE,2020/08/10 16:00:00,22.13,23.33,22.07,22.85,10086751
KSS,NYSE,2020/08/11 16:00:00,23.71,24.14,23.13,23.24,8622082
KSS,NYSE,2020/08/12 16:00:00,23.71,23.96,22.54,23.43,6792319
KSS,NYSE,2020/08/13 16:00:00,22.99,23.2,22.58,22.77,7063327
KSS,NYSE,2020/08/14 16:00:00,22.81,24.31,22.56,23.4,10009737
KSS,NYSE,2020/08/17 16:00:00,23.58,23.82,22.67,23.45,9559504
KSS,NYSE,2020/08/18 16:00:00,20.94,21.09,19.35,20.01,45075042
KSS,NYSE,2020/08/19 16:00:00,19.71,20.4,19.45,19.58,15202306
KSS,NYSE,2020/08/20 16:00:00,19.09,19.74,19,19,10126259
KSS,NYSE,2020/08/21 16:00:00,18.95,19.34,18.74,18.9,9189672
KSS,NYSE,2020/08/24 16:00:00,19.19,20.43,19.07,20.39,12822206
KSS,NYSE,2020/08/25 16:00:00,20.53,20.8,19.93,20.62,8317001
KSS,NYSE,2020/08/26 16:00:00,20.55,20.97,20.35,20.71,6286968
KSS,NYSE,2020/08/27 16:00:00,20.75,21.72,20.75,21.12,7446800
KSS,NYSE,2020/08/28 16:00:00,21.36,21.69,21.12,21.65,7460558
KSS,NYSE,2020/08/31 16:00:00,21.6,21.61,20.81,21.36,6882137
KSS,NYSE,2020/09/01 16:00:00,20.9,21.59,20.78,20.97,7108920
KSS,NYSE,2020/09/02 16:00:00,21.28,21.93,20.84,21.2,7239562
KSS,NYSE,2020/09/03 16:00:00,21.32,22.09,21.01,21.72,9814927
KSS,NYSE,2020/09/04 16:00:00,22.05,22.29,20.97,22.25,8286952
KSS,NYSE,2020/09/08 16:00:00,21.81,22.78,21.36,22.38,10203989
KSS,NYSE,2020/09/09 16:00:00,22.2,22.38,21.9,22.03,6947867
KSS,NYSE,2020/09/10 16:00:00,22.18,22.7,21.78,21.89,6279025
KSS,NYSE,2020/09/11 16:00:00,21.99,21.99,21.11,21.33,6724706
KSS,NYSE,2020/09/14 16:00:00,21.68,23.4,21.59,23.37,10608022
KSS,NYSE,2020/09/15 16:00:00,23.09,23.48,22.75,23.13,6548063
KSS,NYSE,2020/09/16 16:00:00,23.16,24.51,22.95,23.82,8884632
KSS,NYSE,2020/09/17 16:00:00,23.54,24.04,22.99,23.26,5923414
KSS,NYSE,2020/09/18 16:00:00,23.22,23.86,23.1,23.4,34310566
KSS,NYSE,2020/09/21 16:00:00,22.53,22.94,21.48,21.5,7535029
KSS,NYSE,2020/09/22 16:00:00,21.91,21.91,20.73,20.82,7380962
KSS,NYSE,2020/09/23 16:00:00,21.11,21.55,20.13,20.15,6096662
KSS,NYSE,2020/09/24 16:00:00,19.94,20.3,19.24,19.84,7077442
KSS,NYSE,2020/09/25 16:00:00,19.78,20.04,19.27,19.45,6669133
KSS,NYSE,2020/09/28 16:00:00,19.95,20.27,19.45,19.48,6565897
KSS,NYSE,2020/09/29 16:00:00,19.65,19.65,18.28,18.41,13008105
KSS,NYSE,2020/09/30 16:00:00,18.46,19.03,18.43,18.53,9249853
KSS,NYSE,2020/10/01 16:00:00,18.56,19.63,18.36,19.46,9286881
KSS,NYSE,2020/10/02 16:00:00,18.54,20.06,18.5,19.96,10624243
KSS,NYSE,2020/10/05 16:00:00,20.33,20.75,20.05,20.42,6275547
KSS,NYSE,2020/10/06 16:00:00,20.75,20.75,19.36,19.49,7438574
KSS,NYSE,2020/10/07 16:00:00,19.83,20.74,19.83,20.64,6694326
KSS,NYSE,2020/10/08 16:00:00,20.87,21.9,20.72,21.89,8073972
KSS,NYSE,2020/10/09 16:00:00,22,22.24,21.43,21.53,6681734
KSS,NYSE,2020/10/12 16:00:00,21.75,22.39,21.18,21.26,6230303
KSS,NYSE,2020/10/13 16:00:00,21.18,21.28,20.43,20.6,6250785
KSS,NYSE,2020/10/14 16:00:00,20.68,21.15,20.54,20.64,6281520
KSS,NYSE,2020/10/15 16:00:00,20.05,20.8,20.03,20.66,4632410
KSS,NYSE,2020/10/16 16:00:00,20.82,20.97,20.08,20.21,6665586
KSS,NYSE,2020/10/19 16:00:00,20.49,20.57,19.34,19.37,7454892
KSS,NYSE,2020/10/20 16:00:00,19.68,21.43,19.68,20.65,14659108
KSS,NYSE,2020/10/21 16:00:00,20.91,22.36,20.23,22.04,13784444
KSS,NYSE,2020/10/22 16:00:00,21.87,23.36,21.87,23.1,10489818
KSS,NYSE,2020/10/23 16:00:00,23.31,24.08,22.62,23.97,10670167
KSS,NYSE,2020/10/26 16:00:00,23.68,24.15,22.19,22.86,9915770
KSS,NYSE,2020/10/27 16:00:00,22.71,23.13,22.12,22.14,5733571
KSS,NYSE,2020/10/28 16:00:00,21.47,21.92,20.82,21.16,6358381
KSS,NYSE,2020/10/29 16:00:00,20.97,22.06,20.83,21.8,6200987
KSS,NYSE,2020/10/30 16:00:00,21.48,22.1,20.8,21.29,9649564
KSS,NYSE,2020/11/02 16:00:00,21.48,21.48,20.47,20.59,7673642
KSS,NYSE,2020/11/03 16:00:00,20.91,21.97,20.55,21.78,8755356
KSS,NYSE,2020/11/04 16:00:00,21.42,21.61,20.67,20.77,8497502
KSS,NYSE,2020/11/05 16:00:00,20.88,22.08,20.86,21.66,7076824
KSS,NYSE,2020/11/06 16:00:00,21.73,22.23,21.22,21.54,6908263
KSS,NYSE,2020/11/09 16:00:00,24.21,25.98,23.58,25.84,15460456
KSS,NYSE,2020/11/10 16:00:00,25.8,27.14,25.63,26.15,12665445
KSS,NYSE,2020/11/11 16:00:00,25.74,26.15,23.42,23.52,14877608
KSS,NYSE,2020/11/12 16:00:00,22.98,23.51,22.31,22.68,9964088
KSS,NYSE,2020/11/13 16:00:00,23.1,24.59,22.96,24.26,11024529
KSS,NYSE,2020/11/16 16:00:00,25.95,26.27,24.8,26.15,15228126
KSS,NYSE,2020/11/17 16:00:00,25.6,29.42,25.38,29.18,24582170
KSS,NYSE,2020/11/18 16:00:00,29.61,30.34,28.19,28.68,15585565
KSS,NYSE,2020/11/19 16:00:00,28.72,29.37,28.22,29.17,9947892
KSS,NYSE,2020/11/20 16:00:00,29.08,29.88,28.4,28.41,8641366
KSS,NYSE,2020/11/23 16:00:00,29,31.19,28.8,30.96,13173071
KSS,NYSE,2020/11/24 16:00:00,32.84,33.54,31.95,33.49,14729092
KSS,NYSE,2020/11/25 16:00:00,32.8,33.84,32.28,33.45,9510702
KSS,NYSE,2020/11/27 13:00:00,33.09,33.65,32.56,33.5,4327504
KSS,NYSE,2020/11/30 16:00:00,32.91,33.25,31.25,32.2,8805218
KSS,NYSE,2020/12/01 16:00:00,36.08,37.27,35.66,36.52,19858607
KSS,NYSE,2020/12/02 16:00:00,36.69,38.64,35.97,38.55,11654179
KSS,NYSE,2020/12/03 16:00:00,38.74,39.66,38.28,38.63,7477814
KSS,NYSE,2020/12/04 16:00:00,39.16,41,39.1,40.9,7941997
KSS,NYSE,2020/12/07 16:00:00,40.6,40.89,39.61,40.44,5392438
KSS,NYSE,2020/12/08 16:00:00,39.73,41.19,39.7,40.09,5902378
KSS,NYSE,2020/12/09 16:00:00,40.55,40.84,39.17,39.67,5814375
KSS,NYSE,2020/12/10 16:00:00,39.15,40.1,38.81,39.32,4420226
KSS,NYSE,2020/12/11 16:00:00,38.65,39.12,37.63,38.24,5924566
KSS,NYSE,2020/12/14 16:00:00,38.77,39.35,36.78,36.92,6377365
KSS,NYSE,2020/12/15 16:00:00,37.3,38.68,37.28,38.58,4670833
KSS,NYSE,2020/12/16 16:00:00,38.68,39.31,38.05,38.98,4027915
KSS,NYSE,2020/12/17 16:00:00,38.85,39.54,38.56,38.96,3633289
KSS,NYSE,2020/12/18 16:00:00,39.68,40.9,39.11,39.4,6387246
KSS,NYSE,2020/12/21 16:00:00,38.27,39.03,37.86,38.41,5160798
KSS,NYSE,2020/12/22 16:00:00,38.83,38.9,37.61,38.2,3387652
KSS,NYSE,2020/12/23 16:00:00,38.67,39.91,38.5,39.73,3546409
KSS,NYSE,2020/12/24 13:00:00,39.36,39.51,38.36,38.91,2173073
KSS,NYSE,2020/12/28 16:00:00,39.06,40.8,38.38,40.13,4374664
KSS,NYSE,2020/12/29 16:00:00,39.85,40.07,38.55,39.89,3896096
KSS,NYSE,2020/12/30 16:00:00,40.04,41.61,39.93,41.33,4288199
KSS,NYSE,2020/12/31 16:00:00,41.01,41.79,40.59,40.69,2790705
KSS,NYSE,2021/01/04 16:00:00,40.76,41.1,38.76,38.78,5098930
KSS,NYSE,2021/01/05 16:00:00,38.75,39.83,38.65,39.49,3738673
KSS,NYSE,2021/01/06 16:00:00,40.23,42.29,40.03,41.08,5497142
KSS,NYSE,2021/01/07 16:00:00,41.63,42.76,41.51,41.55,4913101
KSS,NYSE,2021/01/08 16:00:00,41.7,42.41,40.91,41.61,3887554
KSS,NYSE,2021/01/11 16:00:00,41.56,43.77,41.35,42.39,4338656
KSS,NYSE,2021/01/12 16:00:00,42.86,45.38,42.55,45.21,5502375
KSS,NYSE,2021/01/13 16:00:00,44.34,45.84,44.15,45.02,4052762
KSS,NYSE,2021/01/14 16:00:00,44.89,46.16,44.75,45.58,3675727
KSS,NYSE,2021/01/15 16:00:00,45.18,45.75,43.33,43.6,5050058
KSS,NYSE,2021/01/19 16:00:00,43.99,44.29,42.91,43.62,2500296
KSS,NYSE,2021/01/20 16:00:00,43.93,45.35,43.5,43.68,4161623
KSS,NYSE,2021/01/21 16:00:00,44.14,45.77,43.93,44.79,3320078
KSS,NYSE,2021/01/22 16:00:00,44.1,45.21,43.79,45.18,3594961
KSS,NYSE,2021/01/25 16:00:00,45.52,47.3,44.21,44.93,4596027
KSS,NYSE,2021/01/26 16:00:00,45.5,45.68,44.41,45.16,3371969
KSS,NYSE,2021/01/27 16:00:00,46.96,49.51,45.72,47.65,9055058
KSS,NYSE,2021/01/28 16:00:00,47.23,47.92,45.61,45.69,4640916
KSS,NYSE,2021/01/29 16:00:00,46.11,46.64,43.89,44.06,5198271
KSS,NYSE,2021/02/01 16:00:00,44.54,44.96,42.81,43.13,4261282
KSS,NYSE,2021/02/02 16:00:00,43.31,43.73,42.68,43.36,3071658
KSS,NYSE,2021/02/03 16:00:00,44.67,46.96,44.35,46.65,4847385
KSS,NYSE,2021/02/04 16:00:00,47.51,51,47.5,49.33,7564310
KSS,NYSE,2021/02/05 16:00:00,50,50,48.37,49.53,3045271
KSS,NYSE,2021/02/08 16:00:00,49.94,51.46,49.47,51.09,3375550
KSS,NYSE,2021/02/09 16:00:00,50.87,51,49.7,49.85,3168552
KSS,NYSE,2021/02/10 16:00:00,50.19,50.92,49.31,49.98,2259016
KSS,NYSE,2021/02/11 16:00:00,50.04,51.44,49.67,50.55,2396432
KSS,NYSE,2021/02/12 16:00:00,50.17,50.46,49.27,50.08,2059161
KSS,NYSE,2021/02/16 16:00:00,50.28,50.56,49.21,50.36,4321579
KSS,NYSE,2021/02/17 16:00:00,50.25,50.87,49.36,49.73,3420063
KSS,NYSE,2021/02/18 16:00:00,49.01,49.21,47.89,48.58,4592405
KSS,NYSE,2021/02/19 16:00:00,49.01,53,48.84,52.7,5664770
KSS,NYSE,2021/02/22 16:00:00,55.98,58.38,55,55.97,13035916
KSS,NYSE,2021/02/23 16:00:00,55.58,56.43,51.63,55.75,4287003
KSS,NYSE,2021/02/24 16:00:00,56.25,56.58,54.56,55.69,2746456
KSS,NYSE,2021/02/25 16:00:00,55.52,57.19,54.17,54.44,2772635
KSS,NYSE,2021/02/26 16:00:00,54.58,55.97,53.31,55.25,3805611
KSS,NYSE,2021/03/01 16:00:00,56.3,57.97,55.83,57,3450007
KSS,NYSE,2021/03/02 16:00:00,56.7,58.73,56.5,57.36,5905089
KSS,NYSE,2021/03/03 16:00:00,57.84,58.74,56.02,57.61,4301963
KSS,NYSE,2021/03/04 16:00:00,56.82,57.85,53.04,54.81,3481744
KSS,NYSE,2021/03/05 16:00:00,56.32,56.68,52.99,55.59,2196825
KSS,NYSE,2021/03/08 16:00:00,56.01,58.2,56,56.9,2424608
KSS,NYSE,2021/03/09 16:00:00,57.09,58.48,55.7,57.59,2104862
KSS,NYSE,2021/03/10 16:00:00,57.57,58.47,56.12,57.24,1616502
KSS,NYSE,2021/03/11 16:00:00,57.13,57.6,56.55,57.26,1578711
KSS,NYSE,2021/03/12 16:00:00,57.72,60.95,57.26,60.46,3437992
KSS,NYSE,2021/03/15 16:00:00,60.58,64.16,60.58,62.99,3706486
KSS,NYSE,2021/03/16 16:00:00,62.2,62.95,60.43,61.12,2685618
KSS,NYSE,2021/03/17 16:00:00,60.62,61.99,60.07,61.12,1999956
KSS,NYSE,2021/03/18 16:00:00,61.67,63.62,59.82,60.24,3423606
KSS,NYSE,2021/03/19 16:00:00,60,62.12,58.36,61.68,3224565
KSS,NYSE,2021/03/22 16:00:00,61.75,62.12,58.6,58.74,4404561
KSS,NYSE,2021/03/23 16:00:00,58.2,58.65,54.81,55.54,3150731
KSS,NYSE,2021/03/24 16:00:00,56.68,58.04,54.1,54.17,2712373
KSS,NYSE,2021/03/25 16:00:00,53.18,57.61,52.54,57.27,2522368
KSS,NYSE,2021/03/26 16:00:00,58.7,60.11,57.33,58.98,2569077
KSS,NYSE,2021/03/29 16:00:00,58.22,58.62,56.89,57.76,3228265
KSS,NYSE,2021/03/30 16:00:00,58.25,60.18,58.14,59.48,2689767
KSS,NYSE,2021/03/31 16:00:00,59.47,61.38,58.94,59.61,2396837
KSS,NYSE,2021/04/01 16:00:00,59.37,59.75,57.55,58.31,3294352
KSS,NYSE,2021/04/05 16:00:00,59.01,59.5,57.22,59.07,2020077
KSS,NYSE,2021/04/06 16:00:00,58.78,61.26,58.33,60,4104652
KSS,NYSE,2021/04/07 16:00:00,60,61.38,59.81,61.34,2900195
KSS,NYSE,2021/04/08 16:00:00,60.85,61.49,59.09,61.3,2665865
KSS,NYSE,2021/04/09 16:00:00,61.66,62.96,60.71,62.76,2879817
NLSN,NYSE,2019/04/01 16:00:00,23.83,24.44,23.72,24.28,5095237
NLSN,NYSE,2019/04/02 16:00:00,24.29,24.65,24.25,24.25,3298631
NLSN,NYSE,2019/04/03 16:00:00,24.32,26.12,24.25,26,10541235
NLSN,NYSE,2019/04/04 16:00:00,26,26.66,25.98,26.25,6402755
NLSN,NYSE,2019/04/05 16:00:00,26.45,26.55,26.17,26.21,4071230
NLSN,NYSE,2019/04/08 16:00:00,26.1,26.14,25.52,26.02,4416290
NLSN,NYSE,2019/04/09 16:00:00,25.86,26.84,25.72,26.26,7697051
NLSN,NYSE,2019/04/10 16:00:00,26.25,26.63,25.98,26.54,2270082
NLSN,NYSE,2019/04/11 16:00:00,26.7,27.28,26.38,26.87,3843063
NLSN,NYSE,2019/04/12 16:00:00,26.97,27.1,26.64,26.64,3303840
NLSN,NYSE,2019/04/15 16:00:00,26.73,27.03,26.48,26.5,4635362
NLSN,NYSE,2019/04/16 16:00:00,26.54,26.85,26.06,26.14,3167260
NLSN,NYSE,2019/04/17 16:00:00,26.14,26.38,25.94,26.26,3029626
NLSN,NYSE,2019/04/18 16:00:00,26.24,26.5,25.89,26.23,2915455
NLSN,NYSE,2019/04/22 16:00:00,26.16,26.29,26,26.04,2450834
NLSN,NYSE,2019/04/23 16:00:00,25.99,26.11,25.52,25.57,3854844
NLSN,NYSE,2019/04/24 16:00:00,25.62,25.73,25.27,25.6,2070470
NLSN,NYSE,2019/04/25 16:00:00,25.4,25.49,25.1,25.34,2961376
NLSN,NYSE,2019/04/26 16:00:00,25.42,25.59,25.14,25.39,3560309
NLSN,NYSE,2019/04/29 16:00:00,25.56,25.81,25.05,25.35,2405377
NLSN,NYSE,2019/04/30 16:00:00,25.49,25.99,25.05,25.53,4750362
NLSN,NYSE,2019/05/01 16:00:00,25.59,25.67,24.84,24.86,3771387
NLSN,NYSE,2019/05/02 16:00:00,24.82,24.93,24.34,24.45,3321760
NLSN,NYSE,2019/05/03 16:00:00,24.45,24.76,24.37,24.75,2737650
NLSN,NYSE,2019/05/06 16:00:00,24.44,24.73,24.35,24.52,2377221
NLSN,NYSE,2019/05/07 16:00:00,24.33,24.41,23.97,24.16,3629987
NLSN,NYSE,2019/05/08 16:00:00,24.2,24.5,24.09,24.12,2401925
NLSN,NYSE,2019/05/09 16:00:00,23.82,24.31,23.72,24.27,2676203
NLSN,NYSE,2019/05/10 16:00:00,24.16,24.72,23.82,24.59,4635116
NLSN,NYSE,2019/05/13 16:00:00,23.95,24.06,23.1,23.75,6059111
NLSN,NYSE,2019/05/14 16:00:00,23.83,24.26,23.71,24.04,2949179
NLSN,NYSE,2019/05/15 16:00:00,23.89,24.09,23.8,23.83,3439662
NLSN,NYSE,2019/05/16 16:00:00,23.93,23.98,23.65,23.68,2886403
NLSN,NYSE,2019/05/17 16:00:00,23.52,23.79,23.42,23.6,3219698
NLSN,NYSE,2019/05/20 16:00:00,23.43,24.27,23.36,23.69,5840968
NLSN,NYSE,2019/05/21 16:00:00,23.74,24.18,23.7,24.16,3643335
NLSN,NYSE,2019/05/22 16:00:00,24.01,24.32,23.97,23.98,2031864
NLSN,NYSE,2019/05/23 16:00:00,23.8,23.8,23.36,23.41,2793491
NLSN,NYSE,2019/05/24 16:00:00,23.46,23.49,22.97,23,3226910
NLSN,NYSE,2019/05/28 16:00:00,23.03,23.12,22.63,22.63,5165689
NLSN,NYSE,2019/05/29 16:00:00,22.58,22.76,22.5,22.59,3573262
NLSN,NYSE,2019/05/30 16:00:00,22.64,23.14,22.32,22.36,5729272
NLSN,NYSE,2019/05/31 16:00:00,22.18,22.75,22.16,22.73,3759573
NLSN,NYSE,2019/06/03 16:00:00,22.71,23.02,22.59,22.89,3880971
NLSN,NYSE,2019/06/04 16:00:00,22.7,22.8,22.52,22.67,3577079
NLSN,NYSE,2019/06/05 16:00:00,22.82,22.82,22.42,22.58,2442338
NLSN,NYSE,2019/06/06 16:00:00,22.78,22.89,22.56,22.61,3585315
NLSN,NYSE,2019/06/07 16:00:00,22.78,22.89,22.58,22.75,2886914
NLSN,NYSE,2019/06/10 16:00:00,22.81,22.94,22.31,22.45,2565437
NLSN,NYSE,2019/06/11 16:00:00,22.52,22.68,22.45,22.54,2341179
NLSN,NYSE,2019/06/12 16:00:00,22.54,22.81,22.43,22.8,1124288
NLSN,NYSE,2019/06/13 16:00:00,22.88,23.2,22.82,23.17,2288517
NLSN,NYSE,2019/06/14 16:00:00,23.15,23.19,22.98,23.06,2855241
NLSN,NYSE,2019/06/17 16:00:00,23.1,23.58,22.97,23.46,3308863
NLSN,NYSE,2019/06/18 16:00:00,23.59,23.87,23.39,23.42,2233272
NLSN,NYSE,2019/06/19 16:00:00,23.42,23.64,23.33,23.6,2092399
NLSN,NYSE,2019/06/20 16:00:00,23.81,23.81,23.34,23.45,3486696
NLSN,NYSE,2019/06/21 16:00:00,23.48,23.72,23.28,23.41,5795513
NLSN,NYSE,2019/06/24 16:00:00,23.36,23.43,22.22,22.34,3860135
NLSN,NYSE,2019/06/25 16:00:00,22.32,22.43,21.98,21.99,2717549
NLSN,NYSE,2019/06/26 16:00:00,22.05,22.18,21.89,22.1,2856102
NLSN,NYSE,2019/06/27 16:00:00,22.19,22.42,22.1,22.33,1671299
NLSN,NYSE,2019/06/28 16:00:00,22.32,22.6,22.21,22.6,4183819
NLSN,NYSE,2019/07/01 16:00:00,22.7,23.09,22.35,22.41,3919290
NLSN,NYSE,2019/07/02 16:00:00,22.41,22.93,22.39,22.82,2270058
NLSN,NYSE,2019/07/03 13:00:00,22.81,23.01,22.73,22.92,1587983
NLSN,NYSE,2019/07/05 16:00:00,22.92,23.09,22.79,23.02,1912096
NLSN,NYSE,2019/07/08 16:00:00,22.95,22.99,22.59,22.89,1585194
NLSN,NYSE,2019/07/09 16:00:00,22.79,22.81,22.33,22.43,2773846
NLSN,NYSE,2019/07/10 16:00:00,22.43,22.49,22.24,22.47,2089197
NLSN,NYSE,2019/07/11 16:00:00,22.59,22.95,22.53,22.86,3115000
NLSN,NYSE,2019/07/12 16:00:00,22.98,22.98,22.71,22.86,1818305
NLSN,NYSE,2019/07/15 16:00:00,22.88,24.69,22.65,23.41,9129140
NLSN,NYSE,2019/07/16 16:00:00,23.69,23.69,23.18,23.39,3458900
NLSN,NYSE,2019/07/17 16:00:00,23.28,23.49,23.04,23.35,2593753
NLSN,NYSE,2019/07/18 16:00:00,23.23,23.57,23.1,23.56,2245282
NLSN,NYSE,2019/07/19 16:00:00,23.54,23.75,23.34,23.5,2837983
NLSN,NYSE,2019/07/22 16:00:00,23.58,23.73,23.36,23.5,1928397
NLSN,NYSE,2019/07/23 16:00:00,23.66,23.66,23.31,23.53,1639153
NLSN,NYSE,2019/07/24 16:00:00,23.61,23.89,23.57,23.8,1873389
NLSN,NYSE,2019/07/25 16:00:00,23.8,23.86,23.59,23.67,1242925
NLSN,NYSE,2019/07/26 16:00:00,23.7,23.71,23.42,23.55,3219696
NLSN,NYSE,2019/07/29 16:00:00,23.55,23.7,23.38,23.5,2560052
NLSN,NYSE,2019/07/30 16:00:00,23.4,23.4,22.78,22.9,3297412
NLSN,NYSE,2019/07/31 16:00:00,23.89,24.1,22.78,23.16,7173662
NLSN,NYSE,2019/08/01 16:00:00,23,23.53,22.86,22.98,3425788
NLSN,NYSE,2019/08/02 16:00:00,22.9,23.03,22.59,22.73,3099147
NLSN,NYSE,2019/08/05 16:00:00,22.51,22.51,21.52,21.88,3408831
NLSN,NYSE,2019/08/06 16:00:00,21.95,22.03,21.5,21.76,2524310
NLSN,NYSE,2019/08/07 16:00:00,21.5,21.84,21.15,21.72,3173321
NLSN,NYSE,2019/08/08 16:00:00,21.88,22.22,21.83,22.12,2385604
NLSN,NYSE,2019/08/09 16:00:00,22.08,22.09,21.67,21.7,1216222
NLSN,NYSE,2019/08/12 16:00:00,21.61,21.61,20.96,21.13,2254422
NLSN,NYSE,2019/08/13 16:00:00,21.03,21.45,20.91,21.27,2700778
NLSN,NYSE,2019/08/14 16:00:00,20.97,21.03,20.68,20.92,4987574
NLSN,NYSE,2019/08/15 16:00:00,20.97,20.97,20.22,20.23,2700114
NLSN,NYSE,2019/08/16 16:00:00,20.41,20.43,20.15,20.35,3165005
NLSN,NYSE,2019/08/19 16:00:00,20.54,20.83,20.47,20.72,3771444
NLSN,NYSE,2019/08/20 16:00:00,20.68,20.81,20.42,20.73,4069258
NLSN,NYSE,2019/08/21 16:00:00,20.55,20.9,20.55,20.69,2588631
NLSN,NYSE,2019/08/22 16:00:00,20.74,20.91,20.57,20.68,1691757
NLSN,NYSE,2019/08/23 16:00:00,20.59,20.62,19.96,20.02,2695814
NLSN,NYSE,2019/08/26 16:00:00,20.18,20.31,20.07,20.28,2024921
NLSN,NYSE,2019/08/27 16:00:00,20.42,20.53,20.2,20.32,2770433
NLSN,NYSE,2019/08/28 16:00:00,20.21,20.55,20.11,20.52,2741296
NLSN,NYSE,2019/08/29 16:00:00,20.69,20.9,20.69,20.9,2233420
NLSN,NYSE,2019/08/30 16:00:00,21.07,21.15,20.63,20.76,1984509
NLSN,NYSE,2019/09/03 16:00:00,20.58,20.75,20.35,20.51,1968894
NLSN,NYSE,2019/09/04 16:00:00,20.63,20.74,20.56,20.58,1552467
NLSN,NYSE,2019/09/05 16:00:00,20.78,21.1,20.69,21.02,4550584
NLSN,NYSE,2019/09/06 16:00:00,21.07,21.48,21.07,21.21,3103011
NLSN,NYSE,2019/09/09 16:00:00,21.25,21.68,21.25,21.67,2015498
NLSN,NYSE,2019/09/10 16:00:00,21.7,22.39,21.64,22.39,2530904
NLSN,NYSE,2019/09/11 16:00:00,22.27,22.91,22.1,22.84,3009700
NLSN,NYSE,2019/09/12 16:00:00,22.94,22.95,22.49,22.51,2272516
NLSN,NYSE,2019/09/13 16:00:00,22.51,22.85,22.43,22.46,2401015
NLSN,NYSE,2019/09/16 16:00:00,22.46,22.79,22.42,22.65,2116021
NLSN,NYSE,2019/09/17 16:00:00,22.61,22.67,22.33,22.57,2242626
NLSN,NYSE,2019/09/18 16:00:00,22.52,22.83,22.39,22.74,2040926
NLSN,NYSE,2019/09/19 16:00:00,22.81,23.31,22.6,22.63,2898455
NLSN,NYSE,2019/09/20 16:00:00,22.7,22.93,22.38,22.38,4219778
NLSN,NYSE,2019/09/23 16:00:00,22.34,22.52,22.33,22.4,2141323
NLSN,NYSE,2019/09/24 16:00:00,22.43,22.53,22,22.07,3353334
NLSN,NYSE,2019/09/25 16:00:00,22.03,22.27,21.98,22.19,3168586
NLSN,NYSE,2019/09/26 16:00:00,22.12,22.24,21.34,21.35,2288274
NLSN,NYSE,2019/09/27 16:00:00,21.41,21.49,20.96,21.05,3331328
NLSN,NYSE,2019/09/30 16:00:00,21.08,21.39,20.98,21.25,5305784
NLSN,NYSE,2019/10/01 16:00:00,21.33,21.5,20.89,20.97,2673338
NLSN,NYSE,2019/10/02 16:00:00,20.82,20.92,20.22,20.3,2704711
NLSN,NYSE,2019/10/03 16:00:00,20.23,20.7,19.86,20.7,4488409
NLSN,NYSE,2019/10/04 16:00:00,20.74,21.38,20.74,21.35,3342816
NLSN,NYSE,2019/10/07 16:00:00,21.29,21.37,20.93,20.94,1841500
NLSN,NYSE,2019/10/08 16:00:00,20.8,20.8,20.13,20.27,3043563
NLSN,NYSE,2019/10/09 16:00:00,20.44,20.44,20.08,20.2,1700140
NLSN,NYSE,2019/10/10 16:00:00,20.13,20.49,20.12,20.26,1576396
NLSN,NYSE,2019/10/11 16:00:00,20.51,20.87,20.51,20.69,2082022
NLSN,NYSE,2019/10/14 16:00:00,20.61,20.66,20.43,20.56,1033152
NLSN,NYSE,2019/10/15 16:00:00,20.55,20.77,20.47,20.62,1555951
NLSN,NYSE,2019/10/16 16:00:00,20.62,20.78,20.57,20.66,1840662
NLSN,NYSE,2019/10/17 16:00:00,20.72,20.79,20.55,20.61,2607555
NLSN,NYSE,2019/10/18 16:00:00,20.5,20.94,20.5,20.88,2889181
NLSN,NYSE,2019/10/21 16:00:00,21.06,21.22,20.89,20.97,1959675
NLSN,NYSE,2019/10/22 16:00:00,20.96,21.37,20.79,21.28,2706238
NLSN,NYSE,2019/10/23 16:00:00,21.25,21.43,21.04,21.41,1944535
NLSN,NYSE,2019/10/24 16:00:00,21.51,21.59,21,21.31,2782754
NLSN,NYSE,2019/10/25 16:00:00,21.26,21.3,20.53,20.6,2800032
NLSN,NYSE,2019/10/28 16:00:00,20.71,21.01,20.68,20.95,1525794
NLSN,NYSE,2019/10/29 16:00:00,20.82,20.97,20.68,20.89,2856115
NLSN,NYSE,2019/10/30 16:00:00,20.78,20.95,20.02,20.2,2879290
NLSN,NYSE,2019/10/31 16:00:00,20.09,20.24,19.88,20.16,3340097
NLSN,NYSE,2019/11/01 16:00:00,20.27,20.44,20.14,20.44,2251507
NLSN,NYSE,2019/11/04 16:00:00,20.54,20.98,20.47,20.79,2279601
NLSN,NYSE,2019/11/05 16:00:00,20.84,21.07,20.67,20.89,2235963
NLSN,NYSE,2019/11/06 16:00:00,20.81,20.81,19.99,20.09,4618720
NLSN,NYSE,2019/11/07 16:00:00,19.31,20.04,17.94,19.91,25568885
NLSN,NYSE,2019/11/08 16:00:00,19.9,20.4,19.53,20.35,6317322
NLSN,NYSE,2019/11/11 16:00:00,20.28,20.66,20.17,20.6,4084310
NLSN,NYSE,2019/11/12 16:00:00,20.58,20.88,20.37,20.45,3802238
NLSN,NYSE,2019/11/13 16:00:00,20.29,20.97,20.22,20.56,3645873
NLSN,NYSE,2019/11/14 16:00:00,20.45,20.64,20.37,20.54,2559996
NLSN,NYSE,2019/11/15 16:00:00,20.62,20.71,20.48,20.7,2262943
NLSN,NYSE,2019/11/18 16:00:00,20.61,20.8,20.38,20.46,2753144
NLSN,NYSE,2019/11/19 16:00:00,20.41,20.44,20.19,20.33,2127731
NLSN,NYSE,2019/11/20 16:00:00,20.15,20.37,19.88,20.05,3785107
NLSN,NYSE,2019/11/21 16:00:00,20.05,20.07,19.62,19.63,4194115
NLSN,NYSE,2019/11/22 16:00:00,19.7,19.79,19.55,19.7,2948435
NLSN,NYSE,2019/11/25 16:00:00,19.75,20.36,19.68,20.12,2940711
NLSN,NYSE,2019/11/26 16:00:00,20.06,20.25,19.64,19.74,5107615
NLSN,NYSE,2019/11/27 16:00:00,19.77,20,19.71,19.83,2220113
NLSN,NYSE,2019/11/29 13:00:00,19.8,19.85,19.52,19.55,1943845
NLSN,NYSE,2019/12/02 16:00:00,19.52,19.69,19.28,19.47,3310997
NLSN,NYSE,2019/12/03 16:00:00,19.29,19.51,19.2,19.5,3177022
NLSN,NYSE,2019/12/04 16:00:00,19.49,19.69,19.45,19.47,2148197
NLSN,NYSE,2019/12/05 16:00:00,19.52,19.76,19.48,19.72,3021961
NLSN,NYSE,2019/12/06 16:00:00,19.89,20.27,19.79,20.16,3888215
NLSN,NYSE,2019/12/09 16:00:00,20.14,20.16,19.91,19.99,3960903
NLSN,NYSE,2019/12/10 16:00:00,19.96,20.05,19.69,19.74,3591187
NLSN,NYSE,2019/12/11 16:00:00,19.71,19.76,19.54,19.63,2760727
NLSN,NYSE,2019/12/12 16:00:00,19.66,20.05,19.59,20,3443746
NLSN,NYSE,2019/12/13 16:00:00,20.02,20.23,19.86,19.95,3512772
NLSN,NYSE,2019/12/16 16:00:00,20.09,20.18,19.85,19.98,3579978
NLSN,NYSE,2019/12/17 16:00:00,19.83,19.85,19.44,19.74,3691446
NLSN,NYSE,2019/12/18 16:00:00,19.81,20.08,19.72,19.88,2791352
NLSN,NYSE,2019/12/19 16:00:00,19.87,20.2,19.86,20.09,4239860
NLSN,NYSE,2019/12/20 16:00:00,20.15,20.84,19.95,20.79,10106432
NLSN,NYSE,2019/12/23 16:00:00,20.79,20.79,20.11,20.17,6869705
NLSN,NYSE,2019/12/24 13:00:00,20.09,20.17,19.9,20.11,1555526
NLSN,NYSE,2019/12/26 16:00:00,20.19,20.28,20.1,20.28,2547539
NLSN,NYSE,2019/12/27 16:00:00,20.28,20.38,19.98,20.19,3289528
NLSN,NYSE,2019/12/30 16:00:00,20.18,20.33,20.03,20.1,3167411
NLSN,NYSE,2019/12/31 16:00:00,19.97,20.36,19.95,20.3,4178675
NLSN,NYSE,2020/01/02 16:00:00,20.38,20.45,19.91,20.12,4202327
NLSN,NYSE,2020/01/03 16:00:00,19.85,20.15,19.84,20.08,3490182
NLSN,NYSE,2020/01/06 16:00:00,20,20.49,19.78,20.49,2936071
NLSN,NYSE,2020/01/07 16:00:00,20.28,20.41,19.92,20.36,3699070
NLSN,NYSE,2020/01/08 16:00:00,20.37,20.48,19.93,20.34,3383206
NLSN,NYSE,2020/01/09 16:00:00,20.42,20.49,20.08,20.09,4561135
NLSN,NYSE,2020/01/10 16:00:00,20.11,20.17,19.9,19.98,2501493
NLSN,NYSE,2020/01/13 16:00:00,19.97,20.14,19.81,19.86,2861637
NLSN,NYSE,2020/01/14 16:00:00,19.8,20.45,19.8,20.42,2409241
NLSN,NYSE,2020/01/15 16:00:00,20.56,21.53,20.5,21.51,5062813
NLSN,NYSE,2020/01/16 16:00:00,21.68,22.31,21.6,21.77,7527027
NLSN,NYSE,2020/01/17 16:00:00,21.82,21.99,21.43,21.51,4582914
NLSN,NYSE,2020/01/21 16:00:00,21.48,21.48,21.07,21.22,3460038
NLSN,NYSE,2020/01/22 16:00:00,21.22,21.3,21.12,21.22,1382269
NLSN,NYSE,2020/01/23 16:00:00,21.16,21.46,20.95,21.37,2173002
NLSN,NYSE,2020/01/24 16:00:00,21.47,21.47,21,21.16,3303631
NLSN,NYSE,2020/01/27 16:00:00,20.88,20.96,20.53,20.65,6485415
NLSN,NYSE,2020/01/28 16:00:00,20.75,20.96,20.54,20.84,1854463
NLSN,NYSE,2020/01/29 16:00:00,20.88,20.95,20.52,20.54,2369090
NLSN,NYSE,2020/01/30 16:00:00,20.31,20.88,20.24,20.81,4103087
NLSN,NYSE,2020/01/31 16:00:00,20.73,20.73,20.25,20.4,4395637
NLSN,NYSE,2020/02/03 16:00:00,20.57,21.06,20.48,20.61,2578647
NLSN,NYSE,2020/02/04 16:00:00,20.9,20.99,20.7,20.8,2487689
NLSN,NYSE,2020/02/05 16:00:00,21.06,21.29,20.99,21.17,1928852
NLSN,NYSE,2020/02/06 16:00:00,21.29,21.47,21.12,21.2,1710500
NLSN,NYSE,2020/02/07 16:00:00,21.06,21.3,20.98,21.29,1324437
NLSN,NYSE,2020/02/10 16:00:00,21.25,21.68,21.12,21.2,1890196
NLSN,NYSE,2020/02/11 16:00:00,21.28,21.58,21.24,21.43,1298975
NLSN,NYSE,2020/02/12 16:00:00,21.6,22.2,21.52,21.8,2223642
NLSN,NYSE,2020/02/13 16:00:00,21.75,21.75,21.45,21.6,2648252
NLSN,NYSE,2020/02/14 16:00:00,21.6,21.8,21.3,21.39,3526693
NLSN,NYSE,2020/02/18 16:00:00,21.36,21.91,21.24,21.72,2154594
NLSN,NYSE,2020/02/19 16:00:00,21.79,21.88,21.37,21.83,1731629
NLSN,NYSE,2020/02/20 16:00:00,21.72,22.3,21.68,22.25,2743066
NLSN,NYSE,2020/02/21 16:00:00,22.1,22.33,21.68,21.85,5210818
NLSN,NYSE,2020/02/24 16:00:00,21.35,21.54,21.19,21.38,2836810
NLSN,NYSE,2020/02/25 16:00:00,21.46,21.47,20.2,20.42,3791804
NLSN,NYSE,2020/02/26 16:00:00,20.64,21.01,20.19,20.29,4017356
NLSN,NYSE,2020/02/27 16:00:00,20.03,20.25,18.56,18.58,8507912
NLSN,NYSE,2020/02/28 16:00:00,18.12,18.46,17.83,18.21,10308439
NLSN,NYSE,2020/03/02 16:00:00,18.33,18.33,17.68,18.12,7647045
NLSN,NYSE,2020/03/03 16:00:00,18.26,18.66,17.51,17.58,7486496
NLSN,NYSE,2020/03/04 16:00:00,17.69,17.87,17.42,17.79,4088694
NLSN,NYSE,2020/03/05 16:00:00,17.2,17.24,16.51,16.65,5411476
NLSN,NYSE,2020/03/06 16:00:00,15.99,16.65,15.83,16.36,4552983
NLSN,NYSE,2020/03/09 16:00:00,15.2,15.45,14.27,14.28,5188335
NLSN,NYSE,2020/03/10 16:00:00,14.97,16.05,14.53,16.05,6234259
NLSN,NYSE,2020/03/11 16:00:00,15.54,15.81,15.23,15.42,6026099
NLSN,NYSE,2020/03/12 16:00:00,14.21,14.67,13.48,13.64,4173289
NLSN,NYSE,2020/03/13 16:00:00,14.39,15.06,13.87,15.05,5190914
NLSN,NYSE,2020/03/16 16:00:00,13.4,15.33,12.81,14.66,5549681
NLSN,NYSE,2020/03/17 16:00:00,14.97,16.38,14.59,16.22,5008805
NLSN,NYSE,2020/03/18 16:00:00,14.89,16.45,14.8,16.08,6078663
NLSN,NYSE,2020/03/19 16:00:00,15.79,16,14.42,15.14,6332352
NLSN,NYSE,2020/03/20 16:00:00,15.28,15.39,13.51,13.62,5905584
NLSN,NYSE,2020/03/23 16:00:00,13.57,13.59,11.84,11.94,6176429
NLSN,NYSE,2020/03/24 16:00:00,12.61,14.35,12.5,13.28,4420893
NLSN,NYSE,2020/03/25 16:00:00,13.26,13.95,12.93,13.62,4436618
NLSN,NYSE,2020/03/26 16:00:00,13.62,13.97,13.4,13.81,6150462
NLSN,NYSE,2020/03/27 16:00:00,13.36,13.53,12.61,13,5542153
NLSN,NYSE,2020/03/30 16:00:00,13,13.16,12.5,13.09,2962685
NLSN,NYSE,2020/03/31 16:00:00,12.92,13.19,12.53,12.54,5041526
NLSN,NYSE,2020/04/01 16:00:00,12.01,12.12,11.64,11.85,4293563
NLSN,NYSE,2020/04/02 16:00:00,11.66,12.73,11.62,12.31,5474566
NLSN,NYSE,2020/04/03 16:00:00,12.34,12.57,11.79,12.17,2899796
NLSN,NYSE,2020/04/06 16:00:00,12.91,13.28,12.71,13.17,4670264
NLSN,NYSE,2020/04/07 16:00:00,13.6,13.88,13.3,13.43,4740478
NLSN,NYSE,2020/04/08 16:00:00,13.56,15.18,13.41,14.9,6415617
NLSN,NYSE,2020/04/09 16:00:00,15.21,15.5,13.98,14.14,6165570
NLSN,NYSE,2020/04/13 16:00:00,13.95,14.1,13.42,13.79,3114823
NLSN,NYSE,2020/04/14 16:00:00,13.79,14.26,13.76,14.02,3001201
NLSN,NYSE,2020/04/15 16:00:00,13.66,13.77,12.92,13.1,5047865
NLSN,NYSE,2020/04/16 16:00:00,13.12,13.15,12.48,12.6,3204235
NLSN,NYSE,2020/04/17 16:00:00,13,13.49,12.98,13.26,3769301
NLSN,NYSE,2020/04/20 16:00:00,13.06,13.23,12.68,12.77,4791311
NLSN,NYSE,2020/04/21 16:00:00,12.5,12.64,11.91,11.94,4245259
NLSN,NYSE,2020/04/22 16:00:00,12.13,12.19,11.62,11.86,4827611
NLSN,NYSE,2020/04/23 16:00:00,11.9,12.49,11.83,12.36,7110227
NLSN,NYSE,2020/04/24 16:00:00,12.42,12.72,12.3,12.47,5340449
NLSN,NYSE,2020/04/27 16:00:00,12.55,13.32,12.46,13.16,6547920
NLSN,NYSE,2020/04/28 16:00:00,13.64,13.82,13.45,13.6,5974783
NLSN,NYSE,2020/04/29 16:00:00,13.99,14.04,13.66,13.96,5878449
NLSN,NYSE,2020/04/30 16:00:00,13.96,14.93,13.52,14.73,11387226
NLSN,NYSE,2020/05/01 16:00:00,14.42,14.42,13.71,13.96,4044863
NLSN,NYSE,2020/05/04 16:00:00,13.68,14.26,13.55,14.15,3013667
NLSN,NYSE,2020/05/05 16:00:00,14.29,14.47,13.51,13.52,2591305
NLSN,NYSE,2020/05/06 16:00:00,13.54,13.72,13.05,13.15,3522315
NLSN,NYSE,2020/05/07 16:00:00,13.32,13.98,13.32,13.68,2614622
NLSN,NYSE,2020/05/08 16:00:00,13.91,14.23,13.87,14.15,2243830
NLSN,NYSE,2020/05/11 16:00:00,14.03,14.15,13.67,13.94,1855516
NLSN,NYSE,2020/05/12 16:00:00,13.98,14.05,12.95,12.96,4196592
NLSN,NYSE,2020/05/13 16:00:00,12.92,12.92,12.15,12.26,4357269
NLSN,NYSE,2020/05/14 16:00:00,12.08,12.89,11.83,12.85,2905044
NLSN,NYSE,2020/05/15 16:00:00,12.7,13.02,12.61,12.71,3848184
NLSN,NYSE,2020/05/18 16:00:00,13.25,13.99,13.24,13.8,4245429
NLSN,NYSE,2020/05/19 16:00:00,13.66,13.77,13.26,13.34,2385973
NLSN,NYSE,2020/05/20 16:00:00,13.37,13.7,13.37,13.59,2541498
NLSN,NYSE,2020/05/21 16:00:00,13.39,13.7,13.31,13.42,3592910
NLSN,NYSE,2020/05/22 16:00:00,13.45,13.67,13.4,13.59,1950722
NLSN,NYSE,2020/05/26 16:00:00,14.09,14.46,14.07,14.19,2342513
NLSN,NYSE,2020/05/27 16:00:00,14.47,14.79,14.11,14.47,3996727
NLSN,NYSE,2020/05/28 16:00:00,14.61,14.72,14.14,14.61,2345673
NLSN,NYSE,2020/05/29 16:00:00,14.49,14.49,13.32,13.89,7889139
NLSN,NYSE,2020/06/01 16:00:00,13.96,14.82,13.92,14.57,3845784
NLSN,NYSE,2020/06/02 16:00:00,14.82,15.08,14.68,15.01,2885119
NLSN,NYSE,2020/06/03 16:00:00,15.21,16.31,15.13,15.9,7769855
NLSN,NYSE,2020/06/04 16:00:00,15.75,16,15.55,15.95,2962885
NLSN,NYSE,2020/06/05 16:00:00,16.7,17.05,16.02,16.26,5001576
NLSN,NYSE,2020/06/08 16:00:00,16.53,17.54,16.51,17.52,5683926
NLSN,NYSE,2020/06/09 16:00:00,17.18,17.25,16.52,16.66,5069209
NLSN,NYSE,2020/06/10 16:00:00,16.5,16.7,15.72,15.91,5364841
NLSN,NYSE,2020/06/11 16:00:00,15.25,15.47,14.97,15.09,4528193
NLSN,NYSE,2020/06/12 16:00:00,15.68,15.76,14.7,15.12,3902686
NLSN,NYSE,2020/06/15 16:00:00,14.63,15.33,14.57,15.2,6352180
NLSN,NYSE,2020/06/16 16:00:00,15.94,16.01,15.03,15.19,5524078
NLSN,NYSE,2020/06/17 16:00:00,15.23,15.27,14.71,15,4113117
NLSN,NYSE,2020/06/18 16:00:00,14.8,15.18,14.77,15.09,2569831
NLSN,NYSE,2020/06/19 16:00:00,15.42,15.5,14.73,14.74,6217653
NLSN,NYSE,2020/06/22 16:00:00,14.71,14.71,14.28,14.54,2915366
NLSN,NYSE,2020/06/23 16:00:00,14.54,14.99,14.49,14.81,4388300
NLSN,NYSE,2020/06/24 16:00:00,14.61,14.61,14.07,14.13,2632253
NLSN,NYSE,2020/06/25 16:00:00,14,14.33,13.96,14.23,2465565
NLSN,NYSE,2020/06/26 16:00:00,14.14,14.2,13.75,14.08,6932588
NLSN,NYSE,2020/06/29 16:00:00,14.3,14.73,14.1,14.69,2485629
NLSN,NYSE,2020/06/30 16:00:00,14.65,14.94,14.38,14.86,3095693
NLSN,NYSE,2020/07/01 16:00:00,14.88,15.31,14.6,14.63,2840400
NLSN,NYSE,2020/07/02 16:00:00,14.84,15.12,14.6,14.72,1913695
NLSN,NYSE,2020/07/06 16:00:00,15.18,15.35,14.95,15.04,1696679
NLSN,NYSE,2020/07/07 16:00:00,14.92,15.05,14.53,14.61,2140121
NLSN,NYSE,2020/07/08 16:00:00,14.59,14.78,14.33,14.76,2958457
NLSN,NYSE,2020/07/09 16:00:00,14.72,14.74,14.19,14.4,2513124
NLSN,NYSE,2020/07/10 16:00:00,14.37,14.67,14.23,14.63,2432669
NLSN,NYSE,2020/07/13 16:00:00,14.73,14.97,14.6,14.7,3737035
NLSN,NYSE,2020/07/14 16:00:00,14.62,14.87,14.42,14.87,1783882
NLSN,NYSE,2020/07/15 16:00:00,15.17,15.65,15.12,15.61,3297349
NLSN,NYSE,2020/07/16 16:00:00,15.57,15.83,15.44,15.53,3424878
NLSN,NYSE,2020/07/17 16:00:00,15.58,15.63,15.26,15.35,2592087
NLSN,NYSE,2020/07/20 16:00:00,15.26,15.33,14.82,14.82,1527714
NLSN,NYSE,2020/07/21 16:00:00,14.82,15.23,14.82,15.07,2209091
NLSN,NYSE,2020/07/22 16:00:00,15.02,15.26,14.95,15.05,1438997
NLSN,NYSE,2020/07/23 16:00:00,14.98,15.35,14.98,15.15,1223541
NLSN,NYSE,2020/07/24 16:00:00,15.22,15.33,14.91,14.93,1290642
NLSN,NYSE,2020/07/27 16:00:00,14.89,14.98,14.69,14.79,2601868
NLSN,NYSE,2020/07/28 16:00:00,14.8,14.96,14.61,14.65,2281668
NLSN,NYSE,2020/07/29 16:00:00,14.64,14.75,14.39,14.6,2634299
NLSN,NYSE,2020/07/30 16:00:00,14.43,14.61,14.14,14.45,2323913
NLSN,NYSE,2020/07/31 16:00:00,14.41,14.62,14.21,14.43,4800773
NLSN,NYSE,2020/08/03 16:00:00,14.49,14.58,14.24,14.42,3633332
NLSN,NYSE,2020/08/04 16:00:00,14.35,14.71,14.29,14.64,2700201
NLSN,NYSE,2020/08/05 16:00:00,14.88,15.78,14.76,15.01,4988429
NLSN,NYSE,2020/08/06 16:00:00,14.97,15.43,14.97,15.38,5352370
NLSN,NYSE,2020/08/07 16:00:00,15.46,15.93,15.35,15.88,5702239
NLSN,NYSE,2020/08/10 16:00:00,15.93,16.24,15.78,16.13,6234109
NLSN,NYSE,2020/08/11 16:00:00,16.5,16.69,16.18,16.29,4183577
NLSN,NYSE,2020/08/12 16:00:00,16.44,16.45,15.77,15.86,2194205
NLSN,NYSE,2020/08/13 16:00:00,15.69,15.97,15.62,15.87,1857432
NLSN,NYSE,2020/08/14 16:00:00,15.76,16.05,15.69,15.89,1781646
NLSN,NYSE,2020/08/17 16:00:00,15.8,15.84,15.33,15.45,3432303
NLSN,NYSE,2020/08/18 16:00:00,15.46,15.9,15.37,15.64,4886249
NLSN,NYSE,2020/08/19 16:00:00,15.55,16.02,15.48,15.95,2822994
NLSN,NYSE,2020/08/20 16:00:00,15.76,15.77,15.43,15.44,3677015
NLSN,NYSE,2020/08/21 16:00:00,15.45,15.56,14.9,14.9,3679429
NLSN,NYSE,2020/08/24 16:00:00,14.94,15.59,14.87,15.58,2330411
NLSN,NYSE,2020/08/25 16:00:00,15.63,15.79,15.28,15.38,3888558
NLSN,NYSE,2020/08/26 16:00:00,15.36,15.38,15.11,15.16,1101549
NLSN,NYSE,2020/08/27 16:00:00,15.19,15.46,15.18,15.28,1246090
NLSN,NYSE,2020/08/28 16:00:00,15.32,15.61,15.23,15.59,818044
NLSN,NYSE,2020/08/31 16:00:00,15.5,15.59,15.19,15.28,3011229
NLSN,NYSE,2020/09/01 16:00:00,15.04,15.06,14.83,14.88,2306076
NLSN,NYSE,2020/09/02 16:00:00,14.97,15.58,14.97,15.55,2427750
NLSN,NYSE,2020/09/03 16:00:00,15.59,16.05,15.22,15.36,2154341
NLSN,NYSE,2020/09/04 16:00:00,15.58,15.7,15.07,15.28,3592959
NLSN,NYSE,2020/09/08 16:00:00,15.2,15.25,14.82,14.85,3126152
NLSN,NYSE,2020/09/09 16:00:00,14.89,14.99,14.74,14.86,2892742
NLSN,NYSE,2020/09/10 16:00:00,14.87,14.93,14.21,14.41,3173894
NLSN,NYSE,2020/09/11 16:00:00,14.43,14.59,14.28,14.49,3029573
NLSN,NYSE,2020/09/14 16:00:00,14.58,15.47,14.57,15.36,5382256
NLSN,NYSE,2020/09/15 16:00:00,15.46,15.66,15.3,15.38,3502059
NLSN,NYSE,2020/09/16 16:00:00,15.45,15.94,15.26,15.71,3715334
NLSN,NYSE,2020/09/17 16:00:00,15.52,15.74,15.38,15.47,4001019
NLSN,NYSE,2020/09/18 16:00:00,15.38,15.44,14.61,14.78,5936945
NLSN,NYSE,2020/09/21 16:00:00,14.41,14.55,13.88,14.07,5627235
NLSN,NYSE,2020/09/22 16:00:00,14.01,14.22,13.6,13.81,3698678
NLSN,NYSE,2020/09/23 16:00:00,13.83,14.01,13.49,13.55,4209453
NLSN,NYSE,2020/09/24 16:00:00,13.47,13.88,13.3,13.7,4742214
NLSN,NYSE,2020/09/25 16:00:00,13.56,13.97,13.48,13.87,2591984
NLSN,NYSE,2020/09/28 16:00:00,14.12,14.26,14.02,14.16,3072395
NLSN,NYSE,2020/09/29 16:00:00,14.12,14.28,13.92,14.01,1542172
NLSN,NYSE,2020/09/30 16:00:00,14.15,14.57,14.08,14.18,3362412
NLSN,NYSE,2020/10/01 16:00:00,14.26,14.47,14.02,14.18,2239710
NLSN,NYSE,2020/10/02 16:00:00,13.99,14.37,13.87,14.29,2475273
NLSN,NYSE,2020/10/05 16:00:00,14.44,14.54,14.29,14.51,2242133
NLSN,NYSE,2020/10/06 16:00:00,14.67,14.79,14.16,14.26,2511533
NLSN,NYSE,2020/10/07 16:00:00,14.22,14.5,14.21,14.41,2727484
NLSN,NYSE,2020/10/08 16:00:00,14.54,14.6,14.35,14.44,2760514
NLSN,NYSE,2020/10/09 16:00:00,14.58,14.6,13.66,13.75,6192952
NLSN,NYSE,2020/10/12 16:00:00,13.81,13.99,13.71,13.95,5389295
NLSN,NYSE,2020/10/13 16:00:00,13.81,14.19,13.76,13.9,3946403
NLSN,NYSE,2020/10/14 16:00:00,13.94,14.14,13.77,13.84,3450859
NLSN,NYSE,2020/10/15 16:00:00,13.68,14.02,13.41,13.93,3962185
NLSN,NYSE,2020/10/16 16:00:00,13.96,14.11,13.81,13.94,1567496
NLSN,NYSE,2020/10/19 16:00:00,14.02,14.14,13.48,13.61,3181496
NLSN,NYSE,2020/10/20 16:00:00,13.76,13.83,13.61,13.61,1881217
NLSN,NYSE,2020/10/21 16:00:00,13.42,13.85,13.37,13.74,4215932
NLSN,NYSE,2020/10/22 16:00:00,13.77,14.15,13.75,14.09,3153923
NLSN,NYSE,2020/10/23 16:00:00,14.25,14.28,13.97,14.18,3036055
NLSN,NYSE,2020/10/26 16:00:00,14.04,14.12,13.46,13.65,2019744
NLSN,NYSE,2020/10/27 16:00:00,13.58,14.55,13.13,14.38,9741285
NLSN,NYSE,2020/10/28 16:00:00,13.94,14.17,13.77,13.92,8769803
NLSN,NYSE,2020/10/29 16:00:00,13.82,14.09,13.67,13.86,6700116
NLSN,NYSE,2020/10/30 16:00:00,13.71,13.91,13.31,13.51,4334447
NLSN,NYSE,2020/11/02 16:00:00,14.6,14.75,13.91,14.03,8491951
NLSN,NYSE,2020/11/03 16:00:00,14.13,14.47,14.1,14.24,4490360
NLSN,NYSE,2020/11/04 16:00:00,14.08,14.48,13.88,14.03,3921938
NLSN,NYSE,2020/11/05 16:00:00,14.21,14.37,13.93,14.13,3771048
NLSN,NYSE,2020/11/06 16:00:00,14.12,14.36,14.05,14.18,3087691
NLSN,NYSE,2020/11/09 16:00:00,14.9,16.07,14.6,15.64,5664719
NLSN,NYSE,2020/11/10 16:00:00,15.62,15.78,15.15,15.31,3977730
NLSN,NYSE,2020/11/11 16:00:00,15.34,15.62,15.24,15.58,5270541
NLSN,NYSE,2020/11/12 16:00:00,15.46,15.46,14.71,14.82,8216979
NLSN,NYSE,2020/11/13 16:00:00,14.94,15.79,14.94,15.75,5557227
NLSN,NYSE,2020/11/16 16:00:00,16.07,16.7,16,16.67,6746733
NLSN,NYSE,2020/11/17 16:00:00,16.33,16.78,16.13,16.65,2827590
NLSN,NYSE,2020/11/18 16:00:00,16.6,16.68,16.16,16.21,3646216
NLSN,NYSE,2020/11/19 16:00:00,16.07,16.17,15.84,16.07,6781660
NLSN,NYSE,2020/11/20 16:00:00,16.08,16.25,15.68,15.75,5464268
NLSN,NYSE,2020/11/23 16:00:00,15.8,16.25,15.62,16.15,4311357
NLSN,NYSE,2020/11/24 16:00:00,16.57,16.68,16.31,16.61,3347795
NLSN,NYSE,2020/11/25 16:00:00,16.51,16.6,16.19,16.35,4504352
NLSN,NYSE,2020/11/27 13:00:00,16.31,16.34,15.68,16.24,3247406
NLSN,NYSE,2020/11/30 16:00:00,16.25,16.55,16.08,16.17,26169506
NLSN,NYSE,2020/12/01 16:00:00,16.49,16.76,16.12,16.13,4813529
NLSN,NYSE,2020/12/02 16:00:00,16.07,16.45,16.02,16.36,3322057
NLSN,NYSE,2020/12/03 16:00:00,16.4,17.31,16.29,17.24,4464277
NLSN,NYSE,2020/12/04 16:00:00,17.33,18,17.25,17.96,11160344
NLSN,NYSE,2020/12/07 16:00:00,17.83,17.84,17.16,17.25,4746322
NLSN,NYSE,2020/12/08 16:00:00,17.2,17.68,17.03,17.52,2783725
NLSN,NYSE,2020/12/09 16:00:00,17.67,19.15,17.56,19.12,14853741
NLSN,NYSE,2020/12/10 16:00:00,18.94,19.08,18.69,18.96,5675599
NLSN,NYSE,2020/12/11 16:00:00,18.77,19.11,18.59,19.1,4326738
NLSN,NYSE,2020/12/14 16:00:00,19.23,19.5,19.16,19.29,4581870
NLSN,NYSE,2020/12/15 16:00:00,19.38,19.73,19.01,19.64,7229272
NLSN,NYSE,2020/12/16 16:00:00,19.66,19.79,19.33,19.49,3611074
NLSN,NYSE,2020/12/17 16:00:00,19.6,19.7,19.45,19.61,2690083
NLSN,NYSE,2020/12/18 16:00:00,19.59,20.11,19.51,20.09,7598465
NLSN,NYSE,2020/12/21 16:00:00,19.6,19.86,19.29,19.73,3560548
NLSN,NYSE,2020/12/22 16:00:00,19.84,19.99,19.55,19.74,2318380
NLSN,NYSE,2020/12/23 16:00:00,19.91,20.29,19.86,20.23,2501596
NLSN,NYSE,2020/12/24 13:00:00,20.37,20.4,20.23,20.32,993827
NLSN,NYSE,2020/12/28 16:00:00,20.48,20.84,20.36,20.59,9143512
NLSN,NYSE,2020/12/29 16:00:00,20.69,21.29,20.43,20.75,10940103
NLSN,NYSE,2020/12/30 16:00:00,20.77,20.95,20.41,20.55,3220878
NLSN,NYSE,2020/12/31 16:00:00,20.53,20.94,20.45,20.87,4188229
NLSN,NYSE,2021/01/04 16:00:00,20.86,20.93,20.18,20.23,4274473
NLSN,NYSE,2021/01/05 16:00:00,20.26,20.61,20.2,20.58,8098581
NLSN,NYSE,2021/01/06 16:00:00,20.8,21.21,20.71,20.92,4424573
NLSN,NYSE,2021/01/07 16:00:00,21.26,21.28,20.8,20.84,2289571
NLSN,NYSE,2021/01/08 16:00:00,20.95,21.16,20.71,20.94,6985442
NLSN,NYSE,2021/01/11 16:00:00,20.66,21.24,20.55,21.23,2746909
NLSN,NYSE,2021/01/12 16:00:00,21.28,21.75,21.25,21.64,3842482
NLSN,NYSE,2021/01/13 16:00:00,21.58,21.85,21.45,21.8,4491177
NLSN,NYSE,2021/01/14 16:00:00,21.85,22.53,21.72,22.37,3749844
NLSN,NYSE,2021/01/15 16:00:00,22.22,22.42,21.85,22.13,3200509
NLSN,NYSE,2021/01/19 16:00:00,22.3,22.47,22.15,22.28,6076272
NLSN,NYSE,2021/01/20 16:00:00,22.39,22.44,22.05,22.28,2734081
NLSN,NYSE,2021/01/21 16:00:00,22.14,22.25,21.72,21.78,5061971
NLSN,NYSE,2021/01/22 16:00:00,21.62,21.84,21.45,21.73,3563779
NLSN,NYSE,2021/01/25 16:00:00,21.62,21.95,21.41,21.5,2562016
NLSN,NYSE,2021/01/26 16:00:00,21.68,23.99,21.54,22.99,10016688
NLSN,NYSE,2021/01/27 16:00:00,22.56,23.52,22.4,23.19,5685406
NLSN,NYSE,2021/01/28 16:00:00,23.5,23.98,22.72,22.96,4999336
NLSN,NYSE,2021/01/29 16:00:00,22.9,23.12,22.3,22.33,2421772
NLSN,NYSE,2021/02/01 16:00:00,22.56,22.92,22.4,22.82,2732647
NLSN,NYSE,2021/02/02 16:00:00,22.99,23,21.97,22.11,3963865
NLSN,NYSE,2021/02/03 16:00:00,22.09,22.62,21.98,22.53,2617019
NLSN,NYSE,2021/02/04 16:00:00,22.53,22.77,22.5,22.69,2819983
NLSN,NYSE,2021/02/05 16:00:00,22.77,22.96,22.46,22.69,2454674
NLSN,NYSE,2021/02/08 16:00:00,22.77,22.87,22.54,22.82,3221749
NLSN,NYSE,2021/02/09 16:00:00,22.92,23.33,22.53,23.32,2359771
NLSN,NYSE,2021/02/10 16:00:00,23.47,23.54,23.1,23.29,2227400
NLSN,NYSE,2021/02/11 16:00:00,23.3,23.58,22.98,23.13,4046090
NLSN,NYSE,2021/02/12 16:00:00,23.12,23.8,23.09,23.78,2933402
NLSN,NYSE,2021/02/16 16:00:00,23.8,23.97,23.38,23.41,1352905
NLSN,NYSE,2021/02/17 16:00:00,23.31,23.45,23.11,23.34,1478620
NLSN,NYSE,2021/02/18 16:00:00,23.3,23.38,23.09,23.09,3049486
NLSN,NYSE,2021/02/19 16:00:00,23.21,23.46,23.11,23.38,2862023
NLSN,NYSE,2021/02/22 16:00:00,23.3,23.78,23.17,23.6,3466435
NLSN,NYSE,2021/02/23 16:00:00,23.74,23.75,23.07,23.48,1878285
NLSN,NYSE,2021/02/24 16:00:00,23.44,24.38,23.4,24.32,5235946
NLSN,NYSE,2021/02/25 16:00:00,24.21,24.21,22.37,22.7,4654985
NLSN,NYSE,2021/02/26 16:00:00,22.76,22.9,22.05,22.41,3793528
NLSN,NYSE,2021/03/01 16:00:00,22.76,23.28,22.66,23.14,2913432
NLSN,NYSE,2021/03/02 16:00:00,23.96,25.05,23.9,24.89,9637405
NLSN,NYSE,2021/03/03 16:00:00,24.69,24.85,24.07,24.1,7069721
NLSN,NYSE,2021/03/04 16:00:00,25,25.1,23.59,23.86,10501413
NLSN,NYSE,2021/03/05 16:00:00,24.06,24.98,23.61,24.95,11792808
NLSN,NYSE,2021/03/08 16:00:00,25.1,26.54,25,26.26,6502218
NLSN,NYSE,2021/03/09 16:00:00,26.04,26.34,25.69,25.8,7441940
NLSN,NYSE,2021/03/10 16:00:00,25.99,26.09,25.64,25.98,4033110
NLSN,NYSE,2021/03/11 16:00:00,26.15,26.25,25.96,26.06,3644414
NLSN,NYSE,2021/03/12 16:00:00,26.28,26.44,26.1,26.14,3653172
NLSN,NYSE,2021/03/15 16:00:00,26.03,26.69,26,26.62,5569946
NLSN,NYSE,2021/03/16 16:00:00,26.59,26.59,26.01,26.29,3289803
NLSN,NYSE,2021/03/17 16:00:00,26.36,26.72,26.01,26.61,3267518
NLSN,NYSE,2021/03/18 16:00:00,26.57,26.74,25.92,26.02,2676156
NLSN,NYSE,2021/03/19 16:00:00,26.03,26.43,25.7,26.23,5141666
NLSN,NYSE,2021/03/22 16:00:00,26.26,26.26,25.88,26.18,3949258
NLSN,NYSE,2021/03/23 16:00:00,26.02,26.11,25.21,25.29,2099791
NLSN,NYSE,2021/03/24 16:00:00,25.35,25.63,24.91,25,3591798
NLSN,NYSE,2021/03/25 16:00:00,24.83,25.49,24.62,25.41,2427479
NLSN,NYSE,2021/03/26 16:00:00,25.68,25.8,25.19,25.5,4718958
NLSN,NYSE,2021/03/29 16:00:00,25.44,25.55,24.26,24.52,5234840
NLSN,NYSE,2021/03/30 16:00:00,24.59,25.34,24.53,25.27,2825683
NLSN,NYSE,2021/03/31 16:00:00,25.18,25.37,25.02,25.15,1733548
NLSN,NYSE,2021/04/01 16:00:00,25.28,25.4,25.05,25.33,2625652
NLSN,NYSE,2021/04/05 16:00:00,25.5,25.6,25.31,25.53,6196230
NLSN,NYSE,2021/04/06 16:00:00,25.57,25.75,25.46,25.56,3919474
NLSN,NYSE,2021/04/07 16:00:00,25.48,25.59,24.87,25.09,3875337
NLSN,NYSE,2021/04/08 16:00:00,25.08,25.56,24.93,25.54,2785046
NLSN,NYSE,2021/04/09 16:00:00,25.65,25.72,25.31,25.57,3539389
PII,NYSE,2019/04/01 16:00:00,85.29,86.9,85.29,86.25,461435
PII,NYSE,2019/04/02 16:00:00,86.03,86.39,84.87,85.66,353166
PII,NYSE,2019/04/03 16:00:00,86,88.18,86,87.72,517631
PII,NYSE,2019/04/04 16:00:00,87.74,90.51,87.74,89.56,580010
PII,NYSE,2019/04/05 16:00:00,90.39,91.54,88.32,91.23,1054552
PII,NYSE,2019/04/08 16:00:00,93.45,95.5,92.81,95.47,1049768
PII,NYSE,2019/04/09 16:00:00,94.95,95.33,92.52,92.99,581238
PII,NYSE,2019/04/10 16:00:00,93.46,94.73,93.03,94.71,509279
PII,NYSE,2019/04/11 16:00:00,95,96.19,94.29,94.95,562689
PII,NYSE,2019/04/12 16:00:00,95.41,96.66,95.06,96.45,506716
PII,NYSE,2019/04/15 16:00:00,96.6,97.88,95.81,96.55,679556
PII,NYSE,2019/04/16 16:00:00,97.31,99.34,96.34,98.73,495003
PII,NYSE,2019/04/17 16:00:00,99.28,100.14,98.21,98.41,803581
PII,NYSE,2019/04/18 16:00:00,98.5,99.5,97.74,98.79,600824
PII,NYSE,2019/04/22 16:00:00,98.39,99.51,97.88,98.97,709786
PII,NYSE,2019/04/23 16:00:00,100.09,101.85,95.84,97.75,2180340
PII,NYSE,2019/04/24 16:00:00,99.17,99.59,95.86,96.78,1421306
PII,NYSE,2019/04/25 16:00:00,96.45,96.99,94.6,94.79,943978
PII,NYSE,2019/04/26 16:00:00,95.65,98.49,94.58,97.45,801286
PII,NYSE,2019/04/29 16:00:00,97.6,98.68,96.28,96.46,786987
PII,NYSE,2019/04/30 16:00:00,96.7,97.08,94.51,96.4,765769
PII,NYSE,2019/05/01 16:00:00,96.98,99.48,96,97.95,900385
PII,NYSE,2019/05/02 16:00:00,99.01,102.11,98.48,102.02,875783
PII,NYSE,2019/05/03 16:00:00,102.48,103.19,100.39,101.29,494755
PII,NYSE,2019/05/06 16:00:00,99.55,99.55,94.26,96.07,1230613
PII,NYSE,2019/05/07 16:00:00,94.72,96,92.13,93.02,915307
PII,NYSE,2019/05/08 16:00:00,92.92,93.78,90.66,90.75,1073085
PII,NYSE,2019/05/09 16:00:00,89.39,90.46,87.63,89.87,1135924
PII,NYSE,2019/05/10 16:00:00,89.49,89.88,86.34,88.76,811804
PII,NYSE,2019/05/13 16:00:00,85.56,86.88,82.44,86.13,1057747
PII,NYSE,2019/05/14 16:00:00,86.55,89.09,85.82,88.63,625564
PII,NYSE,2019/05/15 16:00:00,88.24,89.32,87.11,88.79,456626
PII,NYSE,2019/05/16 16:00:00,88.99,90.41,88.84,89.2,326861
PII,NYSE,2019/05/17 16:00:00,88.25,88.25,85.75,85.84,588942
PII,NYSE,2019/05/20 16:00:00,84.72,86.04,84.07,85.93,439473
PII,NYSE,2019/05/21 16:00:00,89.35,90.16,87.72,90.02,677096
PII,NYSE,2019/05/22 16:00:00,88.6,90.04,87.55,89.42,524658
PII,NYSE,2019/05/23 16:00:00,88.24,88.24,85.64,86.47,544746
PII,NYSE,2019/05/24 16:00:00,87.37,87.37,86,86.34,297271
PII,NYSE,2019/05/28 16:00:00,86.56,87.14,84.73,84.99,409466
PII,NYSE,2019/05/29 16:00:00,84.55,85.07,83.33,84.67,304305
PII,NYSE,2019/05/30 16:00:00,84.75,86.86,84.26,85.33,390902
PII,NYSE,2019/05/31 16:00:00,83.54,83.54,79.01,79.88,1061996
PII,NYSE,2019/06/03 16:00:00,79.92,80.93,79.75,80.47,834163
PII,NYSE,2019/06/04 16:00:00,81.9,84.59,81.37,84,1445862
PII,NYSE,2019/06/05 16:00:00,84.21,85.42,82.74,84.93,570508
PII,NYSE,2019/06/06 16:00:00,84.04,85.98,82.99,85.7,607585
PII,NYSE,2019/06/07 16:00:00,85.85,88.16,85.28,87.68,632962
PII,NYSE,2019/06/10 16:00:00,88.65,92.67,88.52,90.53,652469
PII,NYSE,2019/06/11 16:00:00,91.64,92.23,89.84,90.72,609958
PII,NYSE,2019/06/12 16:00:00,90.6,91.55,88.89,89.16,385581
PII,NYSE,2019/06/13 16:00:00,89.65,90.32,89.27,90.27,224017
PII,NYSE,2019/06/14 16:00:00,89.95,90.06,88.57,89.6,379011
PII,NYSE,2019/06/17 16:00:00,89.74,90.45,88.82,89.92,346011
PII,NYSE,2019/06/18 16:00:00,90.99,93.96,90.84,93.4,658771
PII,NYSE,2019/06/19 16:00:00,93.31,93.67,91.53,91.98,373007
PII,NYSE,2019/06/20 16:00:00,93.56,94.55,92.08,92.75,322381
PII,NYSE,2019/06/21 16:00:00,92.46,93.49,91.28,91.84,804894
PII,NYSE,2019/06/24 16:00:00,92.37,92.37,90.58,90.66,488707
PII,NYSE,2019/06/25 16:00:00,90.87,91.27,86.86,87.11,649687
PII,NYSE,2019/06/26 16:00:00,87.59,89.61,87.53,88.84,443692
PII,NYSE,2019/06/27 16:00:00,89.42,90.24,88.37,88.82,343009
PII,NYSE,2019/06/28 16:00:00,89.3,92.27,89.3,91.23,1004306
PII,NYSE,2019/07/01 16:00:00,92.71,94.91,89.72,90.18,471081
PII,NYSE,2019/07/02 16:00:00,89.86,89.86,87.12,87.53,951122
PII,NYSE,2019/07/03 13:00:00,87.77,89.56,87.53,88.54,418014
PII,NYSE,2019/07/05 16:00:00,88.04,88.75,84.01,84.19,733678
PII,NYSE,2019/07/08 16:00:00,83.79,85.86,83.26,84.03,814176
PII,NYSE,2019/07/09 16:00:00,83,83.19,81.02,82.39,1258056
PII,NYSE,2019/07/10 16:00:00,83.1,84.94,82.11,84,669289
PII,NYSE,2019/07/11 16:00:00,84.13,84.73,82.87,83.72,339518
PII,NYSE,2019/07/12 16:00:00,84.16,87.13,83.88,86.43,555036
PII,NYSE,2019/07/15 16:00:00,86.58,87.66,84.86,86.4,470597
PII,NYSE,2019/07/16 16:00:00,86.14,87.93,85.58,87.37,417639
PII,NYSE,2019/07/17 16:00:00,87.35,87.63,86.17,86.4,486580
PII,NYSE,2019/07/18 16:00:00,86.36,87.2,85.04,85.56,503220
PII,NYSE,2019/07/19 16:00:00,85.64,87.04,84.15,84.26,510883
PII,NYSE,2019/07/22 16:00:00,83.89,84.86,82.44,82.63,1200673
PII,NYSE,2019/07/23 16:00:00,86.88,93.66,86.02,92.39,3253464
PII,NYSE,2019/07/24 16:00:00,93.13,95.86,92.7,95.02,1170143
PII,NYSE,2019/07/25 16:00:00,94.47,95.67,92.83,93.19,680383
PII,NYSE,2019/07/26 16:00:00,93.86,94.1,92.37,93.53,502611
PII,NYSE,2019/07/29 16:00:00,92.53,95.12,91.89,94.17,804894
PII,NYSE,2019/07/30 16:00:00,93.49,94.79,92.22,94.75,539210
PII,NYSE,2019/07/31 16:00:00,96.03,96.68,93.76,94.67,796828
PII,NYSE,2019/08/01 16:00:00,94.32,95.11,89.18,91.85,1107522
PII,NYSE,2019/08/02 16:00:00,91.1,93.87,90.35,92.3,579562
PII,NYSE,2019/08/05 16:00:00,89.64,90.83,88.3,89.2,759320
PII,NYSE,2019/08/06 16:00:00,90.05,91.28,88.8,91.14,439088
PII,NYSE,2019/08/07 16:00:00,89.73,91.44,88.77,91.14,359949
PII,NYSE,2019/08/08 16:00:00,91.48,93.74,91.11,92.37,619575
PII,NYSE,2019/08/09 16:00:00,91.33,91.96,90.28,91.42,386944
PII,NYSE,2019/08/12 16:00:00,90.5,90.63,88.52,89.2,228773
PII,NYSE,2019/08/13 16:00:00,88.41,92.58,88.41,89.56,788918
PII,NYSE,2019/08/14 16:00:00,87.71,87.71,83.65,83.76,731581
PII,NYSE,2019/08/15 16:00:00,84,84,81,81.11,835500
PII,NYSE,2019/08/16 16:00:00,81.89,82.68,77.58,79.91,1653986
PII,NYSE,2019/08/19 16:00:00,81.46,82.86,80.98,82.1,1111017
PII,NYSE,2019/08/20 16:00:00,82.05,82.12,80.9,81.84,563499
PII,NYSE,2019/08/21 16:00:00,83.22,84.16,82.56,82.97,485655
PII,NYSE,2019/08/22 16:00:00,83,83.8,81.7,82.55,406351
PII,NYSE,2019/08/23 16:00:00,81.5,81.5,77.05,77.55,745794
PII,NYSE,2019/08/26 16:00:00,78.77,79.9,77.58,78.99,471881
PII,NYSE,2019/08/27 16:00:00,79.84,79.9,77.29,77.75,418756
PII,NYSE,2019/08/28 16:00:00,77.27,80.08,77.27,79.15,382810
PII,NYSE,2019/08/29 16:00:00,80.43,82.5,80.43,81.94,607558
PII,NYSE,2019/08/30 16:00:00,82.24,82.74,81.27,82.02,398396
PII,NYSE,2019/09/03 16:00:00,81,81.48,79,80.01,565924
PII,NYSE,2019/09/04 16:00:00,81.36,81.44,79.75,80.07,928312
PII,NYSE,2019/09/05 16:00:00,81.67,84.58,81.61,83.35,1539488
PII,NYSE,2019/09/06 16:00:00,83.32,83.52,78.25,80.75,2288135
PII,NYSE,2019/09/09 16:00:00,81.1,86.31,80.74,86.02,877223
PII,NYSE,2019/09/10 16:00:00,86.2,87.76,85.3,87.61,810114
PII,NYSE,2019/09/11 16:00:00,88,89.68,85.53,89.58,987162
PII,NYSE,2019/09/12 16:00:00,89.49,91.4,87.9,90.06,840469
PII,NYSE,2019/09/13 16:00:00,90.53,92.51,89.6,90.99,626882
PII,NYSE,2019/09/16 16:00:00,89.86,92.46,89.15,90.93,463959
PII,NYSE,2019/09/17 16:00:00,90.4,91.14,88.74,90.79,395163
PII,NYSE,2019/09/18 16:00:00,90.49,90.81,88.13,89.19,407819
PII,NYSE,2019/09/19 16:00:00,89.81,91.41,89.54,89.72,625810
PII,NYSE,2019/09/20 16:00:00,90.1,91.33,87.54,88.2,993554
PII,NYSE,2019/09/23 16:00:00,87.52,88.73,86.58,87.35,475377
PII,NYSE,2019/09/24 16:00:00,87.62,88.49,84.37,85.17,645702
PII,NYSE,2019/09/25 16:00:00,85.35,88.28,85.35,87.74,426516
PII,NYSE,2019/09/26 16:00:00,87.5,87.92,85.55,86.84,314597
PII,NYSE,2019/09/27 16:00:00,87.19,87.93,85.71,86.66,513437
PII,NYSE,2019/09/30 16:00:00,87.01,88.69,86.9,88.01,396779
PII,NYSE,2019/10/01 16:00:00,88.54,89.7,86.73,87.48,460995
PII,NYSE,2019/10/02 16:00:00,86.72,86.72,84.54,84.82,448932
PII,NYSE,2019/10/03 16:00:00,84.24,84.86,82.44,84.79,541726
PII,NYSE,2019/10/04 16:00:00,84.95,86.63,84.5,86.46,405604
PII,NYSE,2019/10/07 16:00:00,85.6,86.06,83.9,84.18,458790
PII,NYSE,2019/10/08 16:00:00,83.56,83.79,81.97,82.03,555678
PII,NYSE,2019/10/09 16:00:00,83.43,84.2,82.63,83.57,345624
PII,NYSE,2019/10/10 16:00:00,83.93,85.86,83.81,84.63,405408
PII,NYSE,2019/10/11 16:00:00,86.78,90.88,86.78,89.89,1055025
PII,NYSE,2019/10/14 16:00:00,88.89,89.21,84.46,87.98,974825
PII,NYSE,2019/10/15 16:00:00,88.53,91.11,87.08,90.27,636890
PII,NYSE,2019/10/16 16:00:00,89.66,90.36,88.36,89.79,445880
PII,NYSE,2019/10/17 16:00:00,90.48,90.68,88.26,89.57,549774
PII,NYSE,2019/10/18 16:00:00,89.2,91.28,88.44,90.58,536073
PII,NYSE,2019/10/21 16:00:00,91.75,92.85,90.93,91.4,1340708
PII,NYSE,2019/10/22 16:00:00,93.23,102.67,93.23,101.36,2032738
PII,NYSE,2019/10/23 16:00:00,101.62,103.29,99.71,101.67,867798
PII,NYSE,2019/10/24 16:00:00,101,102.17,99.29,100.76,748672
PII,NYSE,2019/10/25 16:00:00,100.47,101.91,99.66,101.37,598466
PII,NYSE,2019/10/28 16:00:00,101.98,104.1,100.86,100.95,522145
PII,NYSE,2019/10/29 16:00:00,100.55,101.88,100.3,101.67,445256
PII,NYSE,2019/10/30 16:00:00,101.35,101.9,100.71,101.44,509863
PII,NYSE,2019/10/31 16:00:00,101.24,101.28,98,98.65,759673
PII,NYSE,2019/11/01 16:00:00,100,100.46,98.72,99.07,489018
PII,NYSE,2019/11/04 16:00:00,100,101.43,99.25,100.9,516544
PII,NYSE,2019/11/05 16:00:00,101.33,103.99,100.93,103.08,1326589
PII,NYSE,2019/11/06 16:00:00,102.79,103.93,101.1,101.71,503349
PII,NYSE,2019/11/07 16:00:00,102.95,104.25,102.21,103.39,1165908
PII,NYSE,2019/11/08 16:00:00,102.93,104.04,102,103.44,361242
PII,NYSE,2019/11/11 16:00:00,102.41,103.62,101.78,102.84,268870
PII,NYSE,2019/11/12 16:00:00,103,103.49,102.2,103.27,528786
PII,NYSE,2019/11/13 16:00:00,102.59,103.16,101.56,102.13,413797
PII,NYSE,2019/11/14 16:00:00,101.89,102.51,100.93,100.97,364293
PII,NYSE,2019/11/15 16:00:00,102.07,102.48,101.33,102.29,221958
PII,NYSE,2019/11/18 16:00:00,101.77,102.67,100.99,102.08,268332
PII,NYSE,2019/11/19 16:00:00,102,102.75,101.39,101.6,308702
PII,NYSE,2019/11/20 16:00:00,100.76,100.85,97.24,97.42,719612
PII,NYSE,2019/11/21 16:00:00,97.8,98.72,96.82,97.32,354036
PII,NYSE,2019/11/22 16:00:00,97.77,98.71,97.35,97.74,261979
PII,NYSE,2019/11/25 16:00:00,98.31,100.41,98.14,100.09,429220
PII,NYSE,2019/11/26 16:00:00,100.2,100.84,99.4,99.92,379706
PII,NYSE,2019/11/27 16:00:00,100.6,100.95,99.09,100.2,213797
PII,NYSE,2019/11/29 13:00:00,99.3,99.57,97.41,97.7,168211
PII,NYSE,2019/12/02 16:00:00,97.94,98.78,95.44,95.93,489265
PII,NYSE,2019/12/03 16:00:00,93.41,94.98,92.98,94.81,391969
PII,NYSE,2019/12/04 16:00:00,95.68,97.24,95.5,96.32,418052
PII,NYSE,2019/12/05 16:00:00,96,96.51,92.74,94.41,1044530
PII,NYSE,2019/12/06 16:00:00,95.84,96.98,95.31,95.5,796033
PII,NYSE,2019/12/09 16:00:00,95.4,96.94,95.17,96.3,584672
PII,NYSE,2019/12/10 16:00:00,95.95,97.24,95.14,96.98,382412
PII,NYSE,2019/12/11 16:00:00,97.17,99.35,96.64,98.98,641899
PII,NYSE,2019/12/12 16:00:00,99.03,102.66,98.2,102.28,602277
PII,NYSE,2019/12/13 16:00:00,102.74,104.37,97.27,98.86,1228808
PII,NYSE,2019/12/16 16:00:00,100.14,101.51,99.25,99.86,1188768
PII,NYSE,2019/12/17 16:00:00,100.26,101.12,99.8,100.42,803178
PII,NYSE,2019/12/18 16:00:00,101.04,101.1,99.87,99.96,445565
PII,NYSE,2019/12/19 16:00:00,99.77,100.48,98.92,98.97,421512
PII,NYSE,2019/12/20 16:00:00,99.38,100.54,98.44,99.29,1770354
PII,NYSE,2019/12/23 16:00:00,99.51,101.67,98.46,101.53,633169
PII,NYSE,2019/12/24 13:00:00,102,102.06,100,101.5,382670
PII,NYSE,2019/12/26 16:00:00,101.33,101.8,100.87,101.22,238706
PII,NYSE,2019/12/27 16:00:00,101.91,102.29,100.72,101.38,549945
PII,NYSE,2019/12/30 16:00:00,101.35,103.05,100.97,101.93,324110
PII,NYSE,2019/12/31 16:00:00,101.53,102.85,101.53,101.7,391133
PII,NYSE,2020/01/02 16:00:00,102.91,103.09,101.91,103.03,451747
PII,NYSE,2020/01/03 16:00:00,101.25,102.32,100.57,101.03,629670
PII,NYSE,2020/01/06 16:00:00,99.3,99.5,96.44,97.08,1001394
PII,NYSE,2020/01/07 16:00:00,97.06,97.43,92.34,95.01,1226640
PII,NYSE,2020/01/08 16:00:00,94.79,95.37,93.86,94.59,668690
PII,NYSE,2020/01/09 16:00:00,95.28,96.94,94.32,94.99,839212
PII,NYSE,2020/01/10 16:00:00,95.11,95.31,91.8,92.33,790203
PII,NYSE,2020/01/13 16:00:00,92.7,95.03,92.34,94.64,487880
PII,NYSE,2020/01/14 16:00:00,94.52,96.07,94.3,95.03,506990
PII,NYSE,2020/01/15 16:00:00,94.44,95.09,93.4,93.96,424771
PII,NYSE,2020/01/16 16:00:00,94.86,95.45,93.75,94.42,725502
PII,NYSE,2020/01/17 16:00:00,92.7,94,91.82,93.08,762575
PII,NYSE,2020/01/21 16:00:00,92.12,92.94,90.7,91.7,570754
PII,NYSE,2020/01/22 16:00:00,92.22,93.6,91.94,92.9,651510
PII,NYSE,2020/01/23 16:00:00,92.3,93.12,90.95,92.9,815405
PII,NYSE,2020/01/24 16:00:00,93.44,93.48,90.59,91.83,618593
PII,NYSE,2020/01/27 16:00:00,90.2,92.33,89.74,90.98,937855
PII,NYSE,2020/01/28 16:00:00,98,102.74,91.42,96.21,3680349
PII,NYSE,2020/01/29 16:00:00,97.19,97.69,94.28,94.54,1012075
PII,NYSE,2020/01/30 16:00:00,93.76,95.49,92.77,94.5,679962
PII,NYSE,2020/01/31 16:00:00,94.38,94.38,91.42,91.84,820203
PII,NYSE,2020/02/03 16:00:00,92.68,94.01,91.47,91.76,464140
PII,NYSE,2020/02/04 16:00:00,93.42,94.14,91.94,92.09,635719
PII,NYSE,2020/02/05 16:00:00,94,95.84,93.4,94.75,719669
PII,NYSE,2020/02/06 16:00:00,95.01,95.43,92,92.41,669948
PII,NYSE,2020/02/07 16:00:00,91.7,91.89,89.7,90.38,703019
PII,NYSE,2020/02/10 16:00:00,90,91.04,89.92,90.39,614158
PII,NYSE,2020/02/11 16:00:00,91,93.32,90.61,92.98,637754
PII,NYSE,2020/02/12 16:00:00,93.91,95.79,93.91,95,666558
PII,NYSE,2020/02/13 16:00:00,94.08,94.99,93.51,94.67,449620
PII,NYSE,2020/02/14 16:00:00,95.02,95.16,92.83,93.9,456289
PII,NYSE,2020/02/18 16:00:00,93.54,94.57,92.82,93.86,625799
PII,NYSE,2020/02/19 16:00:00,94.54,94.74,93.05,93.08,809100
PII,NYSE,2020/02/20 16:00:00,92.97,94.54,92.52,94.52,504789
PII,NYSE,2020/02/21 16:00:00,93.46,93.46,90.82,91.43,773226
PII,NYSE,2020/02/24 16:00:00,87.91,88.09,86.15,86.51,754117
PII,NYSE,2020/02/25 16:00:00,87.08,87.08,83.27,83.82,780460
PII,NYSE,2020/02/26 16:00:00,85.03,85.87,83.05,83.3,538080
PII,NYSE,2020/02/27 16:00:00,80.87,86.88,80.32,83.38,1047324
PII,NYSE,2020/02/28 16:00:00,79.87,83.05,79.62,82.53,1080273
PII,NYSE,2020/03/02 16:00:00,82.96,85.08,80.55,85.07,864575
PII,NYSE,2020/03/03 16:00:00,85.18,86.94,81.48,84.45,837127
PII,NYSE,2020/03/04 16:00:00,86.7,92.82,86.1,92.48,1635905
PII,NYSE,2020/03/05 16:00:00,89.2,89.54,84.16,86.02,1164985
PII,NYSE,2020/03/06 16:00:00,82.8,86.82,82.34,85.59,888778
PII,NYSE,2020/03/09 16:00:00,78.81,79.37,70.64,73.41,1738799
PII,NYSE,2020/03/10 16:00:00,75.17,76.95,70.11,76.34,989832
PII,NYSE,2020/03/11 16:00:00,74.1,74.98,71.4,72.48,685366
PII,NYSE,2020/03/12 16:00:00,67.64,67.64,59.84,60.28,1028863
PII,NYSE,2020/03/13 16:00:00,64.64,68.81,60.3,68.52,1046759
PII,NYSE,2020/03/16 16:00:00,57.56,64.99,54.36,55.13,1013719
PII,NYSE,2020/03/17 16:00:00,56.4,57,50.36,54.58,1030576
PII,NYSE,2020/03/18 16:00:00,50.01,52.1,46.4,50.12,1170744
PII,NYSE,2020/03/19 16:00:00,49.07,54.48,45.6,52.75,822145
PII,NYSE,2020/03/20 16:00:00,53,56.47,48.14,48.49,974497
PII,NYSE,2020/03/23 16:00:00,47.9,47.9,41.14,41.77,913682
PII,NYSE,2020/03/24 16:00:00,44.51,47.18,43.83,46.93,1183369
PII,NYSE,2020/03/25 16:00:00,48.06,54.43,45.85,48.28,1675912
PII,NYSE,2020/03/26 16:00:00,49.26,55.92,48.37,53.09,1003275
PII,NYSE,2020/03/27 16:00:00,50.32,50.54,46.76,47.44,1002203
PII,NYSE,2020/03/30 16:00:00,46.45,47.76,45.25,47.17,833952
PII,NYSE,2020/03/31 16:00:00,47.22,49.18,46.62,48.15,1452814
PII,NYSE,2020/04/01 16:00:00,46.32,48.46,45.35,46.12,824918
PII,NYSE,2020/04/02 16:00:00,45,48.52,43.89,44.74,938636
PII,NYSE,2020/04/03 16:00:00,42.44,44,37.35,39,2112039
PII,NYSE,2020/04/06 16:00:00,41.41,44.81,40.66,43.86,1602851
PII,NYSE,2020/04/07 16:00:00,47.16,50.46,47,48.72,1739412
PII,NYSE,2020/04/08 16:00:00,49.63,53.12,48.7,52.89,1363301
PII,NYSE,2020/04/09 16:00:00,55.55,57.95,54.59,56,1922420
PII,NYSE,2020/04/13 16:00:00,56.75,58.11,52.42,54.06,1152834
PII,NYSE,2020/04/14 16:00:00,55.37,56.85,54.27,56.42,1339941
PII,NYSE,2020/04/15 16:00:00,53.49,55.27,53.01,54.56,940294
PII,NYSE,2020/04/16 16:00:00,54.53,55.69,53.52,55.4,1137779
PII,NYSE,2020/04/17 16:00:00,57.99,60.9,57.48,60.05,1416426
PII,NYSE,2020/04/20 16:00:00,59.48,61.59,58.17,59.05,1198315
PII,NYSE,2020/04/21 16:00:00,58.03,59.56,57.24,59.12,979816
PII,NYSE,2020/04/22 16:00:00,60.46,60.91,58.37,59.26,750971
PII,NYSE,2020/04/23 16:00:00,59.84,62.75,59.32,61.47,1186772
PII,NYSE,2020/04/24 16:00:00,62.89,64.08,61.22,63.33,1352928
PII,NYSE,2020/04/27 16:00:00,65,69.67,63.75,67.51,1602743
PII,NYSE,2020/04/28 16:00:00,69.45,72.49,66.56,70,2289506
PII,NYSE,2020/04/29 16:00:00,73.06,76.36,72.26,75.07,1420758
PII,NYSE,2020/04/30 16:00:00,73.64,74.39,70.04,70.93,3407374
PII,NYSE,2020/05/01 16:00:00,68.66,69.58,65.05,65.64,1174981
PII,NYSE,2020/05/04 16:00:00,64.6,68.62,63.16,67.62,1099523
PII,NYSE,2020/05/05 16:00:00,69.68,72.25,68.66,69.1,1052338
PII,NYSE,2020/05/06 16:00:00,70.02,70.91,67.67,68.28,1171625
PII,NYSE,2020/05/07 16:00:00,69.5,71.04,68,68.24,645560
PII,NYSE,2020/05/08 16:00:00,69.98,73.17,69.33,72.93,1220757
PII,NYSE,2020/05/11 16:00:00,71.05,74.41,69.85,73.41,993570
PII,NYSE,2020/05/12 16:00:00,73.6,74.97,69.27,69.35,682329
PII,NYSE,2020/05/13 16:00:00,68.79,68.9,64.15,65.54,1183883
PII,NYSE,2020/05/14 16:00:00,63.24,71.13,62.09,70.98,2561611
PII,NYSE,2020/05/15 16:00:00,69.26,74.22,68.49,73.95,1743726
PII,NYSE,2020/05/18 16:00:00,78.12,82.32,77.8,79.56,1301037
PII,NYSE,2020/05/19 16:00:00,78.98,81.27,77.61,79.4,719934
PII,NYSE,2020/05/20 16:00:00,81,84.43,80.5,82.59,1337550
PII,NYSE,2020/05/21 16:00:00,82.08,83.6,81.41,83.06,840991
PII,NYSE,2020/05/22 16:00:00,82.79,84.07,81.38,83.72,828480
PII,NYSE,2020/05/26 16:00:00,87.18,88.11,84.9,86.11,1253940
PII,NYSE,2020/05/27 16:00:00,90,91,87.79,90.89,1184119
PII,NYSE,2020/05/28 16:00:00,91.99,92.25,87.64,88.83,1557280
PII,NYSE,2020/05/29 16:00:00,89.39,89.8,84.73,87.34,4070068
PII,NYSE,2020/06/01 16:00:00,88.04,90.69,87.07,89.26,882257
PII,NYSE,2020/06/02 16:00:00,90.21,91.31,88.86,89.24,1016893
PII,NYSE,2020/06/03 16:00:00,92,92.95,90.1,92.43,1062880
PII,NYSE,2020/06/04 16:00:00,91.26,96.2,90.42,95.8,1276762
PII,NYSE,2020/06/05 16:00:00,99.7,104.22,96.38,96.91,1462069
PII,NYSE,2020/06/08 16:00:00,98.93,102.51,98.64,102.35,1178465
PII,NYSE,2020/06/09 16:00:00,99.98,100.26,97.09,99.97,887693
PII,NYSE,2020/06/10 16:00:00,100.1,100.48,96.16,96.19,660085
PII,NYSE,2020/06/11 16:00:00,92.68,94.91,91.06,92.62,1103813
PII,NYSE,2020/06/12 16:00:00,97.63,97.92,92.12,94.79,972789
PII,NYSE,2020/06/15 16:00:00,90.96,97.07,90.16,95.86,665876
PII,NYSE,2020/06/16 16:00:00,100,100,96.01,97.33,637929
PII,NYSE,2020/06/17 16:00:00,97.84,98.51,95.67,96.63,641037
PII,NYSE,2020/06/18 16:00:00,95.46,95.69,93.42,94.12,839324
PII,NYSE,2020/06/19 16:00:00,95.17,96.37,93.72,94.01,1344845
PII,NYSE,2020/06/22 16:00:00,93.83,95.26,92.27,95.1,607736
PII,NYSE,2020/06/23 16:00:00,96.21,96.54,93.67,95.36,594865
PII,NYSE,2020/06/24 16:00:00,94.42,94.42,89.95,91.46,700528
PII,NYSE,2020/06/25 16:00:00,90.88,93.45,90.29,93,536701
PII,NYSE,2020/06/26 16:00:00,92,92.26,89.51,89.97,1585931
PII,NYSE,2020/06/29 16:00:00,90.54,93.23,88.68,92.26,642180
PII,NYSE,2020/06/30 16:00:00,91.55,93.75,91.28,92.55,499955
PII,NYSE,2020/07/01 16:00:00,92.87,93.62,90.34,90.91,483404
PII,NYSE,2020/07/02 16:00:00,92.9,94.57,91.03,91.71,722237
PII,NYSE,2020/07/06 16:00:00,94.61,96.02,93.45,95,765827
PII,NYSE,2020/07/07 16:00:00,93.5,94.64,91.66,91.92,647686
PII,NYSE,2020/07/08 16:00:00,93.12,94.96,92.62,94.05,549543
PII,NYSE,2020/07/09 16:00:00,94.45,94.45,91.36,92.08,616972
PII,NYSE,2020/07/10 16:00:00,91.83,94.12,91.57,94.06,405430
PII,NYSE,2020/07/13 16:00:00,96.21,98.37,94.42,95.73,1015189
PII,NYSE,2020/07/14 16:00:00,95.36,97.66,94.37,97.62,421741
PII,NYSE,2020/07/15 16:00:00,99.53,101.31,97.91,100.96,781465
PII,NYSE,2020/07/16 16:00:00,98.8,100.84,97.77,99.74,501215
PII,NYSE,2020/07/17 16:00:00,100.09,100.09,96.17,96.48,869204
PII,NYSE,2020/07/20 16:00:00,95.91,96.63,94.21,95.46,749311
PII,NYSE,2020/07/21 16:00:00,96.94,98.3,96.24,97.39,493828
PII,NYSE,2020/07/22 16:00:00,97.07,97.87,96.46,97.33,539994
PII,NYSE,2020/07/23 16:00:00,97.17,98.77,95.03,96.07,695546
PII,NYSE,2020/07/24 16:00:00,95.92,96.23,94.98,95.44,738077
PII,NYSE,2020/07/27 16:00:00,95.13,98.19,94.31,97.97,1378495
PII,NYSE,2020/07/28 16:00:00,103.66,108.98,103.62,105.26,3442744
PII,NYSE,2020/07/29 16:00:00,108.14,108.39,105.47,106.28,1531035
PII,NYSE,2020/07/30 16:00:00,104.21,107,102.37,104.24,1210666
PII,NYSE,2020/07/31 16:00:00,104,104,100.31,103.63,3704146
PII,NYSE,2020/08/03 16:00:00,103.83,106.6,103.8,105.92,743416
PII,NYSE,2020/08/04 16:00:00,105.26,106.16,104.54,105.23,587176
PII,NYSE,2020/08/05 16:00:00,106,108.14,105.81,107.16,602128
PII,NYSE,2020/08/06 16:00:00,107,107.46,103.66,103.85,676847
PII,NYSE,2020/08/07 16:00:00,103.44,105.54,102.68,105.43,516542
PII,NYSE,2020/08/10 16:00:00,105.25,106.78,104.76,105.31,475204
PII,NYSE,2020/08/11 16:00:00,106.87,109.38,106.32,107.26,1020851
PII,NYSE,2020/08/12 16:00:00,108.33,110.3,106.91,107.16,667949
PII,NYSE,2020/08/13 16:00:00,106.79,109.49,106,107.62,493169
PII,NYSE,2020/08/14 16:00:00,106.13,106.57,102.6,103.1,611941
PII,NYSE,2020/08/17 16:00:00,102.6,105.75,102.51,104.95,504044
PII,NYSE,2020/08/18 16:00:00,105.32,105.5,103.52,103.9,510520
PII,NYSE,2020/08/19 16:00:00,103.79,105.65,103.32,103.5,321965
PII,NYSE,2020/08/20 16:00:00,102.4,103.58,101.36,101.95,464256
PII,NYSE,2020/08/21 16:00:00,101.35,102.34,100.41,100.83,708563
PII,NYSE,2020/08/24 16:00:00,101.54,104.53,100.85,103.66,576438
PII,NYSE,2020/08/25 16:00:00,103.72,104.46,102.68,103.65,801382
PII,NYSE,2020/08/26 16:00:00,104.08,105.5,102.82,104.06,796868
PII,NYSE,2020/08/27 16:00:00,104.98,106.39,103.96,104.12,414116
PII,NYSE,2020/08/28 16:00:00,104.85,104.96,103.4,104.23,301241
PII,NYSE,2020/08/31 16:00:00,104.15,104.15,100.99,101.04,677114
PII,NYSE,2020/09/01 16:00:00,100.26,103.95,99.51,103.9,542125
PII,NYSE,2020/09/02 16:00:00,104.09,106.99,102.64,106.69,563864
PII,NYSE,2020/09/03 16:00:00,106.5,106.5,98.77,99.37,676523
PII,NYSE,2020/09/04 16:00:00,100.61,101.22,94.66,98.7,579256
PII,NYSE,2020/09/08 16:00:00,93.05,97.36,92.42,94.11,1050606
PII,NYSE,2020/09/09 16:00:00,95.83,96.29,93.01,93.93,783416
PII,NYSE,2020/09/10 16:00:00,94.86,96.66,92.67,92.93,586591
PII,NYSE,2020/09/11 16:00:00,94.25,94.6,91.77,92.67,379557
PII,NYSE,2020/09/14 16:00:00,93.41,94.34,92.9,93.89,982380
PII,NYSE,2020/09/15 16:00:00,95.36,96.74,92.57,92.78,730353
PII,NYSE,2020/09/16 16:00:00,93.88,94.55,91.57,92.04,793024
PII,NYSE,2020/09/17 16:00:00,90.51,92.12,89.57,91.3,648522
PII,NYSE,2020/09/18 16:00:00,91.67,92,89.17,89.58,1302332
PII,NYSE,2020/09/21 16:00:00,88,89.05,86.67,87.87,582971
PII,NYSE,2020/09/22 16:00:00,88.75,91.31,87.95,90.9,604908
PII,NYSE,2020/09/23 16:00:00,91.78,93.15,88.7,88.74,936234
PII,NYSE,2020/09/24 16:00:00,88.85,91.85,87.39,90.45,682267
PII,NYSE,2020/09/25 16:00:00,90,92.19,89.67,90.84,601570
PII,NYSE,2020/09/28 16:00:00,92.59,93.04,91.48,92.08,443272
PII,NYSE,2020/09/29 16:00:00,96.04,96.13,90.22,91.31,1181954
PII,NYSE,2020/09/30 16:00:00,93.18,96.65,92.92,94.34,1670915
PII,NYSE,2020/10/01 16:00:00,95.65,96.81,93.81,94.54,573666
PII,NYSE,2020/10/02 16:00:00,91.58,99.85,91.58,98.83,664778
PII,NYSE,2020/10/05 16:00:00,102.39,103.91,100.56,102.03,668152
PII,NYSE,2020/10/06 16:00:00,102.26,103.92,101.05,101.42,682543
PII,NYSE,2020/10/07 16:00:00,102.5,104.33,102.46,104,566680
PII,NYSE,2020/10/08 16:00:00,105,105,99.77,101.06,729487
PII,NYSE,2020/10/09 16:00:00,101.5,101.81,99.58,99.88,369102
PII,NYSE,2020/10/12 16:00:00,100.78,101.15,96.57,97.32,1087705
PII,NYSE,2020/10/13 16:00:00,96.92,99,96.14,97.61,693493
PII,NYSE,2020/10/14 16:00:00,98.2,98.72,94.98,95.16,549348
PII,NYSE,2020/10/15 16:00:00,93.62,97.69,93.57,97.28,472097
PII,NYSE,2020/10/16 16:00:00,97.12,97.72,96,96.05,432950
PII,NYSE,2020/10/19 16:00:00,96.41,97.41,94.26,94.45,382294
PII,NYSE,2020/10/20 16:00:00,95.55,98.23,95.37,95.5,448465
PII,NYSE,2020/10/21 16:00:00,96.28,96.69,90.19,90.25,1022253
PII,NYSE,2020/10/22 16:00:00,90.75,92.94,89.61,91.8,834822
PII,NYSE,2020/10/23 16:00:00,92.87,93.66,90.19,91.67,843311
PII,NYSE,2020/10/26 16:00:00,90.7,92.08,88.68,91.55,884041
PII,NYSE,2020/10/27 16:00:00,90.84,96.56,88.84,92.04,1226982
PII,NYSE,2020/10/28 16:00:00,90.01,94.68,89.5,92.38,728407
PII,NYSE,2020/10/29 16:00:00,92.85,94.42,91.18,91.31,758788
PII,NYSE,2020/10/30 16:00:00,90.93,92.1,88.77,90.86,1002363
PII,NYSE,2020/11/02 16:00:00,91.59,93.3,90.95,92.85,638084
PII,NYSE,2020/11/03 16:00:00,94.16,95.13,93.03,94.17,668794
PII,NYSE,2020/11/04 16:00:00,93.06,97.4,92.1,95.48,535975
PII,NYSE,2020/11/05 16:00:00,96.84,101.27,96.53,100.37,713147
PII,NYSE,2020/11/06 16:00:00,100.69,101.7,97.36,97.74,602470
PII,NYSE,2020/11/09 16:00:00,102.82,103.99,89.12,89.19,1908510
PII,NYSE,2020/11/10 16:00:00,89.96,95.06,89.35,92.88,1071225
PII,NYSE,2020/11/11 16:00:00,93.95,94.84,91.79,94.76,622675
PII,NYSE,2020/11/12 16:00:00,93.83,94.45,90.29,90.92,674164
PII,NYSE,2020/11/13 16:00:00,92.06,94.24,92.06,93.21,670688
PII,NYSE,2020/11/16 16:00:00,94,96.6,93.82,96.46,763661
PII,NYSE,2020/11/17 16:00:00,95.67,97.34,93.73,97.01,469104
PII,NYSE,2020/11/18 16:00:00,92,93.69,90.53,90.88,1732991
PII,NYSE,2020/11/19 16:00:00,91.33,92.43,90.05,92,778722
PII,NYSE,2020/11/20 16:00:00,91.81,92.26,90.31,91.91,805796
PII,NYSE,2020/11/23 16:00:00,92.94,95.45,92.53,94.79,625964
PII,NYSE,2020/11/24 16:00:00,96,97.15,93.06,95.33,707853
PII,NYSE,2020/11/25 16:00:00,95.89,96.13,94.14,95.66,749384
PII,NYSE,2020/11/27 13:00:00,95.75,96.71,95,95.54,247052
PII,NYSE,2020/11/30 16:00:00,95.54,96.97,93.42,96,681757
PII,NYSE,2020/12/01 16:00:00,96.97,99.34,96.06,99.11,659818
PII,NYSE,2020/12/02 16:00:00,98.28,99.37,96.34,97.36,914578
PII,NYSE,2020/12/03 16:00:00,97.01,98.17,96.2,96.45,489248
PII,NYSE,2020/12/04 16:00:00,97.16,97.43,95.11,97,415538
PII,NYSE,2020/12/07 16:00:00,96.85,96.85,94.02,95.62,578009
PII,NYSE,2020/12/08 16:00:00,95.05,95.28,93.4,94.27,561611
PII,NYSE,2020/12/09 16:00:00,94.72,95.6,93.94,94.93,556428
PII,NYSE,2020/12/10 16:00:00,93.9,95.21,93.02,94.87,512047
PII,NYSE,2020/12/11 16:00:00,94.49,95.44,92.58,93.86,502654
PII,NYSE,2020/12/14 16:00:00,95.08,96.2,94.39,94.53,485047
PII,NYSE,2020/12/15 16:00:00,95.15,96.29,94.4,96.07,822137
PII,NYSE,2020/12/16 16:00:00,96.85,97.3,95.77,96.39,389820
PII,NYSE,2020/12/17 16:00:00,96.31,98.43,95.95,97,558980
PII,NYSE,2020/12/18 16:00:00,97.69,99.61,97.53,99.22,1273142
PII,NYSE,2020/12/21 16:00:00,97.65,99.19,96.56,98.77,373378
PII,NYSE,2020/12/22 16:00:00,99.25,101.63,98.33,100.59,509921
PII,NYSE,2020/12/23 16:00:00,100.98,101.77,99.28,99.56,429601
PII,NYSE,2020/12/24 13:00:00,99.96,99.96,98.05,98.73,147172
PII,NYSE,2020/12/28 16:00:00,99.82,100.13,97.31,97.9,289595
PII,NYSE,2020/12/29 16:00:00,97.84,97.97,95.08,95.71,370113
PII,NYSE,2020/12/30 16:00:00,96.32,97.57,95.65,96.8,399723
PII,NYSE,2020/12/31 16:00:00,96.11,96.11,94.74,95.28,444956
PII,NYSE,2021/01/04 16:00:00,96.15,96.52,94.42,95.71,454467
PII,NYSE,2021/01/05 16:00:00,95.7,98.63,95.6,98.26,637498
PII,NYSE,2021/01/06 16:00:00,98.98,105.8,98.05,105.76,831394
PII,NYSE,2021/01/07 16:00:00,105.8,107.68,105.38,105.42,683087
PII,NYSE,2021/01/08 16:00:00,106.77,106.77,103.17,104.86,462005
PII,NYSE,2021/01/11 16:00:00,102.75,107.64,102.19,106.74,435216
PII,NYSE,2021/01/12 16:00:00,106.94,111.15,106.9,110.22,731839
PII,NYSE,2021/01/13 16:00:00,109.89,110.15,107.03,107.66,350611
PII,NYSE,2021/01/14 16:00:00,108.71,109.76,106.7,106.88,379277
PII,NYSE,2021/01/15 16:00:00,106.15,108.1,104.56,107.92,474255
PII,NYSE,2021/01/19 16:00:00,109.12,113.43,107.91,113.21,865173
PII,NYSE,2021/01/20 16:00:00,116.97,121.35,115.77,117,1485603
PII,NYSE,2021/01/21 16:00:00,119.11,120.07,116.92,117.74,635659
PII,NYSE,2021/01/22 16:00:00,116.84,118.76,115.97,118.73,545236
PII,NYSE,2021/01/25 16:00:00,118.95,123.78,117,119.5,1500037
PII,NYSE,2021/01/26 16:00:00,126.51,129,117.69,123.68,2379712
PII,NYSE,2021/01/27 16:00:00,123.44,125.61,116.13,117.37,1184110
PII,NYSE,2021/01/28 16:00:00,117.13,120.21,116.71,117.65,1363715
PII,NYSE,2021/01/29 16:00:00,117.45,119.88,115.61,116.67,1361152
PII,NYSE,2021/02/01 16:00:00,117.65,118.2,112.59,114.26,1570056
PII,NYSE,2021/02/02 16:00:00,115.1,116.29,112.39,115.48,745538
PII,NYSE,2021/02/03 16:00:00,115.83,118.63,112.6,118.44,1359700
PII,NYSE,2021/02/04 16:00:00,118.73,120,117.37,119,668175
PII,NYSE,2021/02/05 16:00:00,119.43,120.8,117.91,118.57,721736
PII,NYSE,2021/02/08 16:00:00,119.35,122.14,118.42,122.08,634500
PII,NYSE,2021/02/09 16:00:00,122.16,123.26,120.18,121.7,617908
PII,NYSE,2021/02/10 16:00:00,122.78,124.89,121.82,123.4,538619
PII,NYSE,2021/02/11 16:00:00,123.43,125.87,123.14,124.48,760691
PII,NYSE,2021/02/12 16:00:00,123.36,124.79,121.72,122.18,439801
PII,NYSE,2021/02/16 16:00:00,122.14,124.29,118.89,119.68,828576
PII,NYSE,2021/02/17 16:00:00,118.01,119.43,116.76,118.11,572493
PII,NYSE,2021/02/18 16:00:00,117.68,118.81,115,117.29,527070
PII,NYSE,2021/02/19 16:00:00,117.52,122,117.52,121.86,622874
PII,NYSE,2021/02/22 16:00:00,120.78,123.56,120.65,120.83,670949
PII,NYSE,2021/02/23 16:00:00,119,123.46,116.76,122.95,645863
PII,NYSE,2021/02/24 16:00:00,123,126.7,122.43,126.11,643061
PII,NYSE,2021/02/25 16:00:00,125.76,126.95,121.04,121.36,610744
PII,NYSE,2021/02/26 16:00:00,120.35,121.34,116.95,117.76,808888
PII,NYSE,2021/03/01 16:00:00,120.08,125.78,120.08,124.35,712100
PII,NYSE,2021/03/02 16:00:00,124.84,125.31,121.98,122.89,1282796
PII,NYSE,2021/03/03 16:00:00,123.97,125.63,121.36,122.81,518511
PII,NYSE,2021/03/04 16:00:00,121.69,124.62,119.02,122.51,1387723
PII,NYSE,2021/03/05 16:00:00,123.71,130.35,121.3,129.48,1700813
PII,NYSE,2021/03/08 16:00:00,130,137.11,130,134.22,1540500
PII,NYSE,2021/03/09 16:00:00,137.3,137.68,133.25,133.77,1496446
PII,NYSE,2021/03/10 16:00:00,134.24,135.98,132.19,133.39,784278
PII,NYSE,2021/03/11 16:00:00,135,136.95,134.49,136.68,612355
PII,NYSE,2021/03/12 16:00:00,135.91,137.76,135.91,137.1,613193
PII,NYSE,2021/03/15 16:00:00,137.88,140.93,136.46,140.51,1288427
PII,NYSE,2021/03/16 16:00:00,140.73,140.73,136.64,137.04,940583
PII,NYSE,2021/03/17 16:00:00,135.97,136.51,132.14,136.04,699012
PII,NYSE,2021/03/18 16:00:00,135.82,137.23,132.76,133.19,635420
PII,NYSE,2021/03/19 16:00:00,134.24,136.66,132.4,135.38,3108908
PII,NYSE,2021/03/22 16:00:00,139.29,139.37,134.11,136.09,654561
PII,NYSE,2021/03/23 16:00:00,133.71,135.76,128.37,129.48,553237
PII,NYSE,2021/03/24 16:00:00,132.59,133.23,126.19,126.55,1318550
PII,NYSE,2021/03/25 16:00:00,124.6,130.85,123.1,130.34,690692
PII,NYSE,2021/03/26 16:00:00,131.92,134.16,130.05,133.82,581174
PII,NYSE,2021/03/29 16:00:00,134.1,136.27,132.27,133.2,569832
PII,NYSE,2021/03/30 16:00:00,133.39,135.8,130.18,135.55,568476
PII,NYSE,2021/03/31 16:00:00,136.06,136.86,132.28,133.5,568769
PII,NYSE,2021/04/01 16:00:00,134.66,135.3,132.97,134.93,444888
PII,NYSE,2021/04/05 16:00:00,136.63,137.89,135.34,137.62,385472
PII,NYSE,2021/04/06 16:00:00,137.4,139.47,136.15,136.65,831882
PII,NYSE,2021/04/07 16:00:00,136.64,139.01,135.51,137.61,500671
PII,NYSE,2021/04/08 16:00:00,137.73,138.57,136.5,137.78,526078
PII,NYSE,2021/04/09 16:00:00,138.5,138.93,137.67,138.32,685972
SCI,NYSE,2019/04/01 16:00:00,40.45,40.61,40.1,40.5,1894243
SCI,NYSE,2019/04/02 16:00:00,40.7,40.79,40.35,40.45,1323453
SCI,NYSE,2019/04/03 16:00:00,40.5,40.95,40.41,40.82,1470679
SCI,NYSE,2019/04/04 16:00:00,40.86,40.92,40.42,40.54,1118197
SCI,NYSE,2019/04/05 16:00:00,40.73,40.98,40.67,40.69,2016452
SCI,NYSE,2019/04/08 16:00:00,40.75,41.32,40.72,41.29,978322
SCI,NYSE,2019/04/09 16:00:00,41.01,41.2,40.74,40.87,1171840
SCI,NYSE,2019/04/10 16:00:00,41.02,41.36,40.79,41.36,793288
SCI,NYSE,2019/04/11 16:00:00,41.5,41.54,41.16,41.31,779843
SCI,NYSE,2019/04/12 16:00:00,41.52,42.06,41.44,41.86,968775
SCI,NYSE,2019/04/15 16:00:00,41.9,42.32,41.9,42.17,986909
SCI,NYSE,2019/04/16 16:00:00,42.36,42.36,41.43,41.57,1546996
SCI,NYSE,2019/04/17 16:00:00,41.77,41.77,41.19,41.52,1045173
SCI,NYSE,2019/04/18 16:00:00,41.6,41.6,40.96,41.31,1336397
SCI,NYSE,2019/04/22 16:00:00,41.19,41.55,41.09,41.27,980638
SCI,NYSE,2019/04/23 16:00:00,41.32,41.74,41.07,41.47,1435897
SCI,NYSE,2019/04/24 16:00:00,41.46,41.96,41.31,41.64,1894919
SCI,NYSE,2019/04/25 16:00:00,42.01,43.96,42.01,42.97,2194339
SCI,NYSE,2019/04/26 16:00:00,43.09,43.15,42.52,42.71,1435308
SCI,NYSE,2019/04/29 16:00:00,42.64,42.66,41.97,42,1369214
SCI,NYSE,2019/04/30 16:00:00,42,42.23,41.41,41.61,1143087
SCI,NYSE,2019/05/01 16:00:00,41.82,41.82,41.3,41.36,753930
SCI,NYSE,2019/05/02 16:00:00,41.17,41.66,41.07,41.6,718790
SCI,NYSE,2019/05/03 16:00:00,41.84,42.19,41.75,42.02,942709
SCI,NYSE,2019/05/06 16:00:00,41.51,42.77,41.15,42.72,1007785
SCI,NYSE,2019/05/07 16:00:00,42.68,42.9,41.53,41.71,1297359
SCI,NYSE,2019/05/08 16:00:00,41.66,42.15,41.58,42.08,870389
SCI,NYSE,2019/05/09 16:00:00,41.78,42.4,41.37,42.32,1441874
SCI,NYSE,2019/05/10 16:00:00,42.11,42.73,41.76,42.59,725800
SCI,NYSE,2019/05/13 16:00:00,41.95,42.15,41.81,42.12,733467
SCI,NYSE,2019/05/14 16:00:00,42.2,42.36,41.88,42.21,654965
SCI,NYSE,2019/05/15 16:00:00,42.05,42.44,41.78,42.18,533575
SCI,NYSE,2019/05/16 16:00:00,42.35,42.79,42.26,42.62,756746
SCI,NYSE,2019/05/17 16:00:00,42.35,43.07,42.29,42.8,750038
SCI,NYSE,2019/05/20 16:00:00,42.48,42.68,42.11,42.27,727381
SCI,NYSE,2019/05/21 16:00:00,42.56,43.26,42.48,43.02,1302328
SCI,NYSE,2019/05/22 16:00:00,42.9,43.52,42.9,43.16,811662
SCI,NYSE,2019/05/23 16:00:00,42.8,43.43,42.6,43.27,1352388
SCI,NYSE,2019/05/24 16:00:00,43.36,43.58,43.12,43.44,864602
SCI,NYSE,2019/05/28 16:00:00,43.46,43.66,42.62,42.73,904289
SCI,NYSE,2019/05/29 16:00:00,42.45,43.18,42.45,43.06,1257563
SCI,NYSE,2019/05/30 16:00:00,43.4,43.7,43.14,43.54,1229838
SCI,NYSE,2019/05/31 16:00:00,43.15,44.01,42.97,43.87,1780894
SCI,NYSE,2019/06/03 16:00:00,43.9,44.31,43.79,44.02,899612
SCI,NYSE,2019/06/04 16:00:00,44.16,44.74,44.13,44.7,782972
SCI,NYSE,2019/06/05 16:00:00,44.85,44.99,44.5,44.93,505925
SCI,NYSE,2019/06/06 16:00:00,44.85,45.07,44.77,44.95,569674
SCI,NYSE,2019/06/07 16:00:00,45.12,45.44,44.99,45.11,606528
SCI,NYSE,2019/06/10 16:00:00,45.22,45.6,45.02,45.2,585555
SCI,NYSE,2019/06/11 16:00:00,45.26,45.52,44.73,44.96,418950
SCI,NYSE,2019/06/12 16:00:00,45,45.45,44.86,45.45,710852
SCI,NYSE,2019/06/13 16:00:00,45.36,45.95,45.14,45.93,869763
SCI,NYSE,2019/06/14 16:00:00,45.96,46.37,45.79,46,720781
SCI,NYSE,2019/06/17 16:00:00,46,46.24,45.67,45.86,506568
SCI,NYSE,2019/06/18 16:00:00,46.05,46.58,45.97,46.33,533998
SCI,NYSE,2019/06/19 16:00:00,46.31,46.61,46.12,46.51,659313
SCI,NYSE,2019/06/20 16:00:00,46.67,46.88,46.48,46.7,625042
SCI,NYSE,2019/06/21 16:00:00,46.47,46.66,45.89,45.89,1086313
SCI,NYSE,2019/06/24 16:00:00,45.96,46.15,45.65,45.68,565018
SCI,NYSE,2019/06/25 16:00:00,45.72,46.17,45.43,46.1,934685
SCI,NYSE,2019/06/26 16:00:00,46.12,46.16,45.29,45.29,916246
SCI,NYSE,2019/06/27 16:00:00,45.3,46.22,45.3,46.15,733584
SCI,NYSE,2019/06/28 16:00:00,45.97,46.93,45.97,46.78,1641947
SCI,NYSE,2019/07/01 16:00:00,47.09,47.29,46.06,46.46,861081
SCI,NYSE,2019/07/02 16:00:00,46.51,47.11,46.18,46.87,782047
SCI,NYSE,2019/07/03 13:00:00,47.01,47.46,46.86,47.4,431440
SCI,NYSE,2019/07/05 16:00:00,47.19,47.32,46.96,47.26,451670
SCI,NYSE,2019/07/08 16:00:00,47.03,47.22,46.45,46.75,704878
SCI,NYSE,2019/07/09 16:00:00,46.55,47.01,46.55,46.81,570146
SCI,NYSE,2019/07/10 16:00:00,46.92,47.16,46.54,46.63,1031572
SCI,NYSE,2019/07/11 16:00:00,46.76,47.2,46.76,47.14,605338
SCI,NYSE,2019/07/12 16:00:00,47.22,47.77,47.07,47.75,614004
SCI,NYSE,2019/07/15 16:00:00,47.87,47.87,47.18,47.35,669534
SCI,NYSE,2019/07/16 16:00:00,47.35,47.56,47.17,47.36,424963
SCI,NYSE,2019/07/17 16:00:00,47.35,47.5,46.92,46.94,500362
SCI,NYSE,2019/07/18 16:00:00,46.97,47.42,46.76,47.36,390488
SCI,NYSE,2019/07/19 16:00:00,47.45,47.62,46.78,46.79,748071
SCI,NYSE,2019/07/22 16:00:00,46.84,47.17,46.69,46.84,660531
SCI,NYSE,2019/07/23 16:00:00,47.07,47.36,46.73,47.3,567022
SCI,NYSE,2019/07/24 16:00:00,47.24,47.46,46.96,47.35,507740
SCI,NYSE,2019/07/25 16:00:00,47.27,47.43,46.97,47.14,535057
SCI,NYSE,2019/07/26 16:00:00,47.33,47.6,47.08,47.21,607781
SCI,NYSE,2019/07/29 16:00:00,47.14,47.33,46.91,47.1,796389
SCI,NYSE,2019/07/30 16:00:00,45.58,47.86,45.24,47.83,2536147
SCI,NYSE,2019/07/31 16:00:00,47.85,48.54,45.82,46.14,1377857
SCI,NYSE,2019/08/01 16:00:00,46.27,47.18,45.96,46.44,1032136
SCI,NYSE,2019/08/02 16:00:00,46.29,46.29,45.28,45.9,625270
SCI,NYSE,2019/08/05 16:00:00,45.27,45.56,44.36,44.81,870543
SCI,NYSE,2019/08/06 16:00:00,45.03,45.47,44.73,45.29,759851
SCI,NYSE,2019/08/07 16:00:00,45.01,46.23,44.86,45.99,836680
SCI,NYSE,2019/08/08 16:00:00,46.29,47.01,46.06,46.92,1137633
SCI,NYSE,2019/08/09 16:00:00,46.85,47.36,46.59,47.1,505038
SCI,NYSE,2019/08/12 16:00:00,47.08,47.59,46.81,46.93,728417
SCI,NYSE,2019/08/13 16:00:00,46.85,47.56,46.83,47.3,766562
SCI,NYSE,2019/08/14 16:00:00,46.86,47.22,46.55,46.9,886487
SCI,NYSE,2019/08/15 16:00:00,47.1,47.44,46.99,47.2,659100
SCI,NYSE,2019/08/16 16:00:00,47.3,48.35,47.21,48.03,1146084
SCI,NYSE,2019/08/19 16:00:00,48.63,48.7,47.72,47.93,933480
SCI,NYSE,2019/08/20 16:00:00,47.72,47.84,47.11,47.22,726536
SCI,NYSE,2019/08/21 16:00:00,47.51,47.61,46.87,47.11,1032332
SCI,NYSE,2019/08/22 16:00:00,47.29,47.56,46.78,47.1,461070
SCI,NYSE,2019/08/23 16:00:00,47.05,47.08,45.93,46.1,632904
SCI,NYSE,2019/08/26 16:00:00,46.21,46.91,46.16,46.89,814230
SCI,NYSE,2019/08/27 16:00:00,47.24,47.61,45.96,45.96,716868
SCI,NYSE,2019/08/28 16:00:00,45.95,46.55,45.37,46.41,689709
SCI,NYSE,2019/08/29 16:00:00,46.65,47,46.52,46.85,570617
SCI,NYSE,2019/08/30 16:00:00,46.77,46.77,45.85,46.3,621666
SCI,NYSE,2019/09/03 16:00:00,46.09,46.32,45.77,46.07,504976
SCI,NYSE,2019/09/04 16:00:00,46.48,46.52,45.75,46.26,596597
SCI,NYSE,2019/09/05 16:00:00,46.5,46.79,46.32,46.65,356905
SCI,NYSE,2019/09/06 16:00:00,46.77,47.04,46.43,46.73,465382
SCI,NYSE,2019/09/09 16:00:00,46.94,47,46.37,46.66,940187
SCI,NYSE,2019/09/10 16:00:00,46.54,46.55,45.75,46.51,591983
SCI,NYSE,2019/09/11 16:00:00,46.68,47.1,46.49,46.99,527407
SCI,NYSE,2019/09/12 16:00:00,47.06,47.66,46.92,47.39,936905
SCI,NYSE,2019/09/13 16:00:00,47.67,48.59,47.58,48.56,997945
SCI,NYSE,2019/09/16 16:00:00,48.29,48.29,46.86,47.09,947162
SCI,NYSE,2019/09/17 16:00:00,46.86,47.62,46.55,47.52,953513
SCI,NYSE,2019/09/18 16:00:00,47.63,47.75,46.84,47.28,456937
SCI,NYSE,2019/09/19 16:00:00,47.42,47.66,47.05,47.1,881513
SCI,NYSE,2019/09/20 16:00:00,47.29,47.29,46.79,46.92,1559973
SCI,NYSE,2019/09/23 16:00:00,46.77,47.34,46.77,47.09,598645
SCI,NYSE,2019/09/24 16:00:00,47.32,47.48,46.82,47.05,554374
SCI,NYSE,2019/09/25 16:00:00,47.07,47.65,47.06,47.42,953429
SCI,NYSE,2019/09/26 16:00:00,47.41,47.7,46.86,46.89,919882
SCI,NYSE,2019/09/27 16:00:00,47.18,47.71,46.91,47.43,1348990
SCI,NYSE,2019/09/30 16:00:00,47.43,47.93,47.15,47.81,708845
SCI,NYSE,2019/10/01 16:00:00,47.95,48.01,47.11,47.35,732466
SCI,NYSE,2019/10/02 16:00:00,47.05,47.3,46.87,47.18,709627
SCI,NYSE,2019/10/03 16:00:00,47,47.46,46.5,46.76,445878
SCI,NYSE,2019/10/04 16:00:00,47.41,47.41,46.16,46.6,883534
SCI,NYSE,2019/10/07 16:00:00,46.6,46.61,45.67,45.79,825741
SCI,NYSE,2019/10/08 16:00:00,45.59,45.71,45.01,45.18,1040618
SCI,NYSE,2019/10/09 16:00:00,45.47,45.96,45.32,45.8,711471
SCI,NYSE,2019/10/10 16:00:00,45.81,46.33,45.81,46.01,531654
SCI,NYSE,2019/10/11 16:00:00,46.5,46.96,46.3,46.51,616557
SCI,NYSE,2019/10/14 16:00:00,46.34,46.64,46.04,46.49,359923
SCI,NYSE,2019/10/15 16:00:00,46.6,46.72,45.96,46.18,517829
SCI,NYSE,2019/10/16 16:00:00,46,46.15,45.58,45.95,794562
SCI,NYSE,2019/10/17 16:00:00,46.02,46.77,45.99,46.6,815055
SCI,NYSE,2019/10/18 16:00:00,46.37,46.77,46.05,46.67,631507
SCI,NYSE,2019/10/21 16:00:00,46.9,46.96,46.23,46.67,652046
SCI,NYSE,2019/10/22 16:00:00,46.8,46.95,46.28,46.3,455529
SCI,NYSE,2019/10/23 16:00:00,46.23,46.38,45.65,45.94,714706
SCI,NYSE,2019/10/24 16:00:00,45.9,46.03,45.52,45.9,617417
SCI,NYSE,2019/10/25 16:00:00,45.85,46.06,45.61,45.86,502597
SCI,NYSE,2019/10/28 16:00:00,45.84,46.53,45.66,45.82,711727
SCI,NYSE,2019/10/29 16:00:00,45.76,46.11,45.45,45.6,1523123
SCI,NYSE,2019/10/30 16:00:00,45.6,46.14,45.43,45.5,1094134
SCI,NYSE,2019/10/31 16:00:00,44.5,45.58,43.02,45.48,2282119
SCI,NYSE,2019/11/01 16:00:00,45.58,45.8,43.89,44.05,1590711
SCI,NYSE,2019/11/04 16:00:00,44.28,44.45,43.76,44.28,1246349
SCI,NYSE,2019/11/05 16:00:00,44.41,44.81,43.69,43.82,1532820
SCI,NYSE,2019/11/06 16:00:00,43.82,44.53,43.67,43.98,898694
SCI,NYSE,2019/11/07 16:00:00,44.16,44.66,43.74,44.15,1238805
SCI,NYSE,2019/11/08 16:00:00,44.22,44.47,43.89,44,585241
SCI,NYSE,2019/11/11 16:00:00,43.72,44.35,43.66,43.99,653442
SCI,NYSE,2019/11/12 16:00:00,44.1,44.4,43.97,44.06,636512
SCI,NYSE,2019/11/13 16:00:00,43.88,44.23,43.72,43.78,649226
SCI,NYSE,2019/11/14 16:00:00,43.71,43.76,43.19,43.45,731275
SCI,NYSE,2019/11/15 16:00:00,43.5,43.7,43.24,43.57,842334
SCI,NYSE,2019/11/18 16:00:00,43.53,43.93,43.34,43.68,662828
SCI,NYSE,2019/11/19 16:00:00,43.75,43.92,43.33,43.38,530458
SCI,NYSE,2019/11/20 16:00:00,43.33,43.85,43.13,43.75,896687
SCI,NYSE,2019/11/21 16:00:00,43.78,43.9,43.14,43.24,594031
SCI,NYSE,2019/11/22 16:00:00,43.12,43.55,42.93,43.39,883741
SCI,NYSE,2019/11/25 16:00:00,43.63,43.98,43.45,43.86,977464
SCI,NYSE,2019/11/26 16:00:00,43.86,44.42,43.75,44.17,862109
SCI,NYSE,2019/11/27 16:00:00,44.2,44.57,44.2,44.39,551326
SCI,NYSE,2019/11/29 13:00:00,44.36,44.58,43.99,44.02,382225
SCI,NYSE,2019/12/02 16:00:00,44.23,44.51,44.11,44.34,733855
SCI,NYSE,2019/12/03 16:00:00,44.01,44.19,43.17,43.24,1292833
SCI,NYSE,2019/12/04 16:00:00,43.24,43.65,43.24,43.44,867605
SCI,NYSE,2019/12/05 16:00:00,43.52,43.88,43.47,43.82,690898
SCI,NYSE,2019/12/06 16:00:00,44.09,44.41,43.96,44.01,1289302
SCI,NYSE,2019/12/09 16:00:00,44.15,44.4,43.52,43.79,1056088
SCI,NYSE,2019/12/10 16:00:00,43.8,44.4,43.6,44.36,1100273
SCI,NYSE,2019/12/11 16:00:00,44.54,45.36,44.38,45.25,1273323
SCI,NYSE,2019/12/12 16:00:00,45.04,45.75,44.99,45.4,917265
SCI,NYSE,2019/12/13 16:00:00,45.25,45.92,45.14,45.65,882298
SCI,NYSE,2019/12/16 16:00:00,45.79,45.97,45.55,45.59,766145
SCI,NYSE,2019/12/17 16:00:00,45.69,45.87,45.48,45.64,761389
SCI,NYSE,2019/12/18 16:00:00,45.68,46.01,45.62,45.8,960097
SCI,NYSE,2019/12/19 16:00:00,45.79,45.97,45.42,45.55,628853
SCI,NYSE,2019/12/20 16:00:00,45.68,46.13,45.65,45.81,2532460
SCI,NYSE,2019/12/23 16:00:00,45.89,45.93,45.59,45.87,553135
SCI,NYSE,2019/12/24 13:00:00,45.96,46.01,45.69,45.7,241649
SCI,NYSE,2019/12/26 16:00:00,45.82,46.43,45.63,46.05,393441
SCI,NYSE,2019/12/27 16:00:00,46.12,46.33,45.96,46.14,578502
SCI,NYSE,2019/12/30 16:00:00,46.12,46.25,45.9,46.15,493262
SCI,NYSE,2019/12/31 16:00:00,46.17,46.5,45.98,46.03,832125
SCI,NYSE,2020/01/02 16:00:00,46.22,46.25,45.65,46.2,657292
SCI,NYSE,2020/01/03 16:00:00,45.71,46.32,45.62,46.27,668722
SCI,NYSE,2020/01/06 16:00:00,46.14,46.72,46.11,46.63,766453
SCI,NYSE,2020/01/07 16:00:00,46.69,47.5,46.51,46.54,747910
SCI,NYSE,2020/01/08 16:00:00,46.42,47.04,46.17,46.63,1098822
SCI,NYSE,2020/01/09 16:00:00,46.83,47.31,46.64,46.98,526697
SCI,NYSE,2020/01/10 16:00:00,47.14,47.54,46.92,47.41,506641
SCI,NYSE,2020/01/13 16:00:00,47.41,47.75,47.36,47.7,392102
SCI,NYSE,2020/01/14 16:00:00,47.55,47.7,47.02,47.62,562408
SCI,NYSE,2020/01/15 16:00:00,47.69,48.22,47.62,47.95,661294
SCI,NYSE,2020/01/16 16:00:00,48.12,48.47,48.03,48.45,494597
SCI,NYSE,2020/01/17 16:00:00,48.5,48.73,48.39,48.5,433139
SCI,NYSE,2020/01/21 16:00:00,48.25,48.57,48.07,48.49,478669
SCI,NYSE,2020/01/22 16:00:00,48.69,49.2,48.43,48.61,636809
SCI,NYSE,2020/01/23 16:00:00,48.34,48.57,48.11,48.35,718959
SCI,NYSE,2020/01/24 16:00:00,48.41,48.68,47.69,47.9,602706
SCI,NYSE,2020/01/27 16:00:00,47.33,48.02,47.08,47.58,785726
SCI,NYSE,2020/01/28 16:00:00,47.74,48.48,47.71,48.28,434856
SCI,NYSE,2020/01/29 16:00:00,48.36,48.66,48.21,48.39,377355
SCI,NYSE,2020/01/30 16:00:00,48.08,48.62,47.85,48.31,520144
SCI,NYSE,2020/01/31 16:00:00,48.21,48.27,47.42,47.95,749281
SCI,NYSE,2020/02/03 16:00:00,48.09,48.8,48.09,48.39,635615
SCI,NYSE,2020/02/04 16:00:00,49,49.22,46.51,46.7,1409029
SCI,NYSE,2020/02/05 16:00:00,46.79,47.32,46.56,47.11,1554815
SCI,NYSE,2020/02/06 16:00:00,47.18,47.4,47.05,47.2,521532
SCI,NYSE,2020/02/07 16:00:00,47.16,47.49,46.87,47.02,584470
SCI,NYSE,2020/02/10 16:00:00,47.03,47.49,46.89,47.41,410258
SCI,NYSE,2020/02/11 16:00:00,47.5,47.97,47.25,47.58,387181
SCI,NYSE,2020/02/12 16:00:00,47.76,48.54,47.7,48.52,627314
SCI,NYSE,2020/02/13 16:00:00,48.32,48.7,48.09,48.64,572673
SCI,NYSE,2020/02/14 16:00:00,48.75,50.1,48.4,49.96,1305138
SCI,NYSE,2020/02/18 16:00:00,50.91,52.44,50.12,50.69,1318605
SCI,NYSE,2020/02/19 16:00:00,50.45,51.21,50.42,50.96,1190199
SCI,NYSE,2020/02/20 16:00:00,50.98,52,50.92,51.99,838043
SCI,NYSE,2020/02/21 16:00:00,52,52.74,51.82,52.53,1061911
SCI,NYSE,2020/02/24 16:00:00,51.6,52.52,51.45,51.94,1302451
SCI,NYSE,2020/02/25 16:00:00,52.04,52.48,51.43,51.59,1390472
SCI,NYSE,2020/02/26 16:00:00,51.59,52.45,49.85,50.37,1323968
SCI,NYSE,2020/02/27 16:00:00,49.87,50.51,48.59,48.59,1080991
SCI,NYSE,2020/02/28 16:00:00,47.43,48.16,46.52,47.79,2097069
SCI,NYSE,2020/03/02 16:00:00,48.05,50.46,47.47,50.43,1479472
SCI,NYSE,2020/03/03 16:00:00,50.47,51.49,49.43,49.61,1014206
SCI,NYSE,2020/03/04 16:00:00,50.42,52.89,50.09,52.83,1129480
SCI,NYSE,2020/03/05 16:00:00,51.88,52.76,51.79,52.69,1140807
SCI,NYSE,2020/03/06 16:00:00,51.34,52.59,50.14,51.55,1271642
SCI,NYSE,2020/03/09 16:00:00,48.25,50.1,48.04,49.59,1996330
SCI,NYSE,2020/03/10 16:00:00,50.55,51.32,47.38,49.6,2357841
SCI,NYSE,2020/03/11 16:00:00,48.84,49.68,45.92,47.08,1884340
SCI,NYSE,2020/03/12 16:00:00,44.02,46.5,42.25,42.39,2925234
SCI,NYSE,2020/03/13 16:00:00,44,47.5,43.35,47.43,3371814
SCI,NYSE,2020/03/16 16:00:00,43.53,46.02,40.14,41.34,2926271
SCI,NYSE,2020/03/17 16:00:00,42.35,42.44,39.09,40.91,2341993
SCI,NYSE,2020/03/18 16:00:00,38.52,40.21,35.25,36.73,1973014
SCI,NYSE,2020/03/19 16:00:00,36.69,39.64,34.45,34.86,2498197
SCI,NYSE,2020/03/20 16:00:00,35.59,39,34.86,35.94,2534473
SCI,NYSE,2020/03/23 16:00:00,35.72,37.28,35.01,35.74,1950050
SCI,NYSE,2020/03/24 16:00:00,37.32,38.87,35.77,37.48,1331478
SCI,NYSE,2020/03/25 16:00:00,37.99,39.2,35.59,35.79,2252321
SCI,NYSE,2020/03/26 16:00:00,35.96,37.86,35.76,37.16,1906115
SCI,NYSE,2020/03/27 16:00:00,36.32,39.57,36.01,38.73,2336657
SCI,NYSE,2020/03/30 16:00:00,39.08,41.23,38.75,40.87,2036540
SCI,NYSE,2020/03/31 16:00:00,41,41.43,38.33,39.11,2645184
SCI,NYSE,2020/04/01 16:00:00,38.01,38.8,36.72,37.21,1833908
SCI,NYSE,2020/04/02 16:00:00,36.79,39.07,36.76,37.75,1838383
SCI,NYSE,2020/04/03 16:00:00,37.71,38.49,34.37,34.71,2480229
SCI,NYSE,2020/04/06 16:00:00,36.37,37.42,35.5,37.22,1916216
SCI,NYSE,2020/04/07 16:00:00,37.88,39.59,37.7,38.19,1921003
SCI,NYSE,2020/04/08 16:00:00,38.54,40.54,37.5,39.88,1107406
SCI,NYSE,2020/04/09 16:00:00,40.94,41.73,40.15,40.51,1225560
SCI,NYSE,2020/04/13 16:00:00,39.9,40.1,38.4,38.79,945166
SCI,NYSE,2020/04/14 16:00:00,39.49,39.93,38,38.91,2104755
SCI,NYSE,2020/04/15 16:00:00,38,38.58,37.32,38.21,1396348
SCI,NYSE,2020/04/16 16:00:00,38.13,38.42,37.43,37.98,1426450
SCI,NYSE,2020/04/17 16:00:00,38.83,39.7,38.4,39.59,1718235
SCI,NYSE,2020/04/20 16:00:00,39.13,40.14,39.07,39.22,1227649
SCI,NYSE,2020/04/21 16:00:00,38.27,38.71,36.62,37.09,1559254
SCI,NYSE,2020/04/22 16:00:00,37.59,37.82,36.72,36.95,1079770
SCI,NYSE,2020/04/23 16:00:00,37.09,37.54,36.88,37.11,1165615
SCI,NYSE,2020/04/24 16:00:00,37.29,37.39,35.86,35.96,947655
SCI,NYSE,2020/04/27 16:00:00,36,37.34,35.54,37.11,1619515
SCI,NYSE,2020/04/28 16:00:00,37.9,38.16,37.34,37.63,1394642
SCI,NYSE,2020/04/29 16:00:00,38.46,39.6,37.84,39.27,1717670
SCI,NYSE,2020/04/30 16:00:00,38.7,38.7,36.57,36.74,2860924
SCI,NYSE,2020/05/01 16:00:00,36.03,36.49,35.15,35.72,2199165
SCI,NYSE,2020/05/04 16:00:00,35.13,36.47,34.75,36.38,1231002
SCI,NYSE,2020/05/05 16:00:00,36.91,37.74,36.79,37.26,1033542
SCI,NYSE,2020/05/06 16:00:00,37.51,37.75,36.92,37.19,1639294
SCI,NYSE,2020/05/07 16:00:00,37.62,37.98,37.39,37.76,1294951
SCI,NYSE,2020/05/08 16:00:00,38.5,38.99,38.32,38.51,652040
SCI,NYSE,2020/05/11 16:00:00,38.14,39.87,38.08,39.46,1546630
SCI,NYSE,2020/05/12 16:00:00,39.61,39.71,37.72,37.95,1680151
SCI,NYSE,2020/05/13 16:00:00,37.69,37.87,35.05,35.29,1339361
SCI,NYSE,2020/05/14 16:00:00,34.68,35.35,33.93,35.32,1940147
SCI,NYSE,2020/05/15 16:00:00,34.93,35.74,34.69,35.56,1019846
SCI,NYSE,2020/05/18 16:00:00,36.78,37.76,36.7,37.53,1333624
SCI,NYSE,2020/05/19 16:00:00,37.49,38.08,37.01,37.06,957746
SCI,NYSE,2020/05/20 16:00:00,37.77,38.92,37.77,38.84,1110866
SCI,NYSE,2020/05/21 16:00:00,38.74,39.12,38.34,38.51,1260534
SCI,NYSE,2020/05/22 16:00:00,38.58,38.77,37.97,38.32,567558
SCI,NYSE,2020/05/26 16:00:00,39.59,39.62,38.73,39.04,945870
SCI,NYSE,2020/05/27 16:00:00,40,40.2,39.24,39.85,1188869
SCI,NYSE,2020/05/28 16:00:00,39.91,40.49,39.4,39.77,998180
SCI,NYSE,2020/05/29 16:00:00,39.39,39.56,38.61,39.43,1060141
SCI,NYSE,2020/06/01 16:00:00,39.38,39.75,38.99,39.33,744329
SCI,NYSE,2020/06/02 16:00:00,39.88,39.99,38.72,39.25,1248619
SCI,NYSE,2020/06/03 16:00:00,39.3,40.03,39.25,39.72,1132336
SCI,NYSE,2020/06/04 16:00:00,39.57,39.95,38.83,39.12,836505
SCI,NYSE,2020/06/05 16:00:00,40.21,41.87,40.2,41.02,1131755
SCI,NYSE,2020/06/08 16:00:00,41.26,42.27,41.08,42.2,1039149
SCI,NYSE,2020/06/09 16:00:00,41.71,41.81,40.7,41.42,1144462
SCI,NYSE,2020/06/10 16:00:00,41.32,41.34,40.12,40.36,1062476
SCI,NYSE,2020/06/11 16:00:00,39.05,39.64,38.26,38.39,1176270
SCI,NYSE,2020/06/12 16:00:00,39.31,39.31,37.19,38.13,1468642
SCI,NYSE,2020/06/15 16:00:00,37.06,38.69,36.94,38.35,1284699
SCI,NYSE,2020/06/16 16:00:00,39.63,40.08,39.02,39.61,1352727
SCI,NYSE,2020/06/17 16:00:00,39.73,39.8,38.9,39.09,1073537
SCI,NYSE,2020/06/18 16:00:00,38.7,39.81,38.57,39.59,1205158
SCI,NYSE,2020/06/19 16:00:00,39.87,40.47,39.21,39.84,2221495
SCI,NYSE,2020/06/22 16:00:00,39.63,40.02,38.96,39.74,851266
SCI,NYSE,2020/06/23 16:00:00,40.36,40.49,39.36,40.3,1515819
SCI,NYSE,2020/06/24 16:00:00,39.81,40.08,39.13,39.14,1009476
SCI,NYSE,2020/06/25 16:00:00,38.95,39.28,38.43,39.2,810970
SCI,NYSE,2020/06/26 16:00:00,39.01,39.07,37.52,37.94,2944655
SCI,NYSE,2020/06/29 16:00:00,38.23,38.94,37.98,38.49,1035925
SCI,NYSE,2020/06/30 16:00:00,38.39,39.34,38.34,38.89,1348508
SCI,NYSE,2020/07/01 16:00:00,38.84,39.75,38.76,39.26,1072726
SCI,NYSE,2020/07/02 16:00:00,39.88,40.1,39.18,39.23,850994
SCI,NYSE,2020/07/06 16:00:00,39.85,39.93,39.26,39.7,524532
SCI,NYSE,2020/07/07 16:00:00,39.29,39.65,38.76,38.89,884016
SCI,NYSE,2020/07/08 16:00:00,38.78,38.84,37.54,37.78,1388781
SCI,NYSE,2020/07/09 16:00:00,37.79,37.89,36.38,36.51,1026738
SCI,NYSE,2020/07/10 16:00:00,36.5,37.61,36.5,37.4,1072383
SCI,NYSE,2020/07/13 16:00:00,37.84,38.31,37.24,37.31,1458164
SCI,NYSE,2020/07/14 16:00:00,37.16,37.57,36.98,37.53,1109462
SCI,NYSE,2020/07/15 16:00:00,38.3,39.18,38.1,39.13,1395418
SCI,NYSE,2020/07/16 16:00:00,38.93,39.44,38.73,39.1,905910
SCI,NYSE,2020/07/17 16:00:00,39.33,39.45,38.6,38.69,899175
SCI,NYSE,2020/07/20 16:00:00,38.7,38.96,37.96,38.07,786318
SCI,NYSE,2020/07/21 16:00:00,38.31,38.96,38.26,38.54,1106749
SCI,NYSE,2020/07/22 16:00:00,38.35,38.81,38.19,38.8,1316398
SCI,NYSE,2020/07/23 16:00:00,38.83,39.19,38.65,38.84,997960
SCI,NYSE,2020/07/24 16:00:00,38.74,38.92,38.27,38.39,857052
SCI,NYSE,2020/07/27 16:00:00,38.23,38.61,37.95,38.41,1270901
SCI,NYSE,2020/07/28 16:00:00,38.21,39.26,38.21,38.9,1104585
SCI,NYSE,2020/07/29 16:00:00,39.2,41.39,39.05,41.17,2307063
SCI,NYSE,2020/07/30 16:00:00,42,44.41,41.52,43.4,2063973
SCI,NYSE,2020/07/31 16:00:00,43.34,43.4,42.54,43.36,1383713
SCI,NYSE,2020/08/03 16:00:00,43.17,44.92,43.12,44.52,1334035
SCI,NYSE,2020/08/04 16:00:00,44.34,44.61,43.69,44.01,1018893
SCI,NYSE,2020/08/05 16:00:00,44.41,45.94,44.39,45.6,1506262
SCI,NYSE,2020/08/06 16:00:00,45.76,46.73,45.3,46.54,1806461
SCI,NYSE,2020/08/07 16:00:00,46.49,46.86,46.06,46.76,933921
SCI,NYSE,2020/08/10 16:00:00,47,47.83,46.77,47.39,930620
SCI,NYSE,2020/08/11 16:00:00,47.95,48.35,47.62,47.78,1269716
SCI,NYSE,2020/08/12 16:00:00,48.21,48.38,47.67,48.07,962151
SCI,NYSE,2020/08/13 16:00:00,48.05,48.08,47.27,47.68,1161798
SCI,NYSE,2020/08/14 16:00:00,47.31,48.09,47.31,47.63,674255
SCI,NYSE,2020/08/17 16:00:00,47.63,47.84,46.84,47.19,951316
SCI,NYSE,2020/08/18 16:00:00,47.17,47.37,46.34,46.38,732421
SCI,NYSE,2020/08/19 16:00:00,46,46.62,46,46.21,633667
SCI,NYSE,2020/08/20 16:00:00,45.85,46.32,45.68,45.94,578705
SCI,NYSE,2020/08/21 16:00:00,45.68,46.12,45.62,45.91,591258
SCI,NYSE,2020/08/24 16:00:00,46.16,46.2,45.61,46.17,590076
SCI,NYSE,2020/08/25 16:00:00,46.22,46.46,45.69,46.06,668946
SCI,NYSE,2020/08/26 16:00:00,45.92,45.92,45.45,45.57,543690
SCI,NYSE,2020/08/27 16:00:00,45.77,46.6,45.62,46.29,648617
SCI,NYSE,2020/08/28 16:00:00,46.37,46.47,46,46.25,565972
SCI,NYSE,2020/08/31 16:00:00,46.3,46.3,45.63,45.65,855102
SCI,NYSE,2020/09/01 16:00:00,45.55,46.11,45.21,45.83,704303
SCI,NYSE,2020/09/02 16:00:00,45.8,46.74,45.8,46.59,470701
SCI,NYSE,2020/09/03 16:00:00,46.66,46.76,45.21,45.44,910485
SCI,NYSE,2020/09/04 16:00:00,45.95,46.08,44.84,45.2,922170
SCI,NYSE,2020/09/08 16:00:00,45.08,45.12,44.26,44.27,895396
SCI,NYSE,2020/09/09 16:00:00,44.48,45.05,44,44.62,814220
SCI,NYSE,2020/09/10 16:00:00,44.81,45.18,43.27,43.34,1065480
SCI,NYSE,2020/09/11 16:00:00,43.58,43.65,42.68,42.94,1606816
SCI,NYSE,2020/09/14 16:00:00,43.17,43.7,42.97,43.05,1203031
SCI,NYSE,2020/09/15 16:00:00,43.26,43.39,42.02,42.04,1240359
SCI,NYSE,2020/09/16 16:00:00,42.1,42.13,41.27,41.4,1344386
SCI,NYSE,2020/09/17 16:00:00,40.95,41.19,40.33,40.65,1340120
SCI,NYSE,2020/09/18 16:00:00,40.65,40.79,39.67,40.03,3180197
SCI,NYSE,2020/09/21 16:00:00,39.27,40.49,39.1,40.27,1539747
SCI,NYSE,2020/09/22 16:00:00,40.27,40.74,39.88,40.55,1064285
SCI,NYSE,2020/09/23 16:00:00,40.59,41.57,40.58,41.03,1308609
SCI,NYSE,2020/09/24 16:00:00,41,41.82,40.6,41.43,1101754
SCI,NYSE,2020/09/25 16:00:00,41.33,42.35,41.23,42.11,968857
SCI,NYSE,2020/09/28 16:00:00,42.53,43.31,42.44,43.07,876018
SCI,NYSE,2020/09/29 16:00:00,43.03,43.09,41.72,41.98,1057799
SCI,NYSE,2020/09/30 16:00:00,42.15,42.48,41.88,42.18,1219338
SCI,NYSE,2020/10/01 16:00:00,42.13,42.42,41.14,42.28,818257
SCI,NYSE,2020/10/02 16:00:00,41.75,43.59,41.5,43.27,1042421
SCI,NYSE,2020/10/05 16:00:00,43.52,44.61,43.52,44.6,1190882
SCI,NYSE,2020/10/06 16:00:00,44.74,45.52,44.44,44.64,1051518
SCI,NYSE,2020/10/07 16:00:00,45.08,45.38,44.62,44.68,782939
SCI,NYSE,2020/10/08 16:00:00,44.87,45.14,44.61,44.75,694853
SCI,NYSE,2020/10/09 16:00:00,44.98,45.29,44.4,44.94,566694
SCI,NYSE,2020/10/12 16:00:00,45.11,45.45,44.71,45.18,400936
SCI,NYSE,2020/10/13 16:00:00,44.96,45.19,44.2,44.25,460793
SCI,NYSE,2020/10/14 16:00:00,44.05,44.56,43.6,43.76,637138
SCI,NYSE,2020/10/15 16:00:00,43.35,44.18,43.33,43.98,962961
SCI,NYSE,2020/10/16 16:00:00,44.17,44.64,43.89,44.12,470194
SCI,NYSE,2020/10/19 16:00:00,44.08,44.55,43.15,43.42,469187
SCI,NYSE,2020/10/20 16:00:00,44.05,44.5,43.82,43.99,715205
SCI,NYSE,2020/10/21 16:00:00,43.94,44.43,43.9,43.95,491458
SCI,NYSE,2020/10/22 16:00:00,43.98,44.65,43.69,44.65,619712
SCI,NYSE,2020/10/23 16:00:00,44.68,44.98,44.38,44.47,680283
SCI,NYSE,2020/10/26 16:00:00,44.14,44.15,43.47,43.93,837684
SCI,NYSE,2020/10/27 16:00:00,44,44.45,43.56,43.6,703848
SCI,NYSE,2020/10/28 16:00:00,42.94,44.46,42.83,43.57,1427178
SCI,NYSE,2020/10/29 16:00:00,45.89,46.87,45.45,46.22,2355706
SCI,NYSE,2020/10/30 16:00:00,46.29,47.34,46.02,46.31,1420129
SCI,NYSE,2020/11/02 16:00:00,46.85,47.98,46.01,47.4,829814
SCI,NYSE,2020/11/03 16:00:00,47.95,49.17,47.67,48.95,799956
SCI,NYSE,2020/11/04 16:00:00,48.78,49.63,48.24,48.88,642131
SCI,NYSE,2020/11/05 16:00:00,49.14,50.21,48.89,49.84,1217951
SCI,NYSE,2020/11/06 16:00:00,50.12,50.36,49.49,49.68,552407
SCI,NYSE,2020/11/09 16:00:00,51.99,52.99,49.32,49.32,1766568
SCI,NYSE,2020/11/10 16:00:00,49.54,50.48,48.75,49.14,840530
SCI,NYSE,2020/11/11 16:00:00,49.49,49.62,48.7,49.44,762031
SCI,NYSE,2020/11/12 16:00:00,49.39,49.56,48.24,48.83,767696
SCI,NYSE,2020/11/13 16:00:00,49.21,50.12,49.01,49.86,692751
SCI,NYSE,2020/11/16 16:00:00,50.14,50.77,49.82,49.89,1238839
SCI,NYSE,2020/11/17 16:00:00,49.77,50.34,49.16,50.01,2325591
SCI,NYSE,2020/11/18 16:00:00,50.01,50.12,48.88,48.9,534691
SCI,NYSE,2020/11/19 16:00:00,48.66,48.92,48.14,48.62,439318
SCI,NYSE,2020/11/20 16:00:00,48.32,48.77,48,48.52,721972
SCI,NYSE,2020/11/23 16:00:00,48.62,50,48.53,49.73,654821
SCI,NYSE,2020/11/24 16:00:00,49.99,50.24,49.39,49.44,1061715
SCI,NYSE,2020/11/25 16:00:00,49.5,50.28,49.34,49.76,616661
SCI,NYSE,2020/11/27 13:00:00,49.82,50.03,49.04,49.54,398473
SCI,NYSE,2020/11/30 16:00:00,49.41,49.72,48.55,48.64,1038513
SCI,NYSE,2020/12/01 16:00:00,49.05,49.89,48.86,49.82,851892
SCI,NYSE,2020/12/02 16:00:00,49.83,50.1,48.85,48.9,504430
SCI,NYSE,2020/12/03 16:00:00,48.74,49.25,48.39,48.59,512777
SCI,NYSE,2020/12/04 16:00:00,48.76,49.67,48.76,49.59,505596
SCI,NYSE,2020/12/07 16:00:00,49.05,49.77,49,49.28,570455
SCI,NYSE,2020/12/08 16:00:00,49.01,49.82,48.93,49.64,552141
SCI,NYSE,2020/12/09 16:00:00,50.08,50.35,49.64,49.99,726973
SCI,NYSE,2020/12/10 16:00:00,49.81,50.21,48.99,49.12,1227752
SCI,NYSE,2020/12/11 16:00:00,49.18,49.65,48.68,49.17,607996
SCI,NYSE,2020/12/14 16:00:00,49.11,49.53,48.41,48.83,901264
SCI,NYSE,2020/12/15 16:00:00,49.13,49.55,48.99,49.35,773315
SCI,NYSE,2020/12/16 16:00:00,49.59,49.59,48.86,49.18,825787
SCI,NYSE,2020/12/17 16:00:00,49.19,49.65,48.8,49.28,997586
SCI,NYSE,2020/12/18 16:00:00,49.32,49.53,48.46,48.72,2173642
SCI,NYSE,2020/12/21 16:00:00,48.22,48.82,47.22,48.74,767951
SCI,NYSE,2020/12/22 16:00:00,48.99,49.15,48.43,48.5,514197
SCI,NYSE,2020/12/23 16:00:00,48.66,49.1,48.62,48.78,457033
SCI,NYSE,2020/12/24 13:00:00,48.6,48.79,48.4,48.74,153934
SCI,NYSE,2020/12/28 16:00:00,49.05,49.19,48.45,48.92,397931
SCI,NYSE,2020/12/29 16:00:00,48.98,49.62,48.11,48.5,484537
SCI,NYSE,2020/12/30 16:00:00,48.67,49.15,48.38,48.56,517310
SCI,NYSE,2020/12/31 16:00:00,48.47,49.4,48.3,49.1,571264
SCI,NYSE,2021/01/04 16:00:00,49.45,49.84,48.3,48.55,658850
SCI,NYSE,2021/01/05 16:00:00,48.44,49.31,48.44,48.86,940883
SCI,NYSE,2021/01/06 16:00:00,48.82,50.55,48.79,50.36,1102652
SCI,NYSE,2021/01/07 16:00:00,50.63,51.36,50.5,51.07,723148
SCI,NYSE,2021/01/08 16:00:00,50.82,51.55,50.56,50.82,605579
SCI,NYSE,2021/01/11 16:00:00,50.41,50.8,49.64,49.9,558426
SCI,NYSE,2021/01/12 16:00:00,50.13,50.67,49.82,50.06,533488
SCI,NYSE,2021/01/13 16:00:00,50.18,50.46,49.51,49.7,667224
SCI,NYSE,2021/01/14 16:00:00,50.12,50.45,49.84,50.13,946387
SCI,NYSE,2021/01/15 16:00:00,50,50.6,49.85,50.04,884120
SCI,NYSE,2021/01/19 16:00:00,50.18,50.57,50.04,50.33,704652
SCI,NYSE,2021/01/20 16:00:00,50.36,51.88,50.18,51.86,962312
SCI,NYSE,2021/01/21 16:00:00,51.91,52.5,51.67,51.75,668816
SCI,NYSE,2021/01/22 16:00:00,51.4,51.53,50.68,51.09,460739
SCI,NYSE,2021/01/25 16:00:00,51.61,52.89,51.13,52.56,1052990
SCI,NYSE,2021/01/26 16:00:00,52.77,53.77,52.51,53.72,1563998
SCI,NYSE,2021/01/27 16:00:00,53.17,54.67,51.58,51.74,1257718
SCI,NYSE,2021/01/28 16:00:00,51.92,52.22,50.4,50.53,982203
SCI,NYSE,2021/01/29 16:00:00,50.4,51.64,50.13,50.43,1400684
SCI,NYSE,2021/02/01 16:00:00,50.73,50.89,50.35,50.71,883001
SCI,NYSE,2021/02/02 16:00:00,51.03,51.67,50.91,51.1,585612
SCI,NYSE,2021/02/03 16:00:00,50.94,51.35,50.76,51.04,465062
SCI,NYSE,2021/02/04 16:00:00,51.17,51.97,51.17,51.94,492298
SCI,NYSE,2021/02/05 16:00:00,52.24,52.59,51.91,52.47,468736
SCI,NYSE,2021/02/08 16:00:00,52.69,52.77,51.75,52.53,530300
SCI,NYSE,2021/02/09 16:00:00,52.71,53.08,52.15,52.85,573971
SCI,NYSE,2021/02/10 16:00:00,53.16,53.66,52.88,53.44,809350
SCI,NYSE,2021/02/11 16:00:00,53.41,54.12,52.9,54.12,942890
SCI,NYSE,2021/02/12 16:00:00,53.83,54.36,53.4,54.12,975205
SCI,NYSE,2021/02/16 16:00:00,54.26,54.33,50.74,50.74,2419624
SCI,NYSE,2021/02/17 16:00:00,50.3,50.46,48.72,49.11,1725446
SCI,NYSE,2021/02/18 16:00:00,48.83,48.94,48.01,48.48,1671400
SCI,NYSE,2021/02/19 16:00:00,48.79,49.22,48.4,49.21,1037512
SCI,NYSE,2021/02/22 16:00:00,49.1,50.33,49.06,50.09,840713
SCI,NYSE,2021/02/23 16:00:00,50.19,50.21,49.16,49.82,685722
SCI,NYSE,2021/02/24 16:00:00,49.65,50.07,48.29,48.34,1265560
SCI,NYSE,2021/02/25 16:00:00,48.16,48.63,47.64,48.1,905540
SCI,NYSE,2021/02/26 16:00:00,48.31,48.76,47.76,47.76,866552
SCI,NYSE,2021/03/01 16:00:00,48.41,49.61,48.13,49.36,1960594
SCI,NYSE,2021/03/02 16:00:00,49.18,49.28,47.33,47.54,1028264
SCI,NYSE,2021/03/03 16:00:00,47.54,47.84,46.99,47.03,831827
SCI,NYSE,2021/03/04 16:00:00,46.88,46.98,45.63,46.19,895356
SCI,NYSE,2021/03/05 16:00:00,46.37,47.6,45.8,47.5,741597
SCI,NYSE,2021/03/08 16:00:00,47.56,48.34,47.31,47.84,791474
SCI,NYSE,2021/03/09 16:00:00,48.48,48.67,47.51,47.57,757501
SCI,NYSE,2021/03/10 16:00:00,47.54,47.96,47.02,47.2,1376030
SCI,NYSE,2021/03/11 16:00:00,47.5,48.56,47.34,48.18,1030418
SCI,NYSE,2021/03/12 16:00:00,48.04,48.55,47.99,48.11,717893
SCI,NYSE,2021/03/15 16:00:00,48.31,49.56,48.24,49.5,892082
SCI,NYSE,2021/03/16 16:00:00,49.62,49.76,48.69,49.41,697574
SCI,NYSE,2021/03/17 16:00:00,49.34,49.68,48.96,49.64,601709
SCI,NYSE,2021/03/18 16:00:00,49.46,49.98,48.77,48.82,1527664
SCI,NYSE,2021/03/19 16:00:00,48.96,49.6,48.76,49.08,2655753
SCI,NYSE,2021/03/22 16:00:00,48.72,49.34,48.4,48.9,1354636
SCI,NYSE,2021/03/23 16:00:00,48.84,50,48.76,49.46,988246
SCI,NYSE,2021/03/24 16:00:00,49.58,49.91,49.19,49.2,558585
SCI,NYSE,2021/03/25 16:00:00,49.08,50.04,48.99,49.96,740882
SCI,NYSE,2021/03/26 16:00:00,50.39,51.34,50.07,51.3,818296
SCI,NYSE,2021/03/29 16:00:00,51.19,51.73,50.49,51.07,734467
SCI,NYSE,2021/03/30 16:00:00,51.04,51.65,51.04,51.45,647963
SCI,NYSE,2021/03/31 16:00:00,51.67,51.94,50.96,51.05,871746
SCI,NYSE,2021/04/01 16:00:00,51.07,52.92,50.79,52.37,1430582
SCI,NYSE,2021/04/05 16:00:00,52.6,52.88,51.73,52.01,628120
SCI,NYSE,2021/04/06 16:00:00,51.9,52.78,51.9,52.39,682158
SCI,NYSE,2021/04/07 16:00:00,52.46,52.46,51.6,51.61,621823
SCI,NYSE,2021/04/08 16:00:00,51.58,51.92,51.06,51.63,1591763
SCI,NYSE,2021/04/09 16:00:00,51.71,52.3,51.47,51.72,573244
RL,NYSE,2019/04/01 16:00:00,130.98,131.03,128.44,128.99,906793
RL,NYSE,2019/04/02 16:00:00,128.57,128.57,126.4,127.29,682031
RL,NYSE,2019/04/03 16:00:00,128.4,128.48,126.94,127.32,585314
RL,NYSE,2019/04/04 16:00:00,127.39,128.53,127.02,128.37,593845
RL,NYSE,2019/04/05 16:00:00,128.62,129.9,127.37,127.59,511906
RL,NYSE,2019/04/08 16:00:00,127.45,127.88,126.53,127.4,922670
RL,NYSE,2019/04/09 16:00:00,126.82,127.25,125.39,125.95,898825
RL,NYSE,2019/04/10 16:00:00,126.3,127.32,125.79,126.46,835153
RL,NYSE,2019/04/11 16:00:00,126.83,127.46,125.83,126.56,895514
RL,NYSE,2019/04/12 16:00:00,126.99,128.56,126.99,128.15,1555441
RL,NYSE,2019/04/15 16:00:00,128.3,129.21,125.92,127.18,1221449
RL,NYSE,2019/04/16 16:00:00,127.26,130.75,126.81,129.56,714391
RL,NYSE,2019/04/17 16:00:00,130.01,132.57,129.52,131.76,1287058
RL,NYSE,2019/04/18 16:00:00,131.57,133.29,130.99,131.1,830712
RL,NYSE,2019/04/22 16:00:00,130.58,132.24,129.8,130.75,686208
RL,NYSE,2019/04/23 16:00:00,131.22,132.4,130.58,132.07,654998
RL,NYSE,2019/04/24 16:00:00,132.35,133.63,131.28,132.03,718861
RL,NYSE,2019/04/25 16:00:00,131.76,131.76,129.14,129.73,873415
RL,NYSE,2019/04/26 16:00:00,130.79,131.76,128.87,131.19,780097
RL,NYSE,2019/04/29 16:00:00,130.98,132.13,130.53,132.09,648453
RL,NYSE,2019/04/30 16:00:00,131.58,132.25,131.08,131.58,548769
RL,NYSE,2019/05/01 16:00:00,131.81,133.1,129.71,129.71,862898
RL,NYSE,2019/05/02 16:00:00,130.24,132.65,130.23,131.89,553882
RL,NYSE,2019/05/03 16:00:00,131.91,132.76,130.87,131.29,565332
RL,NYSE,2019/05/06 16:00:00,128.6,129.13,126.85,128.22,669290
RL,NYSE,2019/05/07 16:00:00,126.93,127.27,122.86,123.91,983471
RL,NYSE,2019/05/08 16:00:00,123.37,125.61,122.73,124.39,723563
RL,NYSE,2019/05/09 16:00:00,125.76,126.44,123.2,125.68,842985
RL,NYSE,2019/05/10 16:00:00,124.98,125.58,121.74,124.27,1069046
RL,NYSE,2019/05/13 16:00:00,121.71,121.71,117.64,118.28,1999389
RL,NYSE,2019/05/14 16:00:00,116.3,116.91,108.51,113.95,4736005
RL,NYSE,2019/05/15 16:00:00,112.93,116.1,112.26,115.68,2292361
RL,NYSE,2019/05/16 16:00:00,115.84,116.64,114.57,114.75,1348456
RL,NYSE,2019/05/17 16:00:00,113.86,115.01,112.12,112.51,1809335
RL,NYSE,2019/05/20 16:00:00,111.75,112.3,110.47,111.92,1515491
RL,NYSE,2019/05/21 16:00:00,112.25,114.62,112.17,113.97,1195226
RL,NYSE,2019/05/22 16:00:00,112.85,114.9,112.59,112.79,1188054
RL,NYSE,2019/05/23 16:00:00,111.71,112.03,108.84,109.24,1343446
RL,NYSE,2019/05/24 16:00:00,109.8,110.44,108.57,109.24,902752
RL,NYSE,2019/05/28 16:00:00,109.7,110.76,107.6,108.02,1002601
RL,NYSE,2019/05/29 16:00:00,106.8,107,104.73,105.99,1627791
RL,NYSE,2019/05/30 16:00:00,105.17,106.57,104.17,105.03,1473511
RL,NYSE,2019/05/31 16:00:00,103.81,105.16,102.77,105.13,1230069
RL,NYSE,2019/06/03 16:00:00,104.69,108.16,104.69,107.25,1244165
RL,NYSE,2019/06/04 16:00:00,108.64,112.36,108.5,111.76,1673251
RL,NYSE,2019/06/05 16:00:00,113,113.49,108.58,110.98,1050866
RL,NYSE,2019/06/06 16:00:00,110.77,111.38,108.78,109.47,906293
RL,NYSE,2019/06/07 16:00:00,110.04,111.47,109.39,110.88,921990
RL,NYSE,2019/06/10 16:00:00,111.51,114.69,111.46,113.66,844627
RL,NYSE,2019/06/11 16:00:00,114.49,115.88,113.7,113.86,803286
RL,NYSE,2019/06/12 16:00:00,113.54,114.47,112.3,112.67,658018
RL,NYSE,2019/06/13 16:00:00,113.3,113.79,110.61,112.62,837257
RL,NYSE,2019/06/14 16:00:00,112.9,113.44,111.98,112.13,822479
RL,NYSE,2019/06/17 16:00:00,111.97,113.4,111.41,112.3,653198
RL,NYSE,2019/06/18 16:00:00,112.68,115.44,112.51,113.38,797262
RL,NYSE,2019/06/19 16:00:00,113.53,113.53,110.94,112.65,846961
RL,NYSE,2019/06/20 16:00:00,113.34,115.5,112.84,114.91,840410
RL,NYSE,2019/06/21 16:00:00,115.18,118.01,114.12,117.78,1044209
RL,NYSE,2019/06/24 16:00:00,117.58,118.65,116.19,116.94,871717
RL,NYSE,2019/06/25 16:00:00,116.8,116.96,112.91,113.68,926627
RL,NYSE,2019/06/26 16:00:00,114.51,116.53,114.38,115.36,766417
RL,NYSE,2019/06/27 16:00:00,115.3,115.34,111.79,113.1,930246
RL,NYSE,2019/06/28 16:00:00,113.36,114.94,113.01,113.59,938085
RL,NYSE,2019/07/01 16:00:00,115.6,117.98,112.58,113.66,1197851
RL,NYSE,2019/07/02 16:00:00,113.21,113.3,109.88,110.27,1163472
RL,NYSE,2019/07/03 13:00:00,110.72,111.14,108.65,110.49,1095800
RL,NYSE,2019/07/05 16:00:00,110.08,111.02,109.15,110.99,992814
RL,NYSE,2019/07/08 16:00:00,110.61,111.68,109.84,111.34,729294
RL,NYSE,2019/07/09 16:00:00,110.78,111.7,110.14,110.59,1040530
RL,NYSE,2019/07/10 16:00:00,110.89,110.95,107.55,109.56,1179373
RL,NYSE,2019/07/11 16:00:00,109.89,111.36,109.01,111.11,879688
RL,NYSE,2019/07/12 16:00:00,111.34,113.62,111.06,112.47,813424
RL,NYSE,2019/07/15 16:00:00,111.87,113.3,110.99,112.57,840569
RL,NYSE,2019/07/16 16:00:00,112.64,115.5,112.25,115.2,992985
RL,NYSE,2019/07/17 16:00:00,111.49,112.31,109.35,110.8,1869459
RL,NYSE,2019/07/18 16:00:00,110.86,111.34,108.95,109.39,897360
RL,NYSE,2019/07/19 16:00:00,110.14,111.73,109.88,110.27,1213414
RL,NYSE,2019/07/22 16:00:00,109.96,110.9,107.15,107.4,898538
RL,NYSE,2019/07/23 16:00:00,107.63,109.18,107.5,108.89,896804
RL,NYSE,2019/07/24 16:00:00,109.49,110.78,108.06,109.73,921533
RL,NYSE,2019/07/25 16:00:00,109.34,111.34,109.34,110.25,845295
RL,NYSE,2019/07/26 16:00:00,109.67,110.58,108.56,110.08,813979
RL,NYSE,2019/07/29 16:00:00,109.71,111.98,109.09,111.27,1447191
RL,NYSE,2019/07/30 16:00:00,115,115,106,107.13,2727613
RL,NYSE,2019/07/31 16:00:00,107.29,107.51,103.26,104.23,2371308
RL,NYSE,2019/08/01 16:00:00,104,104.84,97.39,98.62,2171352
RL,NYSE,2019/08/02 16:00:00,98.33,99.67,97.48,98.88,1643784
RL,NYSE,2019/08/05 16:00:00,97.05,97.72,94.6,95.73,1699936
RL,NYSE,2019/08/06 16:00:00,96.32,96.56,94.58,95.69,1117031
RL,NYSE,2019/08/07 16:00:00,94.67,95.73,94.03,95.2,1655727
RL,NYSE,2019/08/08 16:00:00,95.87,97.97,95.42,97.01,1247879
RL,NYSE,2019/08/09 16:00:00,96.69,96.69,93.21,93.72,1139248
RL,NYSE,2019/08/12 16:00:00,92.98,93.91,91.37,91.93,949414
RL,NYSE,2019/08/13 16:00:00,91.46,96.77,89.92,93.41,1523088
RL,NYSE,2019/08/14 16:00:00,89.88,90.96,86.58,87.85,1693570
RL,NYSE,2019/08/15 16:00:00,88.01,88.27,83.5,85.07,2473868
RL,NYSE,2019/08/16 16:00:00,85.73,87.21,85.15,86.94,1387845
RL,NYSE,2019/08/19 16:00:00,88.53,88.58,86.83,87.15,1291403
RL,NYSE,2019/08/20 16:00:00,86.23,87.54,86.11,86.82,858481
RL,NYSE,2019/08/21 16:00:00,88.29,88.49,86.32,87.07,937192
RL,NYSE,2019/08/22 16:00:00,87.78,88.4,87.04,87.9,1076799
RL,NYSE,2019/08/23 16:00:00,86.39,86.87,83.53,83.91,1453581
RL,NYSE,2019/08/26 16:00:00,84.73,85.34,82.69,83.63,970093
RL,NYSE,2019/08/27 16:00:00,84.1,86.06,83.42,85.42,2011586
RL,NYSE,2019/08/28 16:00:00,85.26,88.31,85.18,87.74,1739016
RL,NYSE,2019/08/29 16:00:00,89.15,91.24,87.26,87.99,1315860
RL,NYSE,2019/08/30 16:00:00,88.61,89.53,88.04,88.34,1171510
RL,NYSE,2019/09/03 16:00:00,87.22,88.64,86.16,86.94,1064386
RL,NYSE,2019/09/04 16:00:00,88.06,90.55,88.06,89.8,1143889
RL,NYSE,2019/09/05 16:00:00,91.86,94.47,91.8,94.26,1691898
RL,NYSE,2019/09/06 16:00:00,95.01,95.61,94.23,94.58,1418468
RL,NYSE,2019/09/09 16:00:00,95.15,97.48,94.73,96.85,1558832
RL,NYSE,2019/09/10 16:00:00,96.57,99.35,96.52,98.7,1444600
RL,NYSE,2019/09/11 16:00:00,98.7,100.52,95.17,100.36,1315792
RL,NYSE,2019/09/12 16:00:00,99.38,101.04,95.77,100.58,1758008
RL,NYSE,2019/09/13 16:00:00,101.41,103.58,101.09,102.26,1560935
RL,NYSE,2019/09/16 16:00:00,101.39,103.88,101.39,103.15,1016124
RL,NYSE,2019/09/17 16:00:00,102.56,102.56,97.92,99.05,1520202
RL,NYSE,2019/09/18 16:00:00,98.59,99.74,97.32,98.54,873538
RL,NYSE,2019/09/19 16:00:00,98.68,98.82,95.41,95.85,971290
RL,NYSE,2019/09/20 16:00:00,96.08,96.82,92.95,92.97,1826307
RL,NYSE,2019/09/23 16:00:00,92.59,93.71,91.66,92.73,1555259
RL,NYSE,2019/09/24 16:00:00,95.08,95.08,91.95,92.6,997270
RL,NYSE,2019/09/25 16:00:00,92.9,94.75,92.78,94.02,1224293
RL,NYSE,2019/09/26 16:00:00,93.67,93.67,92.45,93.13,689474
RL,NYSE,2019/09/27 16:00:00,93.73,95.09,93.06,94.24,811345
RL,NYSE,2019/09/30 16:00:00,94.66,95.71,93.8,95.47,785826
RL,NYSE,2019/10/01 16:00:00,95.78,96.3,91.51,91.54,914128
RL,NYSE,2019/10/02 16:00:00,90.71,90.89,89.05,89.48,953356
RL,NYSE,2019/10/03 16:00:00,89.39,92.04,88.02,91.97,1200281
RL,NYSE,2019/10/04 16:00:00,91.79,92.22,89.94,91.45,733325
RL,NYSE,2019/10/07 16:00:00,91.34,92.74,90.88,91.56,839825
RL,NYSE,2019/10/08 16:00:00,90.3,91.12,88.67,89.98,917425
RL,NYSE,2019/10/09 16:00:00,90.96,91.38,89.29,90.28,640567
RL,NYSE,2019/10/10 16:00:00,90.42,91.87,89.61,90.02,982101
RL,NYSE,2019/10/11 16:00:00,91.68,94.87,91.27,93.72,1238784
RL,NYSE,2019/10/14 16:00:00,92.88,93.03,91.38,92.45,772877
RL,NYSE,2019/10/15 16:00:00,92.47,93.92,91.9,93.22,774103
RL,NYSE,2019/10/16 16:00:00,93.03,94.45,92.12,94.32,1063213
RL,NYSE,2019/10/17 16:00:00,95.07,96.12,94.25,95.08,628502
RL,NYSE,2019/10/18 16:00:00,93.18,95.39,93.02,94.97,1124585
RL,NYSE,2019/10/21 16:00:00,96.17,96.71,95.7,96.47,761381
RL,NYSE,2019/10/22 16:00:00,96.81,98.8,95.5,98.6,814170
RL,NYSE,2019/10/23 16:00:00,98.28,99.05,96.74,97.13,920668
RL,NYSE,2019/10/24 16:00:00,97.14,97.18,94.14,97.12,797590
RL,NYSE,2019/10/25 16:00:00,95.7,99.75,94.75,98.79,961495
RL,NYSE,2019/10/28 16:00:00,98.51,100.41,97.61,97.72,975377
RL,NYSE,2019/10/29 16:00:00,97.25,97.47,96.1,96.1,800773
RL,NYSE,2019/10/30 16:00:00,96.08,96.87,94.81,96.6,632344
RL,NYSE,2019/10/31 16:00:00,95.72,96.27,94.05,96.06,910353
RL,NYSE,2019/11/01 16:00:00,97.03,98.47,96.93,97.99,672433
RL,NYSE,2019/11/04 16:00:00,98.64,99.65,98.55,99.04,741723
RL,NYSE,2019/11/05 16:00:00,99.83,103.38,99.43,102.06,1496587
RL,NYSE,2019/11/06 16:00:00,101.87,101.87,98.52,100.88,1879146
RL,NYSE,2019/11/07 16:00:00,114.44,116.12,110.95,115.67,5708275
RL,NYSE,2019/11/08 16:00:00,115.56,115.85,111.56,113.77,1555840
RL,NYSE,2019/11/11 16:00:00,112.7,114.66,111.85,114.01,1611313
RL,NYSE,2019/11/12 16:00:00,114,114.69,111.2,111.36,1509522
RL,NYSE,2019/11/13 16:00:00,111.12,111.9,109.77,110.66,1243568
RL,NYSE,2019/11/14 16:00:00,110.46,112.49,110.46,111.39,901419
RL,NYSE,2019/11/15 16:00:00,111.79,113,111.37,112.61,750228
RL,NYSE,2019/11/18 16:00:00,112.21,113.72,111.52,113.36,993932
RL,NYSE,2019/11/19 16:00:00,112.44,113.17,109.9,110.47,1268212
RL,NYSE,2019/11/20 16:00:00,109.42,109.9,106.4,106.91,1701841
RL,NYSE,2019/11/21 16:00:00,107.01,108.12,103.43,103.71,1970510
RL,NYSE,2019/11/22 16:00:00,104.82,107.81,104.15,107.61,843440
RL,NYSE,2019/11/25 16:00:00,108.54,109.46,106.88,108.93,845852
RL,NYSE,2019/11/26 16:00:00,109.42,109.92,107.47,108.51,1001028
RL,NYSE,2019/11/27 16:00:00,109.3,109.67,107.82,108.71,671784
RL,NYSE,2019/11/29 13:00:00,108.54,108.66,106.96,107.34,358206
RL,NYSE,2019/12/02 16:00:00,107.92,108.64,106.27,106.82,635552
RL,NYSE,2019/12/03 16:00:00,104.68,106,103.9,105.55,861578
RL,NYSE,2019/12/04 16:00:00,105.77,109.58,105.48,108.69,1098156
RL,NYSE,2019/12/05 16:00:00,109.46,112.22,108.93,112.06,1296063
RL,NYSE,2019/12/06 16:00:00,113.01,114.2,111.6,111.67,903624
RL,NYSE,2019/12/09 16:00:00,111.67,113.8,111.6,113.25,903848
RL,NYSE,2019/12/10 16:00:00,113.42,114.33,112.67,114,1120390
RL,NYSE,2019/12/11 16:00:00,113.32,113.71,111.45,111.63,1065038
RL,NYSE,2019/12/12 16:00:00,111.96,116.54,111.45,115.75,1242432
RL,NYSE,2019/12/13 16:00:00,115.89,117.25,113.82,116.92,1508366
RL,NYSE,2019/12/16 16:00:00,117.55,118.6,116.96,117.71,1064942
RL,NYSE,2019/12/17 16:00:00,117.47,117.97,116.54,117.46,750875
RL,NYSE,2019/12/18 16:00:00,117.92,119.61,117.6,118.98,984163
RL,NYSE,2019/12/19 16:00:00,119.03,119.12,117.04,117.53,950459
RL,NYSE,2019/12/20 16:00:00,118.07,118.82,117.05,118.43,1267552
RL,NYSE,2019/12/23 16:00:00,118.49,118.76,116.86,117.79,593046
RL,NYSE,2019/12/24 13:00:00,118.05,118.65,117.82,118.34,226702
RL,NYSE,2019/12/26 16:00:00,117.83,120.46,117.38,118.4,448416
RL,NYSE,2019/12/27 16:00:00,119.01,119.78,116.94,117.41,548908
RL,NYSE,2019/12/30 16:00:00,117.56,118.06,116.48,116.58,507183
RL,NYSE,2019/12/31 16:00:00,116.46,117.79,116.4,117.22,394075
RL,NYSE,2020/01/02 16:00:00,117.95,118.94,116.92,118.79,781086
RL,NYSE,2020/01/03 16:00:00,116.5,118.41,116.47,118.16,551707
RL,NYSE,2020/01/06 16:00:00,116.66,119.87,116.66,119.81,1085081
RL,NYSE,2020/01/07 16:00:00,119.94,121.56,119.25,120.33,675386
RL,NYSE,2020/01/08 16:00:00,120.8,121.48,118.93,120,720893
RL,NYSE,2020/01/09 16:00:00,119.41,120.1,116.8,117.93,876977
RL,NYSE,2020/01/10 16:00:00,117.77,118.8,117.1,117.96,438704
RL,NYSE,2020/01/13 16:00:00,118,119.93,117.77,119.85,683446
RL,NYSE,2020/01/14 16:00:00,120.38,121.21,119.42,119.49,641777
RL,NYSE,2020/01/15 16:00:00,118.93,119.63,117.75,118.35,500865
RL,NYSE,2020/01/16 16:00:00,119.41,120.35,119.21,120.31,397525
RL,NYSE,2020/01/17 16:00:00,120.7,122.14,120.2,122.1,687550
RL,NYSE,2020/01/21 16:00:00,122.11,122.13,118.52,119.01,1174919
RL,NYSE,2020/01/22 16:00:00,118.77,119.45,117.21,117.27,537673
RL,NYSE,2020/01/23 16:00:00,115.86,118.39,114.1,118.02,606480
RL,NYSE,2020/01/24 16:00:00,118.1,118.82,115.1,116.23,560436
RL,NYSE,2020/01/27 16:00:00,113.32,114.42,112.59,112.96,815315
RL,NYSE,2020/01/28 16:00:00,114.02,114.02,111.27,112.66,1346111
RL,NYSE,2020/01/29 16:00:00,113.65,114.79,112.73,113.19,776453
RL,NYSE,2020/01/30 16:00:00,111.98,116.45,111.85,116.25,793391
RL,NYSE,2020/01/31 16:00:00,116.41,116.41,112.89,113.5,1129415
RL,NYSE,2020/02/03 16:00:00,114.16,114.63,113.11,113.26,1540523
RL,NYSE,2020/02/04 16:00:00,124.01,126.95,120,123.68,2715093
RL,NYSE,2020/02/05 16:00:00,124.89,128.29,121.95,122.51,1424090
RL,NYSE,2020/02/06 16:00:00,123.55,124.45,121.36,121.42,846522
RL,NYSE,2020/02/07 16:00:00,120.24,122.04,119.46,120.56,808976
RL,NYSE,2020/02/10 16:00:00,120.07,120.89,119.52,120.65,775539
RL,NYSE,2020/02/11 16:00:00,120.91,121.37,119.45,120.37,757005
RL,NYSE,2020/02/12 16:00:00,121.44,124.18,121.44,123.69,746098
RL,NYSE,2020/02/13 16:00:00,121.9,123.17,120.61,122.98,758766
RL,NYSE,2020/02/14 16:00:00,122.45,122.74,120.36,121.84,883945
RL,NYSE,2020/02/18 16:00:00,121.08,122.58,120.6,120.61,956696
RL,NYSE,2020/02/19 16:00:00,120.94,121.36,119.06,119.8,856512
RL,NYSE,2020/02/20 16:00:00,119.47,121.9,118.9,121.86,824743
RL,NYSE,2020/02/21 16:00:00,120.63,121.2,116.8,117.46,914570
RL,NYSE,2020/02/24 16:00:00,110,110.98,108.41,109.61,1429132
RL,NYSE,2020/02/25 16:00:00,111.13,111.13,102.09,102.76,1526524
RL,NYSE,2020/02/26 16:00:00,103.61,105.51,101.4,101.58,1524064
RL,NYSE,2020/02/27 16:00:00,98.64,104.53,97.22,101.61,2105867
RL,NYSE,2020/02/28 16:00:00,98.04,105.52,98.04,105.51,1680882
RL,NYSE,2020/03/02 16:00:00,105.71,107.61,103.96,107.61,1555572
RL,NYSE,2020/03/03 16:00:00,107.95,111.64,104.63,106.43,3346983
RL,NYSE,2020/03/04 16:00:00,108.09,110.82,106.61,110.54,1875892
RL,NYSE,2020/03/05 16:00:00,107.26,109.58,106.28,108.19,1585409
RL,NYSE,2020/03/06 16:00:00,105.19,106.14,104.03,105.77,2192421
RL,NYSE,2020/03/09 16:00:00,99,101.13,93.91,94.99,1917457
RL,NYSE,2020/03/10 16:00:00,99.28,99.45,92.62,98.91,981755
RL,NYSE,2020/03/11 16:00:00,96.09,96.09,90.18,90.67,1228168
RL,NYSE,2020/03/12 16:00:00,84.82,87.44,77.84,79.67,1801648
RL,NYSE,2020/03/13 16:00:00,82.6,84.99,76.65,83.67,1548989
RL,NYSE,2020/03/16 16:00:00,70.28,75.32,66.73,71.6,1593884
RL,NYSE,2020/03/17 16:00:00,72.12,78.23,64.28,73.51,1823743
RL,NYSE,2020/03/18 16:00:00,69.95,74.21,69.85,73.59,2113401
RL,NYSE,2020/03/19 16:00:00,71.39,78.97,69.3,70.52,2159451
RL,NYSE,2020/03/20 16:00:00,72.1,72.84,66.38,66.61,1366590
RL,NYSE,2020/03/23 16:00:00,65.91,69.48,62.01,65.4,1794809
RL,NYSE,2020/03/24 16:00:00,68.96,71.46,66.02,69.47,1329595
RL,NYSE,2020/03/25 16:00:00,70.73,74.92,66.63,70.6,1414617
RL,NYSE,2020/03/26 16:00:00,71.07,77.2,69.42,74.32,1692588
RL,NYSE,2020/03/27 16:00:00,71.41,71.81,65.9,67.99,1274737
RL,NYSE,2020/03/30 16:00:00,67.75,72.28,67.22,71.26,1195282
RL,NYSE,2020/03/31 16:00:00,70.42,73.04,66.71,66.83,1491806
RL,NYSE,2020/04/01 16:00:00,63.75,66.15,62.28,65.69,2076183
RL,NYSE,2020/04/02 16:00:00,65,68.8,63.57,65.97,1705734
RL,NYSE,2020/04/03 16:00:00,64.3,64.5,59.82,61,2030984
RL,NYSE,2020/04/06 16:00:00,64.6,70.55,64.1,68.6,2010753
RL,NYSE,2020/04/07 16:00:00,73.16,80.65,72.37,73.79,2485536
RL,NYSE,2020/04/08 16:00:00,75.3,78.14,75.13,76.16,1248004
RL,NYSE,2020/04/09 16:00:00,78.18,82.67,78.16,80.41,1020941
RL,NYSE,2020/04/13 16:00:00,79.56,80.02,73.85,75.97,963088
RL,NYSE,2020/04/14 16:00:00,77.58,78,74.63,76.5,1091093
RL,NYSE,2020/04/15 16:00:00,73.38,73.62,68.77,69.58,1207349
RL,NYSE,2020/04/16 16:00:00,70.19,70.39,67.67,68.52,965192
RL,NYSE,2020/04/17 16:00:00,71.53,74.98,71.19,72.68,1142228
RL,NYSE,2020/04/20 16:00:00,71.01,72.36,68.89,69.58,691764
RL,NYSE,2020/04/21 16:00:00,67,68.95,66.36,68.32,1438752
RL,NYSE,2020/04/22 16:00:00,69.64,69.89,66.98,67.03,974285
RL,NYSE,2020/04/23 16:00:00,67.31,69.68,66.66,68.95,927120
RL,NYSE,2020/04/24 16:00:00,69.43,70.45,67.16,68.3,807968
RL,NYSE,2020/04/27 16:00:00,70.08,75.39,69.7,74.82,1050314
RL,NYSE,2020/04/28 16:00:00,78.86,81.06,75.88,78.45,1560041
RL,NYSE,2020/04/29 16:00:00,81.04,83.56,80.7,80.97,1561391
RL,NYSE,2020/04/30 16:00:00,78.81,78.81,72.93,73.78,1874241
RL,NYSE,2020/05/01 16:00:00,71.86,73.11,70.26,73.09,1356388
RL,NYSE,2020/05/04 16:00:00,70.23,75.08,69.69,71.87,2026799
RL,NYSE,2020/05/05 16:00:00,72.95,74.28,71.42,72.32,2000741
RL,NYSE,2020/05/06 16:00:00,72.93,73.8,70.35,71.13,771257
RL,NYSE,2020/05/07 16:00:00,70.95,72.82,70.17,70.23,1373551
RL,NYSE,2020/05/08 16:00:00,72.06,72.73,71.04,72.08,2063788
RL,NYSE,2020/05/11 16:00:00,71.14,71.34,68.67,69.41,1247883
RL,NYSE,2020/05/12 16:00:00,69.83,70.31,65.34,65.53,2047048
RL,NYSE,2020/05/13 16:00:00,65.49,65.49,63.59,64.69,1347412
RL,NYSE,2020/05/14 16:00:00,63.32,68.04,62.37,65.87,1560661
RL,NYSE,2020/05/15 16:00:00,64.96,66.97,63.44,65.38,1265472
RL,NYSE,2020/05/18 16:00:00,68.57,70.56,68.24,69.93,1541504
RL,NYSE,2020/05/19 16:00:00,69.82,70,67.51,69.26,1815584
RL,NYSE,2020/05/20 16:00:00,70.69,71.95,69.79,71.4,1090688
RL,NYSE,2020/05/21 16:00:00,71.21,75.24,70.7,74.57,1451982
RL,NYSE,2020/05/22 16:00:00,75.21,76.21,72.24,72.84,1180632
RL,NYSE,2020/05/26 16:00:00,75.9,81.5,75.6,81.37,2548326
RL,NYSE,2020/05/27 16:00:00,82.79,87.28,80,80.88,3800502
RL,NYSE,2020/05/28 16:00:00,80.88,83.1,78.5,79.98,1578933
RL,NYSE,2020/05/29 16:00:00,78.84,78.84,74.26,75.51,1811078
RL,NYSE,2020/06/01 16:00:00,75.1,77.93,74.79,76.71,993877
RL,NYSE,2020/06/02 16:00:00,77.54,79.28,77.32,78.39,1523588
RL,NYSE,2020/06/03 16:00:00,80.35,85.47,80.12,84.68,1555574
RL,NYSE,2020/06/04 16:00:00,84.09,84.92,82.25,84.92,1141798
RL,NYSE,2020/06/05 16:00:00,89.16,93.11,88.9,89.57,1799044
RL,NYSE,2020/06/08 16:00:00,92,93,88.43,90.26,1138453
RL,NYSE,2020/06/09 16:00:00,88.35,88.89,85.09,85.48,1099834
RL,NYSE,2020/06/10 16:00:00,85,85.5,80.49,80.69,1263622
RL,NYSE,2020/06/11 16:00:00,75.8,76.44,72.82,74.03,1763739
RL,NYSE,2020/06/12 16:00:00,76.81,77.48,72.75,74.77,1465654
RL,NYSE,2020/06/15 16:00:00,71.02,74.74,70.54,73.74,1621053
RL,NYSE,2020/06/16 16:00:00,78.02,78.92,75.1,76.42,1136515
RL,NYSE,2020/06/17 16:00:00,76.35,77.26,74.41,74.48,880732
RL,NYSE,2020/06/18 16:00:00,73.6,75.55,72.93,73.94,677816
RL,NYSE,2020/06/19 16:00:00,75.46,75.85,71.06,71.39,1386845
RL,NYSE,2020/06/22 16:00:00,71.51,73.72,70.16,73.34,1225813
RL,NYSE,2020/06/23 16:00:00,74.71,75.28,72.5,73.46,1394711
RL,NYSE,2020/06/24 16:00:00,71.87,72.45,69.91,70.65,1323199
RL,NYSE,2020/06/25 16:00:00,69.94,70.54,67.95,70.32,1358400
RL,NYSE,2020/06/26 16:00:00,70.04,70.79,67.15,67.7,1375645
RL,NYSE,2020/06/29 16:00:00,68.74,72.74,68.23,72.57,1099834
RL,NYSE,2020/06/30 16:00:00,72.06,75.92,71.56,72.52,1163412
RL,NYSE,2020/07/01 16:00:00,72.75,75.08,70.55,70.67,974777
RL,NYSE,2020/07/02 16:00:00,72.67,73.67,70.61,70.75,723389
RL,NYSE,2020/07/06 16:00:00,72.45,73.02,69.6,71.39,658090
RL,NYSE,2020/07/07 16:00:00,70.23,70.47,68.67,68.9,700204
RL,NYSE,2020/07/08 16:00:00,68.72,69.57,67.91,69.55,998328
RL,NYSE,2020/07/09 16:00:00,69.18,69.18,66.82,67.47,987307
RL,NYSE,2020/07/10 16:00:00,67,69.03,66.66,68.98,536841
RL,NYSE,2020/07/13 16:00:00,68.86,70.79,66.55,69.68,1115635
RL,NYSE,2020/07/14 16:00:00,69,70.64,67.82,69.96,588806
RL,NYSE,2020/07/15 16:00:00,72.35,74.62,71.74,74.19,1294118
RL,NYSE,2020/07/16 16:00:00,73.18,75.21,72.66,74.6,813777
RL,NYSE,2020/07/17 16:00:00,74.99,75,72.83,73.31,887110
RL,NYSE,2020/07/20 16:00:00,72.28,73.76,70.67,71.3,892737
RL,NYSE,2020/07/21 16:00:00,72,73.44,71.31,71.56,758719
RL,NYSE,2020/07/22 16:00:00,71,72.23,70.28,71.36,696085
RL,NYSE,2020/07/23 16:00:00,70.86,73.07,70.86,71.65,604260
RL,NYSE,2020/07/24 16:00:00,72,73.13,71.39,71.45,652287
RL,NYSE,2020/07/27 16:00:00,71.05,71.78,69.9,71.61,719835
RL,NYSE,2020/07/28 16:00:00,71.36,72.57,71.15,71.4,540060
RL,NYSE,2020/07/29 16:00:00,71.18,72.86,71.13,72.73,615298
RL,NYSE,2020/07/30 16:00:00,71.23,71.54,69.38,71.08,765919
RL,NYSE,2020/07/31 16:00:00,70.85,71.85,69.74,71.3,1086141
RL,NYSE,2020/08/03 16:00:00,71.3,71.3,68.65,69.72,1202882
RL,NYSE,2020/08/04 16:00:00,65.43,67.25,63.9,66.68,4426157
RL,NYSE,2020/08/05 16:00:00,67.28,69.63,66.72,68.51,1695177
RL,NYSE,2020/08/06 16:00:00,68.35,68.85,64.7,64.89,2740134
RL,NYSE,2020/08/07 16:00:00,65.05,66.39,64.08,65.96,1919961
RL,NYSE,2020/08/10 16:00:00,66.7,69.41,66.6,68.68,1608906
RL,NYSE,2020/08/11 16:00:00,70.47,72.22,70.08,70.21,1581919
RL,NYSE,2020/08/12 16:00:00,71.1,71.48,67.93,69.81,1107154
RL,NYSE,2020/08/13 16:00:00,69.99,70.37,69.09,70.13,920671
RL,NYSE,2020/08/14 16:00:00,69.44,71.27,68.05,70.66,1038919
RL,NYSE,2020/08/17 16:00:00,70.54,70.96,68.53,70.9,809391
RL,NYSE,2020/08/18 16:00:00,70.7,70.7,68.42,68.5,1098441
RL,NYSE,2020/08/19 16:00:00,67.82,69.52,67.42,67.55,766917
RL,NYSE,2020/08/20 16:00:00,67.24,68,66.53,67.27,788077
RL,NYSE,2020/08/21 16:00:00,67.44,67.79,66.26,67.05,765091
RL,NYSE,2020/08/24 16:00:00,67.2,70.42,66.74,70.25,824747
RL,NYSE,2020/08/25 16:00:00,70.87,70.9,68.75,69.12,986689
RL,NYSE,2020/08/26 16:00:00,69.12,69.35,67.57,67.65,1167780
RL,NYSE,2020/08/27 16:00:00,68.1,69.75,67.7,68.24,1060787
RL,NYSE,2020/08/28 16:00:00,68.63,71.28,68.35,71.19,968847
RL,NYSE,2020/08/31 16:00:00,70.79,70.88,68.4,68.83,1064926
RL,NYSE,2020/09/01 16:00:00,68.31,69.29,67.69,69.17,957371
RL,NYSE,2020/09/02 16:00:00,69.99,71.75,69.61,71.59,1289375
RL,NYSE,2020/09/03 16:00:00,72.36,74.62,71.93,74.15,2189682
RL,NYSE,2020/09/04 16:00:00,74.51,75.08,72.69,74.05,1511690
RL,NYSE,2020/09/08 16:00:00,73.22,76.08,72.61,75.06,1212768
RL,NYSE,2020/09/09 16:00:00,74.55,74.65,72.69,73.51,1069422
RL,NYSE,2020/09/10 16:00:00,74.09,76.5,73.78,75.51,1053683
RL,NYSE,2020/09/11 16:00:00,76.07,76.24,74.82,76.16,1007526
RL,NYSE,2020/09/14 16:00:00,76.87,80.88,76.63,80.59,1750988
RL,NYSE,2020/09/15 16:00:00,80.22,81.55,79.24,80.62,1529954
RL,NYSE,2020/09/16 16:00:00,81.5,82.83,81.24,81.27,975983
RL,NYSE,2020/09/17 16:00:00,80.37,81.39,77.92,78.76,1038455
RL,NYSE,2020/09/18 16:00:00,77.69,78.89,74.14,75.83,2481276
RL,NYSE,2020/09/21 16:00:00,73.83,74.02,70.92,71.17,1727225
RL,NYSE,2020/09/22 16:00:00,72,75.14,70.76,75.04,2107644
RL,NYSE,2020/09/23 16:00:00,76.41,77.12,71.8,72.01,1159884
RL,NYSE,2020/09/24 16:00:00,71.91,72.42,69.5,71.66,1532149
RL,NYSE,2020/09/25 16:00:00,71.62,72,70.52,71.07,1168735
RL,NYSE,2020/09/28 16:00:00,72.59,72.72,70.29,70.44,1271490
RL,NYSE,2020/09/29 16:00:00,70.06,70.06,67.3,67.34,1249889
RL,NYSE,2020/09/30 16:00:00,67.65,68.72,67.11,67.97,1787147
RL,NYSE,2020/10/01 16:00:00,68.75,69.82,67.76,69.12,1272555
RL,NYSE,2020/10/02 16:00:00,67,70.17,66.85,69.93,1570441
RL,NYSE,2020/10/05 16:00:00,70.88,72.58,70.85,71.8,1195783
RL,NYSE,2020/10/06 16:00:00,72.86,72.97,69.12,69.28,1302668
RL,NYSE,2020/10/07 16:00:00,70,72.19,70,71.78,1424130
RL,NYSE,2020/10/08 16:00:00,72.53,74.38,72,74.33,1321895
RL,NYSE,2020/10/09 16:00:00,75,75.18,71.54,73.89,1433493
RL,NYSE,2020/10/12 16:00:00,72.96,75.22,72.62,73.64,992606
RL,NYSE,2020/10/13 16:00:00,73.21,74.1,71.32,72.25,948099
RL,NYSE,2020/10/14 16:00:00,72.26,73.88,72.06,72.97,1135203
RL,NYSE,2020/10/15 16:00:00,71.85,75.76,71.13,75.75,1179448
RL,NYSE,2020/10/16 16:00:00,76,76.19,74.73,74.79,919790
RL,NYSE,2020/10/19 16:00:00,74.99,75.99,74.09,74.36,758684
RL,NYSE,2020/10/20 16:00:00,75.2,76.1,73.37,73.51,792571
RL,NYSE,2020/10/21 16:00:00,73.24,75.2,72.65,75.01,755936
RL,NYSE,2020/10/22 16:00:00,75.43,77.48,75.07,77.11,1070854
RL,NYSE,2020/10/23 16:00:00,77.26,78.01,76.66,77.39,1492721
RL,NYSE,2020/10/26 16:00:00,76.63,77.47,75.06,76.8,1215972
RL,NYSE,2020/10/27 16:00:00,76.04,77.34,74.09,74.47,1185652
RL,NYSE,2020/10/28 16:00:00,72.95,75.1,72.16,74.3,1929061
RL,NYSE,2020/10/29 16:00:00,73.98,73.98,67.5,70.58,3743222
RL,NYSE,2020/10/30 16:00:00,70.18,70.34,65.2,66.85,2946830
RL,NYSE,2020/11/02 16:00:00,67.43,69.34,66.7,67.43,1581643
RL,NYSE,2020/11/03 16:00:00,68.25,70.25,67.98,69.12,1274618
RL,NYSE,2020/11/04 16:00:00,70.43,71.43,67.83,68.71,1261133
RL,NYSE,2020/11/05 16:00:00,68.93,70.24,68.35,69.93,897642
RL,NYSE,2020/11/06 16:00:00,69.69,70.9,67.41,68.23,1309942
RL,NYSE,2020/11/09 16:00:00,77.05,83.39,75.5,81.74,3794551
RL,NYSE,2020/11/10 16:00:00,81.01,83.46,80.62,81.35,1921984
RL,NYSE,2020/11/11 16:00:00,80.96,81.26,75.54,76.21,1589065
RL,NYSE,2020/11/12 16:00:00,75.23,76.2,73.13,74.27,1356700
RL,NYSE,2020/11/13 16:00:00,74.86,77.81,74.65,77.61,1780230
RL,NYSE,2020/11/16 16:00:00,81,81,77.49,79.34,1932473
RL,NYSE,2020/11/17 16:00:00,78.47,84.37,78.15,84.1,2184021
RL,NYSE,2020/11/18 16:00:00,84.31,85.12,81.74,81.74,1414911
RL,NYSE,2020/11/19 16:00:00,81.01,82.31,79.9,80.59,1238292
RL,NYSE,2020/11/20 16:00:00,80.41,80.65,78,78.22,1288410
RL,NYSE,2020/11/23 16:00:00,79.13,83.59,78.44,83.34,1947276
RL,NYSE,2020/11/24 16:00:00,86,89.94,85.54,89.03,2256446
RL,NYSE,2020/11/25 16:00:00,87.82,88.57,85.21,88.03,1347266
RL,NYSE,2020/11/27 13:00:00,88.12,88.48,86.46,87.98,932521
RL,NYSE,2020/11/30 16:00:00,87.23,87.76,85.14,85.75,5634387
RL,NYSE,2020/12/01 16:00:00,87.77,89.69,87.17,88.62,1826258
RL,NYSE,2020/12/02 16:00:00,87.38,88.97,85.81,88.92,1526650
RL,NYSE,2020/12/03 16:00:00,89.07,98.28,89.07,96.66,3244639
RL,NYSE,2020/12/04 16:00:00,97.87,98,95.18,96.21,1573757
RL,NYSE,2020/12/07 16:00:00,95.55,95.99,93.8,95.49,1310817
RL,NYSE,2020/12/08 16:00:00,94.89,97.7,94.44,97.15,1031606
RL,NYSE,2020/12/09 16:00:00,98.52,101.95,97.98,100.83,1855531
RL,NYSE,2020/12/10 16:00:00,103.65,105.65,101.64,103.85,2084762
RL,NYSE,2020/12/11 16:00:00,105.91,105.91,100.73,101.34,1860176
RL,NYSE,2020/12/14 16:00:00,103.29,104.76,98.74,98.9,1392379
RL,NYSE,2020/12/15 16:00:00,99.88,100.75,97.72,100.53,1155565
RL,NYSE,2020/12/16 16:00:00,100.95,102.05,99.19,99.5,1066815
RL,NYSE,2020/12/17 16:00:00,100.48,102.26,98.99,100.99,948941
RL,NYSE,2020/12/18 16:00:00,101,102.52,99.8,101.21,1636236
RL,NYSE,2020/12/21 16:00:00,98.83,101.94,98.33,101.33,924704
RL,NYSE,2020/12/22 16:00:00,101.85,102,98.65,98.84,759325
RL,NYSE,2020/12/23 16:00:00,99.61,102.36,99.44,101.96,491620
RL,NYSE,2020/12/24 13:00:00,103.16,103.5,100.5,100.92,336447
RL,NYSE,2020/12/28 16:00:00,101.5,104.23,101.34,103.44,824863
RL,NYSE,2020/12/29 16:00:00,103.63,104.06,100.83,101.56,672628
RL,NYSE,2020/12/30 16:00:00,102.38,104.99,101.97,103.94,757119
RL,NYSE,2020/12/31 16:00:00,103.16,104.7,102.35,103.74,511421
RL,NYSE,2021/01/04 16:00:00,103.88,103.96,99.33,101.33,1067842
RL,NYSE,2021/01/05 16:00:00,101.01,105.14,100.75,104,890968
RL,NYSE,2021/01/06 16:00:00,104.63,110.63,104.24,109.44,1551825
RL,NYSE,2021/01/07 16:00:00,111,113.27,110.08,112.18,1438968
RL,NYSE,2021/01/08 16:00:00,112.3,112.83,107.83,109.48,1283065
RL,NYSE,2021/01/11 16:00:00,110.02,111.19,108.44,110.59,1136284
RL,NYSE,2021/01/12 16:00:00,111.02,117,110.58,114.51,1096287
RL,NYSE,2021/01/13 16:00:00,114.04,116.34,111.64,112.94,1352025
RL,NYSE,2021/01/14 16:00:00,113.59,115.15,110.84,111.47,1063747
RL,NYSE,2021/01/15 16:00:00,111.3,112.45,109.66,110.07,965618
RL,NYSE,2021/01/19 16:00:00,109.52,110.73,106.15,107.25,986662
RL,NYSE,2021/01/20 16:00:00,107.65,109.34,106.36,106.59,822787
RL,NYSE,2021/01/21 16:00:00,106.5,108.49,105.3,107.89,1051392
RL,NYSE,2021/01/22 16:00:00,106.91,112.89,105.46,108.47,1753016
RL,NYSE,2021/01/25 16:00:00,107.55,110.27,105.77,109.49,1041844
RL,NYSE,2021/01/26 16:00:00,110.31,110.56,106.15,107.07,1023903
RL,NYSE,2021/01/27 16:00:00,105.45,106.14,100.21,100.81,1425503
RL,NYSE,2021/01/28 16:00:00,102,105.39,101.08,103.54,1175426
RL,NYSE,2021/01/29 16:00:00,103.5,103.88,99.92,101.05,1042741
RL,NYSE,2021/02/01 16:00:00,104.16,104.23,100.54,102.48,1182828
RL,NYSE,2021/02/02 16:00:00,104,105,101.72,103.43,874786
RL,NYSE,2021/02/03 16:00:00,103.66,106.59,103.66,105.19,1420359
RL,NYSE,2021/02/04 16:00:00,103.42,109.34,100.34,107.83,2671194
RL,NYSE,2021/02/05 16:00:00,108.2,109.46,105.1,108.5,1405097
RL,NYSE,2021/02/08 16:00:00,109.16,111.42,108.58,110.21,1091450
RL,NYSE,2021/02/09 16:00:00,109.38,111.11,109.07,110.36,818456
RL,NYSE,2021/02/10 16:00:00,111.43,113.19,109.77,112.16,744660
RL,NYSE,2021/02/11 16:00:00,112.65,116.46,111.73,113.44,890565
RL,NYSE,2021/02/12 16:00:00,112.1,112.65,110.14,110.7,816984
RL,NYSE,2021/02/16 16:00:00,111.33,112.3,110.05,111.77,751705
RL,NYSE,2021/02/17 16:00:00,111.81,112.06,109.77,111.41,602785
RL,NYSE,2021/02/18 16:00:00,110.87,111.4,108.59,110.99,607266
RL,NYSE,2021/02/19 16:00:00,111.04,114.07,109.31,113.46,855195
RL,NYSE,2021/02/22 16:00:00,112.7,118.25,112.48,117.38,1037576
RL,NYSE,2021/02/23 16:00:00,117.29,118.04,114.46,117.13,736634
RL,NYSE,2021/02/24 16:00:00,117,120.22,116.06,119.88,616370
RL,NYSE,2021/02/25 16:00:00,120.53,122.2,117.58,117.58,971476
RL,NYSE,2021/02/26 16:00:00,117.5,119.06,114.3,117.08,947482
RL,NYSE,2021/03/01 16:00:00,119.03,123.23,118.71,120.34,1071083
RL,NYSE,2021/03/02 16:00:00,120.53,122.69,119.54,121.64,1260048
RL,NYSE,2021/03/03 16:00:00,121.87,125.65,121.54,122.3,1459547
RL,NYSE,2021/03/04 16:00:00,121.98,125.33,117.41,120.97,1653344
RL,NYSE,2021/03/05 16:00:00,122.43,125.31,116.17,122.2,1473811
RL,NYSE,2021/03/08 16:00:00,124.02,128.4,123.06,126.55,1221399
RL,NYSE,2021/03/09 16:00:00,126.7,129.75,124.68,124.95,1209379
RL,NYSE,2021/03/10 16:00:00,125.02,127.08,121.82,122.61,1341044
RL,NYSE,2021/03/11 16:00:00,122.89,123.8,119.99,121.75,1097261
RL,NYSE,2021/03/12 16:00:00,123.39,125.9,122.04,123.98,1582387
RL,NYSE,2021/03/15 16:00:00,123.8,125.35,122.37,124,1413858
RL,NYSE,2021/03/16 16:00:00,124,124.76,118.69,121.76,1070574
RL,NYSE,2021/03/17 16:00:00,122.11,122.78,118.3,121.07,915087
RL,NYSE,2021/03/18 16:00:00,121.07,125.85,120.7,122.48,961749
RL,NYSE,2021/03/19 16:00:00,121.4,124.03,120.63,121.75,1638585
RL,NYSE,2021/03/22 16:00:00,122,122.9,120.05,121.52,869620
RL,NYSE,2021/03/23 16:00:00,120.74,121.33,112.44,113.56,1583964
RL,NYSE,2021/03/24 16:00:00,115.02,118.33,113.89,113.96,1270047
RL,NYSE,2021/03/25 16:00:00,112.42,119.2,110.83,118.3,1255320
RL,NYSE,2021/03/26 16:00:00,120.17,122.25,118.19,122.16,736369
RL,NYSE,2021/03/29 16:00:00,121.21,123.23,116.57,117.99,653077
RL,NYSE,2021/03/30 16:00:00,118.78,120.46,117.05,120.24,496341
RL,NYSE,2021/03/31 16:00:00,120.72,124.93,120.3,123.16,1020648
RL,NYSE,2021/04/01 16:00:00,123.45,123.91,118.83,119.94,1034019
RL,NYSE,2021/04/05 16:00:00,121.38,123.56,119.2,123.31,583694
RL,NYSE,2021/04/06 16:00:00,123.71,125.72,122.53,123.7,954110
RL,NYSE,2021/04/07 16:00:00,124.66,125.7,122.92,123.64,663279
RL,NYSE,2021/04/08 16:00:00,122.74,124.35,121.37,123.58,637952
RL,NYSE,2021/04/09 16:00:00,124.74,127.75,124.01,127.54,815240
ARES,NYSE,2019/04/01 16:00:00,23.39,23.81,23.16,23.63,326885
ARES,NYSE,2019/04/02 16:00:00,23.77,23.94,23.58,23.7,239372
ARES,NYSE,2019/04/03 16:00:00,23.94,24.02,23.6,23.63,438754
ARES,NYSE,2019/04/04 16:00:00,23.57,23.85,23.57,23.63,283008
ARES,NYSE,2019/04/05 16:00:00,23.67,23.81,23.42,23.71,492753
ARES,NYSE,2019/04/08 16:00:00,23.68,23.91,23.62,23.8,402316
ARES,NYSE,2019/04/09 16:00:00,23.72,23.88,23.49,23.62,503621
ARES,NYSE,2019/04/10 16:00:00,23.72,23.79,23.58,23.67,430709
ARES,NYSE,2019/04/11 16:00:00,23.74,23.82,23.21,23.63,582320
ARES,NYSE,2019/04/12 16:00:00,23.82,23.89,23.46,23.76,349609
ARES,NYSE,2019/04/15 16:00:00,23.8,24,23.57,23.82,424059
ARES,NYSE,2019/04/16 16:00:00,23.92,24.17,23.82,23.87,414365
ARES,NYSE,2019/04/17 16:00:00,23.91,24.08,23.64,23.86,415513
ARES,NYSE,2019/04/18 16:00:00,23.99,24.67,23.88,24.47,689505
ARES,NYSE,2019/04/22 16:00:00,24.44,24.44,23.97,24.13,399563
ARES,NYSE,2019/04/23 16:00:00,24.21,24.47,24.08,24.19,371920
ARES,NYSE,2019/04/24 16:00:00,24.24,24.38,24.05,24.29,306715
ARES,NYSE,2019/04/25 16:00:00,24.23,24.51,24.06,24.3,289304
ARES,NYSE,2019/04/26 16:00:00,24.28,24.44,24.13,24.18,316791
ARES,NYSE,2019/04/29 16:00:00,24.22,24.63,24.22,24.42,288651
ARES,NYSE,2019/04/30 16:00:00,24.47,24.61,24.06,24.45,555365
ARES,NYSE,2019/05/01 16:00:00,24.4,24.88,24.22,24.7,618886
ARES,NYSE,2019/05/02 16:00:00,24.7,24.7,24.2,24.48,483024
ARES,NYSE,2019/05/03 16:00:00,24.55,25.1,24.16,25,758754
ARES,NYSE,2019/05/06 16:00:00,24.6,25.46,24.55,25.21,607560
ARES,NYSE,2019/05/07 16:00:00,24.94,25.3,24.76,25.21,596990
ARES,NYSE,2019/05/08 16:00:00,25.23,25.31,24.95,25.22,808851
ARES,NYSE,2019/05/09 16:00:00,25.16,25.49,24.87,25.43,926533
ARES,NYSE,2019/05/10 16:00:00,25.32,25.95,25.27,25.8,832168
ARES,NYSE,2019/05/13 16:00:00,25.43,25.56,25.15,25.32,1197216
ARES,NYSE,2019/05/14 16:00:00,25.43,25.61,25.21,25.45,910848
ARES,NYSE,2019/05/15 16:00:00,25.31,25.85,25.04,25.82,721356
ARES,NYSE,2019/05/16 16:00:00,25.84,26.41,25.77,26,1150742
ARES,NYSE,2019/05/17 16:00:00,25.83,26.18,25.68,25.92,980808
ARES,NYSE,2019/05/20 16:00:00,25.95,26.15,25.88,25.98,828815
ARES,NYSE,2019/05/21 16:00:00,26.1,26.39,25.82,26.27,1100215
ARES,NYSE,2019/05/22 16:00:00,26.22,26.56,26,26.32,636711
ARES,NYSE,2019/05/23 16:00:00,26.13,26.47,25.93,26.3,732793
ARES,NYSE,2019/05/24 16:00:00,26.45,26.56,26.05,26.55,1218527
ARES,NYSE,2019/05/28 16:00:00,26.59,26.79,26.4,26.68,1059898
ARES,NYSE,2019/05/29 16:00:00,26.6,26.69,26.16,26.45,953321
ARES,NYSE,2019/05/30 16:00:00,26.49,26.73,26.31,26.47,767739
ARES,NYSE,2019/05/31 16:00:00,26,26.29,25.66,25.69,1253820
ARES,NYSE,2019/06/03 16:00:00,25.66,26.21,25.66,26.2,1309484
ARES,NYSE,2019/06/04 16:00:00,26.3,26.48,25.95,26.34,1973865
ARES,NYSE,2019/06/05 16:00:00,26.46,26.61,25.96,26.58,699683
ARES,NYSE,2019/06/06 16:00:00,26.22,26.34,25.27,25.72,2330912
ARES,NYSE,2019/06/07 16:00:00,25.9,26.4,25.69,25.8,1149956
ARES,NYSE,2019/06/10 16:00:00,25.9,26.06,25.54,25.95,976115
ARES,NYSE,2019/06/11 16:00:00,26.18,26.18,25.74,25.89,1035232
ARES,NYSE,2019/06/12 16:00:00,25.93,26.04,25.68,25.85,821079
ARES,NYSE,2019/06/13 16:00:00,25.8,26.82,25.76,26.74,1058200
ARES,NYSE,2019/06/14 16:00:00,26.71,27.19,26.71,27.03,675402
ARES,NYSE,2019/06/17 16:00:00,27.2,27.85,27.2,27.46,1180918
ARES,NYSE,2019/06/18 16:00:00,27.64,27.85,27.26,27.29,1609798
ARES,NYSE,2019/06/19 16:00:00,27.36,27.98,27.36,27.95,1485352
ARES,NYSE,2019/06/20 16:00:00,28.05,28.58,27.42,27.58,1409167
ARES,NYSE,2019/06/21 16:00:00,27.54,27.55,27.21,27.33,1202853
ARES,NYSE,2019/06/24 16:00:00,27.32,27.6,27.02,27.05,1089269
ARES,NYSE,2019/06/25 16:00:00,27,27.04,25.72,25.81,1763125
ARES,NYSE,2019/06/26 16:00:00,25.88,26.03,25.5,25.97,1814471
ARES,NYSE,2019/06/27 16:00:00,26,26.24,25.94,26.08,1034425
ARES,NYSE,2019/06/28 16:00:00,26.25,26.52,25.82,26.17,10105745
ARES,NYSE,2019/07/01 16:00:00,26.31,26.84,26.3,26.82,1800981
ARES,NYSE,2019/07/02 16:00:00,26.91,26.97,26.67,26.95,914997
ARES,NYSE,2019/07/03 13:00:00,27,27.28,26.81,27.28,496504
ARES,NYSE,2019/07/05 16:00:00,27.16,27.35,26.85,27.12,398784
ARES,NYSE,2019/07/08 16:00:00,26.94,27.06,26.8,27.04,587316
ARES,NYSE,2019/07/09 16:00:00,27,27.47,26.92,27.45,754009
ARES,NYSE,2019/07/10 16:00:00,27.51,28.04,27.38,27.98,833795
ARES,NYSE,2019/07/11 16:00:00,28,28.15,27.78,27.98,630142
ARES,NYSE,2019/07/12 16:00:00,28.01,28.6,27.8,28.57,1079475
ARES,NYSE,2019/07/15 16:00:00,28.62,28.62,28.14,28.25,632524
ARES,NYSE,2019/07/16 16:00:00,28.3,28.5,28.17,28.31,418037
ARES,NYSE,2019/07/17 16:00:00,28.25,28.36,28,28.14,391168
ARES,NYSE,2019/07/18 16:00:00,28.07,28.63,28.03,28.43,385676
ARES,NYSE,2019/07/19 16:00:00,28.4,28.54,28.1,28.13,429638
ARES,NYSE,2019/07/22 16:00:00,28.16,28.27,27.86,28.25,356539
ARES,NYSE,2019/07/23 16:00:00,28.3,28.58,28.18,28.41,319262
ARES,NYSE,2019/07/24 16:00:00,28.28,29.07,28.26,29.04,458083
ARES,NYSE,2019/07/25 16:00:00,28.97,29.18,28.91,29.07,628686
ARES,NYSE,2019/07/26 16:00:00,29,29.4,28.91,29.33,432823
ARES,NYSE,2019/07/29 16:00:00,29.28,29.34,28.97,29.13,207135
ARES,NYSE,2019/07/30 16:00:00,28.97,29.51,28.71,29.49,612174
ARES,NYSE,2019/07/31 16:00:00,29.04,29.47,28.62,29.25,792476
ARES,NYSE,2019/08/01 16:00:00,29.4,29.53,28.39,28.66,748148
ARES,NYSE,2019/08/02 16:00:00,28.49,28.78,28.1,28.72,951291
ARES,NYSE,2019/08/05 16:00:00,28.41,28.41,26.53,26.68,1121861
ARES,NYSE,2019/08/06 16:00:00,26.79,27.56,26.79,27.55,436022
ARES,NYSE,2019/08/07 16:00:00,27.17,27.68,26.83,27.61,673303
ARES,NYSE,2019/08/08 16:00:00,27.84,28.38,27.71,28.21,423215
ARES,NYSE,2019/08/09 16:00:00,27.99,28.32,27.8,28.2,370351
ARES,NYSE,2019/08/12 16:00:00,27.95,27.95,27.39,27.6,163737
ARES,NYSE,2019/08/13 16:00:00,27.69,28.16,27.56,28.06,395701
ARES,NYSE,2019/08/14 16:00:00,27.49,27.84,27.14,27.21,348735
ARES,NYSE,2019/08/15 16:00:00,27.31,27.51,26.89,27.1,316413
ARES,NYSE,2019/08/16 16:00:00,27.21,28.45,27.17,28.33,567025
ARES,NYSE,2019/08/19 16:00:00,28.8,29.4,28.79,29.07,425311
ARES,NYSE,2019/08/20 16:00:00,29.01,29.01,28.45,28.69,390898
ARES,NYSE,2019/08/21 16:00:00,28.97,29.07,28.8,28.91,348630
ARES,NYSE,2019/08/22 16:00:00,29.05,29.19,28.72,28.88,295036
ARES,NYSE,2019/08/23 16:00:00,28.69,29.02,27.84,27.93,488995
ARES,NYSE,2019/08/26 16:00:00,28.25,28.25,27.35,27.69,593748
ARES,NYSE,2019/08/27 16:00:00,27.91,28.14,27.28,27.81,499858
ARES,NYSE,2019/08/28 16:00:00,27.67,28.52,27.67,28.3,550337
ARES,NYSE,2019/08/29 16:00:00,28.68,29.34,28.65,29.25,551604
ARES,NYSE,2019/08/30 16:00:00,29.51,29.65,28.83,29.1,564151
ARES,NYSE,2019/09/03 16:00:00,28.96,29.07,28.13,28.37,459228
ARES,NYSE,2019/09/04 16:00:00,28.65,29.39,28.59,29.3,349452
ARES,NYSE,2019/09/05 16:00:00,29.6,30.57,29.49,29.83,409291
ARES,NYSE,2019/09/06 16:00:00,29.83,30.28,29.67,29.91,316566
ARES,NYSE,2019/09/09 16:00:00,30.06,30.49,29.77,30.01,335706
ARES,NYSE,2019/09/10 16:00:00,30.04,30.35,28.99,29.13,573498
ARES,NYSE,2019/09/11 16:00:00,29.29,29.88,29.16,29.83,278491
ARES,NYSE,2019/09/12 16:00:00,30.07,30.71,29.58,30.4,460824
ARES,NYSE,2019/09/13 16:00:00,30.34,30.51,30.07,30.1,301666
ARES,NYSE,2019/09/16 16:00:00,29.92,30.49,29.92,30.45,289599
ARES,NYSE,2019/09/17 16:00:00,30.46,31.03,30.23,30.7,271290
ARES,NYSE,2019/09/18 16:00:00,30.64,30.95,30.52,30.85,350553
ARES,NYSE,2019/09/19 16:00:00,29.41,29.64,29.04,29.41,3844195
ARES,NYSE,2019/09/20 16:00:00,29.5,29.84,29.27,29.36,1185400
ARES,NYSE,2019/09/23 16:00:00,29.36,29.79,29.33,29.64,707347
ARES,NYSE,2019/09/24 16:00:00,29.79,29.79,28.36,28.66,1030723
ARES,NYSE,2019/09/25 16:00:00,28.73,29.84,28.61,29.8,2266112
ARES,NYSE,2019/09/26 16:00:00,29.79,29.84,29.39,29.75,505310
ARES,NYSE,2019/09/27 16:00:00,29.85,30.1,27.74,27.75,1138277
ARES,NYSE,2019/09/30 16:00:00,27.8,28,26.34,26.81,1461945
ARES,NYSE,2019/10/01 16:00:00,26.92,27.31,26.41,26.41,834491
ARES,NYSE,2019/10/02 16:00:00,26.13,26.28,25.79,26.23,596668
ARES,NYSE,2019/10/03 16:00:00,26.23,26.56,25.77,26.47,341358
ARES,NYSE,2019/10/04 16:00:00,26.45,27.07,25.93,26.42,401470
ARES,NYSE,2019/10/07 16:00:00,26.28,26.38,25.9,26.06,402328
ARES,NYSE,2019/10/08 16:00:00,25.76,26.33,25.68,25.93,818032
ARES,NYSE,2019/10/09 16:00:00,26.29,26.37,25.81,26.2,425627
ARES,NYSE,2019/10/10 16:00:00,26.15,26.39,25.99,26.07,458532
ARES,NYSE,2019/10/11 16:00:00,26.46,27.05,26.37,26.65,505897
ARES,NYSE,2019/10/14 16:00:00,26.44,26.57,26.06,26.31,291133
ARES,NYSE,2019/10/15 16:00:00,26.46,26.84,26.18,26.74,377183
ARES,NYSE,2019/10/16 16:00:00,26.59,26.85,26.18,26.38,364117
ARES,NYSE,2019/10/17 16:00:00,26.43,27.37,26.4,27.17,390011
ARES,NYSE,2019/10/18 16:00:00,27.03,28,26.97,27.85,468978
ARES,NYSE,2019/10/21 16:00:00,28.14,28.73,27.87,28.26,340172
ARES,NYSE,2019/10/22 16:00:00,28.3,28.81,27.95,27.96,350823
ARES,NYSE,2019/10/23 16:00:00,27.92,28.96,27.72,28.77,408183
ARES,NYSE,2019/10/24 16:00:00,28.89,28.95,28.03,28.19,317567
ARES,NYSE,2019/10/25 16:00:00,28.18,28.48,27.89,28.25,201716
ARES,NYSE,2019/10/28 16:00:00,28.45,29.36,28.34,29.3,1027342
ARES,NYSE,2019/10/29 16:00:00,29.26,29.89,29.2,29.67,622133
ARES,NYSE,2019/10/30 16:00:00,29.72,29.82,29.4,29.73,632534
ARES,NYSE,2019/10/31 16:00:00,29.19,30.26,28.41,29.57,643388
ARES,NYSE,2019/11/01 16:00:00,29.87,31.57,29.59,31.37,1112278
ARES,NYSE,2019/11/04 16:00:00,31.89,32.84,31.66,32.73,883304
ARES,NYSE,2019/11/05 16:00:00,32.86,32.9,31.42,31.77,587661
ARES,NYSE,2019/11/06 16:00:00,31.84,32.16,31.7,32,361715
ARES,NYSE,2019/11/07 16:00:00,31.84,32.16,31.7,32,128
ARES,NYSE,2019/11/08 16:00:00,32,32.45,31.59,31.59,448011
ARES,NYSE,2019/11/11 16:00:00,31.33,32,31.22,31.86,421102
ARES,NYSE,2019/11/12 16:00:00,31.93,31.99,31.49,31.59,361223
ARES,NYSE,2019/11/13 16:00:00,31.33,31.94,30.97,31.89,471642
ARES,NYSE,2019/11/14 16:00:00,31.79,32,31.52,31.71,310254
ARES,NYSE,2019/11/15 16:00:00,31.9,32.02,31.42,31.57,344381
ARES,NYSE,2019/11/18 16:00:00,31.6,32.33,31.54,32.33,651196
ARES,NYSE,2019/11/19 16:00:00,32.47,32.93,32.24,32.86,548950
ARES,NYSE,2019/11/20 16:00:00,32.65,33.22,32.27,33.15,2342418
ARES,NYSE,2019/11/21 16:00:00,33.29,33.29,32.05,32.18,487414
ARES,NYSE,2019/11/22 16:00:00,32.22,32.56,31.77,32.13,362550
ARES,NYSE,2019/11/25 16:00:00,32.15,33.08,32.09,32.75,504811
ARES,NYSE,2019/11/26 16:00:00,32.74,33.31,32.34,33.28,474693
ARES,NYSE,2019/11/27 16:00:00,33.3,33.32,32.51,33.05,354758
ARES,NYSE,2019/11/29 13:00:00,32.99,33.34,32.85,33.09,122594
ARES,NYSE,2019/12/02 16:00:00,33.17,33.24,32,32.54,494807
ARES,NYSE,2019/12/03 16:00:00,32.14,32.69,31.75,32.67,385187
ARES,NYSE,2019/12/04 16:00:00,32.93,32.93,32.27,32.65,298063
ARES,NYSE,2019/12/05 16:00:00,32.89,33.21,32.7,33.15,240401
ARES,NYSE,2019/12/06 16:00:00,33.53,33.74,32.87,32.87,534476
ARES,NYSE,2019/12/09 16:00:00,32.78,33.38,32.6,32.89,284002
ARES,NYSE,2019/12/10 16:00:00,33.05,33.66,32.97,33.65,255645
ARES,NYSE,2019/12/11 16:00:00,33.77,33.88,33.49,33.6,329393
ARES,NYSE,2019/12/12 16:00:00,33.68,33.94,33.18,33.47,354628
ARES,NYSE,2019/12/13 16:00:00,33.74,34.21,33.55,34.15,401803
ARES,NYSE,2019/12/16 16:00:00,34.06,34.61,33.56,33.69,531567
ARES,NYSE,2019/12/17 16:00:00,33.73,33.97,33.25,33.81,261277
ARES,NYSE,2019/12/18 16:00:00,33.93,34.27,33.8,33.94,325500
ARES,NYSE,2019/12/19 16:00:00,34.5,34.53,33.59,34.44,325113
ARES,NYSE,2019/12/20 16:00:00,34.53,34.64,34.05,34.36,1269819
ARES,NYSE,2019/12/23 16:00:00,34.46,34.79,34.09,34.79,327109
ARES,NYSE,2019/12/24 13:00:00,34.74,34.81,34.45,34.75,172305
ARES,NYSE,2019/12/26 16:00:00,34.86,34.97,34.51,34.79,212472
ARES,NYSE,2019/12/27 16:00:00,34.85,35.09,34.72,34.83,258332
ARES,NYSE,2019/12/30 16:00:00,34.89,35.74,34.89,35.74,395736
ARES,NYSE,2019/12/31 16:00:00,35.73,36.04,35.19,35.69,463049
ARES,NYSE,2020/01/02 16:00:00,35.83,35.89,35.11,35.54,506536
ARES,NYSE,2020/01/03 16:00:00,35.12,35.45,35.06,35.24,401064
ARES,NYSE,2020/01/06 16:00:00,35.1,35.81,35.1,35.59,387017
ARES,NYSE,2020/01/07 16:00:00,35.34,35.71,35.32,35.44,349463
ARES,NYSE,2020/01/08 16:00:00,35.65,36.19,35.44,36.11,683419
ARES,NYSE,2020/01/09 16:00:00,36.33,37,36.17,36.42,259753
ARES,NYSE,2020/01/10 16:00:00,36.14,36.62,36.01,36.21,290657
ARES,NYSE,2020/01/13 16:00:00,36.37,36.42,36,36.32,341867
ARES,NYSE,2020/01/14 16:00:00,36.19,36.3,35.84,36,471063
ARES,NYSE,2020/01/15 16:00:00,36,36.26,35.53,35.82,502545
ARES,NYSE,2020/01/16 16:00:00,36.22,36.84,35.84,36.83,558106
ARES,NYSE,2020/01/17 16:00:00,37.34,38.09,37.19,37.28,594842
ARES,NYSE,2020/01/21 16:00:00,37.06,37.5,36.8,36.92,336150
ARES,NYSE,2020/01/22 16:00:00,37.13,37.73,37.13,37.57,521337
ARES,NYSE,2020/01/23 16:00:00,37.6,38.17,37.28,37.9,481424
ARES,NYSE,2020/01/24 16:00:00,38.02,38.02,36.9,37.1,355478
ARES,NYSE,2020/01/27 16:00:00,36.27,36.52,35.9,35.98,383904
ARES,NYSE,2020/01/28 16:00:00,36.32,36.75,36.24,36.54,339625
ARES,NYSE,2020/01/29 16:00:00,36.67,37.45,36.54,37.01,327609
ARES,NYSE,2020/01/30 16:00:00,36.62,37.45,36.01,36.55,575847
ARES,NYSE,2020/01/31 16:00:00,36.35,36.66,35.04,36.06,594384
ARES,NYSE,2020/02/03 16:00:00,37.88,38.26,36.78,37.31,959030
ARES,NYSE,2020/02/04 16:00:00,37.74,38.51,36.97,38.11,700073
ARES,NYSE,2020/02/05 16:00:00,38.59,38.76,38.08,38.53,407607
ARES,NYSE,2020/02/06 16:00:00,38.64,39.23,38.23,38.94,452460
ARES,NYSE,2020/02/07 16:00:00,38.69,38.84,38.08,38.45,404655
ARES,NYSE,2020/02/10 16:00:00,38.42,39.36,38.41,39.25,295253
ARES,NYSE,2020/02/11 16:00:00,39.48,40.37,39.42,40.26,433456
ARES,NYSE,2020/02/12 16:00:00,40.5,40.67,39.93,40.63,606029
ARES,NYSE,2020/02/13 16:00:00,40.64,41.88,40.51,41.1,708720
ARES,NYSE,2020/02/14 16:00:00,41.42,41.81,39.57,40.01,1100848
ARES,NYSE,2020/02/18 16:00:00,40.35,40.72,39.97,40.1,1025670
ARES,NYSE,2020/02/19 16:00:00,40.34,41.76,40.22,41.12,657991
ARES,NYSE,2020/02/20 16:00:00,41,41.29,39.97,40.39,705579
ARES,NYSE,2020/02/21 16:00:00,40.33,40.36,39.25,39.95,779676
ARES,NYSE,2020/02/24 16:00:00,38.81,39.27,38.45,39,800654
ARES,NYSE,2020/02/25 16:00:00,39.09,39.21,37.07,37.24,949128
ARES,NYSE,2020/02/26 16:00:00,37.3,37.95,36.5,36.79,648475
ARES,NYSE,2020/02/27 16:00:00,36,36.45,34.94,35.41,884184
ARES,NYSE,2020/02/28 16:00:00,34.28,35,32.79,34.59,1334916
ARES,NYSE,2020/03/02 16:00:00,34.74,36.56,34.7,36.5,638171
ARES,NYSE,2020/03/03 16:00:00,36.52,37.13,34.82,35.54,524785
ARES,NYSE,2020/03/04 16:00:00,36.28,36.89,34.83,36.86,743118
ARES,NYSE,2020/03/05 16:00:00,35.48,36.28,35.14,35.62,1059461
ARES,NYSE,2020/03/06 16:00:00,34.3,34.58,32.91,33.75,2840917
ARES,NYSE,2020/03/09 16:00:00,31.89,32.28,30.61,30.76,1197380
ARES,NYSE,2020/03/10 16:00:00,32.16,32.79,30.27,32.72,1051429
ARES,NYSE,2020/03/11 16:00:00,31.57,32.09,29.71,30.26,938612
ARES,NYSE,2020/03/12 16:00:00,28.01,29.41,26.5,28,1035155
ARES,NYSE,2020/03/13 16:00:00,29.49,32.06,28.93,32.04,1074266
ARES,NYSE,2020/03/16 16:00:00,26.89,29.14,26.66,27.41,1444621
ARES,NYSE,2020/03/17 16:00:00,28.04,30.86,26.16,30.37,1382508
ARES,NYSE,2020/03/18 16:00:00,28.08,28.94,22.6,26.9,1737514
ARES,NYSE,2020/03/19 16:00:00,26.65,28.47,22.56,25.6,1106531
ARES,NYSE,2020/03/20 16:00:00,25.43,25.94,22.09,22.91,2140358
ARES,NYSE,2020/03/23 16:00:00,21.27,23.48,20.2,22.71,1202758
ARES,NYSE,2020/03/24 16:00:00,24.57,27.08,24.2,26.89,816859
ARES,NYSE,2020/03/25 16:00:00,27.06,30.29,26.84,29.06,1707786
ARES,NYSE,2020/03/26 16:00:00,29.35,31.75,28.88,30.44,2063859
ARES,NYSE,2020/03/27 16:00:00,29.26,30.39,28.97,29.71,974652
ARES,NYSE,2020/03/30 16:00:00,29.91,31.63,29.1,31.37,1108153
ARES,NYSE,2020/03/31 16:00:00,31.46,31.46,29.84,30.93,1252168
ARES,NYSE,2020/04/01 16:00:00,29.28,30.18,29,29.93,991554
ARES,NYSE,2020/04/02 16:00:00,29.52,30.44,29.06,30.14,662633
ARES,NYSE,2020/04/03 16:00:00,29.97,30.59,28.5,28.84,1328997
ARES,NYSE,2020/04/06 16:00:00,30.24,31.33,29.62,30.8,1960550
ARES,NYSE,2020/04/07 16:00:00,31.94,33.73,30.98,32.11,1132351
ARES,NYSE,2020/04/08 16:00:00,32.46,33.56,31.95,32.42,1056136
ARES,NYSE,2020/04/09 16:00:00,33.26,35.34,33.26,35.15,1532831
ARES,NYSE,2020/04/13 16:00:00,35.09,35.09,32.8,33.4,831237
ARES,NYSE,2020/04/14 16:00:00,34.5,34.66,32.13,32.38,1126123
ARES,NYSE,2020/04/15 16:00:00,31.76,31.78,30.57,30.79,671006
ARES,NYSE,2020/04/16 16:00:00,30.9,31.96,30.41,31.93,611928
ARES,NYSE,2020/04/17 16:00:00,33.16,33.53,32.42,33.2,726316
ARES,NYSE,2020/04/20 16:00:00,32.3,32.57,31.35,31.57,620151
ARES,NYSE,2020/04/21 16:00:00,30.79,31,29.66,29.94,899110
ARES,NYSE,2020/04/22 16:00:00,30.56,31.23,30.05,31.02,693314
ARES,NYSE,2020/04/23 16:00:00,31.04,32.65,30.99,32.56,874250
ARES,NYSE,2020/04/24 16:00:00,32.91,33.82,32.71,33.69,595519
ARES,NYSE,2020/04/27 16:00:00,34,35.09,33.86,34.98,686934
ARES,NYSE,2020/04/28 16:00:00,36,36.26,34.65,34.93,797141
ARES,NYSE,2020/04/29 16:00:00,36.11,36.97,35.03,35.09,1749204
ARES,NYSE,2020/04/30 16:00:00,34.44,34.7,33.24,33.55,702104
ARES,NYSE,2020/05/01 16:00:00,32.69,33,31.37,32.67,975487
ARES,NYSE,2020/05/04 16:00:00,32.13,33.07,31.6,32.04,700480
ARES,NYSE,2020/05/05 16:00:00,32.56,32.98,32.08,32.5,642861
ARES,NYSE,2020/05/06 16:00:00,32.65,35.54,31.84,35,1327003
ARES,NYSE,2020/05/07 16:00:00,34.5,35.67,33.85,35.01,2867121
ARES,NYSE,2020/05/08 16:00:00,35.85,35.85,34.25,34.38,1004881
ARES,NYSE,2020/05/11 16:00:00,34.03,35.06,33.63,34.87,790193
ARES,NYSE,2020/05/12 16:00:00,35,35.07,33.74,33.93,865784
ARES,NYSE,2020/05/13 16:00:00,34.52,34.64,33.18,33.59,873979
ARES,NYSE,2020/05/14 16:00:00,32.82,33.24,31.93,33.04,1050932
ARES,NYSE,2020/05/15 16:00:00,32.69,33.97,32.59,33.63,709862
ARES,NYSE,2020/05/18 16:00:00,34.77,35.17,34.31,34.67,642028
ARES,NYSE,2020/05/19 16:00:00,34.63,35.53,34.19,34.2,478976
ARES,NYSE,2020/05/20 16:00:00,34.9,35.13,34.29,34.97,483504
ARES,NYSE,2020/05/21 16:00:00,35.14,35.33,34.37,34.92,1020070
ARES,NYSE,2020/05/22 16:00:00,35.08,35.13,34.5,35.06,575118
ARES,NYSE,2020/05/26 16:00:00,36.03,37.56,35.64,36.67,1194749
ARES,NYSE,2020/05/27 16:00:00,37.72,37.94,35.82,37.14,828466
ARES,NYSE,2020/05/28 16:00:00,37.65,37.65,36.2,36.35,616550
ARES,NYSE,2020/05/29 16:00:00,36.86,38,36.39,37.76,1917671
ARES,NYSE,2020/06/01 16:00:00,37.92,38.02,37.03,37.44,1431355
ARES,NYSE,2020/06/02 16:00:00,37.89,38.33,37.49,38.1,1461901
ARES,NYSE,2020/06/03 16:00:00,38.62,39.38,38.32,39,1634882
ARES,NYSE,2020/06/04 16:00:00,38.8,39.53,38.39,39.5,1657233
ARES,NYSE,2020/06/05 16:00:00,40.63,40.74,39.46,39.66,2343872
ARES,NYSE,2020/06/08 16:00:00,40.04,40.52,39.57,40.5,1300735
ARES,NYSE,2020/06/09 16:00:00,39.69,40.01,38.99,39.6,1297598
ARES,NYSE,2020/06/10 16:00:00,39.5,39.68,38.01,38.75,1908425
ARES,NYSE,2020/06/11 16:00:00,37.49,38.44,37.03,37.33,1319281
ARES,NYSE,2020/06/12 16:00:00,38.43,38.47,36.95,38.28,1140870
ARES,NYSE,2020/06/15 16:00:00,36.78,38.35,36.56,38.13,1965668
ARES,NYSE,2020/06/16 16:00:00,39.32,39.78,38.43,39.19,680096
ARES,NYSE,2020/06/17 16:00:00,39.58,39.81,38.68,39.01,916594
ARES,NYSE,2020/06/18 16:00:00,38.65,39.55,38.46,39.3,862793
ARES,NYSE,2020/06/19 16:00:00,39.88,39.89,38.37,39.02,1848595
ARES,NYSE,2020/06/22 16:00:00,38.94,40.25,38.46,40.11,2435143
ARES,NYSE,2020/06/23 16:00:00,40.88,40.9,38.54,38.83,2617409
ARES,NYSE,2020/06/24 16:00:00,38.42,38.42,37.28,38.12,1130252
ARES,NYSE,2020/06/25 16:00:00,37.97,39.06,37.79,38.97,1354685
ARES,NYSE,2020/06/26 16:00:00,38.62,38.96,37.72,38.74,8104336
ARES,NYSE,2020/06/29 16:00:00,39.03,39.19,37.43,37.77,1535943
ARES,NYSE,2020/06/30 16:00:00,37.88,39.9,37.76,39.7,1185937
ARES,NYSE,2020/07/01 16:00:00,39.6,40,39.05,39.53,499045
ARES,NYSE,2020/07/02 16:00:00,40.06,40.2,39.06,39.36,1003175
ARES,NYSE,2020/07/06 16:00:00,39.97,40.2,39.16,39.36,1142842
ARES,NYSE,2020/07/07 16:00:00,38.97,39.27,37.88,37.9,749512
ARES,NYSE,2020/07/08 16:00:00,38.11,38.85,37.96,38.78,636486
ARES,NYSE,2020/07/09 16:00:00,38.82,39.03,38,38.77,680719
ARES,NYSE,2020/07/10 16:00:00,38.95,39.56,38.4,39.41,450980
ARES,NYSE,2020/07/13 16:00:00,39.7,40.09,39.01,39.05,925591
ARES,NYSE,2020/07/14 16:00:00,38.95,39.81,38.68,39.73,490484
ARES,NYSE,2020/07/15 16:00:00,40.26,40.59,39.95,40.4,644345
ARES,NYSE,2020/07/16 16:00:00,40.23,40.61,40.01,40.33,383442
ARES,NYSE,2020/07/17 16:00:00,40.34,40.65,39.85,40.59,569000
ARES,NYSE,2020/07/20 16:00:00,40.73,41.44,40.24,40.84,1156110
ARES,NYSE,2020/07/21 16:00:00,40.95,41.19,40.51,40.97,437055
ARES,NYSE,2020/07/22 16:00:00,40.75,41.13,40.53,40.78,448330
ARES,NYSE,2020/07/23 16:00:00,40.8,41.32,40.09,40.49,417577
ARES,NYSE,2020/07/24 16:00:00,40.24,40.32,38.13,39.04,1009939
ARES,NYSE,2020/07/27 16:00:00,39.1,39.78,38.9,39.49,322971
ARES,NYSE,2020/07/28 16:00:00,39.4,39.82,39.16,39.52,343551
ARES,NYSE,2020/07/29 16:00:00,39.63,40.59,39.51,40.46,430329
ARES,NYSE,2020/07/30 16:00:00,39.93,40.22,39.15,39.83,542571
ARES,NYSE,2020/07/31 16:00:00,39.95,40.05,39.26,39.94,297697
ARES,NYSE,2020/08/03 16:00:00,39.88,40.95,39.88,40.74,642424
ARES,NYSE,2020/08/04 16:00:00,40.5,40.71,39.65,40.41,394360
ARES,NYSE,2020/08/05 16:00:00,40.51,40.67,38.83,40.56,774570
ARES,NYSE,2020/08/06 16:00:00,40.73,41.19,39.96,40.27,370029
ARES,NYSE,2020/08/07 16:00:00,40.25,41.05,39.88,40.81,560074
ARES,NYSE,2020/08/10 16:00:00,40.75,42.4,40.65,42.07,963230
ARES,NYSE,2020/08/11 16:00:00,42.19,42.19,40.2,40.37,860369
ARES,NYSE,2020/08/12 16:00:00,40.89,41.25,39.89,40.03,558502
ARES,NYSE,2020/08/13 16:00:00,40.01,40.58,39.98,40.15,653739
ARES,NYSE,2020/08/14 16:00:00,40.09,40.37,39.84,40.01,460280
ARES,NYSE,2020/08/17 16:00:00,40.54,40.66,40.1,40.38,524598
ARES,NYSE,2020/08/18 16:00:00,40.29,40.55,39.72,39.77,293107
ARES,NYSE,2020/08/19 16:00:00,39.83,40.28,39.78,39.99,450396
ARES,NYSE,2020/08/20 16:00:00,39.58,40.06,38.85,39.84,464606
ARES,NYSE,2020/08/21 16:00:00,39.85,39.98,39.28,39.75,306412
ARES,NYSE,2020/08/24 16:00:00,40.34,40.34,38.99,39.42,428690
ARES,NYSE,2020/08/25 16:00:00,39.72,39.94,38.99,39.27,516129
ARES,NYSE,2020/08/26 16:00:00,39.28,40.23,38.89,40.14,611200
ARES,NYSE,2020/08/27 16:00:00,40.1,41.12,39.91,40.78,628073
ARES,NYSE,2020/08/28 16:00:00,40.76,40.82,40.06,40.31,328576
ARES,NYSE,2020/08/31 16:00:00,40.53,40.78,40.12,40.45,384772
ARES,NYSE,2020/09/01 16:00:00,40.55,40.58,40.22,40.47,382821
ARES,NYSE,2020/09/02 16:00:00,40.53,41,40.05,40.96,378423
ARES,NYSE,2020/09/03 16:00:00,40.8,40.8,38.85,39.41,873620
ARES,NYSE,2020/09/04 16:00:00,39.91,40.35,39.05,39.59,667959
ARES,NYSE,2020/09/08 16:00:00,38.97,39.23,38.25,38.48,711259
ARES,NYSE,2020/09/09 16:00:00,38.72,39.43,38.58,39.36,578716
ARES,NYSE,2020/09/10 16:00:00,39.33,40.3,39.19,39.39,922386
ARES,NYSE,2020/09/11 16:00:00,39.73,40.23,39.22,39.82,654083
ARES,NYSE,2020/09/14 16:00:00,40.28,40.95,40.16,40.47,904846
ARES,NYSE,2020/09/15 16:00:00,40.21,40.6,39.96,40.17,647940
ARES,NYSE,2020/09/16 16:00:00,40.23,41.11,40.18,40.48,998410
ARES,NYSE,2020/09/17 16:00:00,39.75,40.23,39.27,39.47,867514
ARES,NYSE,2020/09/18 16:00:00,39.7,40.06,39.38,39.83,1916975
ARES,NYSE,2020/09/21 16:00:00,39.32,39.45,38.5,38.93,759430
ARES,NYSE,2020/09/22 16:00:00,38.89,39.57,38.62,39.51,625511
ARES,NYSE,2020/09/23 16:00:00,39.63,40.33,39.31,39.32,799168
ARES,NYSE,2020/09/24 16:00:00,39.12,39.39,38.64,38.76,1108620
ARES,NYSE,2020/09/25 16:00:00,38.69,39.87,38.38,39.83,400883
ARES,NYSE,2020/09/28 16:00:00,40.33,40.85,40.08,40.51,767207
ARES,NYSE,2020/09/29 16:00:00,40.6,40.67,39.92,40.2,1424425
ARES,NYSE,2020/09/30 16:00:00,40.21,40.88,40.14,40.42,649267
ARES,NYSE,2020/10/01 16:00:00,40.87,40.94,39.99,40.53,723509
ARES,NYSE,2020/10/02 16:00:00,39.95,41.26,39.8,41,398583
ARES,NYSE,2020/10/05 16:00:00,41.36,42.35,41.22,42.25,435189
ARES,NYSE,2020/10/06 16:00:00,42.36,42.71,41.74,42.08,570904
ARES,NYSE,2020/10/07 16:00:00,42.6,42.6,41.85,42.06,487295
ARES,NYSE,2020/10/08 16:00:00,42.49,43.24,42.17,42.97,609874
ARES,NYSE,2020/10/09 16:00:00,43.3,43.49,42.92,43.15,501465
ARES,NYSE,2020/10/12 16:00:00,43.53,43.7,42.92,43.27,609053
ARES,NYSE,2020/10/13 16:00:00,43.22,44.47,42.93,44.1,682872
ARES,NYSE,2020/10/14 16:00:00,44.1,44.57,43.6,43.86,520535
ARES,NYSE,2020/10/15 16:00:00,43.5,44.44,43.25,44.17,455695
ARES,NYSE,2020/10/16 16:00:00,44.29,44.88,44.22,44.67,409992
ARES,NYSE,2020/10/19 16:00:00,44.92,45.44,44.34,44.4,928059
ARES,NYSE,2020/10/20 16:00:00,44.63,44.97,44.25,44.42,330074
ARES,NYSE,2020/10/21 16:00:00,44.77,45,43.73,43.83,324164
ARES,NYSE,2020/10/22 16:00:00,44,44.74,43.29,44.38,359137
ARES,NYSE,2020/10/23 16:00:00,44.56,45,44.25,44.83,306696
ARES,NYSE,2020/10/26 16:00:00,44.23,44.55,43.04,43.39,340077
ARES,NYSE,2020/10/27 16:00:00,43.73,43.97,42.91,42.95,430517
ARES,NYSE,2020/10/28 16:00:00,42.14,42.62,40.56,42.06,489932
ARES,NYSE,2020/10/29 16:00:00,42.25,42.5,41.29,42.15,478006
ARES,NYSE,2020/10/30 16:00:00,41.98,42.41,41.38,42.3,358972
ARES,NYSE,2020/11/02 16:00:00,42.72,43.19,41.96,42.1,557348
ARES,NYSE,2020/11/03 16:00:00,42.52,43.22,41.6,41.61,903659
ARES,NYSE,2020/11/04 16:00:00,41.9,43.54,41.9,43.4,734656
ARES,NYSE,2020/11/05 16:00:00,43.85,45.12,43.77,44.52,441235
ARES,NYSE,2020/11/06 16:00:00,44.81,45.02,43.81,44.69,467102
ARES,NYSE,2020/11/09 16:00:00,46.33,46.35,44.22,44.3,637752
ARES,NYSE,2020/11/10 16:00:00,44.23,44.97,43.18,44.57,532697
ARES,NYSE,2020/11/11 16:00:00,45.25,45.3,44.41,44.6,354764
ARES,NYSE,2020/11/12 16:00:00,44.29,44.68,43.57,43.76,366720
ARES,NYSE,2020/11/13 16:00:00,43.83,44.44,43.6,44.25,365709
ARES,NYSE,2020/11/16 16:00:00,44.77,44.94,44.17,44.58,306585
ARES,NYSE,2020/11/17 16:00:00,44.22,45.01,44.22,44.97,306832
ARES,NYSE,2020/11/18 16:00:00,45.36,45.36,44.72,44.78,628413
ARES,NYSE,2020/11/19 16:00:00,44.68,45.22,44.57,45.01,481918
ARES,NYSE,2020/11/20 16:00:00,44.8,45.13,44.57,44.96,322240
ARES,NYSE,2020/11/23 16:00:00,45.33,45.58,44.74,44.75,467121
ARES,NYSE,2020/11/24 16:00:00,45.3,45.3,44.31,44.66,653617
ARES,NYSE,2020/11/25 16:00:00,44.73,45.06,44.16,45.04,551026
ARES,NYSE,2020/11/27 13:00:00,45.23,45.62,44.87,45.19,224777
ARES,NYSE,2020/11/30 16:00:00,45.14,45.3,44.51,45.05,626394
ARES,NYSE,2020/12/01 16:00:00,45.4,45.89,44.93,45.87,779985
ARES,NYSE,2020/12/02 16:00:00,45.84,45.96,45,45.87,564718
ARES,NYSE,2020/12/03 16:00:00,45.95,46.77,45.94,46.48,657455
ARES,NYSE,2020/12/04 16:00:00,46.5,47.12,46.5,46.99,351970
ARES,NYSE,2020/12/07 16:00:00,47.09,47.62,46.86,47.51,414715
ARES,NYSE,2020/12/08 16:00:00,47.4,48.33,47.14,48.29,323491
ARES,NYSE,2020/12/09 16:00:00,48.43,48.83,47.92,48.37,478860
ARES,NYSE,2020/12/10 16:00:00,48.28,48.51,47.79,48.46,343926
ARES,NYSE,2020/12/11 16:00:00,48.35,48.9,48.19,48.61,361023
ARES,NYSE,2020/12/14 16:00:00,49.13,49.13,48.28,48.49,525183
ARES,NYSE,2020/12/15 16:00:00,48.62,49.27,48.54,49.24,642327
ARES,NYSE,2020/12/16 16:00:00,49.13,49.3,48.64,49.01,544444
ARES,NYSE,2020/12/17 16:00:00,49.13,49.57,48.87,49.16,570842
ARES,NYSE,2020/12/18 16:00:00,49.32,49.8,49.24,49.4,2682491
ARES,NYSE,2020/12/21 16:00:00,48.89,49.72,48.35,49.51,597210
ARES,NYSE,2020/12/22 16:00:00,49.44,49.69,49.14,49.22,496684
ARES,NYSE,2020/12/23 16:00:00,49.38,49.86,49.05,49.13,424560
ARES,NYSE,2020/12/24 13:00:00,49.09,49.26,48.79,49.06,222303
ARES,NYSE,2020/12/28 16:00:00,49.53,49.64,48.41,48.54,595650
ARES,NYSE,2020/12/29 16:00:00,48.71,48.9,47.67,47.74,543837
ARES,NYSE,2020/12/30 16:00:00,47.88,48.29,47.52,47.69,345965
ARES,NYSE,2020/12/31 16:00:00,47.5,47.66,46.91,47.05,1438399
ARES,NYSE,2021/01/04 16:00:00,47.3,47.39,46.22,46.68,576793
ARES,NYSE,2021/01/05 16:00:00,46.62,47.13,46.06,46.15,879530
ARES,NYSE,2021/01/06 16:00:00,46.5,47.28,45.77,46.62,728820
ARES,NYSE,2021/01/07 16:00:00,47.27,47.9,46.91,47.4,557940
ARES,NYSE,2021/01/08 16:00:00,47.9,48.25,47.29,47.51,549073
ARES,NYSE,2021/01/11 16:00:00,47.29,47.57,46.7,46.74,571151
ARES,NYSE,2021/01/12 16:00:00,46.76,46.99,46.19,46.53,460983
ARES,NYSE,2021/01/13 16:00:00,46.73,46.73,46,46.26,372074
ARES,NYSE,2021/01/14 16:00:00,46.49,46.88,45.74,45.78,524404
ARES,NYSE,2021/01/15 16:00:00,45.45,45.68,44.62,45.14,683425
ARES,NYSE,2021/01/19 16:00:00,45.34,45.9,45.11,45.67,884283
ARES,NYSE,2021/01/20 16:00:00,45.89,46.58,45.68,46.42,701338
ARES,NYSE,2021/01/21 16:00:00,46.58,46.8,45.52,45.76,459978
ARES,NYSE,2021/01/22 16:00:00,45.5,45.84,45.24,45.28,372717
ARES,NYSE,2021/01/25 16:00:00,45.28,45.69,44.85,45.18,299787
ARES,NYSE,2021/01/26 16:00:00,45.34,46.31,45.14,45.96,395255
ARES,NYSE,2021/01/27 16:00:00,45.35,46.39,44.43,44.54,560955
ARES,NYSE,2021/01/28 16:00:00,44.8,46.37,44.62,46.14,411268
ARES,NYSE,2021/01/29 16:00:00,45.91,46.1,44.8,45.16,378025
ARES,NYSE,2021/02/01 16:00:00,45.62,46.82,45.18,46.42,377153
ARES,NYSE,2021/02/02 16:00:00,46.9,48.99,46.9,48.67,462764
ARES,NYSE,2021/02/03 16:00:00,48.5,49.07,47.59,47.75,758357
ARES,NYSE,2021/02/04 16:00:00,47.75,49.35,47.52,48.75,543068
ARES,NYSE,2021/02/05 16:00:00,48.86,49.15,48.58,48.67,532932
ARES,NYSE,2021/02/08 16:00:00,49,49.4,48.85,49.11,559869
ARES,NYSE,2021/02/09 16:00:00,48.96,50,48.69,49.36,997393
ARES,NYSE,2021/02/10 16:00:00,49.77,51.08,49.47,50.63,1038367
ARES,NYSE,2021/02/11 16:00:00,49.01,53.14,47.25,50.59,1131630
ARES,NYSE,2021/02/12 16:00:00,51.17,51.98,50.56,51.44,699207
ARES,NYSE,2021/02/16 16:00:00,51.88,52.76,51.6,52.71,667756
ARES,NYSE,2021/02/17 16:00:00,52.71,53.35,52.02,53.1,779138
ARES,NYSE,2021/02/18 16:00:00,52.72,53.03,51.84,52.02,548150
ARES,NYSE,2021/02/19 16:00:00,52.07,52.54,51.25,51.49,687829
ARES,NYSE,2021/02/22 16:00:00,51.03,51.14,50.26,50.3,484049
ARES,NYSE,2021/02/23 16:00:00,50.08,50.98,49.1,50.71,1001416
ARES,NYSE,2021/02/24 16:00:00,50.2,52.46,50.06,52.19,444416
ARES,NYSE,2021/02/25 16:00:00,52.15,52.32,51,51.64,630234
ARES,NYSE,2021/02/26 16:00:00,52,52.7,51.75,51.98,723588
ARES,NYSE,2021/03/01 16:00:00,52.9,53.55,52.42,52.49,717831
ARES,NYSE,2021/03/02 16:00:00,52.43,53.05,51.86,52,809369
ARES,NYSE,2021/03/03 16:00:00,51.98,52.37,51.18,51.37,734825
ARES,NYSE,2021/03/04 16:00:00,51.32,51.53,49.42,50.42,655967
ARES,NYSE,2021/03/05 16:00:00,50.86,51.21,47.77,51.16,937557
ARES,NYSE,2021/03/08 16:00:00,51.5,53.08,51.28,52.49,806549
ARES,NYSE,2021/03/09 16:00:00,52.69,54.58,52.4,53.77,593574
ARES,NYSE,2021/03/10 16:00:00,53.92,54.59,53.4,53.68,511713
ARES,NYSE,2021/03/11 16:00:00,53.94,55.23,53.72,54.8,688559
ARES,NYSE,2021/03/12 16:00:00,54.7,55.54,54.49,55.24,443431
ARES,NYSE,2021/03/15 16:00:00,55.16,55.65,54.36,55.39,547371
ARES,NYSE,2021/03/16 16:00:00,54.94,55.26,54.23,54.68,499451
ARES,NYSE,2021/03/17 16:00:00,54.71,55.57,54.35,55.38,950372
ARES,NYSE,2021/03/18 16:00:00,55.05,55.96,54.37,54.6,1088657
ARES,NYSE,2021/03/19 16:00:00,54.61,55.64,53.98,54.2,1364644
ARES,NYSE,2021/03/22 16:00:00,54.15,55.45,53.79,54.99,1264667
ARES,NYSE,2021/03/23 16:00:00,54.95,55.44,54.09,54.41,1063406
ARES,NYSE,2021/03/24 16:00:00,54.58,55.37,54.46,54.74,765744
ARES,NYSE,2021/03/25 16:00:00,54.59,54.67,53.68,53.97,661028
ARES,NYSE,2021/03/26 16:00:00,53.98,54.28,52.84,53.9,594887
ARES,NYSE,2021/03/29 16:00:00,52.99,53.17,52.47,52.88,708022
ARES,NYSE,2021/03/30 16:00:00,52.74,53.27,52.65,53.13,357822
ARES,NYSE,2021/03/31 16:00:00,54.05,57.34,54.03,56.03,1433257
ARES,NYSE,2021/04/01 16:00:00,56.32,57.7,56.18,57.68,596252
ARES,NYSE,2021/04/05 16:00:00,58.5,59.17,58.27,59.13,590805
ARES,NYSE,2021/04/06 16:00:00,54.09,55.33,53.75,54.84,6072556
ARES,NYSE,2021/04/07 16:00:00,55,56.31,54.82,55.65,2640384
ARES,NYSE,2021/04/08 16:00:00,56.3,56.3,54.69,55.34,1737946
ARES,NYSE,2021/04/09 16:00:00,55.58,55.95,54.29,55.13,779364
GWRE,NYSE,2019/04/01 16:00:00,98,99.12,97.04,98.74,993648
GWRE,NYSE,2019/04/02 16:00:00,98.58,99.67,98.14,99.3,572729
GWRE,NYSE,2019/04/03 16:00:00,99.46,100.8,99.25,99.99,1074316
GWRE,NYSE,2019/04/04 16:00:00,99.99,100.34,97.93,99.45,1662605
GWRE,NYSE,2019/04/05 16:00:00,99.85,100.25,99.09,99.99,673100
GWRE,NYSE,2019/04/08 16:00:00,99.5,100.42,99,100.12,486090
GWRE,NYSE,2019/04/09 16:00:00,99.37,101.09,99.37,100.76,421473
GWRE,NYSE,2019/04/10 16:00:00,100.76,102.56,100.76,102.02,516544
GWRE,NYSE,2019/04/11 16:00:00,102.55,103.08,101.81,102.26,466668
GWRE,NYSE,2019/04/12 16:00:00,102.69,103.56,101.98,103.09,404576
GWRE,NYSE,2019/04/15 16:00:00,103,103.78,102.55,103.61,567763
GWRE,NYSE,2019/04/16 16:00:00,104,104.77,102.72,103.25,538022
GWRE,NYSE,2019/04/17 16:00:00,103.92,103.94,101.98,102.05,613832
GWRE,NYSE,2019/04/18 16:00:00,101.74,102.32,100.72,102.2,313310
GWRE,NYSE,2019/04/22 16:00:00,101.94,104.07,100.74,104.05,479591
GWRE,NYSE,2019/04/23 16:00:00,104,105,103.8,103.96,739592
GWRE,NYSE,2019/04/24 16:00:00,104.46,105.67,104.46,104.75,341340
GWRE,NYSE,2019/04/25 16:00:00,104.96,106.68,104.96,105.63,388982
GWRE,NYSE,2019/04/26 16:00:00,105.8,106.87,105.42,106.34,391594
GWRE,NYSE,2019/04/29 16:00:00,106.68,107.3,105.9,106.98,879147
GWRE,NYSE,2019/04/30 16:00:00,107.07,108.05,106.17,106.5,520746
GWRE,NYSE,2019/05/01 16:00:00,106.91,106.91,104.88,104.89,328493
GWRE,NYSE,2019/05/02 16:00:00,104.57,105.75,103.41,104.17,481703
GWRE,NYSE,2019/05/03 16:00:00,104.99,105.22,103.75,104.5,336244
GWRE,NYSE,2019/05/06 16:00:00,101.96,105.1,100.78,104.64,291237
GWRE,NYSE,2019/05/07 16:00:00,103.24,104.12,101.21,102.41,317086
GWRE,NYSE,2019/05/08 16:00:00,102.3,103.37,101.68,102.89,239924
GWRE,NYSE,2019/05/09 16:00:00,101.75,103.93,101.04,103.29,272032
GWRE,NYSE,2019/05/10 16:00:00,102.62,104.65,101.19,104.22,369980
GWRE,NYSE,2019/05/13 16:00:00,101.62,102.72,100.9,101.65,358381
GWRE,NYSE,2019/05/14 16:00:00,102.18,103.78,101.65,103.36,497223
GWRE,NYSE,2019/05/15 16:00:00,102.75,105.78,102.75,104.53,527308
GWRE,NYSE,2019/05/16 16:00:00,105.99,109.06,105.99,108.38,752160
GWRE,NYSE,2019/05/17 16:00:00,107.02,108.04,105.65,106.21,626868
GWRE,NYSE,2019/05/20 16:00:00,105.07,106.04,103.99,104.96,466053
GWRE,NYSE,2019/05/21 16:00:00,106.28,106.86,105.13,105.85,512975
GWRE,NYSE,2019/05/22 16:00:00,105.43,108.12,105.43,107.66,396424
GWRE,NYSE,2019/05/23 16:00:00,106.52,107,104.12,105.2,432693
GWRE,NYSE,2019/05/24 16:00:00,105.19,107.78,105.07,105.74,310064
GWRE,NYSE,2019/05/28 16:00:00,105.9,107.6,105.09,105.92,415041
GWRE,NYSE,2019/05/29 16:00:00,104.81,105.73,102.61,102.76,636906
GWRE,NYSE,2019/05/30 16:00:00,103.01,103.92,101.94,102.98,887873
GWRE,NYSE,2019/05/31 16:00:00,101.37,101.98,100.28,100.52,940680
GWRE,NYSE,2019/06/03 16:00:00,100.45,100.71,95.38,96.87,1308633
GWRE,NYSE,2019/06/04 16:00:00,97.57,98.19,95.98,98.1,1571702
GWRE,NYSE,2019/06/05 16:00:00,94.5,95.32,90.2,95.15,3850486
GWRE,NYSE,2019/06/06 16:00:00,95.15,96.86,94.22,96.23,1072321
GWRE,NYSE,2019/06/07 16:00:00,96.6,97.57,95.81,97.02,900570
GWRE,NYSE,2019/06/10 16:00:00,98.64,99.95,97.61,98.24,992512
GWRE,NYSE,2019/06/11 16:00:00,98.75,99.27,96.15,97.01,976817
GWRE,NYSE,2019/06/12 16:00:00,97.1,97.85,96.02,97.71,369535
GWRE,NYSE,2019/06/13 16:00:00,98.1,98.28,97.15,97.83,398245
GWRE,NYSE,2019/06/14 16:00:00,97.74,97.96,96.79,97.81,335935
GWRE,NYSE,2019/06/17 16:00:00,98.15,99.15,97.93,98.85,555414
GWRE,NYSE,2019/06/18 16:00:00,99.84,100.95,98.41,99.25,541767
GWRE,NYSE,2019/06/19 16:00:00,99.52,100.73,98.9,100.62,634497
GWRE,NYSE,2019/06/20 16:00:00,101.33,101.64,98.82,100.25,577266
GWRE,NYSE,2019/06/21 16:00:00,100.13,100.8,98.98,100.75,550015
GWRE,NYSE,2019/06/24 16:00:00,100.66,100.96,99.62,100.6,563747
GWRE,NYSE,2019/06/25 16:00:00,100.63,100.99,98.39,98.75,923975
GWRE,NYSE,2019/06/26 16:00:00,99.35,99.72,97.91,99.16,1715465
GWRE,NYSE,2019/06/27 16:00:00,99.55,101.05,99.16,100.2,440561
GWRE,NYSE,2019/06/28 16:00:00,100.18,101.55,99.55,101.38,719489
GWRE,NYSE,2019/07/01 16:00:00,102.1,102.89,100.64,101.18,443329
GWRE,NYSE,2019/07/02 16:00:00,101.18,102.04,100.57,101.89,384172
GWRE,NYSE,2019/07/03 13:00:00,101.9,103.46,101.79,102.55,359137
GWRE,NYSE,2019/07/05 16:00:00,101.95,102.23,100.59,102.21,223524
GWRE,NYSE,2019/07/08 16:00:00,101.75,102.07,100.73,101.69,307727
GWRE,NYSE,2019/07/09 16:00:00,101.15,102.39,100.94,102.38,486661
GWRE,NYSE,2019/07/10 16:00:00,102.8,103.69,102.61,102.71,394810
GWRE,NYSE,2019/07/11 16:00:00,102.86,103.45,101.22,101.36,1032758
GWRE,NYSE,2019/07/12 16:00:00,101.6,102.32,101.21,101.81,486042
GWRE,NYSE,2019/07/15 16:00:00,102,102,100.8,101.53,249972
GWRE,NYSE,2019/07/16 16:00:00,101.34,101.99,100.06,100.72,467126
GWRE,NYSE,2019/07/17 16:00:00,100.89,102.14,100.89,101.65,539772
GWRE,NYSE,2019/07/18 16:00:00,101.31,102.51,101.31,102.2,377998
GWRE,NYSE,2019/07/19 16:00:00,102.74,103.47,101.66,101.66,589776
GWRE,NYSE,2019/07/22 16:00:00,101.77,102.76,101.77,102.05,467538
GWRE,NYSE,2019/07/23 16:00:00,102.3,102.94,100.31,100.72,293154
GWRE,NYSE,2019/07/24 16:00:00,100.42,101.5,99.81,101.31,565544
GWRE,NYSE,2019/07/25 16:00:00,101.9,102.55,101.39,102.32,492273
GWRE,NYSE,2019/07/26 16:00:00,102.85,104.14,102.15,103.63,402605
GWRE,NYSE,2019/07/29 16:00:00,103.91,104.46,101.55,103.61,409015
GWRE,NYSE,2019/07/30 16:00:00,103.28,104.32,102.8,103.34,372472
GWRE,NYSE,2019/07/31 16:00:00,103.95,104.43,101.77,102.08,525973
GWRE,NYSE,2019/08/01 16:00:00,102.34,104.41,102.34,103.46,621213
GWRE,NYSE,2019/08/02 16:00:00,103.24,103.24,100.12,101.59,543734
GWRE,NYSE,2019/08/05 16:00:00,99.16,99.16,95.94,96.78,620946
GWRE,NYSE,2019/08/06 16:00:00,97.01,97.38,92.53,93.26,2010498
GWRE,NYSE,2019/08/07 16:00:00,92.6,95.86,91.57,95.69,696755
GWRE,NYSE,2019/08/08 16:00:00,96.69,98.71,96.32,98.47,499357
GWRE,NYSE,2019/08/09 16:00:00,98.53,99.47,96.7,96.76,391574
GWRE,NYSE,2019/08/12 16:00:00,96.21,96.81,94.97,96.21,785571
GWRE,NYSE,2019/08/13 16:00:00,95.78,97.4,95.44,95.99,584769
GWRE,NYSE,2019/08/14 16:00:00,94.33,95,92.28,93.95,583357
GWRE,NYSE,2019/08/15 16:00:00,94.65,94.68,92.67,93.3,463885
GWRE,NYSE,2019/08/16 16:00:00,93.99,95.5,93.75,94.75,317925
GWRE,NYSE,2019/08/19 16:00:00,95.83,96.41,94.1,94.71,575421
GWRE,NYSE,2019/08/20 16:00:00,94.5,94.5,92.95,93.37,955049
GWRE,NYSE,2019/08/21 16:00:00,93.78,95.7,92.4,95.07,654931
GWRE,NYSE,2019/08/22 16:00:00,95.25,95.3,93.36,94.88,502401
GWRE,NYSE,2019/08/23 16:00:00,94.94,96.17,93.34,93.65,539864
GWRE,NYSE,2019/08/26 16:00:00,94.24,94.54,92.91,94.44,512480
GWRE,NYSE,2019/08/27 16:00:00,95.09,96.12,94.11,94.86,368620
GWRE,NYSE,2019/08/28 16:00:00,94.22,94.26,92.74,94.18,599742
GWRE,NYSE,2019/08/29 16:00:00,95.23,96.4,95.03,96.1,421608
GWRE,NYSE,2019/08/30 16:00:00,96.66,96.98,95.29,96.18,447966
GWRE,NYSE,2019/09/03 16:00:00,95.47,96.02,93.46,93.55,461102
GWRE,NYSE,2019/09/04 16:00:00,94.33,94.92,93.39,94.2,605833
GWRE,NYSE,2019/09/05 16:00:00,95.03,96.19,94.4,95.41,999180
GWRE,NYSE,2019/09/06 16:00:00,94.8,113.34,94.8,109.41,4967568
GWRE,NYSE,2019/09/09 16:00:00,109.43,109.5,102.97,104.14,1800876
GWRE,NYSE,2019/09/10 16:00:00,103.81,107.28,101.44,106.47,1139575
GWRE,NYSE,2019/09/11 16:00:00,106.47,109.88,105.96,109.09,841592
GWRE,NYSE,2019/09/12 16:00:00,109.62,110.5,106.8,107.49,653063
GWRE,NYSE,2019/09/13 16:00:00,107.07,108.16,105.67,105.9,593877
GWRE,NYSE,2019/09/16 16:00:00,105,107.82,104.49,106.62,383033
GWRE,NYSE,2019/09/17 16:00:00,107.35,107.9,105.31,107.82,985415
GWRE,NYSE,2019/09/18 16:00:00,106.92,108.73,106.24,108.55,591603
GWRE,NYSE,2019/09/19 16:00:00,108.25,109.04,107.52,108,419933
GWRE,NYSE,2019/09/20 16:00:00,108.42,110.21,108.35,109.24,892838
GWRE,NYSE,2019/09/23 16:00:00,108.74,109.55,108.24,108.81,415852
GWRE,NYSE,2019/09/24 16:00:00,109,109.5,106.17,106.62,469788
GWRE,NYSE,2019/09/25 16:00:00,106.46,107.98,104.67,107.37,656492
GWRE,NYSE,2019/09/26 16:00:00,106.8,107.44,103.56,104.55,784748
GWRE,NYSE,2019/09/27 16:00:00,105.46,105.95,100.29,101.86,1409661
GWRE,NYSE,2019/09/30 16:00:00,101.98,105.46,101.58,105.38,871514
GWRE,NYSE,2019/10/01 16:00:00,105.56,107.49,104.89,105.26,709915
GWRE,NYSE,2019/10/02 16:00:00,104.21,104.56,103.02,104.04,558079
GWRE,NYSE,2019/10/03 16:00:00,103.41,104.59,101.64,103.99,866838
GWRE,NYSE,2019/10/04 16:00:00,104.83,106.22,104,106.08,500061
GWRE,NYSE,2019/10/07 16:00:00,105.64,107.47,105.48,106.9,461321
GWRE,NYSE,2019/10/08 16:00:00,106.29,106.85,103.94,103.97,701360
GWRE,NYSE,2019/10/09 16:00:00,104.81,105.64,104.14,104.88,490965
GWRE,NYSE,2019/10/10 16:00:00,104.83,105.99,104.5,105.59,326521
GWRE,NYSE,2019/10/11 16:00:00,106.6,108.9,106.34,108,741186
GWRE,NYSE,2019/10/14 16:00:00,107.86,110.14,107.65,109.07,1269098
GWRE,NYSE,2019/10/15 16:00:00,109.21,111.18,108.73,110.3,619847
GWRE,NYSE,2019/10/16 16:00:00,109.2,109.57,106.78,109.48,1069397
GWRE,NYSE,2019/10/17 16:00:00,109.98,111.53,109.32,111.16,794575
GWRE,NYSE,2019/10/18 16:00:00,111,111.06,107.47,109.25,745330
GWRE,NYSE,2019/10/21 16:00:00,109.56,111.08,109,110.2,693209
GWRE,NYSE,2019/10/22 16:00:00,110.76,111.04,108.92,109.21,502586
GWRE,NYSE,2019/10/23 16:00:00,108.48,109.75,107.53,108.89,535449
GWRE,NYSE,2019/10/24 16:00:00,110.02,111.14,109.72,111,385538
GWRE,NYSE,2019/10/25 16:00:00,110.83,111.97,109.54,111.32,523903
GWRE,NYSE,2019/10/28 16:00:00,111.71,113.42,110.8,112.9,451485
GWRE,NYSE,2019/10/29 16:00:00,112.87,113.22,111.76,112.36,347404
GWRE,NYSE,2019/10/30 16:00:00,112.61,113.32,111.3,112.95,544112
GWRE,NYSE,2019/10/31 16:00:00,112.95,113.84,111.42,112.74,362501
GWRE,NYSE,2019/11/01 16:00:00,113,114.34,112.58,114.14,1037868
GWRE,NYSE,2019/11/04 16:00:00,114.76,115.32,113.17,114.75,772464
GWRE,NYSE,2019/11/05 16:00:00,115.24,116.1,113.38,113.59,823984
GWRE,NYSE,2019/11/06 16:00:00,113.17,113.37,111.88,113.11,594681
GWRE,NYSE,2019/11/07 16:00:00,113.5,115,113.12,114.29,941458
GWRE,NYSE,2019/11/08 16:00:00,114.4,118.75,114.4,118.44,1225864
GWRE,NYSE,2019/11/11 16:00:00,117.28,119.33,117.28,117.74,592776
GWRE,NYSE,2019/11/12 16:00:00,118.08,119.34,117.22,117.87,959198
GWRE,NYSE,2019/11/13 16:00:00,117.52,117.52,114.94,116.28,1034288
GWRE,NYSE,2019/11/14 16:00:00,116.11,118.23,115.69,117.34,594401
GWRE,NYSE,2019/11/15 16:00:00,117.74,119.51,116.88,119.3,390310
GWRE,NYSE,2019/11/18 16:00:00,119,119.62,118.41,118.55,976247
GWRE,NYSE,2019/11/19 16:00:00,119,119.39,118.22,118.75,1172474
GWRE,NYSE,2019/11/20 16:00:00,118.58,120.18,118.04,119.11,953695
GWRE,NYSE,2019/11/21 16:00:00,119.04,120.32,117.65,118.58,662804
GWRE,NYSE,2019/11/22 16:00:00,119.3,119.55,117.89,119.42,577839
GWRE,NYSE,2019/11/25 16:00:00,119.99,121.89,119.77,121.01,722494
GWRE,NYSE,2019/11/26 16:00:00,121.29,122.58,121.01,122.51,3894807
GWRE,NYSE,2019/11/27 16:00:00,122.56,123.6,121.18,121.25,804638
GWRE,NYSE,2019/11/29 13:00:00,121.02,122.37,120.31,121.83,228805
GWRE,NYSE,2019/12/02 16:00:00,121.74,121.87,118.56,119.21,1182752
GWRE,NYSE,2019/12/03 16:00:00,117.42,120.42,116.31,120.02,1162335
GWRE,NYSE,2019/12/04 16:00:00,119.91,120.41,118.29,118.62,851317
GWRE,NYSE,2019/12/05 16:00:00,118.98,120.49,118.8,119.33,1657270
GWRE,NYSE,2019/12/06 16:00:00,117.21,118.52,109.14,110.77,3534112
GWRE,NYSE,2019/12/09 16:00:00,111,111.49,108.18,108.19,1670442
GWRE,NYSE,2019/12/10 16:00:00,108.39,108.74,106.16,106.54,1058390
GWRE,NYSE,2019/12/11 16:00:00,106.42,107.72,104.61,107.34,794083
GWRE,NYSE,2019/12/12 16:00:00,107.34,107.41,104.97,105.43,1216262
GWRE,NYSE,2019/12/13 16:00:00,105.5,105.88,104.25,104.73,909778
GWRE,NYSE,2019/12/16 16:00:00,105.06,106.65,105.06,105.54,1003610
GWRE,NYSE,2019/12/17 16:00:00,105.43,105.45,104.43,104.98,1247438
GWRE,NYSE,2019/12/18 16:00:00,103.51,106.18,103.51,105.25,1056327
GWRE,NYSE,2019/12/19 16:00:00,105.06,106.8,104.75,106.77,988332
GWRE,NYSE,2019/12/20 16:00:00,106.75,107.9,105.92,107.85,1320654
GWRE,NYSE,2019/12/23 16:00:00,107.83,107.99,106.06,107.21,464752
GWRE,NYSE,2019/12/24 13:00:00,107.19,107.54,106.51,107.51,247492
GWRE,NYSE,2019/12/26 16:00:00,107.5,108.12,107.25,108.03,637445
GWRE,NYSE,2019/12/27 16:00:00,108.76,109.51,107.67,109,674731
GWRE,NYSE,2019/12/30 16:00:00,108.8,109.48,107.75,109.46,1142669
GWRE,NYSE,2019/12/31 16:00:00,109.07,110.24,108.66,109.77,738841
GWRE,NYSE,2020/01/02 16:00:00,110.25,111.32,109.52,110.08,809604
GWRE,NYSE,2020/01/03 16:00:00,109.44,110.91,109.3,110.29,434432
GWRE,NYSE,2020/01/06 16:00:00,109.69,111.28,109.39,110.45,1191306
GWRE,NYSE,2020/01/07 16:00:00,110.53,111.85,109.85,111.34,556004
GWRE,NYSE,2020/01/08 16:00:00,111.53,112.62,110.54,110.74,675380
GWRE,NYSE,2020/01/09 16:00:00,111.39,112.42,110.16,111.09,910497
GWRE,NYSE,2020/01/10 16:00:00,110.97,112.68,108.78,112.5,1229801
GWRE,NYSE,2020/01/13 16:00:00,112.72,113.83,112.11,113.37,697930
GWRE,NYSE,2020/01/14 16:00:00,113.59,113.87,112.21,112.41,1149839
GWRE,NYSE,2020/01/15 16:00:00,112.55,113.83,112.4,113,630553
GWRE,NYSE,2020/01/16 16:00:00,113.47,114.13,112.75,113.62,509495
GWRE,NYSE,2020/01/17 16:00:00,113.72,113.76,112.82,113.02,437426
GWRE,NYSE,2020/01/21 16:00:00,112.67,113.4,112.39,112.89,636792
GWRE,NYSE,2020/01/22 16:00:00,113.32,113.9,112.06,112.37,621583
GWRE,NYSE,2020/01/23 16:00:00,112.52,112.94,111.83,112,400652
GWRE,NYSE,2020/01/24 16:00:00,112.91,113.36,111.38,111.81,526065
GWRE,NYSE,2020/01/27 16:00:00,110.14,112.12,109.68,111.53,528836
GWRE,NYSE,2020/01/28 16:00:00,110.95,111.77,110.21,111,428608
GWRE,NYSE,2020/01/29 16:00:00,111.3,112.7,111.01,111.12,523884
GWRE,NYSE,2020/01/30 16:00:00,111.07,113.23,110.63,113.21,437928
GWRE,NYSE,2020/01/31 16:00:00,112.89,113.41,111.5,112.5,515337
GWRE,NYSE,2020/02/03 16:00:00,112.99,114.49,112.82,114.06,334910
GWRE,NYSE,2020/02/04 16:00:00,114.99,118.16,114.99,117.63,405850
GWRE,NYSE,2020/02/05 16:00:00,118.75,119.26,116.45,116.84,436166
GWRE,NYSE,2020/02/06 16:00:00,117.34,118.18,116.51,117.37,363050
GWRE,NYSE,2020/02/07 16:00:00,117.23,119.09,116.65,117.99,332504
GWRE,NYSE,2020/02/10 16:00:00,118.01,120.92,117.64,120.62,304590
GWRE,NYSE,2020/02/11 16:00:00,121,121.4,120.34,121,411315
GWRE,NYSE,2020/02/12 16:00:00,121.15,121.41,119.4,120.95,338679
GWRE,NYSE,2020/02/13 16:00:00,120.45,122,120.31,121.26,390090
GWRE,NYSE,2020/02/14 16:00:00,121.28,122.53,120.7,122.42,349315
GWRE,NYSE,2020/02/18 16:00:00,122.22,122.58,121.36,122.22,340041
GWRE,NYSE,2020/02/19 16:00:00,123.51,124.16,122.24,122.6,350060
GWRE,NYSE,2020/02/20 16:00:00,122.45,123.84,120.53,122.07,375261
GWRE,NYSE,2020/02/21 16:00:00,121.97,121.97,118.85,119.5,610625
GWRE,NYSE,2020/02/24 16:00:00,116.82,117.84,114.33,115.03,629102
GWRE,NYSE,2020/02/25 16:00:00,115.92,116.17,110.01,110.87,661088
GWRE,NYSE,2020/02/26 16:00:00,111.46,112.92,110.8,111.33,676136
GWRE,NYSE,2020/02/27 16:00:00,108.98,112.53,108.13,108.53,991585
GWRE,NYSE,2020/02/28 16:00:00,105.91,109.83,105.8,109.61,1155297
GWRE,NYSE,2020/03/02 16:00:00,110.3,112.03,107.9,111.94,983129
GWRE,NYSE,2020/03/03 16:00:00,112.28,113.21,103.79,106,1310622
GWRE,NYSE,2020/03/04 16:00:00,107.49,112.59,107.43,112.48,1374240
GWRE,NYSE,2020/03/05 16:00:00,94.78,98.68,91.06,93.56,4913830
GWRE,NYSE,2020/03/06 16:00:00,91.02,91.62,89.24,91.25,1865166
GWRE,NYSE,2020/03/09 16:00:00,85.14,86.39,83.05,83.36,1674905
GWRE,NYSE,2020/03/10 16:00:00,85.78,85.78,81.3,83.72,2106737
GWRE,NYSE,2020/03/11 16:00:00,81.78,84.24,79.44,80.87,1747706
GWRE,NYSE,2020/03/12 16:00:00,76.03,81.91,73.83,77.49,1580022
GWRE,NYSE,2020/03/13 16:00:00,81.55,81.81,73.95,80.83,1537608
GWRE,NYSE,2020/03/16 16:00:00,73,82.16,72.4,77.76,1605766
GWRE,NYSE,2020/03/17 16:00:00,79.05,86.29,75.58,86.09,1756216
GWRE,NYSE,2020/03/18 16:00:00,80.45,83.63,76.91,80.32,1370969
GWRE,NYSE,2020/03/19 16:00:00,79.99,87.06,78.9,84.94,1697424
GWRE,NYSE,2020/03/20 16:00:00,85,85.86,80.36,81.77,1410188
GWRE,NYSE,2020/03/23 16:00:00,81.25,81.5,74.14,76.06,1483765
GWRE,NYSE,2020/03/24 16:00:00,78.06,80.67,77.2,77.86,1264059
GWRE,NYSE,2020/03/25 16:00:00,78.88,84.19,75.8,80.31,1546785
GWRE,NYSE,2020/03/26 16:00:00,80.87,84.78,80.03,83.96,977270
GWRE,NYSE,2020/03/27 16:00:00,81.88,83.58,79.85,80.84,596657
GWRE,NYSE,2020/03/30 16:00:00,81.61,84.07,81.43,83.08,968301
GWRE,NYSE,2020/03/31 16:00:00,82.49,83.01,78.5,79.31,1232676
GWRE,NYSE,2020/04/01 16:00:00,77.37,79.35,75,75.58,905048
GWRE,NYSE,2020/04/02 16:00:00,74.3,77.09,72.47,73.98,791958
GWRE,NYSE,2020/04/03 16:00:00,73.18,74.43,71.64,74,1113217
GWRE,NYSE,2020/04/06 16:00:00,76.41,80.85,76,80.47,682884
GWRE,NYSE,2020/04/07 16:00:00,82.37,82.37,79.69,80.09,446994
GWRE,NYSE,2020/04/08 16:00:00,80.89,83.99,79.98,83.38,450592
GWRE,NYSE,2020/04/09 16:00:00,84.32,84.71,81.78,83.41,1103400
GWRE,NYSE,2020/04/13 16:00:00,82.04,85.4,81.97,84.64,590791
GWRE,NYSE,2020/04/14 16:00:00,86.4,87.9,85.51,86.51,859671
GWRE,NYSE,2020/04/15 16:00:00,85.37,85.93,84.38,84.94,460992
GWRE,NYSE,2020/04/16 16:00:00,86.5,87.71,85.18,87.3,647688
GWRE,NYSE,2020/04/17 16:00:00,86.34,88.87,85.08,88.77,507631
GWRE,NYSE,2020/04/20 16:00:00,88.42,90.43,87.25,89.75,412047
GWRE,NYSE,2020/04/21 16:00:00,88.15,88.75,83.66,85.26,605363
GWRE,NYSE,2020/04/22 16:00:00,86.7,89,85.52,88.34,349767
GWRE,NYSE,2020/04/23 16:00:00,87.9,89.51,86.39,86.87,410547
GWRE,NYSE,2020/04/24 16:00:00,87.53,88.08,86.27,87.17,262052
GWRE,NYSE,2020/04/27 16:00:00,88.28,90.76,88.04,90.04,475533
GWRE,NYSE,2020/04/28 16:00:00,90.83,91.12,87.23,87.97,428124
GWRE,NYSE,2020/04/29 16:00:00,89.06,92.17,88.34,90.72,497185
GWRE,NYSE,2020/04/30 16:00:00,91,91.9,89.03,90.84,868015
GWRE,NYSE,2020/05/01 16:00:00,89.15,89.43,85.59,86.61,526234
GWRE,NYSE,2020/05/04 16:00:00,86.03,89.04,86.03,88.77,322377
GWRE,NYSE,2020/05/05 16:00:00,89.78,92.05,89.66,91.68,376988
GWRE,NYSE,2020/05/06 16:00:00,92.79,93.88,91.45,92.98,466556
GWRE,NYSE,2020/05/07 16:00:00,94.25,96.22,93.68,95.7,440287
GWRE,NYSE,2020/05/08 16:00:00,97,97.65,96.23,97.24,370812
GWRE,NYSE,2020/05/11 16:00:00,96.67,98.93,95.59,96.99,660997
GWRE,NYSE,2020/05/12 16:00:00,97.07,97.12,93.42,93.61,469980
GWRE,NYSE,2020/05/13 16:00:00,93.2,93.6,90.09,91.03,413915
GWRE,NYSE,2020/05/14 16:00:00,89.99,92.24,88.69,92.17,369994
GWRE,NYSE,2020/05/15 16:00:00,91.71,93.95,91.5,93.42,272548
GWRE,NYSE,2020/05/18 16:00:00,95.04,96.41,94.46,94.87,463654
GWRE,NYSE,2020/05/19 16:00:00,95.54,97.61,95.47,96.19,483599
GWRE,NYSE,2020/05/20 16:00:00,97.12,98.7,95.59,98.52,591096
GWRE,NYSE,2020/05/21 16:00:00,98.99,99.52,97.53,98.87,464310
GWRE,NYSE,2020/05/22 16:00:00,99.04,100.93,98.33,100.88,399838
GWRE,NYSE,2020/05/26 16:00:00,102.34,102.34,99.37,99.54,646356
GWRE,NYSE,2020/05/27 16:00:00,100.06,100.75,97.89,99.14,961197
GWRE,NYSE,2020/05/28 16:00:00,99.45,102.62,98.5,100.9,538671
GWRE,NYSE,2020/05/29 16:00:00,101.75,102.81,100.66,102.58,1104471
GWRE,NYSE,2020/06/01 16:00:00,102.71,107.56,102.4,106.43,886964
GWRE,NYSE,2020/06/02 16:00:00,106.6,106.87,103.54,106.78,955627
GWRE,NYSE,2020/06/03 16:00:00,107.86,110.75,107.44,110.17,1198734
GWRE,NYSE,2020/06/04 16:00:00,113.99,114.57,104.73,105.54,1582850
GWRE,NYSE,2020/06/05 16:00:00,105.58,108.51,104.82,107.07,683852
GWRE,NYSE,2020/06/08 16:00:00,106.39,109.18,104.75,109.04,774810
GWRE,NYSE,2020/06/09 16:00:00,108.56,108.96,106.81,107.44,396476
GWRE,NYSE,2020/06/10 16:00:00,107.44,108.89,106.36,107.42,369065
GWRE,NYSE,2020/06/11 16:00:00,105.11,106.22,101.78,101.78,482728
GWRE,NYSE,2020/06/12 16:00:00,103.92,105.33,101.06,103.65,410138
GWRE,NYSE,2020/06/15 16:00:00,102,104.85,100.43,104.33,433266
GWRE,NYSE,2020/06/16 16:00:00,106.5,107.34,104.88,106.52,707303
GWRE,NYSE,2020/06/17 16:00:00,106.71,107.92,106.25,106.84,494205
GWRE,NYSE,2020/06/18 16:00:00,106.6,107.65,105.65,107.06,506219
GWRE,NYSE,2020/06/19 16:00:00,108.3,108.71,106.23,106.82,584575
GWRE,NYSE,2020/06/22 16:00:00,107.13,108.81,106.56,108.64,365793
GWRE,NYSE,2020/06/23 16:00:00,109,110.37,108.25,108.69,595403
GWRE,NYSE,2020/06/24 16:00:00,108.51,109.43,105.88,106.81,455989
GWRE,NYSE,2020/06/25 16:00:00,106.81,108.39,105.29,108.21,610141
GWRE,NYSE,2020/06/26 16:00:00,108.06,110.74,107.55,110.64,2054513
GWRE,NYSE,2020/06/29 16:00:00,110.55,110.55,107.99,109.15,564736
GWRE,NYSE,2020/06/30 16:00:00,108.55,110.97,108.55,110.85,670900
GWRE,NYSE,2020/07/01 16:00:00,110.53,113.04,110.53,112.6,390203
GWRE,NYSE,2020/07/02 16:00:00,113.5,113.81,112.34,112.58,299406
GWRE,NYSE,2020/07/06 16:00:00,113.73,114.41,111.69,112.4,395892
GWRE,NYSE,2020/07/07 16:00:00,112.42,113.69,111.95,112.28,605912
GWRE,NYSE,2020/07/08 16:00:00,113.73,115.66,113.32,115.62,328073
GWRE,NYSE,2020/07/09 16:00:00,116.22,117.75,114.95,117.44,463846
GWRE,NYSE,2020/07/10 16:00:00,117.15,117.6,116.19,117.15,602111
GWRE,NYSE,2020/07/13 16:00:00,118,118.22,112.82,113.5,723451
GWRE,NYSE,2020/07/14 16:00:00,112.02,113.56,111.06,113.42,597004
GWRE,NYSE,2020/07/15 16:00:00,114.7,115.33,113.45,114.64,261181
GWRE,NYSE,2020/07/16 16:00:00,113.73,114.67,113.13,114.17,386539
GWRE,NYSE,2020/07/17 16:00:00,114.77,116.27,114.29,115.98,324228
GWRE,NYSE,2020/07/20 16:00:00,116.53,122.01,116.42,121.68,449299
GWRE,NYSE,2020/07/21 16:00:00,122.07,122.51,120.75,121.44,359593
GWRE,NYSE,2020/07/22 16:00:00,121.88,123.43,121.25,121.84,649819
GWRE,NYSE,2020/07/23 16:00:00,121.3,122.99,118.45,118.74,304049
GWRE,NYSE,2020/07/24 16:00:00,117.81,118.4,116,116.64,531064
GWRE,NYSE,2020/07/27 16:00:00,117.63,119.7,117.12,118.62,222698
GWRE,NYSE,2020/07/28 16:00:00,118.79,119.51,116.92,117.22,208290
GWRE,NYSE,2020/07/29 16:00:00,118.22,120.62,118.22,119.62,266693
GWRE,NYSE,2020/07/30 16:00:00,118.35,118.97,116.11,118.13,502308
GWRE,NYSE,2020/07/31 16:00:00,119.03,119.03,115.08,117.66,333973
GWRE,NYSE,2020/08/03 16:00:00,118.42,119.26,116.69,118.72,213739
GWRE,NYSE,2020/08/04 16:00:00,118.89,119.04,117.53,118.07,208113
GWRE,NYSE,2020/08/05 16:00:00,118.46,119.91,118.08,119.24,261628
GWRE,NYSE,2020/08/06 16:00:00,119.24,120.24,118.22,119.07,224237
GWRE,NYSE,2020/08/07 16:00:00,118.55,118.66,114.14,114.42,841911
GWRE,NYSE,2020/08/10 16:00:00,114.4,114.57,106.97,107.78,892291
GWRE,NYSE,2020/08/11 16:00:00,107.09,108.53,105.55,106.64,671159
GWRE,NYSE,2020/08/12 16:00:00,107.05,108.21,105.27,106.05,400029
GWRE,NYSE,2020/08/13 16:00:00,106.34,109.67,106.34,108.7,386173
GWRE,NYSE,2020/08/14 16:00:00,109.36,112.27,109.02,110.63,716455
GWRE,NYSE,2020/08/17 16:00:00,111.34,113.15,110.99,112.89,610288
GWRE,NYSE,2020/08/18 16:00:00,113.58,114.21,112.44,113,430874
GWRE,NYSE,2020/08/19 16:00:00,113.33,113.48,109.53,110.09,480285
GWRE,NYSE,2020/08/20 16:00:00,109.92,111.51,109.51,110.97,591547
GWRE,NYSE,2020/08/21 16:00:00,111.25,111.46,109.81,109.99,330953
GWRE,NYSE,2020/08/24 16:00:00,110.5,111.7,108.63,109.3,540209
GWRE,NYSE,2020/08/25 16:00:00,108.9,111.44,108.41,110.32,538326
GWRE,NYSE,2020/08/26 16:00:00,110.69,113.38,110.48,111.29,512434
GWRE,NYSE,2020/08/27 16:00:00,111.58,111.58,109.18,109.33,421032
GWRE,NYSE,2020/08/28 16:00:00,109.95,113.33,109.95,112.09,467146
GWRE,NYSE,2020/08/31 16:00:00,112.88,113.13,111.66,112.31,723934
GWRE,NYSE,2020/09/01 16:00:00,113.24,118.05,113.24,117.52,618771
GWRE,NYSE,2020/09/02 16:00:00,121.21,122.4,116.34,118.38,1055275
GWRE,NYSE,2020/09/03 16:00:00,120,122.23,114.6,117.64,1911970
GWRE,NYSE,2020/09/04 16:00:00,115.89,117.34,111.23,115.61,768449
GWRE,NYSE,2020/09/08 16:00:00,112.55,113.77,110.28,110.33,618760
GWRE,NYSE,2020/09/09 16:00:00,111.78,112.42,109.47,111.76,498354
GWRE,NYSE,2020/09/10 16:00:00,112.7,113.59,108.79,108.9,354179
GWRE,NYSE,2020/09/11 16:00:00,109.24,109.71,104.68,105.63,445335
GWRE,NYSE,2020/09/14 16:00:00,107.23,108.19,105.96,106.03,544504
GWRE,NYSE,2020/09/15 16:00:00,106.9,109.44,105.15,107.1,456849
GWRE,NYSE,2020/09/16 16:00:00,107.47,108.65,106.77,107.16,392431
GWRE,NYSE,2020/09/17 16:00:00,105.61,107.18,104.34,105.98,675780
GWRE,NYSE,2020/09/18 16:00:00,105.99,106.43,101.85,103.36,1019771
GWRE,NYSE,2020/09/21 16:00:00,102.9,105.13,101.02,104.93,526843
GWRE,NYSE,2020/09/22 16:00:00,105.59,106.65,103.7,106.61,316203
GWRE,NYSE,2020/09/23 16:00:00,106.5,107.11,104.47,104.62,402624
GWRE,NYSE,2020/09/24 16:00:00,103.39,105.03,102.37,103.33,349394
GWRE,NYSE,2020/09/25 16:00:00,103.22,105,102.27,104.7,479520
GWRE,NYSE,2020/09/28 16:00:00,105.91,107.54,105.82,106.12,267307
GWRE,NYSE,2020/09/29 16:00:00,106.27,107.12,105.49,105.53,256648
GWRE,NYSE,2020/09/30 16:00:00,105.25,107.22,103.05,104.27,609919
GWRE,NYSE,2020/10/01 16:00:00,105.15,107.2,105,106.51,475613
GWRE,NYSE,2020/10/02 16:00:00,104.41,106.26,102.75,103.15,416384
GWRE,NYSE,2020/10/05 16:00:00,103.48,103.91,102.2,102.94,335712
GWRE,NYSE,2020/10/06 16:00:00,103.28,107,103,106.4,520206
GWRE,NYSE,2020/10/07 16:00:00,107.09,112.41,107.09,112.11,673135
GWRE,NYSE,2020/10/08 16:00:00,114.32,115,111.5,114.28,469307
GWRE,NYSE,2020/10/09 16:00:00,114.54,116.75,114.54,115.47,483404
GWRE,NYSE,2020/10/12 16:00:00,116.53,117.89,115.34,115.87,255116
GWRE,NYSE,2020/10/13 16:00:00,115.4,117.72,103.81,105.75,1779531
GWRE,NYSE,2020/10/14 16:00:00,106.49,106.49,101.21,102.83,1709786
GWRE,NYSE,2020/10/15 16:00:00,102.04,103.89,100.37,103.43,993776
GWRE,NYSE,2020/10/16 16:00:00,103.77,106.54,103.03,105.63,885064
GWRE,NYSE,2020/10/19 16:00:00,105.5,106.11,103.05,103.39,698995
GWRE,NYSE,2020/10/20 16:00:00,103.45,104.56,103.14,103.69,658825
GWRE,NYSE,2020/10/21 16:00:00,103.42,103.69,100.3,103.2,541030
GWRE,NYSE,2020/10/22 16:00:00,103,104.57,100.88,103.98,475959
GWRE,NYSE,2020/10/23 16:00:00,103.93,103.93,101.66,101.74,387286
GWRE,NYSE,2020/10/26 16:00:00,100.93,101.03,98.31,99.56,784165
GWRE,NYSE,2020/10/27 16:00:00,99.9,100.43,98.66,98.69,567217
GWRE,NYSE,2020/10/28 16:00:00,96.91,100.06,95.77,98.32,510889
GWRE,NYSE,2020/10/29 16:00:00,98.69,99.9,96.78,99.1,665143
GWRE,NYSE,2020/10/30 16:00:00,98.75,99.24,94.75,96.11,691401
GWRE,NYSE,2020/11/02 16:00:00,97.15,98.46,93.94,95.69,542448
GWRE,NYSE,2020/11/03 16:00:00,96.57,99.89,96.54,99.27,292766
GWRE,NYSE,2020/11/04 16:00:00,101.65,103.83,101.36,102.1,596453
GWRE,NYSE,2020/11/05 16:00:00,103.92,104.9,102.38,104.53,440340
GWRE,NYSE,2020/11/06 16:00:00,104.66,107.54,103.9,107.01,426893
GWRE,NYSE,2020/11/09 16:00:00,107.97,110.82,107.9,109.25,1246356
GWRE,NYSE,2020/11/10 16:00:00,109,109.57,105.65,108.74,814229
GWRE,NYSE,2020/11/11 16:00:00,109.73,110.52,108.29,109,1304407
GWRE,NYSE,2020/11/12 16:00:00,109.08,109.87,107.57,108.14,467974
GWRE,NYSE,2020/11/13 16:00:00,109.37,110,107.65,109.93,409434
GWRE,NYSE,2020/11/16 16:00:00,109.85,111.32,109.22,110.41,540071
GWRE,NYSE,2020/11/17 16:00:00,110.1,114.49,108.96,113.84,565882
GWRE,NYSE,2020/11/18 16:00:00,114.09,115.88,113.51,114.25,510386
GWRE,NYSE,2020/11/19 16:00:00,113.82,118.31,113.56,118.22,448666
GWRE,NYSE,2020/11/20 16:00:00,117.87,118.71,117.19,117.35,339031
GWRE,NYSE,2020/11/23 16:00:00,118.07,119.21,117.25,118.75,551813
GWRE,NYSE,2020/11/24 16:00:00,119.5,120.45,117.7,119.37,419871
GWRE,NYSE,2020/11/25 16:00:00,119.02,120,117.87,119.42,421222
GWRE,NYSE,2020/11/27 13:00:00,120.03,122.82,119.79,122.71,159437
GWRE,NYSE,2020/11/30 16:00:00,123,124.93,122.3,122.48,722697
GWRE,NYSE,2020/12/01 16:00:00,123.25,124.5,121.79,123.96,404746
GWRE,NYSE,2020/12/02 16:00:00,123.19,124.19,121.51,123.73,300944
GWRE,NYSE,2020/12/03 16:00:00,123.15,127.17,123.15,126.41,331556
GWRE,NYSE,2020/12/04 16:00:00,127.15,129.66,127.1,129.12,456078
GWRE,NYSE,2020/12/07 16:00:00,128.7,129.36,125.07,125.47,558131
GWRE,NYSE,2020/12/08 16:00:00,125.9,127.89,125.13,126.43,1156903
GWRE,NYSE,2020/12/09 16:00:00,123.19,124.82,119,120.92,1160245
GWRE,NYSE,2020/12/10 16:00:00,120.24,122.76,119.82,121.84,521548
GWRE,NYSE,2020/12/11 16:00:00,122.23,124.43,121.9,123.23,920270
GWRE,NYSE,2020/12/14 16:00:00,127.24,128.59,124.89,126.23,682593
GWRE,NYSE,2020/12/15 16:00:00,127.13,127.3,125.42,126.48,373422
GWRE,NYSE,2020/12/16 16:00:00,126.45,127.83,125,125.51,547445
GWRE,NYSE,2020/12/17 16:00:00,126.95,126.95,124.29,126.03,823987
GWRE,NYSE,2020/12/18 16:00:00,124.92,125.92,123.8,125.72,1362372
GWRE,NYSE,2020/12/21 16:00:00,124.76,126.23,123.42,125.43,421064
GWRE,NYSE,2020/12/22 16:00:00,126.79,128.2,125.76,126.99,505575
GWRE,NYSE,2020/12/23 16:00:00,127.42,129.39,126.66,128.55,461155
GWRE,NYSE,2020/12/24 13:00:00,128.07,128.84,127.01,127.21,179895
GWRE,NYSE,2020/12/28 16:00:00,127.72,128.39,126.27,128.11,322596
GWRE,NYSE,2020/12/29 16:00:00,128.73,129.76,126.87,126.96,224421
GWRE,NYSE,2020/12/30 16:00:00,128.15,128.71,127.41,128.25,248825
GWRE,NYSE,2020/12/31 16:00:00,128.33,129.37,127.84,128.73,530685
GWRE,NYSE,2021/01/04 16:00:00,128.4,128.4,123.08,126.06,487404
GWRE,NYSE,2021/01/05 16:00:00,125.03,127.21,125.03,126.59,289027
GWRE,NYSE,2021/01/06 16:00:00,125.13,129.45,124.25,127.91,599668
GWRE,NYSE,2021/01/07 16:00:00,128.91,132.91,128.13,132.54,802356
GWRE,NYSE,2021/01/08 16:00:00,133.9,134.22,130.06,130.92,756691
GWRE,NYSE,2021/01/11 16:00:00,129.26,131.58,128.98,130.44,387753
GWRE,NYSE,2021/01/12 16:00:00,130.78,131.07,128,128.92,328441
GWRE,NYSE,2021/01/13 16:00:00,129,129.65,126.57,127.26,458055
GWRE,NYSE,2021/01/14 16:00:00,127.68,128.5,125.12,125.3,897553
GWRE,NYSE,2021/01/15 16:00:00,125.62,127.06,124.22,125,280084
GWRE,NYSE,2021/01/19 16:00:00,125.81,126.87,124.54,126.15,560543
GWRE,NYSE,2021/01/20 16:00:00,127.64,128.05,125.66,125.68,478366
GWRE,NYSE,2021/01/21 16:00:00,126.21,126.21,124.54,124.9,361153
GWRE,NYSE,2021/01/22 16:00:00,124.9,125.5,123.56,123.71,448104
GWRE,NYSE,2021/01/25 16:00:00,124.73,124.73,120.22,122.95,567941
GWRE,NYSE,2021/01/26 16:00:00,122.96,123.32,120.53,121.66,528215
GWRE,NYSE,2021/01/27 16:00:00,120.4,121.09,117.34,117.55,1009442
GWRE,NYSE,2021/01/28 16:00:00,118.33,119.92,117.68,118.77,892760
GWRE,NYSE,2021/01/29 16:00:00,117.85,118.31,114.04,114.74,793595
GWRE,NYSE,2021/02/01 16:00:00,115.65,116.11,114.19,115.69,564471
GWRE,NYSE,2021/02/02 16:00:00,116.09,120.47,115.54,119.21,721974
GWRE,NYSE,2021/02/03 16:00:00,119.44,120.71,118.33,119.12,373850
GWRE,NYSE,2021/02/04 16:00:00,120.16,120.9,118.66,120.82,341600
GWRE,NYSE,2021/02/05 16:00:00,121.23,122.44,120.66,121.37,247394
GWRE,NYSE,2021/02/08 16:00:00,122.21,125,121.78,123.7,375083
GWRE,NYSE,2021/02/09 16:00:00,124.01,126.9,123.68,126.33,341095
GWRE,NYSE,2021/02/10 16:00:00,126.6,128.21,125.89,127.03,409171
GWRE,NYSE,2021/02/11 16:00:00,127.69,128.22,126.51,127.21,451745
GWRE,NYSE,2021/02/12 16:00:00,127.58,129.31,126.8,128.69,297506
GWRE,NYSE,2021/02/16 16:00:00,128.81,129.8,126.09,127.65,588252
GWRE,NYSE,2021/02/17 16:00:00,126.71,126.71,124.26,125.33,332344
GWRE,NYSE,2021/02/18 16:00:00,123.93,126.31,123.06,125.12,285405
GWRE,NYSE,2021/02/19 16:00:00,125.69,127.62,125.31,125.96,314886
GWRE,NYSE,2021/02/22 16:00:00,124.34,124.86,122.15,123.08,393946
GWRE,NYSE,2021/02/23 16:00:00,121.47,122.5,117.1,120.25,725044
GWRE,NYSE,2021/02/24 16:00:00,119.89,120.83,117.81,119.51,660991
GWRE,NYSE,2021/02/25 16:00:00,118.84,119.41,113,113.52,1143189
GWRE,NYSE,2021/02/26 16:00:00,114.03,114.49,110.52,110.99,1213365
GWRE,NYSE,2021/03/01 16:00:00,112.7,116.79,112.43,115.65,1384681
GWRE,NYSE,2021/03/02 16:00:00,116.24,116.82,114.5,114.67,743733
GWRE,NYSE,2021/03/03 16:00:00,114.03,114.33,109.07,109.66,620063
GWRE,NYSE,2021/03/04 16:00:00,109.07,109.88,105.34,106.95,1346993
GWRE,NYSE,2021/03/05 16:00:00,100.72,105.09,96.42,101.83,2718376
GWRE,NYSE,2021/03/08 16:00:00,101.92,102.54,97.53,97.8,1342881
GWRE,NYSE,2021/03/09 16:00:00,100.02,102.74,99.27,100.86,1276617
GWRE,NYSE,2021/03/10 16:00:00,102.22,103.46,101,101.13,2073463
GWRE,NYSE,2021/03/11 16:00:00,102.87,107.7,102.08,105.93,715513
GWRE,NYSE,2021/03/12 16:00:00,104.68,105.41,102.44,104.88,669243
GWRE,NYSE,2021/03/15 16:00:00,104.99,106.93,104.99,106.77,373972
GWRE,NYSE,2021/03/16 16:00:00,107.84,107.84,104.48,105.16,727649
GWRE,NYSE,2021/03/17 16:00:00,104.22,104.79,101.72,103.98,816524
GWRE,NYSE,2021/03/18 16:00:00,102.63,104.43,100.81,101.76,716360
GWRE,NYSE,2021/03/19 16:00:00,102.49,103.83,101.55,102.94,831983
GWRE,NYSE,2021/03/22 16:00:00,102.88,104.85,102.41,103.04,430841
GWRE,NYSE,2021/03/23 16:00:00,103.49,103.61,101.52,102.04,433504
GWRE,NYSE,2021/03/24 16:00:00,102.29,102.65,100.91,100.97,546974
GWRE,NYSE,2021/03/25 16:00:00,99.92,101.71,99.5,101.1,477034
GWRE,NYSE,2021/03/26 16:00:00,101.13,103.89,100.84,103.89,390329
GWRE,NYSE,2021/03/29 16:00:00,103.51,104.25,101.52,102.14,907632
GWRE,NYSE,2021/03/30 16:00:00,101.73,102.62,100.04,100.57,831009
GWRE,NYSE,2021/03/31 16:00:00,101.5,103.55,101.5,101.63,908890
GWRE,NYSE,2021/04/01 16:00:00,103.1,104.48,101.64,102.46,1150649
GWRE,NYSE,2021/04/05 16:00:00,103.28,104.14,101.86,102.4,429762
GWRE,NYSE,2021/04/06 16:00:00,102.24,106.48,101.96,105.56,706798
GWRE,NYSE,2021/04/07 16:00:00,105.48,105.48,102.78,102.98,340629
GWRE,NYSE,2021/04/08 16:00:00,103.94,105.29,103.71,103.92,375534
GWRE,NYSE,2021/04/09 16:00:00,103.38,104.07,102.27,104.07,318600
RGA,NYSE,2019/04/01 16:00:00,143.5,144.89,143.06,144.75,241786
RGA,NYSE,2019/04/02 16:00:00,144.77,144.77,142.82,143.58,337130
RGA,NYSE,2019/04/03 16:00:00,144.77,144.77,142.6,142.96,703216
RGA,NYSE,2019/04/04 16:00:00,143.75,145.16,143.56,144.98,241190
RGA,NYSE,2019/04/05 16:00:00,145,146.32,144.65,145.52,315952
RGA,NYSE,2019/04/08 16:00:00,145.75,146.76,145.06,146.15,325841
RGA,NYSE,2019/04/09 16:00:00,146.14,146.14,143.87,144.29,248858
RGA,NYSE,2019/04/10 16:00:00,144.55,146.66,144.11,146.22,265896
RGA,NYSE,2019/04/11 16:00:00,146.43,147.98,146.43,147.57,254740
RGA,NYSE,2019/04/12 16:00:00,149.01,149.61,148.06,148.86,179282
RGA,NYSE,2019/04/15 16:00:00,148.62,149.94,148.31,148.75,170307
RGA,NYSE,2019/04/16 16:00:00,148.75,150.61,148.75,150.61,183550
RGA,NYSE,2019/04/17 16:00:00,150.58,151.32,150.29,150.6,242406
RGA,NYSE,2019/04/18 16:00:00,151,152.13,150,151.61,315112
RGA,NYSE,2019/04/22 16:00:00,150.73,151.46,150.29,151.2,314595
RGA,NYSE,2019/04/23 16:00:00,151.34,152.45,149.96,150.32,461417
RGA,NYSE,2019/04/24 16:00:00,149.71,150,148.79,149.21,231154
RGA,NYSE,2019/04/25 16:00:00,148.38,149.22,147.39,148.21,216813
RGA,NYSE,2019/04/26 16:00:00,148.02,150.41,147.86,150.41,111283
RGA,NYSE,2019/04/29 16:00:00,150.98,151.8,150.71,151.07,345608
RGA,NYSE,2019/04/30 16:00:00,151.1,152.65,147.31,151.51,453966
RGA,NYSE,2019/05/01 16:00:00,151.31,152.2,148.84,148.84,279074
RGA,NYSE,2019/05/02 16:00:00,149.56,151.85,148.75,149.45,186021
RGA,NYSE,2019/05/03 16:00:00,149.83,151,148.51,150.69,132147
RGA,NYSE,2019/05/06 16:00:00,148.91,150.89,148.4,150.15,228604
RGA,NYSE,2019/05/07 16:00:00,149.19,151.23,148.2,148.58,226953
RGA,NYSE,2019/05/08 16:00:00,147.57,148.42,146.84,147.01,240076
RGA,NYSE,2019/05/09 16:00:00,144.66,147.17,143.38,146.4,179008
RGA,NYSE,2019/05/10 16:00:00,145.74,148.87,145.24,148.43,293031
RGA,NYSE,2019/05/13 16:00:00,145.71,146.29,143.9,144.27,259147
RGA,NYSE,2019/05/14 16:00:00,144.48,147.1,144.44,146.21,324372
RGA,NYSE,2019/05/15 16:00:00,144.94,147.88,144.9,147.49,239366
RGA,NYSE,2019/05/16 16:00:00,148.44,151.28,147.77,150.71,339038
RGA,NYSE,2019/05/17 16:00:00,149.42,152.37,149.23,151.41,322319
RGA,NYSE,2019/05/20 16:00:00,150.83,152.36,149.94,152.14,326346
RGA,NYSE,2019/05/21 16:00:00,152.42,153.61,151.76,152.58,189549
RGA,NYSE,2019/05/22 16:00:00,152.07,152.37,150.57,151.69,190461
RGA,NYSE,2019/05/23 16:00:00,150.38,150.65,148.05,149.17,192476
RGA,NYSE,2019/05/24 16:00:00,150.31,151.04,149.02,150.79,131494
RGA,NYSE,2019/05/28 16:00:00,150.91,151.34,148.41,148.8,308882
RGA,NYSE,2019/05/29 16:00:00,148.22,149.51,147.69,149.19,187362
RGA,NYSE,2019/05/30 16:00:00,149.11,150.83,147.51,148.33,180899
RGA,NYSE,2019/05/31 16:00:00,147.17,148.99,145.78,148.06,347251
RGA,NYSE,2019/06/03 16:00:00,148.28,149.74,147.1,149.68,319884
RGA,NYSE,2019/06/04 16:00:00,151,151,148.63,150.23,337445
RGA,NYSE,2019/06/05 16:00:00,150.07,151.25,148.45,150.82,366356
RGA,NYSE,2019/06/06 16:00:00,150.48,151.32,149.04,150.91,344875
RGA,NYSE,2019/06/07 16:00:00,151.1,151.99,150.43,151.25,241423
RGA,NYSE,2019/06/10 16:00:00,152.07,152.38,150.6,150.89,142283
RGA,NYSE,2019/06/11 16:00:00,151.94,151.94,150.03,150.92,204388
RGA,NYSE,2019/06/12 16:00:00,151.09,151.09,149.48,151.09,310658
RGA,NYSE,2019/06/13 16:00:00,151.71,151.99,150.49,151.77,345553
RGA,NYSE,2019/06/14 16:00:00,152,153.71,151.06,153.45,214530
RGA,NYSE,2019/06/17 16:00:00,153.77,154.13,151.87,152.06,175028
RGA,NYSE,2019/06/18 16:00:00,152,154.99,150.39,153.06,320341
RGA,NYSE,2019/06/19 16:00:00,153.87,155.06,152.33,152.84,264932
RGA,NYSE,2019/06/20 16:00:00,153.88,155.44,151.69,155.28,254074
RGA,NYSE,2019/06/21 16:00:00,154.65,155.6,152.06,152.32,407909
RGA,NYSE,2019/06/24 16:00:00,152.4,153.7,151.66,151.89,232711
RGA,NYSE,2019/06/25 16:00:00,152.51,153.3,151.54,151.62,445053
RGA,NYSE,2019/06/26 16:00:00,152.02,152.49,149.68,149.68,457971
RGA,NYSE,2019/06/27 16:00:00,149.77,154.79,149.77,154.54,402931
RGA,NYSE,2019/06/28 16:00:00,155.42,156.97,154.57,156.03,423483
RGA,NYSE,2019/07/01 16:00:00,158.01,158.72,155.7,157.14,318287
RGA,NYSE,2019/07/02 16:00:00,157.21,157.23,155.16,156.51,230786
RGA,NYSE,2019/07/03 13:00:00,157.01,158.08,155.87,157.94,114721
RGA,NYSE,2019/07/05 16:00:00,157.92,158.67,156.23,158.67,170410
RGA,NYSE,2019/07/08 16:00:00,158.26,158.69,156.34,157.5,214262
RGA,NYSE,2019/07/09 16:00:00,157,158.77,156.58,158.52,218253
RGA,NYSE,2019/07/10 16:00:00,158.52,159.54,157.88,158.3,189500
RGA,NYSE,2019/07/11 16:00:00,158.96,159.05,156.86,157.98,164032
RGA,NYSE,2019/07/12 16:00:00,158.48,160.06,158.04,159.8,161713
RGA,NYSE,2019/07/15 16:00:00,160.4,160.4,158.58,158.89,150416
RGA,NYSE,2019/07/16 16:00:00,159.27,159.6,158.67,159.16,176492
RGA,NYSE,2019/07/17 16:00:00,158.51,158.54,156.76,157.14,165215
RGA,NYSE,2019/07/18 16:00:00,157.58,158.32,156.89,158.21,280851
RGA,NYSE,2019/07/19 16:00:00,158.35,159.16,156.41,156.52,216558
RGA,NYSE,2019/07/22 16:00:00,156.81,157.92,155.91,157.15,245810
RGA,NYSE,2019/07/23 16:00:00,157.62,158.9,157.14,158.54,250833
RGA,NYSE,2019/07/24 16:00:00,158.68,159.66,157.41,158.81,162442
RGA,NYSE,2019/07/25 16:00:00,158.8,160.1,158.1,159.26,340562
RGA,NYSE,2019/07/26 16:00:00,159.55,163.14,159.1,162.99,329804
RGA,NYSE,2019/07/29 16:00:00,162.87,163.46,158.24,159.85,419003
RGA,NYSE,2019/07/30 16:00:00,151.62,158.94,145.85,153.63,716977
RGA,NYSE,2019/07/31 16:00:00,153.47,157.18,152.99,155.92,414168
RGA,NYSE,2019/08/01 16:00:00,155.69,155.69,151.74,152.16,395622
RGA,NYSE,2019/08/02 16:00:00,151.73,152.16,149.64,151.38,196157
RGA,NYSE,2019/08/05 16:00:00,149.08,149.63,146.32,147.42,388210
RGA,NYSE,2019/08/06 16:00:00,147.89,149.14,146.1,148.87,347776
RGA,NYSE,2019/08/07 16:00:00,145.87,147.78,144.52,147.02,356259
RGA,NYSE,2019/08/08 16:00:00,148.58,150.66,148.41,149.9,453057
RGA,NYSE,2019/08/09 16:00:00,149.14,149.39,148.42,148.44,217559
RGA,NYSE,2019/08/12 16:00:00,147.29,148.62,146.83,147.48,273727
RGA,NYSE,2019/08/13 16:00:00,147.03,149.78,146.96,147.86,391693
RGA,NYSE,2019/08/14 16:00:00,145.15,146.82,144.36,144.51,288212
RGA,NYSE,2019/08/15 16:00:00,145.22,146.26,144.26,145.55,340618
RGA,NYSE,2019/08/16 16:00:00,145.97,149.13,145.77,148.69,222978
RGA,NYSE,2019/08/19 16:00:00,150.49,150.63,148.05,149.4,331181
RGA,NYSE,2019/08/20 16:00:00,149.36,150.07,147.82,147.9,296257
RGA,NYSE,2019/08/21 16:00:00,148.83,150.08,147.89,149.1,295518
RGA,NYSE,2019/08/22 16:00:00,149.63,150.85,148.1,149.89,193451
RGA,NYSE,2019/08/23 16:00:00,149.15,151.64,146.92,147.28,291201
RGA,NYSE,2019/08/26 16:00:00,148.38,149.36,146.9,149.26,196250
RGA,NYSE,2019/08/27 16:00:00,149.54,150.21,147.16,148.84,386428
RGA,NYSE,2019/08/28 16:00:00,148.19,150.39,147.73,150.27,450417
RGA,NYSE,2019/08/29 16:00:00,151.57,152.26,150.98,151.7,304420
RGA,NYSE,2019/08/30 16:00:00,152.2,154.08,151.95,153.97,390168
RGA,NYSE,2019/09/03 16:00:00,153.16,153.32,150.77,152.29,447073
RGA,NYSE,2019/09/04 16:00:00,153.65,155.35,152.32,153.9,420610
RGA,NYSE,2019/09/05 16:00:00,154,157.23,153.84,155.07,420455
RGA,NYSE,2019/09/06 16:00:00,155.33,157.07,155.18,155.83,296687
RGA,NYSE,2019/09/09 16:00:00,156.76,158.38,155.31,158.22,366926
RGA,NYSE,2019/09/10 16:00:00,158.59,158.82,156.13,158.14,321154
RGA,NYSE,2019/09/11 16:00:00,158.72,159.3,156.65,159.29,229523
RGA,NYSE,2019/09/12 16:00:00,159.43,159.61,157.73,159.2,304209
RGA,NYSE,2019/09/13 16:00:00,160,161.01,158.69,159.61,509324
RGA,NYSE,2019/09/16 16:00:00,158.78,159.72,158.07,158.7,360536
RGA,NYSE,2019/09/17 16:00:00,158.58,159.07,157.69,158.92,298062
RGA,NYSE,2019/09/18 16:00:00,158.58,159.27,157.81,158.93,257892
RGA,NYSE,2019/09/19 16:00:00,159.11,160.01,157.93,158.11,216758
RGA,NYSE,2019/09/20 16:00:00,158.94,159.48,157.45,158.66,491656
RGA,NYSE,2019/09/23 16:00:00,157.49,160.12,157.49,159.42,245633
RGA,NYSE,2019/09/24 16:00:00,159.42,160.73,158.81,159.87,302005
RGA,NYSE,2019/09/25 16:00:00,160.16,161.82,159.97,160.94,382151
RGA,NYSE,2019/09/26 16:00:00,160.74,161.96,160.04,160.49,428036
RGA,NYSE,2019/09/27 16:00:00,161.07,162.39,160.13,160.46,232876
RGA,NYSE,2019/09/30 16:00:00,160.9,161.61,159.7,159.88,453640
RGA,NYSE,2019/10/01 16:00:00,160.64,161.47,156.99,157.02,188505
RGA,NYSE,2019/10/02 16:00:00,156.09,156.87,152.95,154.08,304666
RGA,NYSE,2019/10/03 16:00:00,153.37,154.54,152.4,154.08,255700
RGA,NYSE,2019/10/04 16:00:00,154.25,156.15,153.91,156.04,219383
RGA,NYSE,2019/10/07 16:00:00,155.42,155.95,154.45,154.52,251347
RGA,NYSE,2019/10/08 16:00:00,152.89,153.26,150.99,151.05,287805
RGA,NYSE,2019/10/09 16:00:00,152.49,152.88,151.67,151.92,125284
RGA,NYSE,2019/10/10 16:00:00,152.05,153.77,151.93,152.14,176636
RGA,NYSE,2019/10/11 16:00:00,154.41,155.97,153.1,154.74,375223
RGA,NYSE,2019/10/14 16:00:00,154.19,155.13,153.92,154.86,213980
RGA,NYSE,2019/10/15 16:00:00,155.02,157.15,154.85,156.36,167020
RGA,NYSE,2019/10/16 16:00:00,156.01,156.92,155.09,156.71,172421
RGA,NYSE,2019/10/17 16:00:00,157.48,157.88,155.44,156.41,188075
RGA,NYSE,2019/10/18 16:00:00,156.08,157.74,155.75,156.73,107404
RGA,NYSE,2019/10/21 16:00:00,158.18,158.91,157.21,158.39,172628
RGA,NYSE,2019/10/22 16:00:00,158.24,159.87,157.09,157.55,170836
RGA,NYSE,2019/10/23 16:00:00,157.26,158.68,156.31,156.65,146003
RGA,NYSE,2019/10/24 16:00:00,157.1,157.69,156.09,156.84,147849
RGA,NYSE,2019/10/25 16:00:00,156.71,157.35,155.97,157.21,222435
RGA,NYSE,2019/10/28 16:00:00,158.28,160.19,157.76,159.35,296817
RGA,NYSE,2019/10/29 16:00:00,158.96,162.43,158.96,162.28,350135
RGA,NYSE,2019/10/30 16:00:00,161.92,163.72,160.53,163.08,315381
RGA,NYSE,2019/10/31 16:00:00,161.78,164.71,159.79,162.47,551683
RGA,NYSE,2019/11/01 16:00:00,163.93,165.26,163.31,164.8,292820
RGA,NYSE,2019/11/04 16:00:00,166.22,166.96,165.05,166.76,368004
RGA,NYSE,2019/11/05 16:00:00,167.13,169.08,164.1,165.17,435097
RGA,NYSE,2019/11/06 16:00:00,164.81,168.8,164.48,167.96,378879
RGA,NYSE,2019/11/07 16:00:00,168.33,169.26,167.28,168.32,201666
RGA,NYSE,2019/11/08 16:00:00,167.25,168.03,166.61,167.95,155369
RGA,NYSE,2019/11/11 16:00:00,166.93,168.16,166.89,168.08,168951
RGA,NYSE,2019/11/12 16:00:00,168.25,168.44,166.9,167.16,286121
RGA,NYSE,2019/11/13 16:00:00,166.08,166.9,164.93,166.24,202395
RGA,NYSE,2019/11/14 16:00:00,166.18,166.28,165.15,165.84,200420
RGA,NYSE,2019/11/15 16:00:00,165.84,166.79,164.62,165.08,316074
RGA,NYSE,2019/11/18 16:00:00,164.32,164.95,162.93,163.31,334692
RGA,NYSE,2019/11/19 16:00:00,164.09,165.63,163.56,163.9,255323
RGA,NYSE,2019/11/20 16:00:00,163.35,164.06,162.21,163.55,330997
RGA,NYSE,2019/11/21 16:00:00,164.01,164.32,162.38,163.93,258739
RGA,NYSE,2019/11/22 16:00:00,164,165.54,163.03,165.03,322805
RGA,NYSE,2019/11/25 16:00:00,164.45,166.07,164.06,164.44,303871
RGA,NYSE,2019/11/26 16:00:00,164.34,165.33,163.67,165.26,384507
RGA,NYSE,2019/11/27 16:00:00,165.98,168.13,165.04,167.3,234029
RGA,NYSE,2019/11/29 13:00:00,167.12,167.63,165.41,165.46,104822
RGA,NYSE,2019/12/02 16:00:00,165.91,166.89,163.99,164.15,334556
RGA,NYSE,2019/12/03 16:00:00,162.84,163.13,160.44,161.21,236598
RGA,NYSE,2019/12/04 16:00:00,161.49,163.3,160.56,161.98,414367
RGA,NYSE,2019/12/05 16:00:00,162.5,163.88,162.5,163.44,249233
RGA,NYSE,2019/12/06 16:00:00,164.77,165.43,163.56,163.94,240755
RGA,NYSE,2019/12/09 16:00:00,163.66,164.71,163.47,164.42,174115
RGA,NYSE,2019/12/10 16:00:00,164.64,164.64,163.43,163.93,160192
RGA,NYSE,2019/12/11 16:00:00,163.44,164.41,162.55,163.89,196573
RGA,NYSE,2019/12/12 16:00:00,163.9,165.76,163.32,165.29,290475
RGA,NYSE,2019/12/13 16:00:00,164.8,166.11,163.79,164.68,256127
RGA,NYSE,2019/12/16 16:00:00,165.39,165.98,164.56,165.22,324194
RGA,NYSE,2019/12/17 16:00:00,165.63,167.46,164.8,167.42,326692
RGA,NYSE,2019/12/18 16:00:00,167.74,167.74,165.41,165.57,413685
RGA,NYSE,2019/12/19 16:00:00,165.47,165.63,163.81,164.18,234560
RGA,NYSE,2019/12/20 16:00:00,165.28,166.23,163.91,164.21,654101
RGA,NYSE,2019/12/23 16:00:00,164.77,164.77,161.87,162.88,284868
RGA,NYSE,2019/12/24 13:00:00,162.94,162.96,161.77,161.81,79324
RGA,NYSE,2019/12/26 16:00:00,161.91,163.04,161.44,162.25,179095
RGA,NYSE,2019/12/27 16:00:00,162.43,162.54,161.5,162,178481
RGA,NYSE,2019/12/30 16:00:00,162.35,162.57,161.62,162.15,187396
RGA,NYSE,2019/12/31 16:00:00,161.98,163.74,161.98,163.06,346292
RGA,NYSE,2020/01/02 16:00:00,164.26,164.68,162.23,164.65,245823
RGA,NYSE,2020/01/03 16:00:00,162.92,163.54,161.92,162.71,207308
RGA,NYSE,2020/01/06 16:00:00,161.57,163.03,160.55,161.01,280957
RGA,NYSE,2020/01/07 16:00:00,160.12,160.44,158.32,159.15,402503
RGA,NYSE,2020/01/08 16:00:00,159.38,159.86,157.7,157.9,380664
RGA,NYSE,2020/01/09 16:00:00,158.44,158.82,157.21,157.89,273401
RGA,NYSE,2020/01/10 16:00:00,157.78,158.16,155.84,156.16,243476
RGA,NYSE,2020/01/13 16:00:00,156.34,157.5,156.01,157.33,254557
RGA,NYSE,2020/01/14 16:00:00,156.88,158.51,156,157.3,308921
RGA,NYSE,2020/01/15 16:00:00,156.49,159.1,156.49,157.32,386317
RGA,NYSE,2020/01/16 16:00:00,158.2,159.94,158.02,159.61,412130
RGA,NYSE,2020/01/17 16:00:00,159.88,160.78,159.63,160.59,266824
RGA,NYSE,2020/01/21 16:00:00,159.3,160.44,157.38,157.53,588560
RGA,NYSE,2020/01/22 16:00:00,158.18,158.42,156.34,156.9,327001
RGA,NYSE,2020/01/23 16:00:00,155.72,157.08,152.97,156.28,539159
RGA,NYSE,2020/01/24 16:00:00,156.22,156.32,154.49,155.21,334346
RGA,NYSE,2020/01/27 16:00:00,152.5,153.23,150.75,152.09,534809
RGA,NYSE,2020/01/28 16:00:00,154.65,156.14,152.77,154.55,565572
RGA,NYSE,2020/01/29 16:00:00,143.65,150.5,143.65,146.21,1398412
RGA,NYSE,2020/01/30 16:00:00,144.98,147.12,144.49,146.81,680061
RGA,NYSE,2020/01/31 16:00:00,145.99,147.03,143.76,144.05,789912
RGA,NYSE,2020/02/03 16:00:00,144.74,147.17,144.46,145.87,608587
RGA,NYSE,2020/02/04 16:00:00,148.7,150.42,147.61,149.07,881756
RGA,NYSE,2020/02/05 16:00:00,149.44,154.06,149.44,153.02,582301
RGA,NYSE,2020/02/06 16:00:00,153.55,154.76,152.78,153.44,650935
RGA,NYSE,2020/02/07 16:00:00,152.59,154.45,152.18,153.58,443435
RGA,NYSE,2020/02/10 16:00:00,152.91,153.54,152.19,152.62,234155
RGA,NYSE,2020/02/11 16:00:00,153.49,155.44,153.26,154.58,228757
RGA,NYSE,2020/02/12 16:00:00,155.74,155.95,152.67,152.85,209361
RGA,NYSE,2020/02/13 16:00:00,152.29,153.79,151.32,153.56,296354
RGA,NYSE,2020/02/14 16:00:00,153.75,154.26,152.82,154.22,250994
RGA,NYSE,2020/02/18 16:00:00,153.97,154.29,150.49,152.33,201705
RGA,NYSE,2020/02/19 16:00:00,152.89,153.17,151.53,151.8,201579
RGA,NYSE,2020/02/20 16:00:00,151.04,153.29,150.81,153.2,290611
RGA,NYSE,2020/02/21 16:00:00,152.61,153.55,151.16,151.67,393544
RGA,NYSE,2020/02/24 16:00:00,147.74,148.88,145.81,146.87,437466
RGA,NYSE,2020/02/25 16:00:00,147,147.78,140.39,140.39,662729
RGA,NYSE,2020/02/26 16:00:00,141.54,142.76,136.03,136.04,673528
RGA,NYSE,2020/02/27 16:00:00,133.79,135.03,128.53,128.55,928613
RGA,NYSE,2020/02/28 16:00:00,124.49,126.22,121.15,122.03,1410684
RGA,NYSE,2020/03/02 16:00:00,122.47,130.43,122.39,129.97,1081989
RGA,NYSE,2020/03/03 16:00:00,130.06,133.1,124.76,125.68,1066954
RGA,NYSE,2020/03/04 16:00:00,128.06,129.38,124.76,128.95,646863
RGA,NYSE,2020/03/05 16:00:00,124.92,124.92,120.93,121.57,684940
RGA,NYSE,2020/03/06 16:00:00,115.48,120.13,115.48,117.85,612582
RGA,NYSE,2020/03/09 16:00:00,108.74,111.93,98.56,99.54,813701
RGA,NYSE,2020/03/10 16:00:00,103.74,103.85,96.73,103.85,1223449
RGA,NYSE,2020/03/11 16:00:00,100.33,100.95,95.04,96.77,859643
RGA,NYSE,2020/03/12 16:00:00,87.99,93.15,82.52,83.05,1082205
RGA,NYSE,2020/03/13 16:00:00,90.66,96.29,82.87,96.25,940656
RGA,NYSE,2020/03/16 16:00:00,82.78,85.95,80.32,80.33,1185940
RGA,NYSE,2020/03/17 16:00:00,81.95,84.89,76.56,83.01,1267857
RGA,NYSE,2020/03/18 16:00:00,78.46,80.31,65.29,72.14,1355424
RGA,NYSE,2020/03/19 16:00:00,70.89,71.44,65.09,70.52,695068
RGA,NYSE,2020/03/20 16:00:00,70.43,71.3,57.87,60.66,1576164
RGA,NYSE,2020/03/23 16:00:00,59.85,63.65,55.39,57.29,1424866
RGA,NYSE,2020/03/24 16:00:00,61.82,66.51,59.79,63.98,1643923
RGA,NYSE,2020/03/25 16:00:00,65.4,80.06,63.28,75.76,2021926
RGA,NYSE,2020/03/26 16:00:00,77.28,80.38,74.11,79.09,1742973
RGA,NYSE,2020/03/27 16:00:00,75,80.95,74.43,78.85,825265
RGA,NYSE,2020/03/30 16:00:00,78.03,87.45,76.15,86.92,969138
RGA,NYSE,2020/03/31 16:00:00,85.92,87.58,82.25,84.14,1187571
RGA,NYSE,2020/04/01 16:00:00,79.46,82.63,78.02,81.03,688483
RGA,NYSE,2020/04/02 16:00:00,79.74,84.34,78.16,81.48,752709
RGA,NYSE,2020/04/03 16:00:00,80.25,81.74,77.37,78.49,995711
RGA,NYSE,2020/04/06 16:00:00,83.32,89.72,82.83,89.21,1290065
RGA,NYSE,2020/04/07 16:00:00,94.5,103.47,93.74,98.74,1623550
RGA,NYSE,2020/04/08 16:00:00,99.4,105.37,98.87,104.09,942021
RGA,NYSE,2020/04/09 16:00:00,106.84,114.62,106.84,112,905812
RGA,NYSE,2020/04/13 16:00:00,111.73,111.73,105.02,108.92,1014548
RGA,NYSE,2020/04/14 16:00:00,112.28,112.28,103.91,107.02,553446
RGA,NYSE,2020/04/15 16:00:00,102.35,102.77,97.63,97.78,714642
RGA,NYSE,2020/04/16 16:00:00,97.57,98.78,93.78,95.99,559942
RGA,NYSE,2020/04/17 16:00:00,101.05,102.36,98.49,99.9,643944
RGA,NYSE,2020/04/20 16:00:00,96.93,99.19,95.56,98.23,785091
RGA,NYSE,2020/04/21 16:00:00,94.86,97.91,93.32,96.24,1007494
RGA,NYSE,2020/04/22 16:00:00,98.39,99.77,96.62,98.91,669727
RGA,NYSE,2020/04/23 16:00:00,100.32,101.46,97.4,97.61,628423
RGA,NYSE,2020/04/24 16:00:00,99.05,101.75,97.36,101.29,532475
RGA,NYSE,2020/04/27 16:00:00,102.29,106.05,102.29,105.38,419352
RGA,NYSE,2020/04/28 16:00:00,109.34,111.17,106.64,107.44,393147
RGA,NYSE,2020/04/29 16:00:00,111.74,113.02,109.28,111.02,461268
RGA,NYSE,2020/04/30 16:00:00,108.3,109.26,104.6,104.68,463918
RGA,NYSE,2020/05/01 16:00:00,101.66,102.88,98.82,100.04,435543
RGA,NYSE,2020/05/04 16:00:00,98.05,101.27,96.27,100.97,439576
RGA,NYSE,2020/05/05 16:00:00,103.21,104.54,99.87,100,480638
RGA,NYSE,2020/05/06 16:00:00,94.62,94.86,87.25,87.28,1017547
RGA,NYSE,2020/05/07 16:00:00,88.15,95.68,88.15,92.08,705536
RGA,NYSE,2020/05/08 16:00:00,94.54,95.17,91.67,95.01,481799
RGA,NYSE,2020/05/11 16:00:00,93.69,94.38,91.02,92.01,651018
RGA,NYSE,2020/05/12 16:00:00,92.29,92.92,88.43,88.66,499192
RGA,NYSE,2020/05/13 16:00:00,87.87,87.99,81.4,81.8,591466
RGA,NYSE,2020/05/14 16:00:00,79.79,85.88,77.01,85.44,813175
RGA,NYSE,2020/05/15 16:00:00,84.34,86.71,82.35,82.91,1364828
RGA,NYSE,2020/05/18 16:00:00,86.45,91.59,86.45,90.29,528362
RGA,NYSE,2020/05/19 16:00:00,89.93,90.91,85.75,85.87,519617
RGA,NYSE,2020/05/20 16:00:00,86.77,89.67,86.59,88.8,390334
RGA,NYSE,2020/05/21 16:00:00,88.04,91.3,88.04,90.46,490149
RGA,NYSE,2020/05/22 16:00:00,90.42,90.42,87.1,90,401549
RGA,NYSE,2020/05/26 16:00:00,94.83,95.82,93.85,94.38,569458
RGA,NYSE,2020/05/27 16:00:00,100,100.64,96.13,96.79,579841
RGA,NYSE,2020/05/28 16:00:00,97.93,97.93,92.54,92.93,588403
RGA,NYSE,2020/05/29 16:00:00,91.43,92.56,89.76,90.75,745720
RGA,NYSE,2020/06/01 16:00:00,91.56,93.08,90.54,91.66,453571
RGA,NYSE,2020/06/02 16:00:00,92.12,94.87,91.06,94.27,511921
RGA,NYSE,2020/06/03 16:00:00,88.86,90.37,85.1,86.84,4815057
RGA,NYSE,2020/06/04 16:00:00,86.43,97.49,85.78,97.26,3595432
RGA,NYSE,2020/06/05 16:00:00,102.09,107.15,99.87,100.09,1929344
RGA,NYSE,2020/06/08 16:00:00,103.01,104.91,101.45,103,783928
RGA,NYSE,2020/06/09 16:00:00,99.67,101.39,97.85,98.14,673261
RGA,NYSE,2020/06/10 16:00:00,97.41,97.75,92.32,92.7,652141
RGA,NYSE,2020/06/11 16:00:00,86.94,88.99,83.69,83.82,605213
RGA,NYSE,2020/06/12 16:00:00,88.44,88.73,84.54,87.98,613375
RGA,NYSE,2020/06/15 16:00:00,83.65,87.89,83.36,87.61,559298
RGA,NYSE,2020/06/16 16:00:00,92.32,92.85,86.84,87.75,588452
RGA,NYSE,2020/06/17 16:00:00,87.91,88.5,84.14,84.25,604009
RGA,NYSE,2020/06/18 16:00:00,83.06,86.35,82.5,84.87,445410
RGA,NYSE,2020/06/19 16:00:00,86.16,86.59,82.57,83.93,970273
RGA,NYSE,2020/06/22 16:00:00,83.01,83.57,81.08,83.41,617434
RGA,NYSE,2020/06/23 16:00:00,85.59,86.2,80.6,80.79,909026
RGA,NYSE,2020/06/24 16:00:00,80,80,76.09,76.63,1545332
RGA,NYSE,2020/06/25 16:00:00,76,78,75,77.9,1239898
RGA,NYSE,2020/06/26 16:00:00,76.34,77.49,74.1,74.98,2105512
RGA,NYSE,2020/06/29 16:00:00,75.9,76.89,74.37,76.09,613087
RGA,NYSE,2020/06/30 16:00:00,75.73,79.17,75.27,78.44,766687
RGA,NYSE,2020/07/01 16:00:00,78.23,78.9,74.98,75.53,655823
RGA,NYSE,2020/07/02 16:00:00,77.58,78.82,75.25,75.52,2044986
RGA,NYSE,2020/07/06 16:00:00,77.55,79.53,74.19,76.23,681764
RGA,NYSE,2020/07/07 16:00:00,75.02,75.49,71.42,71.42,829729
RGA,NYSE,2020/07/08 16:00:00,71.56,74.04,70.74,72.17,810588
RGA,NYSE,2020/07/09 16:00:00,71.48,71.48,66.99,67.56,756204
RGA,NYSE,2020/07/10 16:00:00,67.59,71.27,67.47,70.31,870644
RGA,NYSE,2020/07/13 16:00:00,71.12,72.02,69.55,70.96,963291
RGA,NYSE,2020/07/14 16:00:00,70.83,72.64,70,72.56,928701
RGA,NYSE,2020/07/15 16:00:00,74.28,78.72,74.24,78.17,987543
RGA,NYSE,2020/07/16 16:00:00,78.37,84.12,77.78,83.74,2117629
RGA,NYSE,2020/07/17 16:00:00,84.78,85.21,82.09,84.45,1123441
RGA,NYSE,2020/07/20 16:00:00,84,84.53,82.62,84.27,1094377
RGA,NYSE,2020/07/21 16:00:00,84.65,87.91,84.51,86.79,867137
RGA,NYSE,2020/07/22 16:00:00,86,88.91,85.56,87.57,838193
RGA,NYSE,2020/07/23 16:00:00,86.78,88.83,86.78,88.63,577485
RGA,NYSE,2020/07/24 16:00:00,88.93,89.91,87.02,87.29,592827
RGA,NYSE,2020/07/27 16:00:00,86.52,86.98,84.78,85.31,850160
RGA,NYSE,2020/07/28 16:00:00,84.99,86.85,84.96,86.17,923383
RGA,NYSE,2020/07/29 16:00:00,86.26,88.11,84.09,88.05,1516498
RGA,NYSE,2020/07/30 16:00:00,86.13,86.13,83.68,84.3,638202
RGA,NYSE,2020/07/31 16:00:00,84.4,85.43,83.08,85.25,479727
RGA,NYSE,2020/08/03 16:00:00,85.67,86.71,84.36,85.08,494430
RGA,NYSE,2020/08/04 16:00:00,85.02,86.09,84.25,84.73,582443
RGA,NYSE,2020/08/05 16:00:00,91,96.49,90.23,94.84,1633177
RGA,NYSE,2020/08/06 16:00:00,94,94.36,88.64,89.07,894420
RGA,NYSE,2020/08/07 16:00:00,88.32,92.13,87.79,91.97,512399
RGA,NYSE,2020/08/10 16:00:00,92.85,94.73,92.43,94.62,555891
RGA,NYSE,2020/08/11 16:00:00,97.05,98.92,95.81,96.01,2146928
RGA,NYSE,2020/08/12 16:00:00,97.99,98.09,94.2,95.33,722679
RGA,NYSE,2020/08/13 16:00:00,93.42,94.74,92.63,94.43,566672
RGA,NYSE,2020/08/14 16:00:00,93.45,96.06,93.14,95.38,304569
RGA,NYSE,2020/08/17 16:00:00,95.58,95.9,94.15,94.32,1115161
RGA,NYSE,2020/08/18 16:00:00,94.29,94.7,91.98,92.19,408801
RGA,NYSE,2020/08/19 16:00:00,92.38,93.88,91.72,93.17,401041
RGA,NYSE,2020/08/20 16:00:00,91.76,92.63,91.13,92.03,301371
RGA,NYSE,2020/08/21 16:00:00,91.65,92.35,90.27,90.36,334061
RGA,NYSE,2020/08/24 16:00:00,90.62,95.13,90.5,95.03,362630
RGA,NYSE,2020/08/25 16:00:00,96,96.62,93.24,93.85,292928
RGA,NYSE,2020/08/26 16:00:00,94.26,94.54,91.85,92.04,339277
RGA,NYSE,2020/08/27 16:00:00,92.37,95,92.31,93.96,386424
RGA,NYSE,2020/08/28 16:00:00,95.02,95.29,92.68,93.81,268422
RGA,NYSE,2020/08/31 16:00:00,93.99,94.09,90.66,91.68,431693
RGA,NYSE,2020/09/01 16:00:00,90.53,92.9,90.05,91.88,319106
RGA,NYSE,2020/09/02 16:00:00,91.62,93.64,91.11,93.36,292202
RGA,NYSE,2020/09/03 16:00:00,94.36,97.39,93.72,94.5,641541
RGA,NYSE,2020/09/04 16:00:00,96.77,97.41,94.21,96.51,372978
RGA,NYSE,2020/09/08 16:00:00,96.79,98.08,95.39,97.01,863302
RGA,NYSE,2020/09/09 16:00:00,97.54,102.88,97.38,102.22,1199228
RGA,NYSE,2020/09/10 16:00:00,103.02,104.2,102.29,103.04,1179058
RGA,NYSE,2020/09/11 16:00:00,103.63,103.63,99.49,101.89,1059219
RGA,NYSE,2020/09/14 16:00:00,102.55,106.18,102.43,104.46,611628
RGA,NYSE,2020/09/15 16:00:00,104.4,104.4,101.4,102.23,626530
RGA,NYSE,2020/09/16 16:00:00,102.86,105,101.6,103.03,798533
RGA,NYSE,2020/09/17 16:00:00,101.56,102.04,99.79,101.1,767345
RGA,NYSE,2020/09/18 16:00:00,101.07,101.99,99.68,100.04,888306
RGA,NYSE,2020/09/21 16:00:00,99.79,100.56,96.91,99.73,1189705
RGA,NYSE,2020/09/22 16:00:00,99.6,100.89,96.46,96.9,823011
RGA,NYSE,2020/09/23 16:00:00,97.19,98.07,92.25,92.49,485874
RGA,NYSE,2020/09/24 16:00:00,92.74,94.59,90.23,92.31,422875
RGA,NYSE,2020/09/25 16:00:00,91.27,93.57,90.96,92.76,357465
RGA,NYSE,2020/09/28 16:00:00,94.59,98.12,94.59,97.22,497812
RGA,NYSE,2020/09/29 16:00:00,96.71,97.01,93.57,95.28,412897
RGA,NYSE,2020/09/30 16:00:00,95.53,96.82,94.45,95.19,372420
RGA,NYSE,2020/10/01 16:00:00,95.74,97.12,94.94,96.87,328918
RGA,NYSE,2020/10/02 16:00:00,95.23,99.71,95.09,99.14,315751
RGA,NYSE,2020/10/05 16:00:00,100.91,102.57,100.33,101.86,413749
RGA,NYSE,2020/10/06 16:00:00,102.95,103.51,99.3,99.87,359524
RGA,NYSE,2020/10/07 16:00:00,101.99,103.58,100.51,101.75,391719
RGA,NYSE,2020/10/08 16:00:00,103.36,105,102.3,104.45,311565
RGA,NYSE,2020/10/09 16:00:00,105.27,106.4,103.82,105.68,462363
RGA,NYSE,2020/10/12 16:00:00,105.83,108.58,105.39,107.8,407637
RGA,NYSE,2020/10/13 16:00:00,106.51,107.17,102.92,103.68,552716
RGA,NYSE,2020/10/14 16:00:00,103.5,105.14,102.39,102.83,437122
RGA,NYSE,2020/10/15 16:00:00,101.93,104.14,101.13,103.39,265797
RGA,NYSE,2020/10/16 16:00:00,103.27,104.99,102.59,104.65,446039
RGA,NYSE,2020/10/19 16:00:00,105.36,107.19,103.81,104.26,412203
RGA,NYSE,2020/10/20 16:00:00,105.61,106.87,104.23,104.41,385627
RGA,NYSE,2020/10/21 16:00:00,104.15,105.73,103.85,104.75,539756
RGA,NYSE,2020/10/22 16:00:00,104.68,109.44,104.68,109.03,495192
RGA,NYSE,2020/10/23 16:00:00,109.88,110.07,106.93,108.3,783563
RGA,NYSE,2020/10/26 16:00:00,107,107,103.53,103.99,389715
RGA,NYSE,2020/10/27 16:00:00,103.38,104.12,99.76,99.88,353393
RGA,NYSE,2020/10/28 16:00:00,97.5,98.95,95.04,95.44,361860
RGA,NYSE,2020/10/29 16:00:00,94.44,100.09,93,99.89,695080
RGA,NYSE,2020/10/30 16:00:00,99.19,101.08,98.44,101.02,445446
RGA,NYSE,2020/11/02 16:00:00,102.99,104.31,101.65,102.5,382071
RGA,NYSE,2020/11/03 16:00:00,105.09,106,103.24,103.99,419537
RGA,NYSE,2020/11/04 16:00:00,101.25,104.93,99.45,101.86,362376
RGA,NYSE,2020/11/05 16:00:00,102.82,106.76,102.55,106.31,509450
RGA,NYSE,2020/11/06 16:00:00,108.41,111.1,105.78,106.83,495563
RGA,NYSE,2020/11/09 16:00:00,117.68,129.93,117.68,126.79,1342951
RGA,NYSE,2020/11/10 16:00:00,126.81,127.45,116.18,118,700754
RGA,NYSE,2020/11/11 16:00:00,116.48,117,110.95,111.86,1047076
RGA,NYSE,2020/11/12 16:00:00,111.22,112.11,108.35,111.25,805982
RGA,NYSE,2020/11/13 16:00:00,112.65,115.19,111.36,114.26,498566
RGA,NYSE,2020/11/16 16:00:00,117.99,118.12,114.79,116.1,715380
RGA,NYSE,2020/11/17 16:00:00,114.04,118.7,113.77,118.48,366316
RGA,NYSE,2020/11/18 16:00:00,118.36,121.39,117.45,117.64,434080
RGA,NYSE,2020/11/19 16:00:00,116.34,117.63,113.34,117.44,245944
RGA,NYSE,2020/11/20 16:00:00,116.33,117.6,114.45,114.86,324217
RGA,NYSE,2020/11/23 16:00:00,115.56,120.43,115.48,119.76,439736
RGA,NYSE,2020/11/24 16:00:00,122.98,126.97,120.57,124.76,534179
RGA,NYSE,2020/11/25 16:00:00,123.12,124.37,120.05,121.33,513579
RGA,NYSE,2020/11/27 13:00:00,120.6,122.16,119.27,120.22,149575
RGA,NYSE,2020/11/30 16:00:00,119.29,120.33,115.13,115.28,690807
RGA,NYSE,2020/12/01 16:00:00,117.92,121.46,117.18,121.33,596063
RGA,NYSE,2020/12/02 16:00:00,120.7,122.14,120.06,121.16,510823
RGA,NYSE,2020/12/03 16:00:00,120.37,121.1,118.71,119.49,330267
RGA,NYSE,2020/12/04 16:00:00,121.27,124.2,120.9,124.19,342092
RGA,NYSE,2020/12/07 16:00:00,123.01,123.01,118.65,119.51,240695
RGA,NYSE,2020/12/08 16:00:00,118.21,121.21,118.21,120.42,287220
RGA,NYSE,2020/12/09 16:00:00,122.25,122.76,119.86,120.82,341380
RGA,NYSE,2020/12/10 16:00:00,119.19,122.39,119,122.14,282520
RGA,NYSE,2020/12/11 16:00:00,120.17,120.98,118.39,118.93,353288
RGA,NYSE,2020/12/14 16:00:00,121.24,121.24,117.07,117.63,444486
RGA,NYSE,2020/12/15 16:00:00,118.64,120.95,116.54,120.93,360621
RGA,NYSE,2020/12/16 16:00:00,121.74,121.74,118.68,121.13,412343
RGA,NYSE,2020/12/17 16:00:00,118.52,119.63,116.03,117.79,629500
RGA,NYSE,2020/12/18 16:00:00,118.89,119.02,113.51,114.46,834165
RGA,NYSE,2020/12/21 16:00:00,113.87,113.87,109.87,113.24,356115
RGA,NYSE,2020/12/22 16:00:00,113.02,114.17,111.37,111.59,274467
RGA,NYSE,2020/12/23 16:00:00,113.17,114.99,113.17,114.55,164766
RGA,NYSE,2020/12/24 13:00:00,114.47,114.47,111.87,113.58,139734
RGA,NYSE,2020/12/28 16:00:00,115.04,117.39,114.02,115.32,224975
RGA,NYSE,2020/12/29 16:00:00,115.53,115.75,114.15,115.23,218754
RGA,NYSE,2020/12/30 16:00:00,115.38,117.56,115.03,115.4,142191
RGA,NYSE,2020/12/31 16:00:00,115.18,116.7,114.79,115.9,219110
RGA,NYSE,2021/01/04 16:00:00,116.53,116.78,110.88,111.75,326849
RGA,NYSE,2021/01/05 16:00:00,111.98,114.06,111.43,112.8,269344
RGA,NYSE,2021/01/06 16:00:00,115.31,120.12,113.07,118.45,530576
RGA,NYSE,2021/01/07 16:00:00,120.25,120.37,117.45,117.53,456541
RGA,NYSE,2021/01/08 16:00:00,118.29,118.29,113.6,115.66,429571
RGA,NYSE,2021/01/11 16:00:00,114,116.98,114,114.92,351341
RGA,NYSE,2021/01/12 16:00:00,115.22,118.47,115.15,116.09,427984
RGA,NYSE,2021/01/13 16:00:00,115.68,116.78,113.54,113.63,447088
RGA,NYSE,2021/01/14 16:00:00,114.53,115.59,113.59,114.83,448520
RGA,NYSE,2021/01/15 16:00:00,113.45,114.07,110.96,111.33,409529
RGA,NYSE,2021/01/19 16:00:00,111.82,113.59,110.2,112.87,431256
RGA,NYSE,2021/01/20 16:00:00,113.08,114.92,111.96,112.22,482333
RGA,NYSE,2021/01/21 16:00:00,112.55,113.68,110.51,110.58,327563
RGA,NYSE,2021/01/22 16:00:00,109.06,110.73,107.65,110.18,414042
RGA,NYSE,2021/01/25 16:00:00,109.05,110.36,107.06,109.54,647302
RGA,NYSE,2021/01/26 16:00:00,109.9,110.56,107.32,107.99,433568
RGA,NYSE,2021/01/27 16:00:00,106.35,107.92,105.21,106.74,581426
RGA,NYSE,2021/01/28 16:00:00,108.28,111.81,107.74,111,516949
RGA,NYSE,2021/01/29 16:00:00,108.03,109.42,103.99,105.05,981746
RGA,NYSE,2021/02/01 16:00:00,105.99,106.28,104,104.65,523208
RGA,NYSE,2021/02/02 16:00:00,105.92,106.67,103.82,104.03,729875
RGA,NYSE,2021/02/03 16:00:00,103.64,106.61,103.5,106.57,506767
RGA,NYSE,2021/02/04 16:00:00,107.11,112.76,107.11,112.76,627050
RGA,NYSE,2021/02/05 16:00:00,112.95,113.31,109.43,109.54,496343
RGA,NYSE,2021/02/08 16:00:00,110.4,112.26,109.26,112.25,354214
RGA,NYSE,2021/02/09 16:00:00,114.27,118.99,113.1,113.63,609982
RGA,NYSE,2021/02/10 16:00:00,113.6,113.6,110.44,111.9,611549
RGA,NYSE,2021/02/11 16:00:00,112.46,114.47,110.97,112.71,341395
RGA,NYSE,2021/02/12 16:00:00,111.98,113.45,111.81,113,323428
RGA,NYSE,2021/02/16 16:00:00,113.7,115.34,112.48,115.03,549921
RGA,NYSE,2021/02/17 16:00:00,113.79,118.58,113.79,118.19,472546
RGA,NYSE,2021/02/18 16:00:00,117.28,122.14,117.27,120.53,637095
RGA,NYSE,2021/02/19 16:00:00,120.98,124.25,120.77,123.42,518128
RGA,NYSE,2021/02/22 16:00:00,123.54,126.36,123.54,124.32,579396
RGA,NYSE,2021/02/23 16:00:00,126,126,122.39,124.8,349576
RGA,NYSE,2021/02/24 16:00:00,124.99,127.69,124.75,127.39,346107
RGA,NYSE,2021/02/25 16:00:00,128.87,128.87,124.81,124.85,482658
RGA,NYSE,2021/02/26 16:00:00,124.14,124.84,120.62,122.23,579546
RGA,NYSE,2021/03/01 16:00:00,125.78,127.37,124.65,125.93,352124
RGA,NYSE,2021/03/02 16:00:00,125.25,126.72,124.14,125.11,324870
RGA,NYSE,2021/03/03 16:00:00,125.18,127.99,125.01,125.24,279260
RGA,NYSE,2021/03/04 16:00:00,124.84,126.12,121.27,123.52,284668
RGA,NYSE,2021/03/05 16:00:00,126.08,126.66,121.08,125.45,738163
RGA,NYSE,2021/03/08 16:00:00,127.14,130.12,126.51,127.61,418665
RGA,NYSE,2021/03/09 16:00:00,126.15,128.46,123.61,126.85,354865
RGA,NYSE,2021/03/10 16:00:00,127.76,130.63,127.18,129.83,325600
RGA,NYSE,2021/03/11 16:00:00,129.29,131.17,127.49,129.01,307942
RGA,NYSE,2021/03/12 16:00:00,131.14,131.14,128.2,129.03,411141
RGA,NYSE,2021/03/15 16:00:00,129.37,134.21,129,133.9,308174
RGA,NYSE,2021/03/16 16:00:00,132.82,132.96,129.49,129.77,376293
RGA,NYSE,2021/03/17 16:00:00,130.6,130.6,128.22,128.92,410622
RGA,NYSE,2021/03/18 16:00:00,129.13,130.13,124.69,126.28,819619
RGA,NYSE,2021/03/19 16:00:00,126.37,127.7,124.29,125.69,1122229
RGA,NYSE,2021/03/22 16:00:00,124.64,124.64,122.38,123.58,631777
RGA,NYSE,2021/03/23 16:00:00,122.49,123.44,120.36,121.65,628587
RGA,NYSE,2021/03/24 16:00:00,123.39,125.63,123.01,123.19,290942
RGA,NYSE,2021/03/25 16:00:00,123.21,125.77,120.47,125.49,691653
RGA,NYSE,2021/03/26 16:00:00,126.24,129.17,125.93,128.92,408723
RGA,NYSE,2021/03/29 16:00:00,127.02,128.46,124.19,126.11,408600
RGA,NYSE,2021/03/30 16:00:00,126.92,129.71,126.55,128.38,281761
RGA,NYSE,2021/03/31 16:00:00,127.98,128.56,125.97,126.05,424799
RGA,NYSE,2021/04/01 16:00:00,125.31,127.56,125.31,127.43,359171
RGA,NYSE,2021/04/05 16:00:00,129.29,129.29,126.1,126.79,283593
RGA,NYSE,2021/04/06 16:00:00,126.67,128.4,125.76,128.35,271581
RGA,NYSE,2021/04/07 16:00:00,129.33,130.27,128.19,128.76,234626
RGA,NYSE,2021/04/08 16:00:00,127.88,128.74,126.47,128.01,256926
RGA,NYSE,2021/04/09 16:00:00,128.65,129.35,127.42,129.15,258834
CAE,NYSE,2019/04/01 16:00:00,22.24,22.52,22.18,22.47,196634
CAE,NYSE,2019/04/02 16:00:00,22.5,22.66,22.29,22.64,132092
CAE,NYSE,2019/04/03 16:00:00,22.72,22.83,22.52,22.57,99394
CAE,NYSE,2019/04/04 16:00:00,22.55,22.7,22.29,22.42,109598
CAE,NYSE,2019/04/05 16:00:00,22.35,22.55,22.35,22.49,185528
CAE,NYSE,2019/04/08 16:00:00,22.52,22.54,22.32,22.51,97769
CAE,NYSE,2019/04/09 16:00:00,22.52,22.63,22.44,22.57,70436
CAE,NYSE,2019/04/10 16:00:00,22.64,22.86,22.58,22.81,130104
CAE,NYSE,2019/04/11 16:00:00,22.81,22.85,22.63,22.74,114621
CAE,NYSE,2019/04/12 16:00:00,22.93,22.95,22.71,22.75,103803
CAE,NYSE,2019/04/15 16:00:00,22.8,22.9,22.75,22.83,79646
CAE,NYSE,2019/04/16 16:00:00,22.81,22.86,22.68,22.73,98073
CAE,NYSE,2019/04/17 16:00:00,22.86,22.88,22.68,22.74,103447
CAE,NYSE,2019/04/18 16:00:00,22.65,22.93,22.58,22.92,83143
CAE,NYSE,2019/04/22 16:00:00,22.92,23.22,22.91,23.15,82704
CAE,NYSE,2019/04/23 16:00:00,23.31,23.62,23.25,23.27,191679
CAE,NYSE,2019/04/24 16:00:00,23.28,23.33,23.01,23.04,117212
CAE,NYSE,2019/04/25 16:00:00,23,23.25,22.82,23.22,108288
CAE,NYSE,2019/04/26 16:00:00,22.62,22.93,22.4,22.86,206304
CAE,NYSE,2019/04/29 16:00:00,22.72,23.02,22.62,22.86,157095
CAE,NYSE,2019/04/30 16:00:00,22.88,23.35,22.8,23.29,112017
CAE,NYSE,2019/05/01 16:00:00,23.42,23.52,23.2,23.21,110386
CAE,NYSE,2019/05/02 16:00:00,23.17,23.47,23.14,23.46,77493
CAE,NYSE,2019/05/03 16:00:00,23.46,23.64,23.37,23.55,67230
CAE,NYSE,2019/05/06 16:00:00,23.28,23.57,23.2,23.52,58215
CAE,NYSE,2019/05/07 16:00:00,23.28,23.48,23.28,23.31,129739
CAE,NYSE,2019/05/08 16:00:00,23.39,23.49,23.27,23.28,154179
CAE,NYSE,2019/05/09 16:00:00,23.2,23.33,23.03,23.17,113803
CAE,NYSE,2019/05/10 16:00:00,23.21,23.41,23.11,23.35,135936
CAE,NYSE,2019/05/13 16:00:00,23.08,23.23,23,23.13,131290
CAE,NYSE,2019/05/14 16:00:00,23.15,23.51,23.09,23.48,111224
CAE,NYSE,2019/05/15 16:00:00,23.37,23.74,23.36,23.55,143515
CAE,NYSE,2019/05/16 16:00:00,23.64,23.77,23.54,23.77,199123
CAE,NYSE,2019/05/17 16:00:00,24.49,27.42,24.45,27.25,1203039
CAE,NYSE,2019/05/20 16:00:00,27.29,27.41,26.45,26.67,388577
CAE,NYSE,2019/05/21 16:00:00,26.43,26.63,26.25,26.38,497544
CAE,NYSE,2019/05/22 16:00:00,26.3,26.34,25.32,25.72,372424
CAE,NYSE,2019/05/23 16:00:00,25.42,25.42,24.95,25.11,262825
CAE,NYSE,2019/05/24 16:00:00,25.07,25.48,24.99,25.18,171125
CAE,NYSE,2019/05/28 16:00:00,25.43,25.58,25.11,25.29,249953
CAE,NYSE,2019/05/29 16:00:00,25.21,25.45,24.77,24.91,183117
CAE,NYSE,2019/05/30 16:00:00,24.92,25.41,24.92,25.34,178143
CAE,NYSE,2019/05/31 16:00:00,25.15,25.52,24.95,25.49,156820
CAE,NYSE,2019/06/03 16:00:00,25.58,25.94,25.54,25.91,178460
CAE,NYSE,2019/06/04 16:00:00,26,26.61,25.88,26.57,246035
CAE,NYSE,2019/06/05 16:00:00,26.65,26.71,26.01,26.26,215649
CAE,NYSE,2019/06/06 16:00:00,26.32,26.36,25.64,25.8,129335
CAE,NYSE,2019/06/07 16:00:00,25.79,26.01,25.6,25.89,152016
CAE,NYSE,2019/06/10 16:00:00,25.94,25.94,25.58,25.73,89515
CAE,NYSE,2019/06/11 16:00:00,25.72,25.8,25.26,25.47,272720
CAE,NYSE,2019/06/12 16:00:00,25.43,25.7,25.41,25.54,118679
CAE,NYSE,2019/06/13 16:00:00,25.47,25.58,25.26,25.36,80486
CAE,NYSE,2019/06/14 16:00:00,25.26,25.8,25.22,25.76,148575
CAE,NYSE,2019/06/17 16:00:00,25.67,25.84,25.54,25.74,134793
CAE,NYSE,2019/06/18 16:00:00,25.78,26.22,25.78,26.14,240740
CAE,NYSE,2019/06/19 16:00:00,26.13,26.54,26.05,26.45,230611
CAE,NYSE,2019/06/20 16:00:00,26.7,26.75,26.44,26.63,282974
CAE,NYSE,2019/06/21 16:00:00,26.48,26.62,26.39,26.5,559142
CAE,NYSE,2019/06/24 16:00:00,26.55,26.67,26.25,26.29,313046
CAE,NYSE,2019/06/25 16:00:00,26.21,26.7,26.16,26.64,431214
CAE,NYSE,2019/06/26 16:00:00,26.66,26.67,26.06,26.22,194686
CAE,NYSE,2019/06/27 16:00:00,26.3,26.65,26.23,26.54,169692
CAE,NYSE,2019/06/28 16:00:00,26.72,26.94,26.59,26.86,366238
CAE,NYSE,2019/07/01 16:00:00,27,27.18,26.79,26.95,137573
CAE,NYSE,2019/07/02 16:00:00,27,27.7,26.94,27.65,393067
CAE,NYSE,2019/07/03 13:00:00,27.7,27.83,27.28,27.73,188447
CAE,NYSE,2019/07/05 16:00:00,27.68,27.8,27.42,27.67,355281
CAE,NYSE,2019/07/08 16:00:00,27.41,27.74,27.28,27.52,165735
CAE,NYSE,2019/07/09 16:00:00,27.43,27.47,27.06,27.3,142886
CAE,NYSE,2019/07/10 16:00:00,27.27,27.53,27.12,27.37,141035
CAE,NYSE,2019/07/11 16:00:00,27.26,27.35,27.1,27.21,201508
CAE,NYSE,2019/07/12 16:00:00,27.3,28.03,27.29,27.91,262113
CAE,NYSE,2019/07/15 16:00:00,27.97,27.99,27.56,27.62,163345
CAE,NYSE,2019/07/16 16:00:00,27.54,27.65,27.41,27.43,156967
CAE,NYSE,2019/07/17 16:00:00,27.44,27.58,27.18,27.43,132166
CAE,NYSE,2019/07/18 16:00:00,27.41,27.41,26.92,27.14,153356
CAE,NYSE,2019/07/19 16:00:00,27.14,27.16,26.86,26.91,121574
CAE,NYSE,2019/07/22 16:00:00,26.97,27.14,26.84,27.07,132093
CAE,NYSE,2019/07/23 16:00:00,26.98,27.02,26.64,26.95,217068
CAE,NYSE,2019/07/24 16:00:00,27.05,27.32,27,27.31,104923
CAE,NYSE,2019/07/25 16:00:00,27.28,27.35,27.1,27.25,125873
CAE,NYSE,2019/07/26 16:00:00,27.15,27.18,26.76,26.96,149338
CAE,NYSE,2019/07/29 16:00:00,26.99,27.09,26.88,27.02,106992
CAE,NYSE,2019/07/30 16:00:00,26.9,27.02,26.76,26.88,100877
CAE,NYSE,2019/07/31 16:00:00,26.91,27.4,26.9,26.96,209916
CAE,NYSE,2019/08/01 16:00:00,26.83,27.5,26.79,27.29,205461
CAE,NYSE,2019/08/02 16:00:00,27.25,27.45,26.97,27.18,162384
CAE,NYSE,2019/08/05 16:00:00,27.06,27.18,26.33,26.62,98822
CAE,NYSE,2019/08/06 16:00:00,26.62,27.24,26.42,26.74,206817
CAE,NYSE,2019/08/07 16:00:00,26.47,26.99,26.32,26.85,120688
CAE,NYSE,2019/08/08 16:00:00,26.89,27.38,26.89,27.29,235040
CAE,NYSE,2019/08/09 16:00:00,27.26,27.49,26.93,27.12,103249
CAE,NYSE,2019/08/12 16:00:00,27.08,27.08,26.74,26.92,117822
CAE,NYSE,2019/08/13 16:00:00,26.87,27.14,26.8,27.07,206513
CAE,NYSE,2019/08/14 16:00:00,26.38,26.38,23.12,25.71,875753
CAE,NYSE,2019/08/15 16:00:00,25.17,25.18,24.21,25.03,481174
CAE,NYSE,2019/08/16 16:00:00,24.95,25.59,24.91,25.55,443976
CAE,NYSE,2019/08/19 16:00:00,25.72,26.04,25.5,25.77,214259
CAE,NYSE,2019/08/20 16:00:00,25.81,26,25.66,25.86,226261
CAE,NYSE,2019/08/21 16:00:00,26.06,26.32,25.97,26.18,202661
CAE,NYSE,2019/08/22 16:00:00,26.16,26.2,25.75,25.97,139835
CAE,NYSE,2019/08/23 16:00:00,25.89,26.01,25.07,25.12,182432
CAE,NYSE,2019/08/26 16:00:00,25.21,25.27,24.85,25.07,233182
CAE,NYSE,2019/08/27 16:00:00,24.99,25.37,24.94,25.18,266268
CAE,NYSE,2019/08/28 16:00:00,25.11,25.11,24.82,25.02,172631
CAE,NYSE,2019/08/29 16:00:00,25.21,25.38,25.07,25.11,166375
CAE,NYSE,2019/08/30 16:00:00,25.64,26.27,25.59,26.17,512663
CAE,NYSE,2019/09/03 16:00:00,26.1,26.21,25.18,25.33,269079
CAE,NYSE,2019/09/04 16:00:00,25.43,25.68,25.34,25.45,249882
CAE,NYSE,2019/09/05 16:00:00,25.58,25.83,25.42,25.55,207893
CAE,NYSE,2019/09/06 16:00:00,25.51,26.18,25.48,26.01,150684
CAE,NYSE,2019/09/09 16:00:00,26.19,26.19,25.4,25.43,127373
CAE,NYSE,2019/09/10 16:00:00,25.36,25.5,25.03,25.24,227950
CAE,NYSE,2019/09/11 16:00:00,25.23,25.5,25.17,25.26,166982
CAE,NYSE,2019/09/12 16:00:00,25.08,25.28,25.02,25.04,265403
CAE,NYSE,2019/09/13 16:00:00,25.08,25.24,25.03,25.05,126293
CAE,NYSE,2019/09/16 16:00:00,25.05,25.22,24.95,25.15,175737
CAE,NYSE,2019/09/17 16:00:00,24.9,25.57,24.8,25.52,215532
CAE,NYSE,2019/09/18 16:00:00,25.54,25.63,25.41,25.57,96256
CAE,NYSE,2019/09/19 16:00:00,25.49,25.69,25.49,25.58,188026
CAE,NYSE,2019/09/20 16:00:00,25.46,25.64,25.06,25.14,203424
CAE,NYSE,2019/09/23 16:00:00,25.06,25.49,25.02,25.34,151699
CAE,NYSE,2019/09/24 16:00:00,25.46,25.51,25.21,25.42,241251
CAE,NYSE,2019/09/25 16:00:00,25.43,25.53,25.18,25.29,234641
CAE,NYSE,2019/09/26 16:00:00,25.29,25.81,25.29,25.64,312831
CAE,NYSE,2019/09/27 16:00:00,25.67,25.71,25.11,25.38,260989
CAE,NYSE,2019/09/30 16:00:00,25.31,25.44,25.2,25.4,177640
CAE,NYSE,2019/10/01 16:00:00,25.42,25.58,25.15,25.27,241585
CAE,NYSE,2019/10/02 16:00:00,25.13,25.21,24.22,24.32,301017
CAE,NYSE,2019/10/03 16:00:00,24.29,24.33,23.97,24.32,235813
CAE,NYSE,2019/10/04 16:00:00,24.46,24.61,24.39,24.53,104682
CAE,NYSE,2019/10/07 16:00:00,24.44,24.51,24.34,24.4,111501
CAE,NYSE,2019/10/08 16:00:00,24.29,24.35,23.96,24.2,119246
CAE,NYSE,2019/10/09 16:00:00,24.23,24.53,24.16,24.4,123137
CAE,NYSE,2019/10/10 16:00:00,24.33,24.46,24.32,24.37,166512
CAE,NYSE,2019/10/11 16:00:00,24.61,25,24.6,24.82,141787
CAE,NYSE,2019/10/14 16:00:00,24.71,24.78,24.62,24.72,63188
CAE,NYSE,2019/10/15 16:00:00,24.71,24.97,24.58,24.6,133351
CAE,NYSE,2019/10/16 16:00:00,24.61,24.63,24.35,24.49,125393
CAE,NYSE,2019/10/17 16:00:00,24.65,24.8,24.44,24.65,101187
CAE,NYSE,2019/10/18 16:00:00,24.76,24.8,24.57,24.61,80549
CAE,NYSE,2019/10/21 16:00:00,24.66,25,24.63,24.89,103970
CAE,NYSE,2019/10/22 16:00:00,24.94,25.1,24.75,24.78,162597
CAE,NYSE,2019/10/23 16:00:00,24.78,25.27,24.77,25.19,159519
CAE,NYSE,2019/10/24 16:00:00,25.2,25.46,25.06,25.44,238380
CAE,NYSE,2019/10/25 16:00:00,25.61,25.7,25.27,25.36,123204
CAE,NYSE,2019/10/28 16:00:00,25.4,25.62,25.4,25.42,97344
CAE,NYSE,2019/10/29 16:00:00,25.31,25.42,25.21,25.23,63475
CAE,NYSE,2019/10/30 16:00:00,25.19,25.41,25.09,25.35,119254
CAE,NYSE,2019/10/31 16:00:00,25.25,25.29,24.98,25.09,466527
CAE,NYSE,2019/11/01 16:00:00,25.19,25.73,25.19,25.63,274863
CAE,NYSE,2019/11/04 16:00:00,25.61,25.75,25.53,25.6,393736
CAE,NYSE,2019/11/05 16:00:00,25.64,25.67,25.25,25.33,141663
CAE,NYSE,2019/11/06 16:00:00,25.38,25.5,25.17,25.45,229060
CAE,NYSE,2019/11/07 16:00:00,25.65,25.83,25.48,25.53,325743
CAE,NYSE,2019/11/08 16:00:00,25.42,25.94,25.42,25.93,186478
CAE,NYSE,2019/11/11 16:00:00,25.72,26.07,25.69,25.96,220249
CAE,NYSE,2019/11/12 16:00:00,26,26.05,25.81,25.93,340880
CAE,NYSE,2019/11/13 16:00:00,26.35,27.46,26.13,26.89,490905
CAE,NYSE,2019/11/14 16:00:00,26.88,27.38,26.78,27.19,220131
CAE,NYSE,2019/11/15 16:00:00,27.18,27.28,26.83,26.86,200262
CAE,NYSE,2019/11/18 16:00:00,26.8,26.83,26.57,26.71,199186
CAE,NYSE,2019/11/19 16:00:00,26.64,26.92,26.52,26.55,181537
CAE,NYSE,2019/11/20 16:00:00,26.42,26.78,26.29,26.69,582065
CAE,NYSE,2019/11/21 16:00:00,26.64,26.78,26.53,26.56,323184
CAE,NYSE,2019/11/22 16:00:00,26.56,26.59,26.15,26.47,488445
CAE,NYSE,2019/11/25 16:00:00,26.5,26.74,26.39,26.69,151710
CAE,NYSE,2019/11/26 16:00:00,26.56,27.06,26.54,26.96,455499
CAE,NYSE,2019/11/27 16:00:00,26.92,27.17,26.79,26.97,521457
CAE,NYSE,2019/11/29 13:00:00,26.95,26.96,26.81,26.91,441357
CAE,NYSE,2019/12/02 16:00:00,26.86,27.01,26.62,26.65,292500
CAE,NYSE,2019/12/03 16:00:00,26.46,26.51,26.02,26.03,178798
CAE,NYSE,2019/12/04 16:00:00,26.21,26.39,26.14,26.29,254180
CAE,NYSE,2019/12/05 16:00:00,26.3,26.37,26,26.02,548192
CAE,NYSE,2019/12/06 16:00:00,25.96,26.1,25.86,26.06,177249
CAE,NYSE,2019/12/09 16:00:00,26.08,26.08,25.75,25.86,191569
CAE,NYSE,2019/12/10 16:00:00,25.86,25.89,25.69,25.75,160406
CAE,NYSE,2019/12/11 16:00:00,25.81,25.9,25.64,25.81,226394
CAE,NYSE,2019/12/12 16:00:00,25.69,25.84,25.63,25.71,175011
CAE,NYSE,2019/12/13 16:00:00,25.66,26,25.65,25.98,264379
CAE,NYSE,2019/12/16 16:00:00,26.16,26.29,26.16,26.21,214613
CAE,NYSE,2019/12/17 16:00:00,26.05,26.11,25.76,26.09,845129
CAE,NYSE,2019/12/18 16:00:00,26.22,26.25,26.11,26.21,371826
CAE,NYSE,2019/12/19 16:00:00,26.22,26.22,25.88,26.01,296446
CAE,NYSE,2019/12/20 16:00:00,26.08,26.11,25.91,26.05,331937
CAE,NYSE,2019/12/23 16:00:00,26.09,26.38,26.05,26.36,111958
CAE,NYSE,2019/12/24 13:00:00,26.34,26.5,26.31,26.47,60416
CAE,NYSE,2019/12/26 16:00:00,26.54,26.97,26.52,26.95,219931
CAE,NYSE,2019/12/27 16:00:00,26.94,27.01,26.51,26.56,389115
CAE,NYSE,2019/12/30 16:00:00,26.52,26.66,26.24,26.55,1366591
CAE,NYSE,2019/12/31 16:00:00,26.62,26.66,26.45,26.46,215990
CAE,NYSE,2020/01/02 16:00:00,26.58,26.65,26.45,26.56,186062
CAE,NYSE,2020/01/03 16:00:00,26.39,26.68,26.36,26.68,431613
CAE,NYSE,2020/01/06 16:00:00,26.81,27.48,26.81,27.47,802917
CAE,NYSE,2020/01/07 16:00:00,27.29,27.6,27.29,27.53,383758
CAE,NYSE,2020/01/08 16:00:00,27.6,28.85,27.53,28.6,695318
CAE,NYSE,2020/01/09 16:00:00,28.51,29.09,28.42,28.9,611902
CAE,NYSE,2020/01/10 16:00:00,29.05,29.68,29.05,29.64,603760
CAE,NYSE,2020/01/13 16:00:00,29.83,29.87,29.53,29.69,428022
CAE,NYSE,2020/01/14 16:00:00,29.64,29.82,29.51,29.73,398098
CAE,NYSE,2020/01/15 16:00:00,29.79,29.99,29.43,29.55,921952
CAE,NYSE,2020/01/16 16:00:00,29.68,29.84,29.57,29.8,190238
CAE,NYSE,2020/01/17 16:00:00,29.93,29.99,29.59,29.63,225087
CAE,NYSE,2020/01/21 16:00:00,29.59,29.7,29.15,29.3,260842
CAE,NYSE,2020/01/22 16:00:00,29.35,29.4,28.88,29.08,277178
CAE,NYSE,2020/01/23 16:00:00,29.07,29.33,28.82,29.3,361311
CAE,NYSE,2020/01/24 16:00:00,29.41,29.8,29.41,29.71,317841
CAE,NYSE,2020/01/27 16:00:00,29.21,29.93,29.18,29.88,366617
CAE,NYSE,2020/01/28 16:00:00,29.98,30.03,29.69,29.98,189802
CAE,NYSE,2020/01/29 16:00:00,30.02,30.18,29.85,30.07,270847
CAE,NYSE,2020/01/30 16:00:00,29.86,30.06,29.82,29.97,418996
CAE,NYSE,2020/01/31 16:00:00,29.97,30.14,29.53,29.68,326491
CAE,NYSE,2020/02/03 16:00:00,29.86,29.97,29.74,29.85,279725
CAE,NYSE,2020/02/04 16:00:00,29.98,30.18,29.78,30.13,399053
CAE,NYSE,2020/02/05 16:00:00,30.26,30.39,29.95,30.27,307311
CAE,NYSE,2020/02/06 16:00:00,30.32,30.33,30.04,30.18,598363
CAE,NYSE,2020/02/07 16:00:00,30.47,31.56,30.4,31.19,637156
CAE,NYSE,2020/02/10 16:00:00,30.63,31.11,30.38,31.03,467258
CAE,NYSE,2020/02/11 16:00:00,31.07,31.11,30.56,30.66,508616
CAE,NYSE,2020/02/12 16:00:00,30.68,30.71,30.32,30.67,650607
CAE,NYSE,2020/02/13 16:00:00,30.59,30.59,30.2,30.3,316927
CAE,NYSE,2020/02/14 16:00:00,30.37,30.67,30.29,30.54,276024
CAE,NYSE,2020/02/18 16:00:00,30.52,30.52,30.12,30.4,397059
CAE,NYSE,2020/02/19 16:00:00,30.51,30.57,30.21,30.25,323724
CAE,NYSE,2020/02/20 16:00:00,30.22,30.45,29.98,30.39,291254
CAE,NYSE,2020/02/21 16:00:00,30.29,30.42,30.12,30.2,414883
CAE,NYSE,2020/02/24 16:00:00,29.46,29.71,29.13,29.38,385128
CAE,NYSE,2020/02/25 16:00:00,29.35,29.66,28.7,28.77,594341
CAE,NYSE,2020/02/26 16:00:00,28.71,29.15,28.19,28.19,413288
CAE,NYSE,2020/02/27 16:00:00,27.78,28.09,27.28,27.38,378734
CAE,NYSE,2020/02/28 16:00:00,26.45,27.12,26.09,26.81,650038
CAE,NYSE,2020/03/02 16:00:00,27.06,27.85,26.97,27.76,1022324
CAE,NYSE,2020/03/03 16:00:00,27.72,28.06,26.75,26.89,861659
CAE,NYSE,2020/03/04 16:00:00,27.28,27.36,26.64,26.98,662832
CAE,NYSE,2020/03/05 16:00:00,26.58,26.85,24.79,24.91,1055703
CAE,NYSE,2020/03/06 16:00:00,24.35,25.02,24.27,24.86,485335
CAE,NYSE,2020/03/09 16:00:00,23.32,23.35,20,22.23,760991
CAE,NYSE,2020/03/10 16:00:00,22.72,23.2,22.13,23.14,517475
CAE,NYSE,2020/03/11 16:00:00,22.7,22.84,21.51,21.75,456832
CAE,NYSE,2020/03/12 16:00:00,20.2,20.2,18.37,18.38,463452
CAE,NYSE,2020/03/13 16:00:00,19,20.2,18.54,20.13,685156
CAE,NYSE,2020/03/16 16:00:00,17.95,17.96,15.69,15.79,647372
CAE,NYSE,2020/03/17 16:00:00,15.91,16,13.96,14.16,1105122
CAE,NYSE,2020/03/18 16:00:00,13.03,13.03,9.8,10.85,1031433
CAE,NYSE,2020/03/19 16:00:00,10.87,11.66,10.84,11.49,1406461
CAE,NYSE,2020/03/20 16:00:00,12.06,13.13,11.76,11.82,978613
CAE,NYSE,2020/03/23 16:00:00,11.52,11.52,9.81,9.94,900971
CAE,NYSE,2020/03/24 16:00:00,10.7,11.88,10.51,11.72,1259584
CAE,NYSE,2020/03/25 16:00:00,11.95,14.32,11.45,13.58,1203500
CAE,NYSE,2020/03/26 16:00:00,13.79,14.98,13.51,13.78,1327694
CAE,NYSE,2020/03/27 16:00:00,13.27,13.69,12.69,13.32,1552610
CAE,NYSE,2020/03/30 16:00:00,13.33,13.33,12.35,12.76,710989
CAE,NYSE,2020/03/31 16:00:00,12.75,12.92,12.41,12.62,984282
CAE,NYSE,2020/04/01 16:00:00,12.16,12.42,11.46,11.63,1475233
CAE,NYSE,2020/04/02 16:00:00,11.73,12.38,11.58,11.93,742484
CAE,NYSE,2020/04/03 16:00:00,11.98,12.08,10.9,11.21,886501
CAE,NYSE,2020/04/06 16:00:00,11.78,12.25,11.66,11.92,866432
CAE,NYSE,2020/04/07 16:00:00,12.57,13.16,12.16,12.39,1035578
CAE,NYSE,2020/04/08 16:00:00,12.63,13.37,12.47,13.28,1062584
CAE,NYSE,2020/04/09 16:00:00,13.86,14.74,13.38,13.62,863245
CAE,NYSE,2020/04/13 16:00:00,13.97,14.02,12.95,13.08,519125
CAE,NYSE,2020/04/14 16:00:00,13.25,14.4,13.25,14.3,1004078
CAE,NYSE,2020/04/15 16:00:00,13.87,14.08,13.65,13.9,842632
CAE,NYSE,2020/04/16 16:00:00,13.95,14.46,13.77,14.1,1034493
CAE,NYSE,2020/04/17 16:00:00,14.75,15.95,14.7,15.59,1763720
CAE,NYSE,2020/04/20 16:00:00,15.27,15.5,15,15.15,635824
CAE,NYSE,2020/04/21 16:00:00,14.9,15.13,14.53,14.67,1265077
CAE,NYSE,2020/04/22 16:00:00,15.02,15.08,14.24,14.26,614044
CAE,NYSE,2020/04/23 16:00:00,14.33,14.52,13.98,14.16,610844
CAE,NYSE,2020/04/24 16:00:00,14.19,14.21,13.79,13.94,409102
CAE,NYSE,2020/04/27 16:00:00,14.05,14.92,13.97,14.76,414749
CAE,NYSE,2020/04/28 16:00:00,15.11,16.17,14.82,16.06,893857
CAE,NYSE,2020/04/29 16:00:00,16.6,17.5,16.49,17.14,559170
CAE,NYSE,2020/04/30 16:00:00,16.83,16.94,16.06,16.56,558235
CAE,NYSE,2020/05/01 16:00:00,16.18,16.2,15.81,16.08,525565
CAE,NYSE,2020/05/04 16:00:00,15.21,15.68,14.91,15.39,668452
CAE,NYSE,2020/05/05 16:00:00,15.57,16.07,15.26,15.44,481333
CAE,NYSE,2020/05/06 16:00:00,15.4,15.43,14.98,15.37,544512
CAE,NYSE,2020/05/07 16:00:00,15.53,15.82,15.23,15.37,612002
CAE,NYSE,2020/05/08 16:00:00,15.56,15.91,15.45,15.83,334395
CAE,NYSE,2020/05/11 16:00:00,15.55,15.82,15.37,15.68,234967
CAE,NYSE,2020/05/12 16:00:00,15.76,15.78,14.72,14.74,355830
CAE,NYSE,2020/05/13 16:00:00,14.7,14.7,13.72,14.15,621861
CAE,NYSE,2020/05/14 16:00:00,13.8,14.2,13.21,13.88,659347
CAE,NYSE,2020/05/15 16:00:00,13.79,14.06,13.46,13.68,1052275
CAE,NYSE,2020/05/18 16:00:00,14.14,15.15,14.14,14.99,544395
CAE,NYSE,2020/05/19 16:00:00,15,15.21,14.38,14.85,587241
CAE,NYSE,2020/05/20 16:00:00,15.07,15.3,14.59,14.7,695825
CAE,NYSE,2020/05/21 16:00:00,14.76,14.8,14.33,14.47,1115885
CAE,NYSE,2020/05/22 16:00:00,15.65,15.72,13.27,13.56,960239
CAE,NYSE,2020/05/26 16:00:00,13.68,14.43,13.61,14.29,977910
CAE,NYSE,2020/05/27 16:00:00,14.8,15.58,14.54,15.53,971367
CAE,NYSE,2020/05/28 16:00:00,15.77,16.01,15.38,15.6,812939
CAE,NYSE,2020/05/29 16:00:00,15.38,15.44,14.51,15.03,795059
CAE,NYSE,2020/06/01 16:00:00,14.97,15.44,14.76,15.29,403079
CAE,NYSE,2020/06/02 16:00:00,15.48,15.99,15.31,15.88,630948
CAE,NYSE,2020/06/03 16:00:00,16.1,17.67,16.03,17.39,1094957
CAE,NYSE,2020/06/04 16:00:00,17.35,18.07,16.78,17.93,726435
CAE,NYSE,2020/06/05 16:00:00,18.85,20.04,18.85,19.27,746436
CAE,NYSE,2020/06/08 16:00:00,19.68,21.22,19.59,20.88,701448
CAE,NYSE,2020/06/09 16:00:00,19.99,20.33,19.34,20.12,838436
CAE,NYSE,2020/06/10 16:00:00,20.08,20.29,19.25,20.03,637474
CAE,NYSE,2020/06/11 16:00:00,18.78,19.07,17.81,18,821343
CAE,NYSE,2020/06/12 16:00:00,18.73,19.03,17.33,17.86,608783
CAE,NYSE,2020/06/15 16:00:00,17.09,17.7,16.6,17.38,729157
CAE,NYSE,2020/06/16 16:00:00,18.06,18.25,17.23,17.47,510790
CAE,NYSE,2020/06/17 16:00:00,17.57,17.79,17.08,17.41,491594
CAE,NYSE,2020/06/18 16:00:00,17.26,17.4,16.86,17.03,510388
CAE,NYSE,2020/06/19 16:00:00,17.25,17.52,16.43,16.5,1074528
CAE,NYSE,2020/06/22 16:00:00,16.43,16.79,16.08,16.79,490537
CAE,NYSE,2020/06/23 16:00:00,16.97,17.03,16.67,16.75,438344
CAE,NYSE,2020/06/24 16:00:00,16.56,16.56,15.61,15.92,439040
CAE,NYSE,2020/06/25 16:00:00,15.83,16.23,15.83,15.97,335213
CAE,NYSE,2020/06/26 16:00:00,15.86,16.02,15.51,15.96,471649
CAE,NYSE,2020/06/29 16:00:00,16.14,16.45,15.95,16.28,444177
CAE,NYSE,2020/06/30 16:00:00,16.18,16.28,15.77,16.19,312736
CAE,NYSE,2020/07/01 16:00:00,15.88,16.3,15.6,15.65,415321
CAE,NYSE,2020/07/02 16:00:00,15.91,16.52,15.37,15.37,574439
CAE,NYSE,2020/07/06 16:00:00,15.65,15.96,15.56,15.78,331285
CAE,NYSE,2020/07/07 16:00:00,15.65,15.65,15.29,15.35,265223
CAE,NYSE,2020/07/08 16:00:00,15.36,15.53,15.05,15.16,293576
CAE,NYSE,2020/07/09 16:00:00,15.12,15.49,14.48,15.19,750114
CAE,NYSE,2020/07/10 16:00:00,15.17,15.48,15.07,15.37,332365
CAE,NYSE,2020/07/13 16:00:00,15.48,15.64,14.83,14.85,373943
CAE,NYSE,2020/07/14 16:00:00,14.77,14.78,14.5,14.72,312183
CAE,NYSE,2020/07/15 16:00:00,15.08,15.38,14.94,15.03,823146
CAE,NYSE,2020/07/16 16:00:00,14.81,14.95,14.69,14.74,445706
CAE,NYSE,2020/07/17 16:00:00,14.78,14.86,14.42,14.55,414678
CAE,NYSE,2020/07/20 16:00:00,14.55,15.04,14.4,14.97,554526
CAE,NYSE,2020/07/21 16:00:00,15.2,15.76,15.2,15.28,480293
CAE,NYSE,2020/07/22 16:00:00,15.03,15.33,14.97,15.12,292513
CAE,NYSE,2020/07/23 16:00:00,14.97,15.55,14.94,14.98,346470
CAE,NYSE,2020/07/24 16:00:00,14.85,14.96,14.62,14.71,229307
CAE,NYSE,2020/07/27 16:00:00,14.7,15.01,14.59,14.78,471783
CAE,NYSE,2020/07/28 16:00:00,14.76,14.88,14.65,14.85,232221
CAE,NYSE,2020/07/29 16:00:00,14.97,15.2,14.86,15.19,274170
CAE,NYSE,2020/07/30 16:00:00,14.83,15.17,14.7,15.08,359658
CAE,NYSE,2020/07/31 16:00:00,15.09,15.24,14.69,14.93,331348
CAE,NYSE,2020/08/03 16:00:00,14.82,14.82,14.51,14.69,234486
CAE,NYSE,2020/08/04 16:00:00,14.69,14.88,14.32,14.42,416831
CAE,NYSE,2020/08/05 16:00:00,14.48,15.22,14.48,15.16,318595
CAE,NYSE,2020/08/06 16:00:00,15.13,15.66,15.11,15.64,446086
CAE,NYSE,2020/08/07 16:00:00,15.5,15.5,14.98,15.24,336648
CAE,NYSE,2020/08/10 16:00:00,15.11,15.92,15.1,15.87,282327
CAE,NYSE,2020/08/11 16:00:00,16.13,16.68,16.13,16.48,414909
CAE,NYSE,2020/08/12 16:00:00,15.91,16.65,15.56,16.35,653526
CAE,NYSE,2020/08/13 16:00:00,16.67,16.72,15.88,15.96,457615
CAE,NYSE,2020/08/14 16:00:00,15.93,16.1,15.77,15.92,362255
CAE,NYSE,2020/08/17 16:00:00,15.93,16.22,15.77,15.81,428260
CAE,NYSE,2020/08/18 16:00:00,15.77,16.05,15.67,15.71,318393
CAE,NYSE,2020/08/19 16:00:00,15.73,15.83,15.03,15.08,255105
CAE,NYSE,2020/08/20 16:00:00,14.97,15.19,14.8,15.12,279583
CAE,NYSE,2020/08/21 16:00:00,15.05,15.1,14.55,14.55,267628
CAE,NYSE,2020/08/24 16:00:00,14.57,15.02,14.52,14.83,322468
CAE,NYSE,2020/08/25 16:00:00,14.99,15.43,14.92,15.28,234394
CAE,NYSE,2020/08/26 16:00:00,15.24,15.45,14.88,15.36,327513
CAE,NYSE,2020/08/27 16:00:00,15.31,15.82,15.31,15.8,614785
CAE,NYSE,2020/08/28 16:00:00,15.88,16.5,15.88,16.4,718394
CAE,NYSE,2020/08/31 16:00:00,16.37,16.49,15.71,15.81,650600
CAE,NYSE,2020/09/01 16:00:00,15.66,16.05,15.51,15.9,334125
CAE,NYSE,2020/09/02 16:00:00,15.9,16.07,15.61,15.88,186340
CAE,NYSE,2020/09/03 16:00:00,15.81,15.89,14.99,15.05,284280
CAE,NYSE,2020/09/04 16:00:00,15.17,15.53,14.9,15.2,317210
CAE,NYSE,2020/09/08 16:00:00,15.04,15.27,14.85,14.99,404077
CAE,NYSE,2020/09/09 16:00:00,15.11,15.12,14.8,14.89,345263
CAE,NYSE,2020/09/10 16:00:00,15.01,15.11,14.61,14.68,235423
CAE,NYSE,2020/09/11 16:00:00,14.72,15.13,14.58,14.95,320858
CAE,NYSE,2020/09/14 16:00:00,15.01,15.44,14.83,14.93,234044
CAE,NYSE,2020/09/15 16:00:00,15,15.36,14.89,14.95,341273
CAE,NYSE,2020/09/16 16:00:00,15.03,15.24,14.93,15.05,163185
CAE,NYSE,2020/09/17 16:00:00,14.8,15.34,14.78,15.26,254985
CAE,NYSE,2020/09/18 16:00:00,15.24,15.38,15.01,15.06,251267
CAE,NYSE,2020/09/21 16:00:00,14.95,14.95,14.29,14.34,612164
CAE,NYSE,2020/09/22 16:00:00,14.36,14.61,14.08,14.16,547313
CAE,NYSE,2020/09/23 16:00:00,14.18,14.67,14,14.09,557992
CAE,NYSE,2020/09/24 16:00:00,14.03,14.25,13.8,14.05,409620
CAE,NYSE,2020/09/25 16:00:00,13.93,14.26,13.88,14.15,435697
CAE,NYSE,2020/09/28 16:00:00,14.39,14.78,14.39,14.67,390456
CAE,NYSE,2020/09/29 16:00:00,14.7,14.7,14.35,14.42,749326
CAE,NYSE,2020/09/30 16:00:00,14.4,14.8,14.4,14.62,603949
CAE,NYSE,2020/10/01 16:00:00,15.24,16.03,15.08,15.29,821343
CAE,NYSE,2020/10/02 16:00:00,14.9,15.35,14.9,15.32,396123
CAE,NYSE,2020/10/05 16:00:00,15.54,15.69,15.39,15.53,354917
CAE,NYSE,2020/10/06 16:00:00,15.62,15.76,15.31,15.44,417810
CAE,NYSE,2020/10/07 16:00:00,15.64,16,15.64,15.81,360738
CAE,NYSE,2020/10/08 16:00:00,16,16.1,15.85,16.04,230379
CAE,NYSE,2020/10/09 16:00:00,16.12,16.31,15.92,16.12,240600
CAE,NYSE,2020/10/12 16:00:00,16.11,16.13,15.83,16.04,114432
CAE,NYSE,2020/10/13 16:00:00,15.87,16.24,15.87,16.09,293478
CAE,NYSE,2020/10/14 16:00:00,16.06,16.17,15.93,16.03,199436
CAE,NYSE,2020/10/15 16:00:00,15.84,15.84,15.54,15.74,158477
CAE,NYSE,2020/10/16 16:00:00,15.83,16.1,15.77,16.08,195604
CAE,NYSE,2020/10/19 16:00:00,16.16,16.82,16.13,16.72,337972
CAE,NYSE,2020/10/20 16:00:00,16.85,17.6,16.8,16.87,811399
CAE,NYSE,2020/10/21 16:00:00,16.8,17.49,16.77,17.38,792210
CAE,NYSE,2020/10/22 16:00:00,17.48,17.84,17.34,17.69,614664
CAE,NYSE,2020/10/23 16:00:00,17.76,18.43,17.74,18.3,488635
CAE,NYSE,2020/10/26 16:00:00,18.12,18.22,17.48,17.64,512976
CAE,NYSE,2020/10/27 16:00:00,17.56,17.91,17.56,17.69,497341
CAE,NYSE,2020/10/28 16:00:00,17.31,17.33,17.06,17.09,729595
CAE,NYSE,2020/10/29 16:00:00,16.7,17.06,16.7,17.03,537996
CAE,NYSE,2020/10/30 16:00:00,17.05,17.36,17,17.07,506532
CAE,NYSE,2020/11/02 16:00:00,17.29,17.49,16.99,17.35,344529
CAE,NYSE,2020/11/03 16:00:00,17.68,18.11,17.68,18.05,277259
CAE,NYSE,2020/11/04 16:00:00,18.1,18.13,17.64,17.86,356942
CAE,NYSE,2020/11/05 16:00:00,17.86,18.42,17.86,18.37,306469
CAE,NYSE,2020/11/06 16:00:00,18.36,18.46,18.07,18.09,292559
CAE,NYSE,2020/11/09 16:00:00,19.57,22.09,19.4,21.41,1147548
CAE,NYSE,2020/11/10 16:00:00,21.77,23.11,21.26,23.07,1047403
CAE,NYSE,2020/11/11 16:00:00,22.85,23.42,22.27,22.66,800215
CAE,NYSE,2020/11/12 16:00:00,22.17,22.55,21.71,22,781722
CAE,NYSE,2020/11/13 16:00:00,22.08,22.73,22.02,22.65,618875
CAE,NYSE,2020/11/16 16:00:00,23.32,24.21,23.05,23.97,449747
CAE,NYSE,2020/11/17 16:00:00,22.67,22.74,22.26,22.46,503876
CAE,NYSE,2020/11/18 16:00:00,22.68,23.07,22.56,22.98,469965
CAE,NYSE,2020/11/19 16:00:00,22.92,23.76,22.82,23.75,380076
CAE,NYSE,2020/11/20 16:00:00,23.77,24.18,23.77,24.09,386874
CAE,NYSE,2020/11/23 16:00:00,24.41,24.78,24.21,24.63,356320
CAE,NYSE,2020/11/24 16:00:00,24.87,26.22,24.53,25.92,553750
CAE,NYSE,2020/11/25 16:00:00,25.55,25.74,25.01,25.42,672317
CAE,NYSE,2020/11/27 13:00:00,25.3,25.87,25.29,25.55,224677
CAE,NYSE,2020/11/30 16:00:00,25.41,25.68,24.32,24.35,563254
CAE,NYSE,2020/12/01 16:00:00,24.74,24.96,24.33,24.44,333063
CAE,NYSE,2020/12/02 16:00:00,24.34,24.74,24.21,24.45,348641
CAE,NYSE,2020/12/03 16:00:00,24.62,25.38,24.53,25.02,310863
CAE,NYSE,2020/12/04 16:00:00,25.3,26.02,25.2,25.88,200206
CAE,NYSE,2020/12/07 16:00:00,25.8,25.8,25.05,25.42,260055
CAE,NYSE,2020/12/08 16:00:00,25.1,25.52,24.5,24.6,342652
CAE,NYSE,2020/12/09 16:00:00,24.77,25.15,24.28,24.62,262971
CAE,NYSE,2020/12/10 16:00:00,24.41,25.24,24.18,25.15,306846
CAE,NYSE,2020/12/11 16:00:00,24.77,24.78,24.18,24.41,197722
CAE,NYSE,2020/12/14 16:00:00,25.07,25.36,24.51,24.52,234363
CAE,NYSE,2020/12/15 16:00:00,24.74,25.83,24.61,25.68,442542
CAE,NYSE,2020/12/16 16:00:00,25.5,25.72,24.99,25.08,500906
CAE,NYSE,2020/12/17 16:00:00,26.01,26.07,25.57,25.97,380258
CAE,NYSE,2020/12/18 16:00:00,25.87,26.34,25.83,26.05,284510
CAE,NYSE,2020/12/21 16:00:00,25.45,25.95,24.89,25.88,250647
CAE,NYSE,2020/12/22 16:00:00,26.1,26.18,25.75,26.14,198495
CAE,NYSE,2020/12/23 16:00:00,26.29,27.29,26.29,27.09,268693
CAE,NYSE,2020/12/24 13:00:00,27.13,27.15,26.82,26.92,139846
CAE,NYSE,2020/12/28 16:00:00,27.09,27.35,27,27.09,117550
CAE,NYSE,2020/12/29 16:00:00,27.38,27.58,27.22,27.39,278222
CAE,NYSE,2020/12/30 16:00:00,27.58,27.96,27.38,27.88,306864
CAE,NYSE,2020/12/31 16:00:00,27.89,28.07,27.64,27.74,223139
CAE,NYSE,2021/01/04 16:00:00,27.75,27.86,26.47,26.61,500376
CAE,NYSE,2021/01/05 16:00:00,26.71,27.41,26.59,27.34,457295
CAE,NYSE,2021/01/06 16:00:00,27.45,28.2,26.85,27.19,281178
CAE,NYSE,2021/01/07 16:00:00,27.35,27.79,26.85,27.06,271767
CAE,NYSE,2021/01/08 16:00:00,27.2,27.22,26.69,27.09,197638
CAE,NYSE,2021/01/11 16:00:00,26.46,27.19,26.08,27.07,191723
CAE,NYSE,2021/01/12 16:00:00,27.21,27.47,27.01,27.25,175590
CAE,NYSE,2021/01/13 16:00:00,27.11,27.74,27.1,27.61,283074
CAE,NYSE,2021/01/14 16:00:00,27.76,28.28,27.75,27.83,259679
CAE,NYSE,2021/01/15 16:00:00,27.43,27.81,25.53,25.95,1477240
CAE,NYSE,2021/01/19 16:00:00,25.95,26.32,25.15,25.22,409627
CAE,NYSE,2021/01/20 16:00:00,25.22,25.35,24.88,25.04,347859
CAE,NYSE,2021/01/21 16:00:00,25.04,25.08,23.95,24.04,399871
CAE,NYSE,2021/01/22 16:00:00,23.81,24.23,23.45,23.52,407731
CAE,NYSE,2021/01/25 16:00:00,23.35,23.77,22.33,23.71,643044
CAE,NYSE,2021/01/26 16:00:00,24.06,24.06,22.97,23.15,404170
CAE,NYSE,2021/01/27 16:00:00,22.65,22.66,21.65,22.22,401960
CAE,NYSE,2021/01/28 16:00:00,22.58,23.22,22.33,23,381987
CAE,NYSE,2021/01/29 16:00:00,22.87,23.1,22.27,22.55,366644
CAE,NYSE,2021/02/01 16:00:00,22.86,23.43,22.69,23.27,316532
CAE,NYSE,2021/02/02 16:00:00,23.95,24.58,23.17,24.51,303136
CAE,NYSE,2021/02/03 16:00:00,24.37,24.76,24.37,24.61,209576
CAE,NYSE,2021/02/04 16:00:00,24.85,24.85,24.52,24.64,181542
CAE,NYSE,2021/02/05 16:00:00,24.8,25.62,24.8,25.11,227915
CAE,NYSE,2021/02/08 16:00:00,25.17,25.79,24.98,25.78,178876
CAE,NYSE,2021/02/09 16:00:00,25.55,25.95,25.43,25.83,246215
CAE,NYSE,2021/02/10 16:00:00,25.85,25.96,25.53,25.58,208975
CAE,NYSE,2021/02/11 16:00:00,25.59,25.74,25.33,25.57,265705
CAE,NYSE,2021/02/12 16:00:00,25.54,25.75,25.2,25.24,306610
CAE,NYSE,2021/02/16 16:00:00,25.44,25.58,24.73,24.86,245503
CAE,NYSE,2021/02/17 16:00:00,24.53,25.03,24.42,24.98,262118
CAE,NYSE,2021/02/18 16:00:00,24.68,24.83,24.36,24.73,223126
CAE,NYSE,2021/02/19 16:00:00,24.86,25.79,24.84,25.69,206009
CAE,NYSE,2021/02/22 16:00:00,25.34,26.13,25.31,25.98,247089
CAE,NYSE,2021/02/23 16:00:00,25.92,26.9,25.65,26.6,274532
CAE,NYSE,2021/02/24 16:00:00,26.82,27.58,26.46,27.36,224121
CAE,NYSE,2021/02/25 16:00:00,27.26,27.82,26.92,26.97,419916
CAE,NYSE,2021/02/26 16:00:00,26.88,26.96,26.34,26.47,270446
CAE,NYSE,2021/03/01 16:00:00,27.7,30.75,27.7,29.95,858950
CAE,NYSE,2021/03/02 16:00:00,30.13,30.63,29.08,29.16,374130
CAE,NYSE,2021/03/03 16:00:00,29.52,29.91,29.08,29.47,362292
CAE,NYSE,2021/03/04 16:00:00,29.4,29.91,29.07,29.45,455488
CAE,NYSE,2021/03/05 16:00:00,29.53,30.59,28.98,30.54,430675
CAE,NYSE,2021/03/08 16:00:00,30.52,31.17,30.46,30.58,384758
CAE,NYSE,2021/03/09 16:00:00,29.41,29.72,28.08,28.18,1042043
CAE,NYSE,2021/03/10 16:00:00,27.74,28.63,27.38,27.81,4414833
CAE,NYSE,2021/03/11 16:00:00,28.01,28.31,27.7,28.15,848166
CAE,NYSE,2021/03/12 16:00:00,28.08,28.33,28,28.14,665343
CAE,NYSE,2021/03/15 16:00:00,28.11,28.24,27.36,27.54,776201
CAE,NYSE,2021/03/16 16:00:00,27.58,28.25,26.97,28,774804
CAE,NYSE,2021/03/17 16:00:00,28.3,28.8,27.85,28.39,472589
CAE,NYSE,2021/03/18 16:00:00,28.18,28.44,27.88,28.11,677258
CAE,NYSE,2021/03/19 16:00:00,28.02,28.39,27.95,28.24,479181
CAE,NYSE,2021/03/22 16:00:00,28.25,28.25,27.87,27.93,321868
CAE,NYSE,2021/03/23 16:00:00,27.65,27.82,27.04,27.14,521752
CAE,NYSE,2021/03/24 16:00:00,27.31,27.9,27.15,27.28,617314
CAE,NYSE,2021/03/25 16:00:00,27.02,27.64,27.02,27.56,324842
CAE,NYSE,2021/03/26 16:00:00,28.01,28.18,27.56,28.17,348107
CAE,NYSE,2021/03/29 16:00:00,28.03,28.77,28.03,28.51,358317
CAE,NYSE,2021/03/30 16:00:00,28.59,28.64,28.31,28.39,307970
CAE,NYSE,2021/03/31 16:00:00,28.38,28.69,28.31,28.49,336720
CAE,NYSE,2021/04/01 16:00:00,28.53,28.96,28.43,28.83,191247
CAE,NYSE,2021/04/05 16:00:00,29.02,29.09,28.8,29,272770
CAE,NYSE,2021/04/06 16:00:00,28.85,29.43,28.85,29.28,381255
CAE,NYSE,2021/04/07 16:00:00,29.29,29.44,28.92,29.33,289563
CAE,NYSE,2021/04/08 16:00:00,29.37,30.2,29.25,30.16,458631
CAE,NYSE,2021/04/09 16:00:00,30.15,31.29,30.08,31.19,608006
ARW,NYSE,2019/04/01 16:00:00,77.89,78.97,77.49,78.85,585858
ARW,NYSE,2019/04/02 16:00:00,78.74,78.82,78.17,78.52,449925
ARW,NYSE,2019/04/03 16:00:00,79.19,80.26,78.94,79.86,550638
ARW,NYSE,2019/04/04 16:00:00,80.02,81.6,79.48,81.28,609202
ARW,NYSE,2019/04/05 16:00:00,81.58,82.48,81.45,82.4,760848
ARW,NYSE,2019/04/08 16:00:00,82,83.08,81.14,83.06,466684
ARW,NYSE,2019/04/09 16:00:00,82.79,83.06,81.88,81.92,326762
ARW,NYSE,2019/04/10 16:00:00,82.15,83.3,81.86,83.06,340421
ARW,NYSE,2019/04/11 16:00:00,83.12,83.68,82.79,83.38,333482
ARW,NYSE,2019/04/12 16:00:00,83.81,85.05,83.48,84.62,571920
ARW,NYSE,2019/04/15 16:00:00,84.52,84.85,84.17,84.49,412736
ARW,NYSE,2019/04/16 16:00:00,84.86,85.06,84.41,84.88,288209
ARW,NYSE,2019/04/17 16:00:00,85.5,85.5,83.9,84.14,445997
ARW,NYSE,2019/04/18 16:00:00,84.32,84.99,83.8,84.96,569140
ARW,NYSE,2019/04/22 16:00:00,84.49,84.62,83.37,83.7,305080
ARW,NYSE,2019/04/23 16:00:00,84,86.36,83.94,86.05,618659
ARW,NYSE,2019/04/24 16:00:00,85.88,86.62,85.54,86.1,457985
ARW,NYSE,2019/04/25 16:00:00,85.82,85.82,83.74,83.76,411476
ARW,NYSE,2019/04/26 16:00:00,83.75,85.06,83.2,84.98,577288
ARW,NYSE,2019/04/29 16:00:00,85.02,85.51,84.64,84.79,360590
ARW,NYSE,2019/04/30 16:00:00,84.62,84.86,83.52,84.51,367157
ARW,NYSE,2019/05/01 16:00:00,85.17,85.36,83.47,83.5,364503
ARW,NYSE,2019/05/02 16:00:00,81.59,81.59,74.69,75.19,1840166
ARW,NYSE,2019/05/03 16:00:00,75.1,76.26,75.1,76.15,804107
ARW,NYSE,2019/05/06 16:00:00,74.14,74.99,73.06,74.75,600863
ARW,NYSE,2019/05/07 16:00:00,73.63,74.25,72.84,73.41,569773
ARW,NYSE,2019/05/08 16:00:00,73.43,73.59,71.71,71.75,593369
ARW,NYSE,2019/05/09 16:00:00,70.68,71.14,69.79,70.82,781760
ARW,NYSE,2019/05/10 16:00:00,70.5,71.46,69.55,71.18,571591
ARW,NYSE,2019/05/13 16:00:00,69.19,69.89,68.1,68.1,747417
ARW,NYSE,2019/05/14 16:00:00,68.36,69.06,68.36,68.48,490875
ARW,NYSE,2019/05/15 16:00:00,67.82,69.18,67.56,68.86,505695
ARW,NYSE,2019/05/16 16:00:00,69.02,69.26,68.48,68.78,461596
ARW,NYSE,2019/05/17 16:00:00,67.88,68.5,66.3,66.45,1013470
ARW,NYSE,2019/05/20 16:00:00,65.67,67.67,65.19,66.73,677354
ARW,NYSE,2019/05/21 16:00:00,67.47,68.44,67.41,68.16,658080
ARW,NYSE,2019/05/22 16:00:00,67.82,68.4,66.33,66.41,752850
ARW,NYSE,2019/05/23 16:00:00,65.34,65.67,64.61,64.96,594436
ARW,NYSE,2019/05/24 16:00:00,65.51,65.88,64.87,65.26,511482
ARW,NYSE,2019/05/28 16:00:00,65.42,65.74,64.79,65.39,1205925
ARW,NYSE,2019/05/29 16:00:00,64.66,65.45,64.27,64.59,788587
ARW,NYSE,2019/05/30 16:00:00,64.59,65.63,64.08,64.56,483612
ARW,NYSE,2019/05/31 16:00:00,63.75,64.11,62.35,62.66,659718
ARW,NYSE,2019/06/03 16:00:00,62.69,64.3,62.66,63.56,666285
ARW,NYSE,2019/06/04 16:00:00,64.4,66.46,64.33,66.34,597639
ARW,NYSE,2019/06/05 16:00:00,66.71,67.01,65.07,65.8,563372
ARW,NYSE,2019/06/06 16:00:00,65.68,66.25,65,65.77,582771
ARW,NYSE,2019/06/07 16:00:00,66.2,66.88,65.71,66.58,450025
ARW,NYSE,2019/06/10 16:00:00,66.89,68.94,66.84,68.47,506330
ARW,NYSE,2019/06/11 16:00:00,69.59,70.14,69.21,69.67,567460
ARW,NYSE,2019/06/12 16:00:00,69.61,69.61,68.09,68.44,485909
ARW,NYSE,2019/06/13 16:00:00,68.55,69.39,68.4,69.16,432423
ARW,NYSE,2019/06/14 16:00:00,68.3,68.37,67.09,67.1,467279
ARW,NYSE,2019/06/17 16:00:00,66.89,67.58,66.39,66.99,436001
ARW,NYSE,2019/06/18 16:00:00,67.71,69.3,67.41,68.61,566877
ARW,NYSE,2019/06/19 16:00:00,69.03,69.3,68.54,69.26,495613
ARW,NYSE,2019/06/20 16:00:00,69.02,70.29,68.96,69.92,1107646
ARW,NYSE,2019/06/21 16:00:00,69.54,69.94,68.78,69.75,780349
ARW,NYSE,2019/06/24 16:00:00,69.86,70.57,69.33,69.48,339734
ARW,NYSE,2019/06/25 16:00:00,69.5,70.07,69.12,69.87,591180
ARW,NYSE,2019/06/26 16:00:00,70.5,71.26,70.04,70.09,541308
ARW,NYSE,2019/06/27 16:00:00,70.32,70.94,69.93,70.79,530740
ARW,NYSE,2019/06/28 16:00:00,70.93,71.74,70.55,71.27,644268
ARW,NYSE,2019/07/01 16:00:00,72.65,73.37,71.42,72.02,379115
ARW,NYSE,2019/07/02 16:00:00,71.17,71.31,69.25,69.98,617534
ARW,NYSE,2019/07/03 13:00:00,70.31,71.36,70.3,71.13,419081
ARW,NYSE,2019/07/05 16:00:00,70.48,71.24,69.88,71.23,270986
ARW,NYSE,2019/07/08 16:00:00,70.46,70.7,68.32,68.45,404268
ARW,NYSE,2019/07/09 16:00:00,67.91,68.98,67.81,68.95,681287
ARW,NYSE,2019/07/10 16:00:00,69.44,70.16,68.86,68.91,342187
ARW,NYSE,2019/07/11 16:00:00,68.57,68.76,66.88,67.3,517692
ARW,NYSE,2019/07/12 16:00:00,67.41,69.28,67.41,68.95,438624
ARW,NYSE,2019/07/15 16:00:00,69.34,69.36,68.16,68.9,366088
ARW,NYSE,2019/07/16 16:00:00,64.99,68.05,63.87,67.65,1856820
ARW,NYSE,2019/07/17 16:00:00,67.24,68.11,66.39,66.86,700212
ARW,NYSE,2019/07/18 16:00:00,67.07,67.83,66.47,67.25,696551
ARW,NYSE,2019/07/19 16:00:00,67.6,68.78,67.29,67.67,489306
ARW,NYSE,2019/07/22 16:00:00,67.9,69.29,67.82,68.83,882935
ARW,NYSE,2019/07/23 16:00:00,69.26,69.9,68.99,69.72,654577
ARW,NYSE,2019/07/24 16:00:00,69.71,72.07,69.53,71.81,608234
ARW,NYSE,2019/07/25 16:00:00,71.69,72,70.8,71.15,629088
ARW,NYSE,2019/07/26 16:00:00,71.2,71.84,70.75,71.71,634701
ARW,NYSE,2019/07/29 16:00:00,71.6,72.14,71.3,71.84,449664
ARW,NYSE,2019/07/30 16:00:00,71.1,72.66,70.81,72.63,623481
ARW,NYSE,2019/07/31 16:00:00,72.28,73.99,72.26,72.61,1103706
ARW,NYSE,2019/08/01 16:00:00,72.48,74.65,70.8,71.91,1323070
ARW,NYSE,2019/08/02 16:00:00,71.17,71.99,70.31,70.41,707921
ARW,NYSE,2019/08/05 16:00:00,68.92,69.52,68.22,68.86,887688
ARW,NYSE,2019/08/06 16:00:00,69.44,69.94,67.12,67.85,933378
ARW,NYSE,2019/08/07 16:00:00,66.8,68.28,66.42,67.88,743321
ARW,NYSE,2019/08/08 16:00:00,68.4,69.86,68.29,69.78,747828
ARW,NYSE,2019/08/09 16:00:00,69.24,69.46,68.16,68.74,432996
ARW,NYSE,2019/08/12 16:00:00,68.08,68.85,67.59,67.87,267066
ARW,NYSE,2019/08/13 16:00:00,67.54,69.83,67.35,69.12,655212
ARW,NYSE,2019/08/14 16:00:00,67.77,68.04,66.41,66.68,497759
ARW,NYSE,2019/08/15 16:00:00,66.73,67.17,65.68,66.04,387224
ARW,NYSE,2019/08/16 16:00:00,66.59,68.25,66.59,68.02,457096
ARW,NYSE,2019/08/19 16:00:00,69.41,70.01,68.46,68.49,596900
ARW,NYSE,2019/08/20 16:00:00,68.41,68.49,67.72,67.76,417662
ARW,NYSE,2019/08/21 16:00:00,68.57,69.2,68.43,68.66,361862
ARW,NYSE,2019/08/22 16:00:00,69.05,69.47,68.51,68.89,267817
ARW,NYSE,2019/08/23 16:00:00,68.26,69.34,67.18,67.31,493900
ARW,NYSE,2019/08/26 16:00:00,68.12,68.38,67.61,68.07,524901
ARW,NYSE,2019/08/27 16:00:00,68.42,68.58,66.25,67.38,929309
ARW,NYSE,2019/08/28 16:00:00,67,68,66.51,67.35,713590
ARW,NYSE,2019/08/29 16:00:00,68.41,70.22,68.41,69.19,623310
ARW,NYSE,2019/08/30 16:00:00,69.79,69.79,68.87,69.2,667051
ARW,NYSE,2019/09/03 16:00:00,68.45,68.67,67.55,68.09,583449
ARW,NYSE,2019/09/04 16:00:00,69.12,69.78,68.72,69.73,514510
ARW,NYSE,2019/09/05 16:00:00,70.5,72.47,69.92,72.18,536245
ARW,NYSE,2019/09/06 16:00:00,72.65,73.5,72.15,72.8,466835
ARW,NYSE,2019/09/09 16:00:00,73.09,74.33,72.26,74.22,483508
ARW,NYSE,2019/09/10 16:00:00,74.13,75.66,73.21,75.6,429627
ARW,NYSE,2019/09/11 16:00:00,75.93,76.64,75.14,76.56,422062
ARW,NYSE,2019/09/12 16:00:00,77,77.75,75.64,77.36,493222
ARW,NYSE,2019/09/13 16:00:00,77.72,77.86,76.52,76.62,518168
ARW,NYSE,2019/09/16 16:00:00,76.08,76.75,75.97,76.09,492831
ARW,NYSE,2019/09/17 16:00:00,75.76,75.76,74.38,75.3,475517
ARW,NYSE,2019/09/18 16:00:00,75.14,75.62,74.66,75.48,666211
ARW,NYSE,2019/09/19 16:00:00,75.78,76.14,74.65,74.8,808420
ARW,NYSE,2019/09/20 16:00:00,75.13,75.25,73.66,73.77,1642712
ARW,NYSE,2019/09/23 16:00:00,73.58,74.75,73.17,74.62,1087357
ARW,NYSE,2019/09/24 16:00:00,74.97,75.6,73.35,73.44,767507
ARW,NYSE,2019/09/25 16:00:00,73.8,75.58,73.18,74.65,1185640
ARW,NYSE,2019/09/26 16:00:00,74.7,74.7,73.73,74.45,920597
ARW,NYSE,2019/09/27 16:00:00,74.92,75.72,73.67,74.07,441059
ARW,NYSE,2019/09/30 16:00:00,74.26,74.75,73.77,74.58,677930
ARW,NYSE,2019/10/01 16:00:00,75.05,75.85,72.89,72.99,372707
ARW,NYSE,2019/10/02 16:00:00,72.33,72.99,71.51,72.72,738644
ARW,NYSE,2019/10/03 16:00:00,72.51,72.95,71.33,72.84,1472613
ARW,NYSE,2019/10/04 16:00:00,72.87,74.37,71.32,74.33,928290
ARW,NYSE,2019/10/07 16:00:00,74.04,74.34,72.71,72.72,1025865
ARW,NYSE,2019/10/08 16:00:00,72.18,72.32,71.27,71.32,524294
ARW,NYSE,2019/10/09 16:00:00,72.16,72.67,71.78,72.19,405062
ARW,NYSE,2019/10/10 16:00:00,72.32,73.44,72.22,73.16,571143
ARW,NYSE,2019/10/11 16:00:00,74.32,75.61,74.16,74.22,515045
ARW,NYSE,2019/10/14 16:00:00,74.06,74.33,73.54,73.89,571506
ARW,NYSE,2019/10/15 16:00:00,74.43,75.6,74.05,74.9,1310810
ARW,NYSE,2019/10/16 16:00:00,75,76.81,75,75.64,524643
ARW,NYSE,2019/10/17 16:00:00,76.09,76.19,75.38,76.05,432284
ARW,NYSE,2019/10/18 16:00:00,75.91,76.17,75.47,75.64,421996
ARW,NYSE,2019/10/21 16:00:00,76.24,76.75,75.69,76.12,323314
ARW,NYSE,2019/10/22 16:00:00,76.15,76.77,75.31,76.35,360218
ARW,NYSE,2019/10/23 16:00:00,76.03,76.95,75.54,76.58,424840
ARW,NYSE,2019/10/24 16:00:00,77.18,77.36,75.83,76.19,396114
ARW,NYSE,2019/10/25 16:00:00,76.1,77.64,75.25,77.17,429440
ARW,NYSE,2019/10/28 16:00:00,77.76,78.68,77.18,77.63,391264
ARW,NYSE,2019/10/29 16:00:00,77.18,78.55,77.18,78.29,634782
ARW,NYSE,2019/10/30 16:00:00,78.43,78.49,77.37,78.2,355405
ARW,NYSE,2019/10/31 16:00:00,78.61,80,78.14,79.28,908566
ARW,NYSE,2019/11/01 16:00:00,79.71,81.69,79.48,81.08,751653
ARW,NYSE,2019/11/04 16:00:00,81.94,82.33,81.18,81.89,653741
ARW,NYSE,2019/11/05 16:00:00,82.34,83.43,81.92,82.58,734678
ARW,NYSE,2019/11/06 16:00:00,82.58,82.76,81.75,82.04,792310
ARW,NYSE,2019/11/07 16:00:00,82.77,83.26,81.48,81.79,649549
ARW,NYSE,2019/11/08 16:00:00,80,82.11,80,81.73,401391
ARW,NYSE,2019/11/11 16:00:00,81.23,81.75,81.11,81.24,372184
ARW,NYSE,2019/11/12 16:00:00,81.33,81.77,80.57,80.6,365548
ARW,NYSE,2019/11/13 16:00:00,79.98,80.54,79.85,80.12,479321
ARW,NYSE,2019/11/14 16:00:00,80.09,80.28,79.56,80.01,576041
ARW,NYSE,2019/11/15 16:00:00,80.45,80.98,79.91,80.07,606111
ARW,NYSE,2019/11/18 16:00:00,79.92,79.92,78.77,79.45,989227
ARW,NYSE,2019/11/19 16:00:00,79.87,80.22,78.7,79.25,652464
ARW,NYSE,2019/11/20 16:00:00,79.02,79.57,78.31,78.84,547841
ARW,NYSE,2019/11/21 16:00:00,78.89,79.48,78.54,79.28,538467
ARW,NYSE,2019/11/22 16:00:00,79.58,79.97,79.25,79.3,336174
ARW,NYSE,2019/11/25 16:00:00,79.58,80.7,79.36,80.54,474637
ARW,NYSE,2019/11/26 16:00:00,80.56,80.91,79.85,80.15,931719
ARW,NYSE,2019/11/27 16:00:00,80.39,80.58,79.85,80.56,440065
ARW,NYSE,2019/11/29 13:00:00,80.15,80.8,79.59,79.64,283513
ARW,NYSE,2019/12/02 16:00:00,79.72,80.22,79.33,79.85,694069
ARW,NYSE,2019/12/03 16:00:00,79,79.47,78.19,79.41,494777
ARW,NYSE,2019/12/04 16:00:00,80.05,81.34,79.76,80.5,578535
ARW,NYSE,2019/12/05 16:00:00,80.89,81.54,80.89,81.16,358336
ARW,NYSE,2019/12/06 16:00:00,82.01,82.83,81.87,82.35,341413
ARW,NYSE,2019/12/09 16:00:00,82.25,82.54,81.94,82.18,591912
ARW,NYSE,2019/12/10 16:00:00,82.13,82.88,81.71,82.5,475105
ARW,NYSE,2019/12/11 16:00:00,82.55,83.44,82.34,83.29,401353
ARW,NYSE,2019/12/12 16:00:00,83.05,85.17,82.96,85.12,535017
ARW,NYSE,2019/12/13 16:00:00,85.13,85.65,84.13,84.45,615017
ARW,NYSE,2019/12/16 16:00:00,84.75,85.39,84.36,84.99,440071
ARW,NYSE,2019/12/17 16:00:00,85.49,85.49,84.38,84.61,495699
ARW,NYSE,2019/12/18 16:00:00,84.69,84.69,83.95,84.09,584621
ARW,NYSE,2019/12/19 16:00:00,84.11,84.9,83.73,84.43,654013
ARW,NYSE,2019/12/20 16:00:00,84.53,85.28,84.53,84.76,1176145
ARW,NYSE,2019/12/23 16:00:00,84.97,85.29,84.44,84.74,492386
ARW,NYSE,2019/12/24 13:00:00,84.69,84.98,84.4,84.46,155468
ARW,NYSE,2019/12/26 16:00:00,84.62,84.85,84.4,84.78,188301
ARW,NYSE,2019/12/27 16:00:00,85.11,85.26,84.44,84.52,285025
ARW,NYSE,2019/12/30 16:00:00,84.63,84.98,84.19,84.41,310595
ARW,NYSE,2019/12/31 16:00:00,84.2,85.2,84.2,84.74,374117
ARW,NYSE,2020/01/02 16:00:00,85.64,85.8,84.42,85.79,329523
ARW,NYSE,2020/01/03 16:00:00,84.69,85.01,84.17,84.65,343398
ARW,NYSE,2020/01/06 16:00:00,83.84,84.08,83.19,83.19,583473
ARW,NYSE,2020/01/07 16:00:00,83.42,85.27,82.59,85.01,631473
ARW,NYSE,2020/01/08 16:00:00,84.86,85.33,83.63,84.19,768822
ARW,NYSE,2020/01/09 16:00:00,84.61,84.86,84.02,84.75,397960
ARW,NYSE,2020/01/10 16:00:00,85.26,85.66,84.09,84.47,473087
ARW,NYSE,2020/01/13 16:00:00,83.52,84.88,83.52,84.88,339654
ARW,NYSE,2020/01/14 16:00:00,84.7,85.18,84.07,84.15,575708
ARW,NYSE,2020/01/15 16:00:00,84.09,84.97,83.56,83.97,415078
ARW,NYSE,2020/01/16 16:00:00,84.41,84.93,83.7,84.15,477386
ARW,NYSE,2020/01/17 16:00:00,84.36,84.36,82.06,82.32,798229
ARW,NYSE,2020/01/21 16:00:00,81.87,82.9,81.61,81.73,771664
ARW,NYSE,2020/01/22 16:00:00,82.23,82.44,81.66,81.99,505033
ARW,NYSE,2020/01/23 16:00:00,81.77,82.56,80.93,82.12,681073
ARW,NYSE,2020/01/24 16:00:00,82.66,82.84,81.18,81.52,344321
ARW,NYSE,2020/01/27 16:00:00,80.19,80.27,79.14,79.3,442554
ARW,NYSE,2020/01/28 16:00:00,79.78,80.04,79.01,79.76,543772
ARW,NYSE,2020/01/29 16:00:00,79.98,80.4,79.09,79.12,383312
ARW,NYSE,2020/01/30 16:00:00,78.34,78.87,77.61,78.58,561505
ARW,NYSE,2020/01/31 16:00:00,78.2,78.88,75.52,75.94,597350
ARW,NYSE,2020/02/03 16:00:00,76.21,76.83,75.52,75.6,578288
ARW,NYSE,2020/02/04 16:00:00,76.71,77.03,75.99,76.74,906523
ARW,NYSE,2020/02/05 16:00:00,77.55,79.01,76.37,78.3,641215
ARW,NYSE,2020/02/06 16:00:00,79.01,83.46,78.74,79.42,918863
ARW,NYSE,2020/02/07 16:00:00,78.66,78.66,77.22,77.27,870786
ARW,NYSE,2020/02/10 16:00:00,76.78,77.72,76.47,77.11,627016
ARW,NYSE,2020/02/11 16:00:00,77.51,78.35,77.46,77.97,497481
ARW,NYSE,2020/02/12 16:00:00,78.59,80.45,78.59,80.34,656742
ARW,NYSE,2020/02/13 16:00:00,79.77,79.93,78.41,79.21,440678
ARW,NYSE,2020/02/14 16:00:00,79.36,79.51,78.6,79.19,374650
ARW,NYSE,2020/02/18 16:00:00,78.63,79.01,78.2,78.6,592771
ARW,NYSE,2020/02/19 16:00:00,78.86,79.39,78.81,79.22,587178
ARW,NYSE,2020/02/20 16:00:00,78.98,80.3,78.87,80,541913
ARW,NYSE,2020/02/21 16:00:00,79.44,79.5,77.75,77.99,730933
ARW,NYSE,2020/02/24 16:00:00,75.84,76.07,74.73,75.05,527638
ARW,NYSE,2020/02/25 16:00:00,75.32,75.32,72.08,72.57,703594
ARW,NYSE,2020/02/26 16:00:00,73.11,73.72,71.13,71.18,658223
ARW,NYSE,2020/02/27 16:00:00,69.49,70.59,67.77,67.8,672425
ARW,NYSE,2020/02/28 16:00:00,65.82,68.01,64.2,67.06,1410311
ARW,NYSE,2020/03/02 16:00:00,67.72,68.87,65.8,68.81,707193
ARW,NYSE,2020/03/03 16:00:00,68.64,69.85,67.5,67.62,771138
ARW,NYSE,2020/03/04 16:00:00,68.76,69.75,66.87,69.59,493054
ARW,NYSE,2020/03/05 16:00:00,67.59,68.67,67.4,68.3,733541
ARW,NYSE,2020/03/06 16:00:00,65.83,68.54,65.63,67.65,1028954
ARW,NYSE,2020/03/09 16:00:00,60.67,62.98,60.29,60.65,827518
ARW,NYSE,2020/03/10 16:00:00,63.02,63.35,58.87,61.95,947890
ARW,NYSE,2020/03/11 16:00:00,60.1,60.62,57.53,58.17,938428
ARW,NYSE,2020/03/12 16:00:00,54.77,56.06,48.75,52.9,913989
ARW,NYSE,2020/03/13 16:00:00,52.43,56.89,51.29,56.81,797945
ARW,NYSE,2020/03/16 16:00:00,52.44,52.97,49.35,49.73,933162
ARW,NYSE,2020/03/17 16:00:00,50.39,50.71,44.73,48.38,842049
ARW,NYSE,2020/03/18 16:00:00,44.79,45.84,39.25,41.06,908748
ARW,NYSE,2020/03/19 16:00:00,40.58,45.59,39.56,44.76,1049095
ARW,NYSE,2020/03/20 16:00:00,44.95,48.52,44.9,46.86,2108755
ARW,NYSE,2020/03/23 16:00:00,46.5,47.9,43.73,45.45,809211
ARW,NYSE,2020/03/24 16:00:00,48.04,52.27,47.22,52.27,860642
ARW,NYSE,2020/03/25 16:00:00,52.57,54.72,49.12,52.12,580366
ARW,NYSE,2020/03/26 16:00:00,52.9,54.57,50.82,54.12,740567
ARW,NYSE,2020/03/27 16:00:00,52.21,52.21,50.02,50.23,772010
ARW,NYSE,2020/03/30 16:00:00,50.31,54.05,48.59,53.72,823613
ARW,NYSE,2020/03/31 16:00:00,53.56,55.68,51.31,51.87,1280142
ARW,NYSE,2020/04/01 16:00:00,50,51.67,48.98,50.17,509414
ARW,NYSE,2020/04/02 16:00:00,49.89,52.43,49.55,51.16,692519
ARW,NYSE,2020/04/03 16:00:00,50.74,52.54,49.64,50.68,553634
ARW,NYSE,2020/04/06 16:00:00,53.27,55.96,53.06,55.53,621137
ARW,NYSE,2020/04/07 16:00:00,58.23,60.12,54.65,54.85,928624
ARW,NYSE,2020/04/08 16:00:00,55.78,57.93,55.14,57.57,572125
ARW,NYSE,2020/04/09 16:00:00,59.32,60.97,58.75,59.2,629125
ARW,NYSE,2020/04/13 16:00:00,58.79,58.85,56.44,57.4,378456
ARW,NYSE,2020/04/14 16:00:00,56.32,59.3,56.32,57.35,378633
ARW,NYSE,2020/04/15 16:00:00,54.97,56,53.25,54.27,505310
ARW,NYSE,2020/04/16 16:00:00,54.44,54.53,52.69,54.33,478029
ARW,NYSE,2020/04/17 16:00:00,55.98,57.33,54.97,55.29,603447
ARW,NYSE,2020/04/20 16:00:00,54.07,54.92,53.16,53.18,593014
ARW,NYSE,2020/04/21 16:00:00,51.7,52.17,50.47,50.87,855175
ARW,NYSE,2020/04/22 16:00:00,52.43,53.82,51.9,53.21,665221
ARW,NYSE,2020/04/23 16:00:00,53.85,55.06,53.57,53.65,430675
ARW,NYSE,2020/04/24 16:00:00,54.7,55.61,53.66,55.2,1059350
ARW,NYSE,2020/04/27 16:00:00,55.65,59.38,55.52,58.71,831463
ARW,NYSE,2020/04/28 16:00:00,61.55,61.92,58.55,59.15,827977
ARW,NYSE,2020/04/29 16:00:00,59.93,62.68,59.52,62.01,693971
ARW,NYSE,2020/04/30 16:00:00,61.04,65.04,61.03,62.92,1207944
ARW,NYSE,2020/05/01 16:00:00,61.8,62.97,60.07,62.39,1136322
ARW,NYSE,2020/05/04 16:00:00,61.34,63.26,59.77,61.03,637590
ARW,NYSE,2020/05/05 16:00:00,61.96,64.14,61.34,61.39,495309
ARW,NYSE,2020/05/06 16:00:00,62.02,62.36,60.41,60.54,528625
ARW,NYSE,2020/05/07 16:00:00,62.02,62.97,61.69,62.14,417968
ARW,NYSE,2020/05/08 16:00:00,63.1,65.63,63.04,65.46,1010070
ARW,NYSE,2020/05/11 16:00:00,64.49,65.22,63.25,64.24,783503
ARW,NYSE,2020/05/12 16:00:00,64.14,64.55,61.76,61.77,756624
ARW,NYSE,2020/05/13 16:00:00,61.44,61.98,59.77,60.48,991855
ARW,NYSE,2020/05/14 16:00:00,59.22,61.66,58.16,61.43,662802
ARW,NYSE,2020/05/15 16:00:00,60.61,62.05,60.46,61.66,527174
ARW,NYSE,2020/05/18 16:00:00,64.1,66.36,63.91,65.94,930746
ARW,NYSE,2020/05/19 16:00:00,65.59,67.45,65.39,65.78,989447
ARW,NYSE,2020/05/20 16:00:00,66.81,68.34,66.71,67.78,621824
ARW,NYSE,2020/05/21 16:00:00,67.56,68.34,67.05,67.19,737560
ARW,NYSE,2020/05/22 16:00:00,67.03,67.03,65.89,66.51,441583
ARW,NYSE,2020/05/26 16:00:00,68.99,71.28,68.95,70.32,1086036
ARW,NYSE,2020/05/27 16:00:00,71.46,72.11,69.91,71.05,729386
ARW,NYSE,2020/05/28 16:00:00,71.29,71.51,67.63,67.84,992601
ARW,NYSE,2020/05/29 16:00:00,67.54,69.33,67.03,69.08,1004171
ARW,NYSE,2020/06/01 16:00:00,68.98,70.43,68.47,69.64,452987
ARW,NYSE,2020/06/02 16:00:00,70.66,70.84,69.78,70.55,438000
ARW,NYSE,2020/06/03 16:00:00,71.49,73.75,71.49,73.53,426014
ARW,NYSE,2020/06/04 16:00:00,72.53,74,72.21,73.79,647292
ARW,NYSE,2020/06/05 16:00:00,76.79,77.43,76.02,76.08,548405
ARW,NYSE,2020/06/08 16:00:00,76.47,77.71,76.18,77.2,543489
ARW,NYSE,2020/06/09 16:00:00,75.83,75.92,74.4,74.42,630872
ARW,NYSE,2020/06/10 16:00:00,74.66,74.66,71.67,71.75,686977
ARW,NYSE,2020/06/11 16:00:00,68.91,69.19,65.33,65.39,575314
ARW,NYSE,2020/06/12 16:00:00,67.83,68.32,64.07,66.2,710465
ARW,NYSE,2020/06/15 16:00:00,64.36,67.48,63.28,66.57,823947
ARW,NYSE,2020/06/16 16:00:00,69.21,69.78,66.77,67.62,877560
ARW,NYSE,2020/06/17 16:00:00,67.62,67.62,65.98,66.63,696607
ARW,NYSE,2020/06/18 16:00:00,66.07,67.18,65.51,65.79,485471
ARW,NYSE,2020/06/19 16:00:00,66.33,67.88,65.59,66.24,1128417
ARW,NYSE,2020/06/22 16:00:00,65.82,67.56,64.89,67.53,674140
ARW,NYSE,2020/06/23 16:00:00,68.58,68.71,67.27,67.4,611378
ARW,NYSE,2020/06/24 16:00:00,66.68,67.04,64.65,64.81,502003
ARW,NYSE,2020/06/25 16:00:00,64.18,65.46,63.65,65.36,624795
ARW,NYSE,2020/06/26 16:00:00,64.93,65.81,64.23,65.16,1069782
ARW,NYSE,2020/06/29 16:00:00,66,68.16,65.8,67.42,550645
ARW,NYSE,2020/06/30 16:00:00,67.31,69.05,67.14,68.69,448127
ARW,NYSE,2020/07/01 16:00:00,68.62,69.08,65.81,65.92,591028
ARW,NYSE,2020/07/02 16:00:00,67.17,67.91,66.13,66.47,470280
ARW,NYSE,2020/07/06 16:00:00,68.07,68.6,66.99,67.69,390495
ARW,NYSE,2020/07/07 16:00:00,66.79,67.54,65.9,66.05,367313
ARW,NYSE,2020/07/08 16:00:00,66.37,67.02,65.42,66.65,478033
ARW,NYSE,2020/07/09 16:00:00,66.61,67.02,65.13,66.24,417245
ARW,NYSE,2020/07/10 16:00:00,66.11,66.62,65.72,66.12,273531
ARW,NYSE,2020/07/13 16:00:00,67.15,67.31,65.27,65.35,652346
ARW,NYSE,2020/07/14 16:00:00,65.24,66.41,64.15,66.34,377374
ARW,NYSE,2020/07/15 16:00:00,67.93,68.25,66.63,67.77,811929
ARW,NYSE,2020/07/16 16:00:00,67.74,68.44,67.12,67.68,342703
ARW,NYSE,2020/07/17 16:00:00,68.2,68.2,67.11,68.04,316985
ARW,NYSE,2020/07/20 16:00:00,67.66,68.04,67.08,67.56,322264
ARW,NYSE,2020/07/21 16:00:00,67.86,68.72,67.1,67.15,562690
ARW,NYSE,2020/07/22 16:00:00,67.14,68.08,66.96,67.62,983801
ARW,NYSE,2020/07/23 16:00:00,67.71,69.71,67.51,68.81,549387
ARW,NYSE,2020/07/24 16:00:00,68.41,68.72,67.18,67.35,462648
ARW,NYSE,2020/07/27 16:00:00,67.95,69.16,67.4,69.08,347574
ARW,NYSE,2020/07/28 16:00:00,68.51,68.51,66.84,67.01,245644
ARW,NYSE,2020/07/29 16:00:00,67.21,69.07,67.21,68.7,380111
ARW,NYSE,2020/07/30 16:00:00,67.51,70.03,66.5,69.69,598709
ARW,NYSE,2020/07/31 16:00:00,69.71,71.73,68.79,71.62,749762
ARW,NYSE,2020/08/03 16:00:00,72.16,72.99,71.65,72.54,532400
ARW,NYSE,2020/08/04 16:00:00,72.4,73.7,72.4,73.68,458549
ARW,NYSE,2020/08/05 16:00:00,74.9,75.11,73.85,74.81,561332
ARW,NYSE,2020/08/06 16:00:00,74.57,75.6,74.2,74.65,467976
ARW,NYSE,2020/08/07 16:00:00,73.89,74.65,73.5,74.2,654820
ARW,NYSE,2020/08/10 16:00:00,74.2,75.03,74.02,74.55,573887
ARW,NYSE,2020/08/11 16:00:00,75.48,77.47,75.48,76.29,568003
ARW,NYSE,2020/08/12 16:00:00,76.98,77.49,76.1,76.4,573354
ARW,NYSE,2020/08/13 16:00:00,76.01,76.59,75.62,75.97,420747
ARW,NYSE,2020/08/14 16:00:00,75.41,76.39,75.07,75.82,400697
ARW,NYSE,2020/08/17 16:00:00,76.27,76.81,75.86,76.51,389076
ARW,NYSE,2020/08/18 16:00:00,76.22,76.27,75.31,75.61,741647
ARW,NYSE,2020/08/19 16:00:00,75.62,77.14,75.55,76.13,371141
ARW,NYSE,2020/08/20 16:00:00,75.3,75.94,74.74,74.82,377638
ARW,NYSE,2020/08/21 16:00:00,74.42,75.42,74.35,75.26,337794
ARW,NYSE,2020/08/24 16:00:00,76.13,77.54,76.13,77.18,1076055
ARW,NYSE,2020/08/25 16:00:00,77,77.18,75.47,76.67,623049
ARW,NYSE,2020/08/26 16:00:00,76.77,77.31,75.99,76.66,367112
ARW,NYSE,2020/08/27 16:00:00,77.22,77.27,76.26,76.49,601364
ARW,NYSE,2020/08/28 16:00:00,76.91,78.05,76.57,77.9,346110
ARW,NYSE,2020/08/31 16:00:00,79.03,79.15,78.02,78.56,893788
ARW,NYSE,2020/09/01 16:00:00,78.23,79.03,77.54,78.67,546548
ARW,NYSE,2020/09/02 16:00:00,78.99,81.63,78.9,81.45,412376
ARW,NYSE,2020/09/03 16:00:00,81.33,81.53,78.16,78.63,710947
ARW,NYSE,2020/09/04 16:00:00,79.38,79.77,76.8,77.95,575271
ARW,NYSE,2020/09/08 16:00:00,76.72,76.89,75.24,75.73,827798
ARW,NYSE,2020/09/09 16:00:00,76.24,78.94,76.24,78.42,858555
ARW,NYSE,2020/09/10 16:00:00,78.78,79.68,77.49,77.71,678399
ARW,NYSE,2020/09/11 16:00:00,78.39,79.62,77.82,78.94,593108
ARW,NYSE,2020/09/14 16:00:00,80.12,81.02,79.67,79.99,737039
ARW,NYSE,2020/09/15 16:00:00,80.56,80.99,79.92,80.5,661885
ARW,NYSE,2020/09/16 16:00:00,81,81.78,79.9,80.12,978640
ARW,NYSE,2020/09/17 16:00:00,78.94,80.4,77.68,79.81,717755
ARW,NYSE,2020/09/18 16:00:00,80.32,81.05,79.37,79.85,1211868
ARW,NYSE,2020/09/21 16:00:00,78.21,78.54,75.27,77.07,612734
ARW,NYSE,2020/09/22 16:00:00,77.34,78.59,77.01,78.08,482576
ARW,NYSE,2020/09/23 16:00:00,77.91,79.58,77.05,77.05,587411
ARW,NYSE,2020/09/24 16:00:00,76.83,78.12,76.1,77.46,462840
ARW,NYSE,2020/09/25 16:00:00,77.11,78.33,76.73,77.98,294323
ARW,NYSE,2020/09/28 16:00:00,79.01,80.31,79.01,79.6,661183
ARW,NYSE,2020/09/29 16:00:00,79.51,79.63,78.18,78.54,509924
ARW,NYSE,2020/09/30 16:00:00,78.98,79.71,78.03,78.66,536973
ARW,NYSE,2020/10/01 16:00:00,79.53,79.75,78.16,79.02,495991
ARW,NYSE,2020/10/02 16:00:00,77.45,79.78,77.14,79.34,469225
ARW,NYSE,2020/10/05 16:00:00,80,82.39,79.77,81.69,1147621
ARW,NYSE,2020/10/06 16:00:00,81.93,83.93,81.77,82.01,615049
ARW,NYSE,2020/10/07 16:00:00,82.94,84.77,82.9,84.43,381498
ARW,NYSE,2020/10/08 16:00:00,84.99,84.99,83.46,83.65,465574
ARW,NYSE,2020/10/09 16:00:00,84.4,84.5,83.06,83.45,416595
ARW,NYSE,2020/10/12 16:00:00,83.87,84.59,83.56,83.93,375131
ARW,NYSE,2020/10/13 16:00:00,83.67,84.02,83.03,83.5,282040
ARW,NYSE,2020/10/14 16:00:00,83.65,84.34,83.55,83.57,367636
ARW,NYSE,2020/10/15 16:00:00,82.41,84.35,82.3,84.22,290038
ARW,NYSE,2020/10/16 16:00:00,84.85,85.27,84.17,84.18,274012
ARW,NYSE,2020/10/19 16:00:00,84.77,85.25,83.5,83.7,295643
ARW,NYSE,2020/10/20 16:00:00,84.38,85.26,83.67,83.75,443598
ARW,NYSE,2020/10/21 16:00:00,83.91,84.71,82.73,82.74,405388
ARW,NYSE,2020/10/22 16:00:00,83.14,84.49,82.77,84.05,412925
ARW,NYSE,2020/10/23 16:00:00,84.65,84.81,83.21,83.49,456394
ARW,NYSE,2020/10/26 16:00:00,82.33,82.33,78.75,80.36,502287
ARW,NYSE,2020/10/27 16:00:00,80.41,81.31,79.5,79.54,444304
ARW,NYSE,2020/10/28 16:00:00,77.77,78.34,76.46,76.55,446788
ARW,NYSE,2020/10/29 16:00:00,76.71,79.66,76.71,77.5,662651
ARW,NYSE,2020/10/30 16:00:00,77.43,78.69,77.08,77.89,801575
ARW,NYSE,2020/11/02 16:00:00,78.9,80.1,78.48,79.8,369670
ARW,NYSE,2020/11/03 16:00:00,80.93,81.61,80.57,81.18,363512
ARW,NYSE,2020/11/04 16:00:00,81.35,82.23,80.14,81.04,371941
ARW,NYSE,2020/11/05 16:00:00,81.96,84.49,81.96,84.02,426439
ARW,NYSE,2020/11/06 16:00:00,84.25,85.11,83.86,84.78,304752
ARW,NYSE,2020/11/09 16:00:00,88.71,90.98,85.66,85.74,677374
ARW,NYSE,2020/11/10 16:00:00,86.3,86.85,84.77,85.15,654550
ARW,NYSE,2020/11/11 16:00:00,85.78,86.4,84.29,86.37,500994
ARW,NYSE,2020/11/12 16:00:00,85.95,86.57,84.16,84.79,404067
ARW,NYSE,2020/11/13 16:00:00,85.6,87.47,85.6,87,316129
ARW,NYSE,2020/11/16 16:00:00,87.8,88.31,87.16,88.1,639906
ARW,NYSE,2020/11/17 16:00:00,87.29,88.92,86.44,88.27,503300
ARW,NYSE,2020/11/18 16:00:00,88.42,89.49,87.49,87.51,455421
ARW,NYSE,2020/11/19 16:00:00,87.14,88.53,86.9,88.44,474529
ARW,NYSE,2020/11/20 16:00:00,88.47,89.35,87.68,88.83,555772
ARW,NYSE,2020/11/23 16:00:00,89.48,90.51,89.38,90.02,418869
ARW,NYSE,2020/11/24 16:00:00,90.54,94.37,90.12,93.81,546786
ARW,NYSE,2020/11/25 16:00:00,93.89,93.89,92.19,92.74,467803
ARW,NYSE,2020/11/27 13:00:00,91.96,93.58,91.17,93.01,319545
ARW,NYSE,2020/11/30 16:00:00,92.85,92.85,91.01,91.65,924678
ARW,NYSE,2020/12/01 16:00:00,93.08,94.17,92.25,92.68,564273
ARW,NYSE,2020/12/02 16:00:00,92.48,94.35,92.47,93.65,455933
ARW,NYSE,2020/12/03 16:00:00,93.65,94.73,93.25,94.38,549347
ARW,NYSE,2020/12/04 16:00:00,95,96.55,94.89,96.28,512620
ARW,NYSE,2020/12/07 16:00:00,96,97.03,95.72,96.87,420849
ARW,NYSE,2020/12/08 16:00:00,96.02,97.3,95.58,96.11,363086
ARW,NYSE,2020/12/09 16:00:00,96.26,96.49,94.44,94.95,419918
ARW,NYSE,2020/12/10 16:00:00,93.92,96.09,93.78,95.72,387677
ARW,NYSE,2020/12/11 16:00:00,95,96.39,95,95.8,405999
ARW,NYSE,2020/12/14 16:00:00,96.69,97.16,95.04,95.08,379130
ARW,NYSE,2020/12/15 16:00:00,96.43,98.21,95.62,98.2,446566
ARW,NYSE,2020/12/16 16:00:00,98.7,98.7,97.29,98.05,509421
ARW,NYSE,2020/12/17 16:00:00,98.73,99.31,97.91,99.2,530096
ARW,NYSE,2020/12/18 16:00:00,99.54,100.14,96.96,97.86,1113720
ARW,NYSE,2020/12/21 16:00:00,96.29,97.13,94.9,96.75,408044
ARW,NYSE,2020/12/22 16:00:00,97.09,97.26,94.25,95.86,311373
ARW,NYSE,2020/12/23 16:00:00,96.52,97.2,95.44,96.62,289395
ARW,NYSE,2020/12/24 13:00:00,96.79,97.28,95.9,97.12,97125
ARW,NYSE,2020/12/28 16:00:00,97.95,98.22,97.11,97.51,221509
ARW,NYSE,2020/12/29 16:00:00,97.86,97.86,95.73,96.12,258988
ARW,NYSE,2020/12/30 16:00:00,96.75,97.9,96.69,96.93,213038
ARW,NYSE,2020/12/31 16:00:00,97.14,97.86,96.49,97.3,231813
ARW,NYSE,2021/01/04 16:00:00,98.1,98.96,96.33,97.62,312037
ARW,NYSE,2021/01/05 16:00:00,97.65,101.63,97.65,100.5,460683
ARW,NYSE,2021/01/06 16:00:00,101.36,104.68,101.36,103.41,604310
ARW,NYSE,2021/01/07 16:00:00,104.28,105.69,103.62,105.64,428063
ARW,NYSE,2021/01/08 16:00:00,106.09,106.48,103.66,104.35,404213
ARW,NYSE,2021/01/11 16:00:00,103.2,104.47,102.24,104,382241
ARW,NYSE,2021/01/12 16:00:00,104.44,105.54,103.48,104.77,469122
ARW,NYSE,2021/01/13 16:00:00,104.56,105.11,103.57,103.69,477742
ARW,NYSE,2021/01/14 16:00:00,104.28,105.54,103.96,104.11,311985
ARW,NYSE,2021/01/15 16:00:00,103.27,104.6,102.78,103.89,295817
ARW,NYSE,2021/01/19 16:00:00,104.64,105.89,104.09,105.38,444752
ARW,NYSE,2021/01/20 16:00:00,106.11,108.09,106.11,106.88,350738
ARW,NYSE,2021/01/21 16:00:00,107.11,108.27,106.37,106.7,361340
ARW,NYSE,2021/01/22 16:00:00,105.71,106.77,104.26,104.89,252656
ARW,NYSE,2021/01/25 16:00:00,104.75,106.28,104.23,104.91,340667
ARW,NYSE,2021/01/26 16:00:00,105.69,105.69,102.69,103.7,338894
ARW,NYSE,2021/01/27 16:00:00,101.88,102.99,99.5,101.47,464152
ARW,NYSE,2021/01/28 16:00:00,102.56,102.56,100.68,101.17,376639
ARW,NYSE,2021/01/29 16:00:00,100.64,100.97,97.58,97.63,628323
ARW,NYSE,2021/02/01 16:00:00,98.72,100.7,97.4,100.33,441409
ARW,NYSE,2021/02/02 16:00:00,101.46,101.57,98.46,100.26,618123
ARW,NYSE,2021/02/03 16:00:00,100.62,101.54,99.01,99.96,469575
ARW,NYSE,2021/02/04 16:00:00,102,104,98.09,100.95,653336
ARW,NYSE,2021/02/05 16:00:00,101.97,103.18,99.26,100.41,457878
ARW,NYSE,2021/02/08 16:00:00,100.89,102.74,99.94,102.69,409438
ARW,NYSE,2021/02/09 16:00:00,102.17,104,101.72,103.76,515448
ARW,NYSE,2021/02/10 16:00:00,104.39,104.79,102.84,102.91,445512
ARW,NYSE,2021/02/11 16:00:00,103.58,104.34,102.02,104.1,502805
ARW,NYSE,2021/02/12 16:00:00,103.45,105.22,102.77,105.08,558710
ARW,NYSE,2021/02/16 16:00:00,105.19,108,104.71,107.25,946220
ARW,NYSE,2021/02/17 16:00:00,107.29,108,105.41,106.51,642015
ARW,NYSE,2021/02/18 16:00:00,105.69,106.59,102.88,103.34,781769
ARW,NYSE,2021/02/19 16:00:00,104.1,106.5,103.49,105.35,1235038
ARW,NYSE,2021/02/22 16:00:00,104.01,104.52,102,102.02,578060
ARW,NYSE,2021/02/23 16:00:00,101.11,101.41,97.45,100.75,825967
ARW,NYSE,2021/02/24 16:00:00,100.4,103.44,100.4,102.88,515844
ARW,NYSE,2021/02/25 16:00:00,102.36,102.86,97.39,98.03,1506932
ARW,NYSE,2021/02/26 16:00:00,98.13,101.13,98.13,100.26,942413
ARW,NYSE,2021/03/01 16:00:00,102.08,104.6,101.32,103.78,511145
ARW,NYSE,2021/03/02 16:00:00,103.45,103.84,101.46,101.58,446815
ARW,NYSE,2021/03/03 16:00:00,101.47,102.64,100.01,100.7,522382
ARW,NYSE,2021/03/04 16:00:00,100.1,101.64,96.4,98.75,849831
ARW,NYSE,2021/03/05 16:00:00,100.24,101.81,96.74,101.37,569054
ARW,NYSE,2021/03/08 16:00:00,102,103.78,101.39,102.01,653142
ARW,NYSE,2021/03/09 16:00:00,103.43,104.04,102.32,102.82,531457
ARW,NYSE,2021/03/10 16:00:00,103.86,104.16,102.1,103.99,506261
ARW,NYSE,2021/03/11 16:00:00,105,105.73,103.27,105.07,421514
ARW,NYSE,2021/03/12 16:00:00,104.56,105.58,103.61,105.27,409556
ARW,NYSE,2021/03/15 16:00:00,104.98,108.09,104.11,108.08,395366
ARW,NYSE,2021/03/16 16:00:00,108.5,109.25,107.33,108.1,407149
ARW,NYSE,2021/03/17 16:00:00,108,109.93,107.17,109.52,446020
ARW,NYSE,2021/03/18 16:00:00,108.44,110.99,107.57,108.12,409130
ARW,NYSE,2021/03/19 16:00:00,108.03,109.86,106.53,109.13,1079630
ARW,NYSE,2021/03/22 16:00:00,109.4,109.97,108.4,109.02,491200
ARW,NYSE,2021/03/23 16:00:00,108.35,109.5,103.77,104.69,544630
ARW,NYSE,2021/03/24 16:00:00,105.64,107.37,103.45,103.59,374606
ARW,NYSE,2021/03/25 16:00:00,102.91,106.35,102.61,105.94,357233
ARW,NYSE,2021/03/26 16:00:00,106.82,109.94,105.55,109.75,259052
ARW,NYSE,2021/03/29 16:00:00,109.72,111.86,107.08,107.76,532326
ARW,NYSE,2021/03/30 16:00:00,107.39,109.99,107.39,109.44,467504
ARW,NYSE,2021/03/31 16:00:00,109.71,112.52,109.53,110.82,1096711
ARW,NYSE,2021/04/01 16:00:00,111.62,112.16,110.24,112.14,282414
ARW,NYSE,2021/04/05 16:00:00,113.1,115.31,112.55,114.6,453818
ARW,NYSE,2021/04/06 16:00:00,114.63,115.31,114.02,114.76,504326
ARW,NYSE,2021/04/07 16:00:00,114.43,114.66,113.27,113.8,265387
ARW,NYSE,2021/04/08 16:00:00,114.75,115.38,113.02,115.13,478966
ARW,NYSE,2021/04/09 16:00:00,114.72,115.71,114.45,115.69,272138
VST,NYSE,2019/04/01 16:00:00,26.15,26.39,25.84,26.03,2725345
VST,NYSE,2019/04/02 16:00:00,26.07,26.34,25.91,26.32,2903701
VST,NYSE,2019/04/03 16:00:00,26.34,26.61,26.15,26.19,3727035
VST,NYSE,2019/04/04 16:00:00,26.14,26.21,25.84,26.05,3376645
VST,NYSE,2019/04/05 16:00:00,26.12,26.15,25.77,25.94,3945968
VST,NYSE,2019/04/08 16:00:00,25.9,25.92,25.6,25.76,3864619
VST,NYSE,2019/04/09 16:00:00,25.77,25.81,25.31,25.49,4313059
VST,NYSE,2019/04/10 16:00:00,25.53,26.06,25.46,25.9,3990244
VST,NYSE,2019/04/11 16:00:00,25.97,26.16,25.9,26.04,3489723
VST,NYSE,2019/04/12 16:00:00,26.11,26.15,25.92,26.1,3590215
VST,NYSE,2019/04/15 16:00:00,26.13,26.37,25.89,25.99,2842668
VST,NYSE,2019/04/16 16:00:00,25.98,26.26,25.95,25.98,3230788
VST,NYSE,2019/04/17 16:00:00,26.05,26.21,25.49,25.67,3477193
VST,NYSE,2019/04/18 16:00:00,25.79,26.16,25.73,26.01,3179229
VST,NYSE,2019/04/22 16:00:00,25.99,26.33,25.99,26.2,3166876
VST,NYSE,2019/04/23 16:00:00,26.26,26.57,26.21,26.42,2535049
VST,NYSE,2019/04/24 16:00:00,26.45,26.7,26.33,26.59,2735179
VST,NYSE,2019/04/25 16:00:00,26.61,27,26.43,26.8,3315661
VST,NYSE,2019/04/26 16:00:00,26.92,27.1,26.87,27.02,3630763
VST,NYSE,2019/04/29 16:00:00,27.07,27.15,26.9,27.05,2567225
VST,NYSE,2019/04/30 16:00:00,27.02,27.27,26.94,27.25,6184106
VST,NYSE,2019/05/01 16:00:00,27.23,27.46,27.11,27.25,3829261
VST,NYSE,2019/05/02 16:00:00,27.11,27.48,27.07,27.25,4376256
VST,NYSE,2019/05/03 16:00:00,27.56,27.86,26.6,26.66,5232537
VST,NYSE,2019/05/06 16:00:00,26.83,26.85,26.07,26.31,5325461
VST,NYSE,2019/05/07 16:00:00,26.1,26.57,26.07,26.15,5209863
VST,NYSE,2019/05/08 16:00:00,25.9,26.02,24.6,25.19,10494082
VST,NYSE,2019/05/09 16:00:00,24.95,25.04,24.52,24.85,5930169
VST,NYSE,2019/05/10 16:00:00,24.92,25.01,24.57,24.83,4873900
VST,NYSE,2019/05/13 16:00:00,24.45,24.49,24.03,24.47,5866254
VST,NYSE,2019/05/14 16:00:00,24.55,25.01,24.5,24.57,5193488
VST,NYSE,2019/05/15 16:00:00,24.54,24.81,24.28,24.5,3506768
VST,NYSE,2019/05/16 16:00:00,24.48,24.88,24.43,24.66,3576554
VST,NYSE,2019/05/17 16:00:00,24.45,24.99,24.42,24.81,5581143
VST,NYSE,2019/05/20 16:00:00,24.75,25.31,24.69,25.06,4867323
VST,NYSE,2019/05/21 16:00:00,25.13,25.98,25.13,25.75,8589510
VST,NYSE,2019/05/22 16:00:00,25.64,25.75,25.28,25.45,3870796
VST,NYSE,2019/05/23 16:00:00,25.31,25.33,24.6,24.8,4289024
VST,NYSE,2019/05/24 16:00:00,24.83,24.92,24.48,24.48,3022335
VST,NYSE,2019/05/28 16:00:00,24.57,24.9,24.31,24.59,5944671
VST,NYSE,2019/05/29 16:00:00,24.58,24.65,23.75,24.02,5216127
VST,NYSE,2019/05/30 16:00:00,23.98,24.12,22.96,23.42,6915558
VST,NYSE,2019/05/31 16:00:00,23.23,23.87,23.19,23.56,7731226
VST,NYSE,2019/06/03 16:00:00,23.62,23.89,23.53,23.76,3868110
VST,NYSE,2019/06/04 16:00:00,24.12,24.31,23.52,24.27,5738842
VST,NYSE,2019/06/05 16:00:00,24.37,24.69,24.1,24.61,3995058
VST,NYSE,2019/06/06 16:00:00,24.71,25.14,24.41,24.62,2783873
VST,NYSE,2019/06/07 16:00:00,24.72,24.81,24.29,24.31,4268620
VST,NYSE,2019/06/10 16:00:00,24.3,24.48,24.04,24.11,2852301
VST,NYSE,2019/06/11 16:00:00,24.12,24.59,24.04,24.57,2895423
VST,NYSE,2019/06/12 16:00:00,24.62,24.7,24.04,24.22,3577124
VST,NYSE,2019/06/13 16:00:00,24.14,24.34,23.75,23.86,3474750
VST,NYSE,2019/06/14 16:00:00,23.86,23.9,23.56,23.77,2875121
VST,NYSE,2019/06/17 16:00:00,23.74,23.75,23.17,23.26,6941821
VST,NYSE,2019/06/18 16:00:00,23.44,23.72,23.36,23.6,4431931
VST,NYSE,2019/06/19 16:00:00,23.6,23.92,23.59,23.82,3855980
VST,NYSE,2019/06/20 16:00:00,24.11,24.25,23.9,24.19,3043416
VST,NYSE,2019/06/21 16:00:00,24.21,24.32,23.75,24.1,11378097
VST,NYSE,2019/06/24 16:00:00,24.2,24.23,23.77,23.89,4639988
VST,NYSE,2019/06/25 16:00:00,23.9,23.91,23.29,23.37,5542449
VST,NYSE,2019/06/26 16:00:00,23.33,23.47,22.2,22.26,9892099
VST,NYSE,2019/06/27 16:00:00,22.26,22.37,21.89,22.24,9463355
VST,NYSE,2019/06/28 16:00:00,22.3,22.67,22.29,22.64,8405605
VST,NYSE,2019/07/01 16:00:00,22.71,22.85,22.43,22.76,4195231
VST,NYSE,2019/07/02 16:00:00,22.79,22.84,22.43,22.62,4029895
VST,NYSE,2019/07/03 13:00:00,22.69,22.89,22.52,22.54,6179907
VST,NYSE,2019/07/05 16:00:00,22.46,22.84,22.39,22.54,3071819
VST,NYSE,2019/07/08 16:00:00,22.41,22.56,22.17,22.43,4829445
VST,NYSE,2019/07/09 16:00:00,22.39,22.56,22.26,22.42,3373000
VST,NYSE,2019/07/10 16:00:00,22.44,22.76,22.39,22.43,3610696
VST,NYSE,2019/07/11 16:00:00,22.44,22.46,22.16,22.39,5320775
VST,NYSE,2019/07/12 16:00:00,22.47,22.72,22.22,22.58,2316004
VST,NYSE,2019/07/15 16:00:00,22.6,22.64,22.35,22.55,2719174
VST,NYSE,2019/07/16 16:00:00,22.45,22.64,21.86,21.97,4410142
VST,NYSE,2019/07/17 16:00:00,21.95,22.37,21.95,22.22,3056688
VST,NYSE,2019/07/18 16:00:00,22.17,22.28,21.84,22.11,2625736
VST,NYSE,2019/07/19 16:00:00,22.14,22.27,21.83,21.83,2978866
VST,NYSE,2019/07/22 16:00:00,21.84,21.86,21.58,21.61,2981279
VST,NYSE,2019/07/23 16:00:00,21.67,21.68,21.37,21.43,2451352
VST,NYSE,2019/07/24 16:00:00,21.41,21.64,21.33,21.56,1959098
VST,NYSE,2019/07/25 16:00:00,21.46,22.08,21.44,21.92,2949887
VST,NYSE,2019/07/26 16:00:00,21.95,22.06,21.65,21.75,1955960
VST,NYSE,2019/07/29 16:00:00,21.77,21.94,21.53,21.77,3175072
VST,NYSE,2019/07/30 16:00:00,21.68,21.9,21.6,21.87,2870435
VST,NYSE,2019/07/31 16:00:00,21.85,21.97,21.43,21.46,5401560
VST,NYSE,2019/08/01 16:00:00,21.45,21.8,21.35,21.55,3266526
VST,NYSE,2019/08/02 16:00:00,21.75,22.36,21.35,22.04,4687412
VST,NYSE,2019/08/05 16:00:00,21.84,21.96,21.51,21.72,5242956
VST,NYSE,2019/08/06 16:00:00,21.75,22.33,21.63,22.28,5022423
VST,NYSE,2019/08/07 16:00:00,22.23,22.61,22.06,22.06,6233772
VST,NYSE,2019/08/08 16:00:00,22.09,22.83,22.05,22.75,4783161
VST,NYSE,2019/08/09 16:00:00,22.7,22.77,22.13,22.13,3182372
VST,NYSE,2019/08/12 16:00:00,22.03,22.11,21.75,22.07,2108614
VST,NYSE,2019/08/13 16:00:00,22.05,22.74,22,22.59,4383480
VST,NYSE,2019/08/14 16:00:00,22.53,22.87,22.22,22.29,8127057
VST,NYSE,2019/08/15 16:00:00,22.4,22.74,22.25,22.61,5829703
VST,NYSE,2019/08/16 16:00:00,22.7,23.74,22.7,23.69,5835016
VST,NYSE,2019/08/19 16:00:00,23.99,23.99,23.46,23.69,5318120
VST,NYSE,2019/08/20 16:00:00,23.61,23.83,23.29,23.79,7207524
VST,NYSE,2019/08/21 16:00:00,23.94,24.19,23.76,24.11,6583165
VST,NYSE,2019/08/22 16:00:00,24.12,24.42,24.05,24.14,4263045
VST,NYSE,2019/08/23 16:00:00,24.22,24.4,23.9,23.98,5871046
VST,NYSE,2019/08/26 16:00:00,24.1,24.27,23.95,24.26,3064005
VST,NYSE,2019/08/27 16:00:00,24.35,24.59,23.95,23.99,4227807
VST,NYSE,2019/08/28 16:00:00,24,24.06,23.93,24.04,2872545
VST,NYSE,2019/08/29 16:00:00,24.2,24.44,24.18,24.4,4064695
VST,NYSE,2019/08/30 16:00:00,24.5,25.02,24.5,24.95,3064774
VST,NYSE,2019/09/03 16:00:00,24.9,25.11,24.79,25.07,5279465
VST,NYSE,2019/09/04 16:00:00,25.3,25.46,25.02,25.22,3842760
VST,NYSE,2019/09/05 16:00:00,25.22,25.72,25.11,25.68,3816281
VST,NYSE,2019/09/06 16:00:00,25.75,25.88,25.4,25.53,4901762
VST,NYSE,2019/09/09 16:00:00,25.52,25.67,25.38,25.55,5314110
VST,NYSE,2019/09/10 16:00:00,25.63,26.12,25.59,25.62,6054081
VST,NYSE,2019/09/11 16:00:00,25.63,26.1,25.59,25.97,9105679
VST,NYSE,2019/09/12 16:00:00,26.01,26.49,25.98,26.27,3636642
VST,NYSE,2019/09/13 16:00:00,26,26.28,25.84,26.25,3741809
VST,NYSE,2019/09/16 16:00:00,26.26,26.68,26.12,26.56,4657788
VST,NYSE,2019/09/17 16:00:00,26.59,26.95,26.56,26.66,7369087
VST,NYSE,2019/09/18 16:00:00,26.71,26.83,26.48,26.75,6021591
VST,NYSE,2019/09/19 16:00:00,26.85,26.92,26.58,26.68,4211359
VST,NYSE,2019/09/20 16:00:00,26.8,27.19,26.66,27.14,9025729
VST,NYSE,2019/09/23 16:00:00,27.08,27.23,26.93,26.96,4127445
VST,NYSE,2019/09/24 16:00:00,27.02,27.21,26.71,26.98,4222891
VST,NYSE,2019/09/25 16:00:00,26.91,27.21,26.74,27.15,3996686
VST,NYSE,2019/09/26 16:00:00,27.15,27.16,26.76,26.88,3352506
VST,NYSE,2019/09/27 16:00:00,26.94,26.97,26.55,26.74,3232406
VST,NYSE,2019/09/30 16:00:00,26.62,26.88,26.59,26.73,4145150
VST,NYSE,2019/10/01 16:00:00,26.71,26.87,26.47,26.5,2711298
VST,NYSE,2019/10/02 16:00:00,26.39,26.46,26.12,26.12,5050888
VST,NYSE,2019/10/03 16:00:00,26.16,26.3,26.02,26.23,3153697
VST,NYSE,2019/10/04 16:00:00,26.34,26.93,26.17,26.93,2798995
VST,NYSE,2019/10/07 16:00:00,26.93,27.22,26.81,27,4629211
VST,NYSE,2019/10/08 16:00:00,26.94,27.48,26.82,27.14,4395539
VST,NYSE,2019/10/09 16:00:00,27.18,27.32,26.94,27.07,3086864
VST,NYSE,2019/10/10 16:00:00,27.05,27.05,26.75,26.92,3642484
VST,NYSE,2019/10/11 16:00:00,27.03,27.42,26.93,27.09,3626203
VST,NYSE,2019/10/14 16:00:00,27.23,27.23,26.91,26.97,2315320
VST,NYSE,2019/10/15 16:00:00,27,27.15,26.81,26.9,3632852
VST,NYSE,2019/10/16 16:00:00,26.84,26.94,26.54,26.66,3002327
VST,NYSE,2019/10/17 16:00:00,26.76,26.93,26.64,26.84,2904795
VST,NYSE,2019/10/18 16:00:00,26.84,26.95,26.57,26.79,4187611
VST,NYSE,2019/10/21 16:00:00,26.95,27.22,26.95,27.05,3259239
VST,NYSE,2019/10/22 16:00:00,27.12,27.21,26.94,27.1,2608694
VST,NYSE,2019/10/23 16:00:00,27.06,27.17,26.88,27.04,2594818
VST,NYSE,2019/10/24 16:00:00,27.17,27.17,26.85,26.99,2820558
VST,NYSE,2019/10/25 16:00:00,26.95,27.15,26.92,27.1,3157569
VST,NYSE,2019/10/28 16:00:00,27.14,27.24,26.98,26.99,2671698
VST,NYSE,2019/10/29 16:00:00,26.86,27.19,26.79,27.03,4228018
VST,NYSE,2019/10/30 16:00:00,27.08,27.29,26.83,27.25,4523856
VST,NYSE,2019/10/31 16:00:00,27.2,27.42,26.98,27.03,3560559
VST,NYSE,2019/11/01 16:00:00,27.09,27.28,26.95,27.17,3489878
VST,NYSE,2019/11/04 16:00:00,27.13,27.52,27.07,27.37,5001215
VST,NYSE,2019/11/05 16:00:00,27.56,27.96,26.33,26.36,6028413
VST,NYSE,2019/11/06 16:00:00,26.44,26.58,25.65,25.75,4233448
VST,NYSE,2019/11/07 16:00:00,26.23,26.73,25.83,26.21,5218995
VST,NYSE,2019/11/08 16:00:00,26.21,26.29,25.89,26,3824157
VST,NYSE,2019/11/11 16:00:00,26.04,26.22,26.01,26.09,3311058
VST,NYSE,2019/11/12 16:00:00,26.01,26.48,26.01,26.3,3348814
VST,NYSE,2019/11/13 16:00:00,26.29,26.29,25.98,26,3991868
VST,NYSE,2019/11/14 16:00:00,26.06,26.53,25.84,26.34,10555841
VST,NYSE,2019/11/15 16:00:00,26.39,26.51,26.13,26.2,7209719
VST,NYSE,2019/11/18 16:00:00,26.28,26.78,26.25,26.68,6275716
VST,NYSE,2019/11/19 16:00:00,26.72,26.72,26.2,26.44,4169595
VST,NYSE,2019/11/20 16:00:00,26.36,26.69,26.36,26.69,4800785
VST,NYSE,2019/11/21 16:00:00,26.72,26.8,26.27,26.44,3357332
VST,NYSE,2019/11/22 16:00:00,26.43,26.69,26.3,26.53,2878274
VST,NYSE,2019/11/25 16:00:00,26.5,26.7,26.17,26.27,2721099
VST,NYSE,2019/11/26 16:00:00,26.31,26.31,26.01,26.17,3042529
VST,NYSE,2019/11/27 16:00:00,26.28,26.51,26.14,26.48,1759272
VST,NYSE,2019/11/29 13:00:00,26.43,26.68,26.27,26.53,1477757
VST,NYSE,2019/12/02 16:00:00,26.52,26.69,26.44,26.46,3348302
VST,NYSE,2019/12/03 16:00:00,26.43,26.51,26.09,26.41,2995514
VST,NYSE,2019/12/04 16:00:00,25.73,25.73,24.95,25.11,15051677
VST,NYSE,2019/12/05 16:00:00,25.21,25.3,24.33,24.45,7182267
VST,NYSE,2019/12/06 16:00:00,24.48,24.59,24.01,24.09,7956566
VST,NYSE,2019/12/09 16:00:00,24.17,24.27,23.57,23.67,7543886
VST,NYSE,2019/12/10 16:00:00,23.9,24.06,23.44,23.84,7237771
VST,NYSE,2019/12/11 16:00:00,23.78,24.11,23.78,23.9,3455267
VST,NYSE,2019/12/12 16:00:00,24,24.24,23.92,24.05,3563317
VST,NYSE,2019/12/13 16:00:00,24,24.1,23.66,23.71,3242477
VST,NYSE,2019/12/16 16:00:00,23.68,24.31,23.66,24.24,6451177
VST,NYSE,2019/12/17 16:00:00,24.39,24.41,23.83,23.94,5751708
VST,NYSE,2019/12/18 16:00:00,23.9,24.19,23.74,23.88,5735302
VST,NYSE,2019/12/19 16:00:00,23.89,24.52,23.88,24.23,7397363
VST,NYSE,2019/12/20 16:00:00,24.28,24.6,23.94,24.01,13691817
VST,NYSE,2019/12/23 16:00:00,24.07,24.08,23.55,23.65,4750975
VST,NYSE,2019/12/24 13:00:00,23.68,23.71,23.44,23.49,1177011
VST,NYSE,2019/12/26 16:00:00,23.55,23.58,22.97,23.03,3350044
VST,NYSE,2019/12/27 16:00:00,23,23.09,22.65,22.82,4282551
VST,NYSE,2019/12/30 16:00:00,22.72,23.02,22.69,22.82,3846816
VST,NYSE,2019/12/31 16:00:00,22.74,23.05,22.72,22.99,3475937
VST,NYSE,2020/01/02 16:00:00,23.08,23.08,22.63,22.84,3934921
VST,NYSE,2020/01/03 16:00:00,22.72,23.13,22.72,23.08,3768199
VST,NYSE,2020/01/06 16:00:00,23.04,23.14,22.61,22.69,4902840
VST,NYSE,2020/01/07 16:00:00,22.61,22.88,22.54,22.83,4698124
VST,NYSE,2020/01/08 16:00:00,22.79,23.22,22.7,23.13,5776851
VST,NYSE,2020/01/09 16:00:00,23.15,23.22,22.83,22.86,3955944
VST,NYSE,2020/01/10 16:00:00,22.86,23.07,22.67,22.76,4132506
VST,NYSE,2020/01/13 16:00:00,22.72,22.86,22.5,22.53,5545652
VST,NYSE,2020/01/14 16:00:00,22.51,22.74,22.48,22.67,3805829
VST,NYSE,2020/01/15 16:00:00,22.6,23.01,22.6,22.73,4738638
VST,NYSE,2020/01/16 16:00:00,22.81,23.43,22.81,23.2,6538147
VST,NYSE,2020/01/17 16:00:00,23.26,23.36,22.93,22.94,3208687
VST,NYSE,2020/01/21 16:00:00,22.93,22.99,22.7,22.71,3703124
VST,NYSE,2020/01/22 16:00:00,22.83,23.02,22.69,22.74,2727456
VST,NYSE,2020/01/23 16:00:00,22.77,23.01,22.63,22.96,3577180
VST,NYSE,2020/01/24 16:00:00,22.88,22.94,22.06,22.17,3768643
VST,NYSE,2020/01/27 16:00:00,22.01,22.09,21.65,21.65,3039962
VST,NYSE,2020/01/28 16:00:00,21.71,21.79,21.54,21.54,2610435
VST,NYSE,2020/01/29 16:00:00,21.51,22.22,21.36,22.13,5300439
VST,NYSE,2020/01/30 16:00:00,22.16,22.45,21.82,22.41,4797833
VST,NYSE,2020/01/31 16:00:00,22.3,22.6,22.22,22.52,5032675
VST,NYSE,2020/02/03 16:00:00,22.53,22.75,22.37,22.57,3294272
VST,NYSE,2020/02/04 16:00:00,22.68,22.83,22.04,22.04,3919645
VST,NYSE,2020/02/05 16:00:00,22.07,22.51,21.85,21.93,4304254
VST,NYSE,2020/02/06 16:00:00,21.96,22.01,21.72,21.72,3945318
VST,NYSE,2020/02/07 16:00:00,21.74,22.36,21.74,22.3,4736808
VST,NYSE,2020/02/10 16:00:00,22.3,22.38,22.07,22.27,2971351
VST,NYSE,2020/02/11 16:00:00,22.37,23.44,22.33,22.98,9173354
VST,NYSE,2020/02/12 16:00:00,22.83,23.2,22.83,22.93,5164391
VST,NYSE,2020/02/13 16:00:00,22.93,23.09,22.86,23.07,1847176
VST,NYSE,2020/02/14 16:00:00,23.13,23.3,23.06,23.29,3262074
VST,NYSE,2020/02/18 16:00:00,23.38,23.6,23.16,23.36,4229062
VST,NYSE,2020/02/19 16:00:00,23.4,23.46,22.68,22.69,3211129
VST,NYSE,2020/02/20 16:00:00,22.71,22.96,22.59,22.91,3439149
VST,NYSE,2020/02/21 16:00:00,22.87,23.46,22.79,23.43,4101610
VST,NYSE,2020/02/24 16:00:00,23.18,23.19,22.62,22.98,3824408
VST,NYSE,2020/02/25 16:00:00,23.04,23.28,22.13,22.14,6927068
VST,NYSE,2020/02/26 16:00:00,22.32,22.63,21.67,21.68,6505708
VST,NYSE,2020/02/27 16:00:00,21.58,21.6,20.46,20.59,7335171
VST,NYSE,2020/02/28 16:00:00,20.43,20.43,18.75,19.23,12557884
VST,NYSE,2020/03/02 16:00:00,19.3,20.24,18.94,20.14,8020816
VST,NYSE,2020/03/03 16:00:00,20.25,21.03,20.1,20.25,5850379
VST,NYSE,2020/03/04 16:00:00,20.52,21.08,20.42,21.05,5557898
VST,NYSE,2020/03/05 16:00:00,20.88,21,20.38,20.64,4195658
VST,NYSE,2020/03/06 16:00:00,19.91,20.83,19.84,20.53,3905478
VST,NYSE,2020/03/09 16:00:00,19.04,19.32,18.04,18.43,7633811
VST,NYSE,2020/03/10 16:00:00,18.97,19.38,17.89,19.34,5197139
VST,NYSE,2020/03/11 16:00:00,18.76,18.94,17.27,17.79,10648702
VST,NYSE,2020/03/12 16:00:00,16.36,16.75,14.27,14.55,9958389
VST,NYSE,2020/03/13 16:00:00,15.41,15.91,14.51,15.49,8778906
VST,NYSE,2020/03/16 16:00:00,14.26,15.48,13.5,13.69,6744132
VST,NYSE,2020/03/17 16:00:00,14.07,14.38,12.67,12.89,5373884
VST,NYSE,2020/03/18 16:00:00,11.95,13.04,11.3,12.6,8804365
VST,NYSE,2020/03/19 16:00:00,12.43,14.44,12.34,14.22,7457717
VST,NYSE,2020/03/20 16:00:00,14.6,14.73,13.83,14.08,11443219
VST,NYSE,2020/03/23 16:00:00,14.03,14.12,12.71,12.92,9830688
VST,NYSE,2020/03/24 16:00:00,13.73,15.02,13.68,14.61,6688247
VST,NYSE,2020/03/25 16:00:00,14.57,15.53,13.86,14.69,6976628
VST,NYSE,2020/03/26 16:00:00,14.84,16.2,14.26,15.79,7048646
VST,NYSE,2020/03/27 16:00:00,15.21,16.71,14.72,16.39,6820251
VST,NYSE,2020/03/30 16:00:00,16.49,16.63,15.46,16.06,4086321
VST,NYSE,2020/03/31 16:00:00,15.83,16.26,15.6,15.96,5448257
VST,NYSE,2020/04/01 16:00:00,15.27,15.46,15.04,15.33,4538303
VST,NYSE,2020/04/02 16:00:00,15.16,16.03,15.09,15.98,6455492
VST,NYSE,2020/04/03 16:00:00,15.85,16.15,15.6,15.83,7313296
VST,NYSE,2020/04/06 16:00:00,16.49,16.82,15.73,16.02,6454294
VST,NYSE,2020/04/07 16:00:00,16.6,16.97,16.26,16.3,4790592
VST,NYSE,2020/04/08 16:00:00,16.4,17.53,16.31,17.46,2937611
VST,NYSE,2020/04/09 16:00:00,17.78,18.69,17.42,17.79,3392711
VST,NYSE,2020/04/13 16:00:00,17.69,17.74,16.47,17.14,2806929
VST,NYSE,2020/04/14 16:00:00,17.46,17.71,16.97,17.42,4031938
VST,NYSE,2020/04/15 16:00:00,16.87,16.97,15.98,16.19,5434640
VST,NYSE,2020/04/16 16:00:00,16.27,16.32,15.77,16.1,5722528
VST,NYSE,2020/04/17 16:00:00,16.5,17.63,16.41,17.54,4376065
VST,NYSE,2020/04/20 16:00:00,17.22,17.59,16.68,16.89,5457238
VST,NYSE,2020/04/21 16:00:00,16.53,17.08,16.36,17.02,4577539
VST,NYSE,2020/04/22 16:00:00,17.39,17.73,17.07,17.64,2847333
VST,NYSE,2020/04/23 16:00:00,17.75,17.77,17.37,17.5,2386363
VST,NYSE,2020/04/24 16:00:00,17.52,18.23,17.46,18.04,1728722
VST,NYSE,2020/04/27 16:00:00,18.39,19.07,18.13,18.95,3005916
VST,NYSE,2020/04/28 16:00:00,19.33,19.94,19.07,19.21,3901545
VST,NYSE,2020/04/29 16:00:00,19.79,20.2,19.47,19.75,5214858
VST,NYSE,2020/04/30 16:00:00,19.55,19.69,19.08,19.54,3620103
VST,NYSE,2020/05/01 16:00:00,19.16,19.52,18.85,19.35,3537332
VST,NYSE,2020/05/04 16:00:00,19.15,19.25,18.65,18.97,3782968
VST,NYSE,2020/05/05 16:00:00,20.68,20.68,18.68,18.72,5490034
VST,NYSE,2020/05/06 16:00:00,18.76,18.87,18.04,18.23,3254590
VST,NYSE,2020/05/07 16:00:00,18.42,18.54,17.88,17.95,4784157
VST,NYSE,2020/05/08 16:00:00,18.23,19.11,18.09,18.9,3214994
VST,NYSE,2020/05/11 16:00:00,18.72,18.72,18.14,18.32,3006544
VST,NYSE,2020/05/12 16:00:00,18.27,18.5,18.03,18.1,2912973
VST,NYSE,2020/05/13 16:00:00,18.01,18.25,17.5,17.82,4922735
VST,NYSE,2020/05/14 16:00:00,17.71,18.75,17.61,18.71,3079310
VST,NYSE,2020/05/15 16:00:00,18.49,18.85,18.37,18.57,3130388
VST,NYSE,2020/05/18 16:00:00,19.22,20.03,19.22,19.92,4311461
VST,NYSE,2020/05/19 16:00:00,19.84,20.02,19.53,19.53,2721233
VST,NYSE,2020/05/20 16:00:00,19.8,20.59,19.79,19.99,4293266
VST,NYSE,2020/05/21 16:00:00,19.85,20.02,19.58,19.6,3200992
VST,NYSE,2020/05/22 16:00:00,19.54,19.84,19.31,19.81,1969814
VST,NYSE,2020/05/26 16:00:00,20.44,20.48,19.6,19.72,5272081
VST,NYSE,2020/05/27 16:00:00,20.05,20.12,19.57,20.12,3483338
VST,NYSE,2020/05/28 16:00:00,20.3,20.93,20.12,20.81,4085742
VST,NYSE,2020/05/29 16:00:00,20.76,20.94,20.14,20.44,7388283
VST,NYSE,2020/06/01 16:00:00,20.34,21.02,20.34,20.94,3143240
VST,NYSE,2020/06/02 16:00:00,21.04,21.27,20.52,20.63,4414382
VST,NYSE,2020/06/03 16:00:00,20.84,20.94,20.49,20.81,3232947
VST,NYSE,2020/06/04 16:00:00,20.74,20.84,19.94,20.28,3988963
VST,NYSE,2020/06/05 16:00:00,20.82,21.39,20.65,20.87,4149676
VST,NYSE,2020/06/08 16:00:00,21.21,22.02,21,22,6988682
VST,NYSE,2020/06/09 16:00:00,21.99,21.99,21.01,21.17,4255266
VST,NYSE,2020/06/10 16:00:00,21.16,21.43,20.54,21.22,4236308
VST,NYSE,2020/06/11 16:00:00,20.59,20.62,19.5,19.75,3259035
VST,NYSE,2020/06/12 16:00:00,20.31,20.56,19.73,20.2,4000205
VST,NYSE,2020/06/15 16:00:00,19.59,20.16,19.3,19.87,2978627
VST,NYSE,2020/06/16 16:00:00,20.46,21,20.22,20.49,4620070
VST,NYSE,2020/06/17 16:00:00,20.53,20.71,20.02,20.28,4986028
VST,NYSE,2020/06/18 16:00:00,20.08,20.43,20.02,20.29,4704043
VST,NYSE,2020/06/19 16:00:00,20.57,20.63,19.8,19.83,7364201
VST,NYSE,2020/06/22 16:00:00,19.8,19.84,19.29,19.65,4792406
VST,NYSE,2020/06/23 16:00:00,19.72,19.76,18.76,18.89,5692302
VST,NYSE,2020/06/24 16:00:00,18.67,18.88,18.42,18.61,4047973
VST,NYSE,2020/06/25 16:00:00,18.58,18.9,18.38,18.87,3236562
VST,NYSE,2020/06/26 16:00:00,18.73,18.8,17.82,18.13,8666855
VST,NYSE,2020/06/29 16:00:00,18.3,18.76,17.99,18.74,3304296
VST,NYSE,2020/06/30 16:00:00,18.6,18.72,18.32,18.62,4131147
VST,NYSE,2020/07/01 16:00:00,18.62,19.25,18.54,19.14,4010476
VST,NYSE,2020/07/02 16:00:00,19.39,19.47,18.94,19.04,3236586
VST,NYSE,2020/07/06 16:00:00,19.34,19.53,19.05,19.28,2175498
VST,NYSE,2020/07/07 16:00:00,19.11,19.11,18.9,18.98,2666144
VST,NYSE,2020/07/08 16:00:00,19.06,19.67,18.94,19.56,2757630
VST,NYSE,2020/07/09 16:00:00,19.44,19.44,18.71,19,2586180
VST,NYSE,2020/07/10 16:00:00,19,19.22,18.83,18.87,3963746
VST,NYSE,2020/07/13 16:00:00,18.96,19.49,18.85,19.11,3540996
VST,NYSE,2020/07/14 16:00:00,19.02,19.38,18.95,19.19,2102300
VST,NYSE,2020/07/15 16:00:00,19.39,19.57,19.17,19.3,2404127
VST,NYSE,2020/07/16 16:00:00,19.21,19.62,19.18,19.4,3494123
VST,NYSE,2020/07/17 16:00:00,19.41,19.7,19.41,19.62,1621217
VST,NYSE,2020/07/20 16:00:00,19.53,19.62,18.95,19.1,4465466
VST,NYSE,2020/07/21 16:00:00,19.18,19.62,19.15,19.24,2580858
VST,NYSE,2020/07/22 16:00:00,19.12,19.63,18.91,19.52,4874702
VST,NYSE,2020/07/23 16:00:00,19.46,19.62,19.07,19.16,5564054
VST,NYSE,2020/07/24 16:00:00,19.19,19.48,18.68,18.88,4421758
VST,NYSE,2020/07/27 16:00:00,18.88,18.88,18,18.2,5008966
VST,NYSE,2020/07/28 16:00:00,18.26,18.75,18.19,18.44,3488897
VST,NYSE,2020/07/29 16:00:00,18.48,18.91,18.44,18.87,2509676
VST,NYSE,2020/07/30 16:00:00,18.64,18.86,18.23,18.8,1884754
VST,NYSE,2020/07/31 16:00:00,18.79,18.86,18.43,18.66,2507794
VST,NYSE,2020/08/03 16:00:00,18.63,18.8,18.29,18.76,2381708
VST,NYSE,2020/08/04 16:00:00,18.73,19.23,18.69,18.76,4558021
VST,NYSE,2020/08/05 16:00:00,19,19.39,18.1,18.26,4893067
VST,NYSE,2020/08/06 16:00:00,18.13,18.97,18.13,18.83,2813922
VST,NYSE,2020/08/07 16:00:00,18.73,19.15,18.49,18.9,3991051
VST,NYSE,2020/08/10 16:00:00,18.93,19.27,18.81,19.2,2421644
VST,NYSE,2020/08/11 16:00:00,19.38,19.66,18.85,18.89,2335380
VST,NYSE,2020/08/12 16:00:00,19.08,19.44,19.02,19.34,2371877
VST,NYSE,2020/08/13 16:00:00,19.27,19.33,18.99,19.11,1064096
VST,NYSE,2020/08/14 16:00:00,18.93,19.2,18.8,19.05,1316263
VST,NYSE,2020/08/17 16:00:00,19.13,19.4,18.99,19.35,2235744
VST,NYSE,2020/08/18 16:00:00,19.4,20.4,19.35,20.14,6428022
VST,NYSE,2020/08/19 16:00:00,20.21,20.21,19.69,19.73,2396673
VST,NYSE,2020/08/20 16:00:00,19.6,19.75,19.34,19.4,2021115
VST,NYSE,2020/08/21 16:00:00,19.31,19.53,19.05,19.1,3077267
VST,NYSE,2020/08/24 16:00:00,19.16,19.41,18.9,19.3,1748542
VST,NYSE,2020/08/25 16:00:00,19.41,19.51,19,19.14,1774399
VST,NYSE,2020/08/26 16:00:00,19,19.02,18.48,18.76,2115838
VST,NYSE,2020/08/27 16:00:00,18.83,19.14,18.72,19.1,2436419
VST,NYSE,2020/08/28 16:00:00,19.25,19.33,18.96,19.3,1030659
VST,NYSE,2020/08/31 16:00:00,19.34,19.48,19.19,19.23,2526861
VST,NYSE,2020/09/01 16:00:00,19.11,19.11,18.68,18.76,2036125
VST,NYSE,2020/09/02 16:00:00,18.79,19.43,18.51,19.29,1801380
VST,NYSE,2020/09/03 16:00:00,19.26,19.52,18.67,18.75,2076029
VST,NYSE,2020/09/04 16:00:00,18.77,18.9,18.02,18.23,2352303
VST,NYSE,2020/09/08 16:00:00,18.23,18.4,17.75,17.85,2845565
VST,NYSE,2020/09/09 16:00:00,18.08,18.62,18.06,18.42,2598128
VST,NYSE,2020/09/10 16:00:00,18.38,18.42,18.08,18.09,1860805
VST,NYSE,2020/09/11 16:00:00,18.42,18.51,17.93,18.51,2949385
VST,NYSE,2020/09/14 16:00:00,18.51,18.88,18.25,18.87,2871544
VST,NYSE,2020/09/15 16:00:00,18.76,18.76,18.36,18.42,4239633
VST,NYSE,2020/09/16 16:00:00,18.32,18.83,18.3,18.61,4199126
VST,NYSE,2020/09/17 16:00:00,18.47,18.5,18.11,18.28,4829670
VST,NYSE,2020/09/18 16:00:00,18.25,18.5,18.02,18.11,4210819
VST,NYSE,2020/09/21 16:00:00,17.81,18.1,17.67,17.89,3740567
VST,NYSE,2020/09/22 16:00:00,18.08,18.19,17.68,17.82,4177465
VST,NYSE,2020/09/23 16:00:00,17.89,18.14,17.82,17.96,3876611
VST,NYSE,2020/09/24 16:00:00,17.95,18.11,17.64,17.99,2915889
VST,NYSE,2020/09/25 16:00:00,17.9,18.11,17.76,18.01,2261228
VST,NYSE,2020/09/28 16:00:00,18.16,18.21,17.93,17.97,3745283
VST,NYSE,2020/09/29 16:00:00,18.15,18.86,18.15,18.53,8584080
VST,NYSE,2020/09/30 16:00:00,18.67,18.98,18.33,18.86,7880591
VST,NYSE,2020/10/01 16:00:00,18.94,18.96,17.86,17.89,5387928
VST,NYSE,2020/10/02 16:00:00,17.44,18.04,17.21,17.99,4149129
VST,NYSE,2020/10/05 16:00:00,18.04,18.23,17.79,17.81,5855789
VST,NYSE,2020/10/06 16:00:00,17.85,18.22,17.74,17.95,6051795
VST,NYSE,2020/10/07 16:00:00,18,18.04,17.76,17.83,5770992
VST,NYSE,2020/10/08 16:00:00,17.94,18.31,17.9,18.28,5212607
VST,NYSE,2020/10/09 16:00:00,18.36,18.43,17.99,17.99,3355750
VST,NYSE,2020/10/12 16:00:00,17.94,18.18,17.78,18,3888546
VST,NYSE,2020/10/13 16:00:00,17.9,18.15,17.69,18.03,5596410
VST,NYSE,2020/10/14 16:00:00,18.1,19.02,18.07,18.76,4168510
VST,NYSE,2020/10/15 16:00:00,18.55,19.07,18.44,18.75,2374133
VST,NYSE,2020/10/16 16:00:00,18.79,19.27,18.66,19.02,2492532
VST,NYSE,2020/10/19 16:00:00,19.09,19.13,18.81,18.81,2184888
VST,NYSE,2020/10/20 16:00:00,18.95,19.2,18.8,18.95,2256413
VST,NYSE,2020/10/21 16:00:00,18.77,19.15,18.72,18.94,2492496
VST,NYSE,2020/10/22 16:00:00,18.99,19.2,18.65,19.06,1943665
VST,NYSE,2020/10/23 16:00:00,19.22,19.37,19.02,19.28,1713809
VST,NYSE,2020/10/26 16:00:00,19.14,19.2,18.75,19.09,1970733
VST,NYSE,2020/10/27 16:00:00,19,19.26,18.36,18.44,3817533
VST,NYSE,2020/10/28 16:00:00,18.13,18.22,17.31,17.35,4081999
VST,NYSE,2020/10/29 16:00:00,17.19,17.53,16.91,17.34,3114577
VST,NYSE,2020/10/30 16:00:00,17.31,17.66,17.23,17.37,3819499
VST,NYSE,2020/11/02 16:00:00,17.59,17.91,17.42,17.74,5941660
VST,NYSE,2020/11/03 16:00:00,18.05,18.68,18.03,18.39,4045977
VST,NYSE,2020/11/04 16:00:00,18.6,18.88,18.06,18.34,3310902
VST,NYSE,2020/11/05 16:00:00,18.53,18.98,18.34,18.49,2319471
VST,NYSE,2020/11/06 16:00:00,18.37,18.73,18.24,18.26,2266136
VST,NYSE,2020/11/09 16:00:00,19.01,19.65,18.64,18.91,4572048
VST,NYSE,2020/11/10 16:00:00,18.99,20.2,18.85,20.18,4548275
VST,NYSE,2020/11/11 16:00:00,20.21,20.32,19.41,19.64,3453378
VST,NYSE,2020/11/12 16:00:00,19.71,19.86,18.83,19.03,3940100
VST,NYSE,2020/11/13 16:00:00,19.17,19.85,19.17,19.73,2649857
VST,NYSE,2020/11/16 16:00:00,20,20.16,19.57,19.8,2962306
VST,NYSE,2020/11/17 16:00:00,19.6,19.8,19.11,19.33,2616820
VST,NYSE,2020/11/18 16:00:00,19.35,19.49,18.61,18.62,3483821
VST,NYSE,2020/11/19 16:00:00,18.57,18.73,18.18,18.53,2798307
VST,NYSE,2020/11/20 16:00:00,18.45,18.69,18.18,18.2,2012253
VST,NYSE,2020/11/23 16:00:00,18.34,18.67,18.32,18.57,2000795
VST,NYSE,2020/11/24 16:00:00,18.84,19.38,18.6,19.37,3340587
VST,NYSE,2020/11/25 16:00:00,19.37,19.58,19.24,19.47,2248627
VST,NYSE,2020/11/27 13:00:00,19.51,19.65,19.46,19.59,1391521
VST,NYSE,2020/11/30 16:00:00,19.59,19.68,18.58,18.68,4669820
VST,NYSE,2020/12/01 16:00:00,18.75,19.12,18.69,18.78,2870708
VST,NYSE,2020/12/02 16:00:00,18.64,18.89,18.5,18.87,1826422
VST,NYSE,2020/12/03 16:00:00,18.84,18.95,18.61,18.77,2436044
VST,NYSE,2020/12/04 16:00:00,18.89,19.24,18.88,19.15,2387030
VST,NYSE,2020/12/07 16:00:00,19.2,19.2,18.66,18.97,3878358
VST,NYSE,2020/12/08 16:00:00,18.81,18.97,18.52,18.95,3582500
VST,NYSE,2020/12/09 16:00:00,19,19.14,18.83,19.01,2899452
VST,NYSE,2020/12/10 16:00:00,19.01,19.08,18.68,18.82,3746489
VST,NYSE,2020/12/11 16:00:00,18.64,18.72,18.22,18.28,4090120
VST,NYSE,2020/12/14 16:00:00,18.51,18.62,17.99,18.14,5038671
VST,NYSE,2020/12/15 16:00:00,18.2,18.52,17.96,18.46,4275138
VST,NYSE,2020/12/16 16:00:00,18.53,18.55,17.91,18.08,3949356
VST,NYSE,2020/12/17 16:00:00,17.98,18.11,17.79,17.93,4985812
VST,NYSE,2020/12/18 16:00:00,17.9,18.08,17.58,17.65,5841611
VST,NYSE,2020/12/21 16:00:00,17.74,17.77,17.39,17.56,5939064
VST,NYSE,2020/12/22 16:00:00,17.77,18.16,17.68,18.13,4624574
VST,NYSE,2020/12/23 16:00:00,18.25,18.57,18.08,18.47,4270132
VST,NYSE,2020/12/24 13:00:00,18.79,18.8,18.48,18.71,1503669
VST,NYSE,2020/12/28 16:00:00,18.8,19.16,18.77,19.12,2379510
VST,NYSE,2020/12/29 16:00:00,19.2,19.33,18.86,18.9,2394842
VST,NYSE,2020/12/30 16:00:00,18.82,19.53,18.8,19.49,3357254
VST,NYSE,2020/12/31 16:00:00,19.56,19.75,19.4,19.66,2653819
VST,NYSE,2021/01/04 16:00:00,19.64,19.73,19.16,19.18,4338435
VST,NYSE,2021/01/05 16:00:00,19.16,20.05,19.13,19.82,4014409
VST,NYSE,2021/01/06 16:00:00,20.01,20.9,20.01,20.29,5533579
VST,NYSE,2021/01/07 16:00:00,20.3,20.61,20.12,20.18,3347228
VST,NYSE,2021/01/08 16:00:00,20.3,21.06,20.28,20.99,4281926
VST,NYSE,2021/01/11 16:00:00,20.74,21.27,20.56,21.17,4896956
VST,NYSE,2021/01/12 16:00:00,21.26,21.72,21.2,21.56,3927380
VST,NYSE,2021/01/13 16:00:00,21.55,21.98,21.46,21.8,3054377
VST,NYSE,2021/01/14 16:00:00,21.87,21.9,21.31,21.33,4130103
VST,NYSE,2021/01/15 16:00:00,21.29,21.69,21.23,21.51,4013573
VST,NYSE,2021/01/19 16:00:00,21.66,21.88,21.51,21.71,3681946
VST,NYSE,2021/01/20 16:00:00,21.71,21.82,21.31,21.42,4582284
VST,NYSE,2021/01/21 16:00:00,21.37,21.46,20.96,21.19,4556958
VST,NYSE,2021/01/22 16:00:00,21.05,21.43,20.79,21.34,3934837
VST,NYSE,2021/01/25 16:00:00,21.23,21.52,20.84,20.85,4917996
VST,NYSE,2021/01/26 16:00:00,20.85,20.94,20.68,20.8,3955243
VST,NYSE,2021/01/27 16:00:00,20.55,20.9,20.18,20.18,5036278
VST,NYSE,2021/01/28 16:00:00,20.16,20.48,19.78,20.18,3319175
VST,NYSE,2021/01/29 16:00:00,20.06,20.48,19.97,19.97,3904238
VST,NYSE,2021/02/01 16:00:00,20.02,20.55,19.92,20.37,3389121
VST,NYSE,2021/02/02 16:00:00,20.57,21.12,20.47,20.82,4558339
VST,NYSE,2021/02/03 16:00:00,20.64,21.73,20.55,21.3,7976166
VST,NYSE,2021/02/04 16:00:00,21.35,21.43,20.86,21.09,4385440
VST,NYSE,2021/02/05 16:00:00,21.26,21.27,20.93,21.05,2866808
VST,NYSE,2021/02/08 16:00:00,21.1,21.37,20.84,21.04,3621455
VST,NYSE,2021/02/09 16:00:00,21.12,21.47,20.98,21.33,2680611
VST,NYSE,2021/02/10 16:00:00,21.53,21.59,21.08,21.45,2079025
VST,NYSE,2021/02/11 16:00:00,21.49,21.63,21.34,21.52,3887962
VST,NYSE,2021/02/12 16:00:00,21.58,21.61,21.22,21.33,2375300
VST,NYSE,2021/02/16 16:00:00,21.99,22.12,21.71,21.91,6371457
VST,NYSE,2021/02/17 16:00:00,22,22.3,21.71,22.01,4514413
VST,NYSE,2021/02/18 16:00:00,22.14,23.3,22.02,23.15,9159863
VST,NYSE,2021/02/19 16:00:00,23.24,23.34,22.8,22.91,5536413
VST,NYSE,2021/02/22 16:00:00,23,23.23,22.72,23.05,5784082
VST,NYSE,2021/02/23 16:00:00,23.05,23.48,22.46,23.38,6475118
VST,NYSE,2021/02/24 16:00:00,23.56,24.2,23.41,23.83,5513962
VST,NYSE,2021/02/25 16:00:00,23.74,24.01,22.73,22.76,7078872
VST,NYSE,2021/02/26 16:00:00,18.66,19.2,17.11,17.25,29798940
VST,NYSE,2021/03/01 16:00:00,18.01,18.3,17.37,17.41,21197695
VST,NYSE,2021/03/02 16:00:00,17.51,17.51,16.69,16.7,12942768
VST,NYSE,2021/03/03 16:00:00,16.6,16.79,16.2,16.43,12035112
VST,NYSE,2021/03/04 16:00:00,16.65,17.57,16.47,17.49,10713428
VST,NYSE,2021/03/05 16:00:00,17.87,18.09,17.32,17.82,7587249
VST,NYSE,2021/03/08 16:00:00,18.07,19.18,18.04,18.88,7913413
VST,NYSE,2021/03/09 16:00:00,18.9,19.36,18.54,18.65,8210084
VST,NYSE,2021/03/10 16:00:00,18.63,19.57,18.63,19.52,7075884
VST,NYSE,2021/03/11 16:00:00,19.5,19.63,18.31,18.81,8720911
VST,NYSE,2021/03/12 16:00:00,18.86,19.02,18.16,18.4,12757344
VST,NYSE,2021/03/15 16:00:00,18.4,18.64,18.22,18.59,8236386
VST,NYSE,2021/03/16 16:00:00,18.31,18.31,17.92,18.12,6541198
VST,NYSE,2021/03/17 16:00:00,17.01,17.71,17.01,17.29,10168453
VST,NYSE,2021/03/18 16:00:00,17.16,17.3,16.77,16.79,7973698
VST,NYSE,2021/03/19 16:00:00,16.8,17.35,16.64,17.3,8380723
VST,NYSE,2021/03/22 16:00:00,17.16,17.34,16.63,16.7,7602447
VST,NYSE,2021/03/23 16:00:00,16.79,17.1,16.63,16.7,6574169
VST,NYSE,2021/03/24 16:00:00,16.66,17.19,16.6,16.82,6247352
VST,NYSE,2021/03/25 16:00:00,16.88,17.28,16.61,17.05,6400899
VST,NYSE,2021/03/26 16:00:00,17.08,17.18,16.6,16.87,4641358
VST,NYSE,2021/03/29 16:00:00,16.83,17.74,16.77,17.62,6447799
VST,NYSE,2021/03/30 16:00:00,17.61,17.82,17.45,17.81,4370272
VST,NYSE,2021/03/31 16:00:00,17.87,17.94,17.67,17.68,4724139
VST,NYSE,2021/04/01 16:00:00,17.65,17.74,17.35,17.72,3120547
VST,NYSE,2021/04/05 16:00:00,17.9,17.99,17.51,17.68,3738504
VST,NYSE,2021/04/06 16:00:00,17.5,18.01,17.47,17.88,5133736
VST,NYSE,2021/04/07 16:00:00,17.85,17.93,17.6,17.69,3215381
VST,NYSE,2021/04/08 16:00:00,17.73,17.8,17.55,17.6,2668703
VST,NYSE,2021/04/09 16:00:00,17.54,17.65,17.25,17.5,4556341
EHC,NYSE,2019/04/01 16:00:00,58.89,59.06,57.98,58.42,890935
EHC,NYSE,2019/04/02 16:00:00,58.33,58.51,57.78,58.33,704555
EHC,NYSE,2019/04/03 16:00:00,58.81,59.58,58.48,58.67,1942427
EHC,NYSE,2019/04/04 16:00:00,58.79,59.98,58.58,59.73,828206
EHC,NYSE,2019/04/05 16:00:00,59.8,60.67,59.75,60.43,818330
EHC,NYSE,2019/04/08 16:00:00,60.41,60.77,60.23,60.33,1373729
EHC,NYSE,2019/04/09 16:00:00,60.13,61.03,60.05,60.73,682576
EHC,NYSE,2019/04/10 16:00:00,60.59,61.15,60.59,61.04,754371
EHC,NYSE,2019/04/11 16:00:00,61.18,61.55,60.68,61.11,1496799
EHC,NYSE,2019/04/12 16:00:00,61.2,61.65,60.6,61.06,785640
EHC,NYSE,2019/04/15 16:00:00,60.98,61.6,60.98,61.37,1129796
EHC,NYSE,2019/04/16 16:00:00,61.92,61.92,58.56,58.89,1380670
EHC,NYSE,2019/04/17 16:00:00,58.89,59.14,56.74,57.71,1708856
EHC,NYSE,2019/04/18 16:00:00,58.12,62,57.87,61.27,2235258
EHC,NYSE,2019/04/22 16:00:00,60.94,61.27,58.41,59.48,1661223
EHC,NYSE,2019/04/23 16:00:00,59.5,62,59.35,61.97,984842
EHC,NYSE,2019/04/24 16:00:00,61.89,62.86,61.89,62.23,809725
EHC,NYSE,2019/04/25 16:00:00,61.92,63.27,61.58,62.64,1123753
EHC,NYSE,2019/04/26 16:00:00,63.54,66.11,62.58,65.55,2175869
EHC,NYSE,2019/04/29 16:00:00,65.28,65.5,63.95,64.55,1413421
EHC,NYSE,2019/04/30 16:00:00,65.05,65.05,63.15,64.45,1046024
EHC,NYSE,2019/05/01 16:00:00,64.51,64.93,62.86,62.97,1128686
EHC,NYSE,2019/05/02 16:00:00,63.01,63.53,62.63,63.32,1012896
EHC,NYSE,2019/05/03 16:00:00,63.61,64.6,63.27,64.48,940247
EHC,NYSE,2019/05/06 16:00:00,63.65,65.01,63.65,64.92,1069850
EHC,NYSE,2019/05/07 16:00:00,64.46,64.92,63.72,64.1,611527
EHC,NYSE,2019/05/08 16:00:00,64.17,64.35,62.77,63.13,1172523
EHC,NYSE,2019/05/09 16:00:00,62.45,62.65,61.47,62.16,948301
EHC,NYSE,2019/05/10 16:00:00,62.26,62.59,60.73,62.34,573583
EHC,NYSE,2019/05/13 16:00:00,61.59,62.07,61.08,61.58,791741
EHC,NYSE,2019/05/14 16:00:00,61.53,62.11,61.17,61.5,1159350
EHC,NYSE,2019/05/15 16:00:00,61.16,61.78,60.66,60.75,787971
EHC,NYSE,2019/05/16 16:00:00,60.71,61.12,59.22,59.37,1126748
EHC,NYSE,2019/05/17 16:00:00,59.17,60.36,58.91,59.25,1399183
EHC,NYSE,2019/05/20 16:00:00,58.65,59.41,58.34,59.24,800027
EHC,NYSE,2019/05/21 16:00:00,59.54,60.62,59.54,59.96,923720
EHC,NYSE,2019/05/22 16:00:00,59.92,60.36,59.45,59.94,821887
EHC,NYSE,2019/05/23 16:00:00,59.48,60.02,59.02,59.52,600911
EHC,NYSE,2019/05/24 16:00:00,59.68,59.96,59.02,59.36,651731
EHC,NYSE,2019/05/28 16:00:00,59.17,60.04,58.61,59.14,789888
EHC,NYSE,2019/05/29 16:00:00,58.84,59.29,58.22,58.41,682103
EHC,NYSE,2019/05/30 16:00:00,59.7,60.43,59.09,59.31,861879
EHC,NYSE,2019/05/31 16:00:00,58.91,59.35,58.04,58.92,677638
EHC,NYSE,2019/06/03 16:00:00,58.93,60.08,58.93,59.6,849152
EHC,NYSE,2019/06/04 16:00:00,60.1,60.99,59.91,60.88,1097597
EHC,NYSE,2019/06/05 16:00:00,61.08,61.18,59.65,60.41,844948
EHC,NYSE,2019/06/06 16:00:00,60.56,61.52,60.38,60.97,737166
EHC,NYSE,2019/06/07 16:00:00,61.3,61.42,60.64,60.69,472640
EHC,NYSE,2019/06/10 16:00:00,60.76,61.22,60.54,60.56,920102
EHC,NYSE,2019/06/11 16:00:00,60.85,60.87,59.74,60.1,564138
EHC,NYSE,2019/06/12 16:00:00,60.1,60.61,59.38,60.6,495181
EHC,NYSE,2019/06/13 16:00:00,60.47,60.78,59.89,60.55,378240
EHC,NYSE,2019/06/14 16:00:00,60.4,60.59,59.73,59.88,414437
EHC,NYSE,2019/06/17 16:00:00,59.96,60.95,59.44,60.72,780333
EHC,NYSE,2019/06/18 16:00:00,61.02,61.64,60.3,60.75,538719
EHC,NYSE,2019/06/19 16:00:00,60.85,61.3,59.91,61.29,673955
EHC,NYSE,2019/06/20 16:00:00,61.69,61.69,60.53,60.95,704265
EHC,NYSE,2019/06/21 16:00:00,60.7,62.18,60.41,61.96,1258539
EHC,NYSE,2019/06/24 16:00:00,62.03,62.62,61.41,61.6,708842
EHC,NYSE,2019/06/25 16:00:00,61.67,62.87,60.91,62.21,829067
EHC,NYSE,2019/06/26 16:00:00,62.3,62.61,60.81,60.94,431079
EHC,NYSE,2019/06/27 16:00:00,61.77,62.37,61.31,61.99,540587
EHC,NYSE,2019/06/28 16:00:00,61.93,63.36,61.75,63.36,1789933
EHC,NYSE,2019/07/01 16:00:00,63.56,63.66,62.07,62.56,679387
EHC,NYSE,2019/07/02 16:00:00,62.24,63.83,61.56,63.5,1473001
EHC,NYSE,2019/07/03 13:00:00,63.54,64.03,62.96,63.32,719372
EHC,NYSE,2019/07/05 16:00:00,62.98,63.96,62.73,63.82,326821
EHC,NYSE,2019/07/08 16:00:00,63.51,63.52,62.62,62.86,412275
EHC,NYSE,2019/07/09 16:00:00,62.33,62.87,61.5,62.49,442573
EHC,NYSE,2019/07/10 16:00:00,62.71,63.37,62.07,62.37,389185
EHC,NYSE,2019/07/11 16:00:00,62.87,63.81,62.49,63.46,621560
EHC,NYSE,2019/07/12 16:00:00,63.38,64.9,63.38,64.55,732160
EHC,NYSE,2019/07/15 16:00:00,64.74,64.74,63.86,64.39,506462
EHC,NYSE,2019/07/16 16:00:00,64.27,64.75,63.76,64.13,461577
EHC,NYSE,2019/07/17 16:00:00,63.99,64.92,63.7,64.75,612055
EHC,NYSE,2019/07/18 16:00:00,64.78,65.72,64.11,65.4,742338
EHC,NYSE,2019/07/19 16:00:00,65.41,66.16,65.18,65.51,928975
EHC,NYSE,2019/07/22 16:00:00,65.95,66.19,65.39,65.69,1037122
EHC,NYSE,2019/07/23 16:00:00,65.6,66,64.89,65.78,709244
EHC,NYSE,2019/07/24 16:00:00,65.89,67.19,65.13,66.93,534704
EHC,NYSE,2019/07/25 16:00:00,66.87,67.36,66.34,66.85,717048
EHC,NYSE,2019/07/26 16:00:00,67.41,68.53,66.99,67.53,584790
EHC,NYSE,2019/07/29 16:00:00,67.37,67.63,67.06,67.44,718722
EHC,NYSE,2019/07/30 16:00:00,64.07,65.39,62.15,64.83,2156941
EHC,NYSE,2019/07/31 16:00:00,64.6,64.9,63.43,63.84,1065156
EHC,NYSE,2019/08/01 16:00:00,63.9,64.53,62.26,62.36,930880
EHC,NYSE,2019/08/02 16:00:00,62.49,62.9,61.47,62.55,512200
EHC,NYSE,2019/08/05 16:00:00,61.83,62.34,59.3,60.13,1190998
EHC,NYSE,2019/08/06 16:00:00,60.29,60.98,59.77,60.16,503727
EHC,NYSE,2019/08/07 16:00:00,59.98,63.44,59.85,63.22,1033709
EHC,NYSE,2019/08/08 16:00:00,63.43,64.17,63.17,64.13,731748
EHC,NYSE,2019/08/09 16:00:00,63.94,64.31,63.06,63.18,504885
EHC,NYSE,2019/08/12 16:00:00,62.62,62.67,61.52,61.61,433612
EHC,NYSE,2019/08/13 16:00:00,61.66,62.78,61.32,62.36,431230
EHC,NYSE,2019/08/14 16:00:00,61.73,62.22,61.47,61.5,344286
EHC,NYSE,2019/08/15 16:00:00,61.43,61.87,60.44,60.54,422134
EHC,NYSE,2019/08/16 16:00:00,61.04,62.5,60.94,61.99,367327
EHC,NYSE,2019/08/19 16:00:00,62.71,62.99,62.02,62.26,386611
EHC,NYSE,2019/08/20 16:00:00,62.35,62.52,61.2,61.93,353446
EHC,NYSE,2019/08/21 16:00:00,62.33,62.88,61.89,62.58,334813
EHC,NYSE,2019/08/22 16:00:00,62.53,63.02,61.83,61.87,274487
EHC,NYSE,2019/08/23 16:00:00,61.77,62.38,60.28,60.48,351234
EHC,NYSE,2019/08/26 16:00:00,60.92,61.18,60.2,60.67,282033
EHC,NYSE,2019/08/27 16:00:00,60.96,61.14,58.48,58.5,496414
EHC,NYSE,2019/08/28 16:00:00,58.13,59.33,58.08,59,488916
EHC,NYSE,2019/08/29 16:00:00,59.59,60.53,59.58,60.5,327731
EHC,NYSE,2019/08/30 16:00:00,60.97,61.18,60.29,60.79,467775
EHC,NYSE,2019/09/03 16:00:00,60.31,61.13,60.04,60.74,544997
EHC,NYSE,2019/09/04 16:00:00,61.46,61.55,60.1,60.29,555598
EHC,NYSE,2019/09/05 16:00:00,60.9,61.41,60.33,61.02,441473
EHC,NYSE,2019/09/06 16:00:00,62.5,63.93,61.5,63.88,942080
EHC,NYSE,2019/09/09 16:00:00,64,64.72,63.28,64.27,920405
EHC,NYSE,2019/09/10 16:00:00,64.09,64.92,62.8,64.87,659345
EHC,NYSE,2019/09/11 16:00:00,64.85,66.1,64.63,65.38,639819
EHC,NYSE,2019/09/12 16:00:00,65.68,65.68,63.68,64.48,605484
EHC,NYSE,2019/09/13 16:00:00,64.69,65.53,63.45,63.79,528804
EHC,NYSE,2019/09/16 16:00:00,63.21,64.72,63.09,64.68,344503
EHC,NYSE,2019/09/17 16:00:00,64.3,64.45,63.07,63.6,530113
EHC,NYSE,2019/09/18 16:00:00,63.63,64.08,62.9,63.22,561088
EHC,NYSE,2019/09/19 16:00:00,63.43,64.75,63.34,64.42,763394
EHC,NYSE,2019/09/20 16:00:00,64.63,65.05,64.1,64.25,1084727
EHC,NYSE,2019/09/23 16:00:00,64.01,64.55,63.64,64.31,770429
EHC,NYSE,2019/09/24 16:00:00,64.5,64.53,62.12,63.08,868390
EHC,NYSE,2019/09/25 16:00:00,62.85,63.5,62.13,63.42,574595
EHC,NYSE,2019/09/26 16:00:00,63.54,63.54,61.68,62.09,643129
EHC,NYSE,2019/09/27 16:00:00,62.38,62.58,61.58,62.19,973388
EHC,NYSE,2019/09/30 16:00:00,61.93,63.31,61.87,63.28,756356
EHC,NYSE,2019/10/01 16:00:00,63.36,64.31,62.61,62.88,1429203
EHC,NYSE,2019/10/02 16:00:00,62.51,62.51,60.37,60.7,654810
EHC,NYSE,2019/10/03 16:00:00,60.34,62.13,60.14,62.06,499725
EHC,NYSE,2019/10/04 16:00:00,62.3,62.69,61.94,62.45,246837
EHC,NYSE,2019/10/07 16:00:00,62.26,63.39,62.1,63.08,774535
EHC,NYSE,2019/10/08 16:00:00,62.55,63.12,62.13,62.17,480611
EHC,NYSE,2019/10/09 16:00:00,62.44,63.48,62.39,63.28,439834
EHC,NYSE,2019/10/10 16:00:00,63.45,63.79,62.92,63.6,361580
EHC,NYSE,2019/10/11 16:00:00,64.33,65.24,64.13,64.18,552321
EHC,NYSE,2019/10/14 16:00:00,64,64.38,63.22,63.67,294544
EHC,NYSE,2019/10/15 16:00:00,64.03,65.1,63.81,64.71,490956
EHC,NYSE,2019/10/16 16:00:00,64.39,65.42,64.21,65.03,544793
EHC,NYSE,2019/10/17 16:00:00,65.48,66.47,65.2,66.39,487999
EHC,NYSE,2019/10/18 16:00:00,66.15,66.81,65.81,66.76,494275
EHC,NYSE,2019/10/21 16:00:00,67.21,67.3,66.38,66.49,363493
EHC,NYSE,2019/10/22 16:00:00,66.92,67.76,66.46,67.35,640254
EHC,NYSE,2019/10/23 16:00:00,67.47,67.47,66.76,67.26,491021
EHC,NYSE,2019/10/24 16:00:00,67.37,67.37,66.07,66.8,312996
EHC,NYSE,2019/10/25 16:00:00,66.39,67.71,66.2,67.68,495482
EHC,NYSE,2019/10/28 16:00:00,67.67,68.6,67.35,67.49,759681
EHC,NYSE,2019/10/29 16:00:00,67.62,68.99,63.64,63.73,1985806
EHC,NYSE,2019/10/30 16:00:00,63.83,64.28,62.99,64.1,816635
EHC,NYSE,2019/10/31 16:00:00,63.83,64.47,62.76,64.02,810467
EHC,NYSE,2019/11/01 16:00:00,68.98,72.94,68,69.04,1930324
EHC,NYSE,2019/11/04 16:00:00,69.1,70.02,68.04,69.87,803660
EHC,NYSE,2019/11/05 16:00:00,70.05,70.95,68.76,69.03,503830
EHC,NYSE,2019/11/06 16:00:00,68.74,70.27,68.17,70.05,609905
EHC,NYSE,2019/11/07 16:00:00,70.54,71.26,69.7,70.07,466011
EHC,NYSE,2019/11/08 16:00:00,69.83,70.68,69.69,70.41,483055
EHC,NYSE,2019/11/11 16:00:00,69.84,70.53,69.55,69.78,437531
EHC,NYSE,2019/11/12 16:00:00,69.84,70.4,69.51,69.85,547918
EHC,NYSE,2019/11/13 16:00:00,69.47,70.19,68.6,69.12,521227
EHC,NYSE,2019/11/14 16:00:00,68.93,69.63,68.77,69.21,542356
EHC,NYSE,2019/11/15 16:00:00,69.4,70.08,69.07,69.47,725000
EHC,NYSE,2019/11/18 16:00:00,69.54,70.52,69.38,70.3,972589
EHC,NYSE,2019/11/19 16:00:00,70.53,71.26,70.23,70.24,608414
EHC,NYSE,2019/11/20 16:00:00,70.04,70.99,69.57,70,721513
EHC,NYSE,2019/11/21 16:00:00,70,70.56,69.49,70.39,734584
EHC,NYSE,2019/11/22 16:00:00,70.86,71.03,70.08,70.83,470485
EHC,NYSE,2019/11/25 16:00:00,71.11,72,70.9,71.78,408988
EHC,NYSE,2019/11/26 16:00:00,71.48,71.48,70.92,71.14,479601
EHC,NYSE,2019/11/27 16:00:00,71.3,71.77,70.93,71.37,302356
EHC,NYSE,2019/11/29 13:00:00,71.25,71.55,70.52,70.71,168534
EHC,NYSE,2019/12/02 16:00:00,70.68,71.07,69.79,70.11,467479
EHC,NYSE,2019/12/03 16:00:00,69.67,70.84,69.5,70.55,321558
EHC,NYSE,2019/12/04 16:00:00,71.11,71.6,71.04,71.18,489131
EHC,NYSE,2019/12/05 16:00:00,71.38,71.61,70.93,71.31,330154
EHC,NYSE,2019/12/06 16:00:00,72.07,72.6,71.72,72.09,349753
EHC,NYSE,2019/12/09 16:00:00,72.01,72.01,71.44,71.59,328607
EHC,NYSE,2019/12/10 16:00:00,71.45,71.97,71.15,71.79,337595
EHC,NYSE,2019/12/11 16:00:00,71,71.43,70.55,70.67,381194
EHC,NYSE,2019/12/12 16:00:00,70.71,71.57,70.16,70.58,302936
EHC,NYSE,2019/12/13 16:00:00,70.32,71.02,69.95,70.39,290683
EHC,NYSE,2019/12/16 16:00:00,70.68,70.8,69.71,69.77,715448
EHC,NYSE,2019/12/17 16:00:00,69.98,70.43,69.6,69.89,936819
EHC,NYSE,2019/12/18 16:00:00,70.35,70.88,69.78,70.68,601917
EHC,NYSE,2019/12/19 16:00:00,70.95,71.21,69.72,70.09,389730
EHC,NYSE,2019/12/20 16:00:00,70.09,70.83,69.32,69.47,1569048
EHC,NYSE,2019/12/23 16:00:00,69.73,69.86,68.81,69.52,545849
EHC,NYSE,2019/12/24 13:00:00,69.55,70.1,69.37,69.54,177907
EHC,NYSE,2019/12/26 16:00:00,69.76,70.21,69.25,69.45,271497
EHC,NYSE,2019/12/27 16:00:00,69.6,69.99,69.28,69.75,279245
EHC,NYSE,2019/12/30 16:00:00,69.93,70.07,69.26,69.3,362484
EHC,NYSE,2019/12/31 16:00:00,68.96,69.53,68.96,69.27,465831
EHC,NYSE,2020/01/02 16:00:00,69.6,69.78,67.97,69.16,520212
EHC,NYSE,2020/01/03 16:00:00,68.3,69.38,68.27,69.17,649565
EHC,NYSE,2020/01/06 16:00:00,68.57,69.15,67.99,68.92,1077197
EHC,NYSE,2020/01/07 16:00:00,68.7,68.7,67.88,68.23,434733
EHC,NYSE,2020/01/08 16:00:00,68.4,69.27,68.19,68.9,859399
EHC,NYSE,2020/01/09 16:00:00,69.11,69.28,68.26,68.9,792483
EHC,NYSE,2020/01/10 16:00:00,69.24,71.05,69.12,70.97,924034
EHC,NYSE,2020/01/13 16:00:00,73.34,76.77,72.54,76.68,1462017
EHC,NYSE,2020/01/14 16:00:00,76.5,77.66,75.35,77.55,1171117
EHC,NYSE,2020/01/15 16:00:00,77.84,78.81,77.16,77.5,1001515
EHC,NYSE,2020/01/16 16:00:00,78.19,80.57,77.87,80.25,884027
EHC,NYSE,2020/01/17 16:00:00,80.51,80.72,78.68,79.46,710684
EHC,NYSE,2020/01/21 16:00:00,79.27,79.77,78.76,79.72,355560
EHC,NYSE,2020/01/22 16:00:00,80.31,80.43,79.29,79.58,391732
EHC,NYSE,2020/01/23 16:00:00,79.29,79.6,78.49,78.98,462696
EHC,NYSE,2020/01/24 16:00:00,79.14,79.19,78.02,78.84,301212
EHC,NYSE,2020/01/27 16:00:00,77.91,78.27,77.27,77.34,607374
EHC,NYSE,2020/01/28 16:00:00,77.92,78.26,77.29,78.15,663567
EHC,NYSE,2020/01/29 16:00:00,78.05,78.4,76.82,77.15,580191
EHC,NYSE,2020/01/30 16:00:00,76.63,77.3,75.53,77.24,370089
EHC,NYSE,2020/01/31 16:00:00,76.71,77.47,76.03,77.03,621124
EHC,NYSE,2020/02/03 16:00:00,77.36,78.04,76.88,77.17,523485
EHC,NYSE,2020/02/04 16:00:00,78.04,79.01,77.92,78.67,448802
EHC,NYSE,2020/02/05 16:00:00,79.37,80.37,79.12,79.29,703121
EHC,NYSE,2020/02/06 16:00:00,79.71,80.42,78.92,79.79,779181
EHC,NYSE,2020/02/07 16:00:00,79.85,80.74,78.36,79.59,838414
EHC,NYSE,2020/02/10 16:00:00,79.96,81.98,79.59,81.84,754623
EHC,NYSE,2020/02/11 16:00:00,81.96,82.93,81.29,81.73,491348
EHC,NYSE,2020/02/12 16:00:00,82.01,83.02,81.29,82.12,599742
EHC,NYSE,2020/02/13 16:00:00,81.5,82.75,81.5,82.41,360742
EHC,NYSE,2020/02/14 16:00:00,82.45,82.76,81.75,82.61,322589
EHC,NYSE,2020/02/18 16:00:00,82.36,82.93,81.81,82.48,309176
EHC,NYSE,2020/02/19 16:00:00,82.48,83.14,82.06,82.81,473835
EHC,NYSE,2020/02/20 16:00:00,82.65,83.3,81.75,82.56,447232
EHC,NYSE,2020/02/21 16:00:00,82.39,82.65,80.88,81.64,553884
EHC,NYSE,2020/02/24 16:00:00,79.81,80.41,78.87,79.2,508568
EHC,NYSE,2020/02/25 16:00:00,79.61,80.02,76.6,76.87,671299
EHC,NYSE,2020/02/26 16:00:00,77.51,79.06,77.05,77.38,629735
EHC,NYSE,2020/02/27 16:00:00,76.24,78.03,74.01,75.12,748583
EHC,NYSE,2020/02/28 16:00:00,73.13,75.3,72.28,74.84,1306638
EHC,NYSE,2020/03/02 16:00:00,74.89,76.77,74.28,76.54,1146080
EHC,NYSE,2020/03/03 16:00:00,76.56,78.85,73.64,73.92,856409
EHC,NYSE,2020/03/04 16:00:00,78,82.53,76.85,82.05,1526553
EHC,NYSE,2020/03/05 16:00:00,80.63,80.63,76.86,78.9,1179816
EHC,NYSE,2020/03/06 16:00:00,76.99,78.07,74.66,77.26,1156929
EHC,NYSE,2020/03/09 16:00:00,72.68,73.04,69.32,69.86,1241332
EHC,NYSE,2020/03/10 16:00:00,71.78,72.03,68.84,71.74,899375
EHC,NYSE,2020/03/11 16:00:00,69.94,69.98,62.82,63.85,1204150
EHC,NYSE,2020/03/12 16:00:00,58.83,62.26,54.5,59,2613427
EHC,NYSE,2020/03/13 16:00:00,62.28,64.03,57.6,63.91,1097746
EHC,NYSE,2020/03/16 16:00:00,53,61.77,52.01,57.53,1783321
EHC,NYSE,2020/03/17 16:00:00,58.67,59.52,55.44,56.03,1029556
EHC,NYSE,2020/03/18 16:00:00,52.43,55.21,48.01,52.92,1300392
EHC,NYSE,2020/03/19 16:00:00,52.91,58.61,51.67,53.9,1128316
EHC,NYSE,2020/03/20 16:00:00,53.85,55.13,48.61,50.54,1773821
EHC,NYSE,2020/03/23 16:00:00,50.2,53.18,48.22,50.07,1249919
EHC,NYSE,2020/03/24 16:00:00,53.04,55.27,50.5,54.93,871586
EHC,NYSE,2020/03/25 16:00:00,54.72,57.54,53.17,55.98,975455
EHC,NYSE,2020/03/26 16:00:00,57.01,61.82,55.87,59.46,877545
EHC,NYSE,2020/03/27 16:00:00,57.33,61.95,55.76,60.73,796622
EHC,NYSE,2020/03/30 16:00:00,60.33,62.92,58.97,62.52,893942
EHC,NYSE,2020/03/31 16:00:00,63.47,65.01,62.76,64.03,1138776
EHC,NYSE,2020/04/01 16:00:00,61.49,62.45,60.13,60.69,886468
EHC,NYSE,2020/04/02 16:00:00,59.87,62.45,59.39,62.09,1259465
EHC,NYSE,2020/04/03 16:00:00,61.64,62.15,58.79,60.08,1179057
EHC,NYSE,2020/04/06 16:00:00,62.23,64.23,61.35,63.97,790158
EHC,NYSE,2020/04/07 16:00:00,66.72,67.6,65.03,65.08,912403
EHC,NYSE,2020/04/08 16:00:00,65.1,70.74,65.05,69.64,1272179
EHC,NYSE,2020/04/09 16:00:00,70.9,72.41,69.88,71.38,512467
EHC,NYSE,2020/04/13 16:00:00,70.58,70.77,68.87,69.89,659694
EHC,NYSE,2020/04/14 16:00:00,71.81,72.65,69.79,70.81,613671
EHC,NYSE,2020/04/15 16:00:00,68.63,70.97,68.61,69.76,680192
EHC,NYSE,2020/04/16 16:00:00,69.78,70.8,68.39,70.05,529102
EHC,NYSE,2020/04/17 16:00:00,71.9,71.93,70.33,71.46,693052
EHC,NYSE,2020/04/20 16:00:00,70.47,71.16,69.38,69.53,822152
EHC,NYSE,2020/04/21 16:00:00,67.98,69.31,67.32,67.39,681784
EHC,NYSE,2020/04/22 16:00:00,68.71,69.61,67.62,67.72,417676
EHC,NYSE,2020/04/23 16:00:00,67.92,69.14,67.52,68.09,722102
EHC,NYSE,2020/04/24 16:00:00,68.71,68.71,66.97,68.07,629217
EHC,NYSE,2020/04/27 16:00:00,68.95,70.28,68.95,69.98,737752
EHC,NYSE,2020/04/28 16:00:00,71.38,71.48,67.42,67.42,864005
EHC,NYSE,2020/04/29 16:00:00,66.52,70.01,66.27,69.21,987908
EHC,NYSE,2020/04/30 16:00:00,68.53,68.54,65.41,66.25,1379924
EHC,NYSE,2020/05/01 16:00:00,65.01,65.15,63.26,64.98,849869
EHC,NYSE,2020/05/04 16:00:00,64,65.08,63.48,64.66,588446
EHC,NYSE,2020/05/05 16:00:00,65.69,67.16,65.69,66.03,616271
EHC,NYSE,2020/05/06 16:00:00,66.43,66.43,65.04,65.11,313564
EHC,NYSE,2020/05/07 16:00:00,66.05,66.29,64.71,64.84,510300
EHC,NYSE,2020/05/08 16:00:00,65.83,68.54,65.48,67.98,477237
EHC,NYSE,2020/05/11 16:00:00,67.03,68.83,66.86,68.36,1048151
EHC,NYSE,2020/05/12 16:00:00,68.46,68.99,65.54,65.57,419492
EHC,NYSE,2020/05/13 16:00:00,65.01,65.38,62.76,63.62,559124
EHC,NYSE,2020/05/14 16:00:00,62.79,63.61,61.31,63.39,493836
EHC,NYSE,2020/05/15 16:00:00,63.33,65.67,62.88,65.23,1125050
EHC,NYSE,2020/05/18 16:00:00,67.14,70.53,67.14,70.02,713639
EHC,NYSE,2020/05/19 16:00:00,69.55,73.26,69.55,72.14,954804
EHC,NYSE,2020/05/20 16:00:00,73.36,74.12,71.56,71.99,1098851
EHC,NYSE,2020/05/21 16:00:00,71.58,73.49,70.99,73.22,638249
EHC,NYSE,2020/05/22 16:00:00,73.5,73.89,72.18,73.17,884721
EHC,NYSE,2020/05/26 16:00:00,75.02,75.78,74.33,74.97,794066
EHC,NYSE,2020/05/27 16:00:00,75.82,75.82,72.76,74.68,667113
EHC,NYSE,2020/05/28 16:00:00,75.48,76.31,74.02,74.49,463647
EHC,NYSE,2020/05/29 16:00:00,73.79,74.47,72.31,73.25,1248639
EHC,NYSE,2020/06/01 16:00:00,73.26,75.08,73.25,74.06,541673
EHC,NYSE,2020/06/02 16:00:00,74.28,74.62,72.95,73.85,468408
EHC,NYSE,2020/06/03 16:00:00,74.79,75.56,73.57,73.68,458032
EHC,NYSE,2020/06/04 16:00:00,72.83,73.24,71.33,71.59,841881
EHC,NYSE,2020/06/05 16:00:00,73.27,74.67,73.08,73.24,535716
EHC,NYSE,2020/06/08 16:00:00,73.7,74.69,73.35,74.56,653359
EHC,NYSE,2020/06/09 16:00:00,73.77,74.16,72.57,72.74,455772
EHC,NYSE,2020/06/10 16:00:00,72.64,73.05,70.79,71.67,566699
EHC,NYSE,2020/06/11 16:00:00,69.61,69.87,66.18,66.5,960760
EHC,NYSE,2020/06/12 16:00:00,68.69,68.69,64.81,66,937965
EHC,NYSE,2020/06/15 16:00:00,64.31,66.93,63.6,66.53,719291
EHC,NYSE,2020/06/16 16:00:00,69.07,69.52,66.5,67.22,778538
EHC,NYSE,2020/06/17 16:00:00,67.6,67.72,65.36,65.6,522287
EHC,NYSE,2020/06/18 16:00:00,65.05,65.8,63.69,65.23,648866
EHC,NYSE,2020/06/19 16:00:00,65.61,66.77,64.07,64.24,1133395
EHC,NYSE,2020/06/22 16:00:00,64.1,64.27,62.93,63.74,569711
EHC,NYSE,2020/06/23 16:00:00,64.24,64.56,62.84,63.17,887916
EHC,NYSE,2020/06/24 16:00:00,62.39,62.64,60,60.89,875967
EHC,NYSE,2020/06/25 16:00:00,60.76,60.8,58.99,60.53,1624248
EHC,NYSE,2020/06/26 16:00:00,60.39,61.68,59.23,59.31,1050347
EHC,NYSE,2020/06/29 16:00:00,59.73,60.99,59.25,60.68,658484
EHC,NYSE,2020/06/30 16:00:00,60.35,62.17,60.35,61.93,803585
EHC,NYSE,2020/07/01 16:00:00,61.65,63.44,61.65,62.73,1203388
EHC,NYSE,2020/07/02 16:00:00,63.3,63.91,61.67,62.15,704191
EHC,NYSE,2020/07/06 16:00:00,63.37,63.41,62.03,62.95,1376099
EHC,NYSE,2020/07/07 16:00:00,62.41,62.89,61.33,62.06,580396
EHC,NYSE,2020/07/08 16:00:00,61.87,62.3,60.79,61.44,569874
EHC,NYSE,2020/07/09 16:00:00,61.23,61.23,59.1,60.29,547608
EHC,NYSE,2020/07/10 16:00:00,60.29,61.52,59.8,61.3,466549
EHC,NYSE,2020/07/13 16:00:00,61.8,62.47,60.72,60.85,422279
EHC,NYSE,2020/07/14 16:00:00,60.62,62.85,60.6,62.78,801423
EHC,NYSE,2020/07/15 16:00:00,63.83,65.67,63.83,65.21,682068
EHC,NYSE,2020/07/16 16:00:00,65.19,65.95,64.68,65.36,263780
EHC,NYSE,2020/07/17 16:00:00,65.52,65.79,64.52,65,665884
EHC,NYSE,2020/07/20 16:00:00,64.92,65.21,63.18,63.55,451660
EHC,NYSE,2020/07/21 16:00:00,64.35,66.27,63.93,65.47,747453
EHC,NYSE,2020/07/22 16:00:00,65.7,66.32,64.65,65.88,594912
EHC,NYSE,2020/07/23 16:00:00,65.94,67.15,65.88,66.65,574176
EHC,NYSE,2020/07/24 16:00:00,66.52,66.8,65.88,66.04,392926
EHC,NYSE,2020/07/27 16:00:00,65.78,67.19,65.45,66.78,877796
EHC,NYSE,2020/07/28 16:00:00,69.48,71.72,67.67,69.01,1484592
EHC,NYSE,2020/07/29 16:00:00,69,70.6,68.86,69.72,1018712
EHC,NYSE,2020/07/30 16:00:00,68.66,68.99,67.43,68.68,385795
EHC,NYSE,2020/07/31 16:00:00,68.36,69.38,67.66,68.08,609181
EHC,NYSE,2020/08/03 16:00:00,68.6,68.86,67.83,68.18,430656
EHC,NYSE,2020/08/04 16:00:00,67.8,68.47,67.67,68.03,387077
EHC,NYSE,2020/08/05 16:00:00,68.53,68.53,66.99,68.12,480706
EHC,NYSE,2020/08/06 16:00:00,68.28,68.7,67.69,68.07,440362
EHC,NYSE,2020/08/07 16:00:00,67.67,68.3,67.03,67.61,346721
EHC,NYSE,2020/08/10 16:00:00,67.52,68.19,66.86,67.19,555385
EHC,NYSE,2020/08/11 16:00:00,67.63,67.83,65.66,65.84,546683
EHC,NYSE,2020/08/12 16:00:00,66.34,66.42,64.5,65.19,589545
EHC,NYSE,2020/08/13 16:00:00,64.6,64.6,62.72,64.12,912796
EHC,NYSE,2020/08/14 16:00:00,63.65,64.47,62.84,63.18,460385
EHC,NYSE,2020/08/17 16:00:00,63.49,63.49,62.43,62.62,421329
EHC,NYSE,2020/08/18 16:00:00,62.45,63.11,62.08,62.81,694177
EHC,NYSE,2020/08/19 16:00:00,63.14,63.63,62.15,62.23,539352
EHC,NYSE,2020/08/20 16:00:00,61.66,62.49,61.45,61.69,647190
EHC,NYSE,2020/08/21 16:00:00,61.43,61.79,60.87,61.65,458118
EHC,NYSE,2020/08/24 16:00:00,61.83,62.48,61.1,61.74,381158
EHC,NYSE,2020/08/25 16:00:00,61.79,61.94,60.5,61.7,436127
EHC,NYSE,2020/08/26 16:00:00,61.48,61.9,60.86,61.8,455134
EHC,NYSE,2020/08/27 16:00:00,61.94,65.3,61.45,65.14,902049
EHC,NYSE,2020/08/28 16:00:00,65.41,66.36,64.83,66.16,701977
EHC,NYSE,2020/08/31 16:00:00,65.86,66.27,65.23,65.24,545959
EHC,NYSE,2020/09/01 16:00:00,65.01,65.73,64.75,65.56,436054
EHC,NYSE,2020/09/02 16:00:00,65.69,67.25,65.26,67.06,357088
EHC,NYSE,2020/09/03 16:00:00,67.27,67.64,65.77,66.15,425560
EHC,NYSE,2020/09/04 16:00:00,66.8,66.99,64.68,66.14,409259
EHC,NYSE,2020/09/08 16:00:00,65.89,66.16,64.2,64.9,870840
EHC,NYSE,2020/09/09 16:00:00,64.98,65.36,63.46,63.71,1432216
EHC,NYSE,2020/09/10 16:00:00,63.51,64.17,63.41,63.56,536417
EHC,NYSE,2020/09/11 16:00:00,63.77,64.01,62.62,63.92,526435
EHC,NYSE,2020/09/14 16:00:00,64.05,65.22,63.9,65.02,365661
EHC,NYSE,2020/09/15 16:00:00,65.78,66.8,64.55,64.74,518318
EHC,NYSE,2020/09/16 16:00:00,65.23,65.72,64.65,65.01,465515
EHC,NYSE,2020/09/17 16:00:00,64.57,65.36,63.88,65.24,469734
EHC,NYSE,2020/09/18 16:00:00,65.47,65.87,64.38,64.95,1430984
EHC,NYSE,2020/09/21 16:00:00,63.26,63.62,61.06,63.57,707741
EHC,NYSE,2020/09/22 16:00:00,63.43,63.56,61.66,61.98,557786
EHC,NYSE,2020/09/23 16:00:00,62.01,62.41,61.17,61.35,670757
EHC,NYSE,2020/09/24 16:00:00,61.1,62.02,60.44,61.3,487433
EHC,NYSE,2020/09/25 16:00:00,60.85,62.66,60.51,62.58,478360
EHC,NYSE,2020/09/28 16:00:00,63.37,64.04,62.79,63.06,442450
EHC,NYSE,2020/09/29 16:00:00,62.96,63.42,62.53,62.98,327088
EHC,NYSE,2020/09/30 16:00:00,63.25,65.44,63.02,64.98,767607
EHC,NYSE,2020/10/01 16:00:00,65.25,66.43,65.12,65.83,590198
EHC,NYSE,2020/10/02 16:00:00,64.44,66.2,64.44,65.45,338966
EHC,NYSE,2020/10/05 16:00:00,66.03,66.4,65.48,66.13,447225
EHC,NYSE,2020/10/06 16:00:00,66.36,66.93,65.13,65.33,410077
EHC,NYSE,2020/10/07 16:00:00,65.68,66.22,65.26,65.83,268057
EHC,NYSE,2020/10/08 16:00:00,66.31,66.93,65.65,66.85,268677
EHC,NYSE,2020/10/09 16:00:00,67.76,68.48,66.76,67.03,433580
EHC,NYSE,2020/10/12 16:00:00,67.26,67.51,66.73,67.28,185530
EHC,NYSE,2020/10/13 16:00:00,66.58,67.35,66.28,66.67,281253
EHC,NYSE,2020/10/14 16:00:00,66.55,68.24,66.55,67.3,314920
EHC,NYSE,2020/10/15 16:00:00,66.45,68.22,66.25,68.11,397503
EHC,NYSE,2020/10/16 16:00:00,68.41,69.13,68.04,68.06,302310
EHC,NYSE,2020/10/19 16:00:00,67.75,68.2,65.72,65.91,581863
EHC,NYSE,2020/10/20 16:00:00,66.07,66.92,65.76,66.51,251668
EHC,NYSE,2020/10/21 16:00:00,66.37,66.82,65.93,66.09,247090
EHC,NYSE,2020/10/22 16:00:00,66.5,67.69,65.83,67.52,485065
EHC,NYSE,2020/10/23 16:00:00,68,68.24,66.01,67.39,246352
EHC,NYSE,2020/10/26 16:00:00,66.67,66.67,64.95,65.43,374715
EHC,NYSE,2020/10/27 16:00:00,65.49,65.85,64.7,65.01,388624
EHC,NYSE,2020/10/28 16:00:00,64.03,65.06,63.43,63.8,673095
EHC,NYSE,2020/10/29 16:00:00,64.5,66.43,62.71,63.32,948522
EHC,NYSE,2020/10/30 16:00:00,62.67,63.1,60.51,61.31,897523
EHC,NYSE,2020/11/02 16:00:00,61.88,63.69,61.56,63.05,778593
EHC,NYSE,2020/11/03 16:00:00,63.71,64.46,63.1,63.34,1059378
EHC,NYSE,2020/11/04 16:00:00,63.26,65.4,63.26,64.26,819057
EHC,NYSE,2020/11/05 16:00:00,65,66.04,64.3,65.76,961371
EHC,NYSE,2020/11/06 16:00:00,66.32,66.32,64.49,64.84,323095
EHC,NYSE,2020/11/09 16:00:00,68.71,73.27,68.71,70.87,1219029
EHC,NYSE,2020/11/10 16:00:00,70.84,72.48,70.53,72.04,665363
EHC,NYSE,2020/11/11 16:00:00,72.42,72.54,69.89,70.1,530443
EHC,NYSE,2020/11/12 16:00:00,69.36,71.25,68.91,69.34,752579
EHC,NYSE,2020/11/13 16:00:00,69.85,72.16,69.68,72.02,508938
EHC,NYSE,2020/11/16 16:00:00,73.84,74.43,71.55,73.71,946728
EHC,NYSE,2020/11/17 16:00:00,74.57,77.3,73.71,77.2,1193404
EHC,NYSE,2020/11/18 16:00:00,77.25,77.49,75.76,77.05,762578
EHC,NYSE,2020/11/19 16:00:00,76.42,79.06,75.95,78.82,788299
EHC,NYSE,2020/11/20 16:00:00,78.24,79.76,77.82,78.84,719940
EHC,NYSE,2020/11/23 16:00:00,80.15,80.83,79.66,80.68,824236
EHC,NYSE,2020/11/24 16:00:00,81.44,82.92,80.09,82.84,927430
EHC,NYSE,2020/11/25 16:00:00,82.26,82.68,81.24,82.41,492609
EHC,NYSE,2020/11/27 13:00:00,82.35,82.77,81.57,81.85,191004
EHC,NYSE,2020/11/30 16:00:00,81.66,81.66,80.3,80.58,561485
EHC,NYSE,2020/12/01 16:00:00,81.61,81.61,79.8,79.85,623777
EHC,NYSE,2020/12/02 16:00:00,79.4,80.32,79.28,79.92,367465
EHC,NYSE,2020/12/03 16:00:00,80.23,80.4,79.34,79.59,310709
EHC,NYSE,2020/12/04 16:00:00,79.77,80.33,79.2,79.89,535095
EHC,NYSE,2020/12/07 16:00:00,80.2,80.94,79.56,80.12,329206
EHC,NYSE,2020/12/08 16:00:00,79.65,81.45,79.58,81.2,308775
EHC,NYSE,2020/12/09 16:00:00,85.27,87.11,84.02,85.95,1437731
EHC,NYSE,2020/12/10 16:00:00,85.28,85.63,83.55,85.03,666623
EHC,NYSE,2020/12/11 16:00:00,84.32,85.36,83.78,84.44,378181
EHC,NYSE,2020/12/14 16:00:00,85.27,85.81,83.25,83.5,549830
EHC,NYSE,2020/12/15 16:00:00,84.15,84.18,82.24,83.75,702284
EHC,NYSE,2020/12/16 16:00:00,83.92,83.92,81.97,82.68,799630
EHC,NYSE,2020/12/17 16:00:00,83.01,83.38,82.04,83.08,743023
EHC,NYSE,2020/12/18 16:00:00,83.55,83.91,81.45,82.12,1121585
EHC,NYSE,2020/12/21 16:00:00,80.54,82.13,80.14,82.12,406228
EHC,NYSE,2020/12/22 16:00:00,82.02,82.62,81.47,82.36,378135
EHC,NYSE,2020/12/23 16:00:00,82.88,83.79,82.68,82.96,327752
EHC,NYSE,2020/12/24 13:00:00,83.16,83.16,82.05,82.68,117132
EHC,NYSE,2020/12/28 16:00:00,82.94,82.94,81.32,82.36,244864
EHC,NYSE,2020/12/29 16:00:00,82.75,83.01,81.76,82.4,268153
EHC,NYSE,2020/12/30 16:00:00,82.67,83.56,82.02,82.35,342321
EHC,NYSE,2020/12/31 16:00:00,81.95,83.23,81.47,82.69,291022
EHC,NYSE,2021/01/04 16:00:00,83.54,83.78,81.24,82.34,683246
EHC,NYSE,2021/01/05 16:00:00,81.91,84.1,81.91,82.75,696440
EHC,NYSE,2021/01/06 16:00:00,83.1,86.66,83.1,86,965558
EHC,NYSE,2021/01/07 16:00:00,86.05,87.35,85.83,86,487410
EHC,NYSE,2021/01/08 16:00:00,86.44,86.44,83.81,85.19,522889
EHC,NYSE,2021/01/11 16:00:00,84.58,85.93,83.9,84.12,315939
EHC,NYSE,2021/01/12 16:00:00,84.12,84.92,84,84.46,304552
EHC,NYSE,2021/01/13 16:00:00,84.46,84.82,82.72,83.29,383867
EHC,NYSE,2021/01/14 16:00:00,84.01,84.01,82.21,82.48,415364
EHC,NYSE,2021/01/15 16:00:00,82.78,84.22,82.64,83.42,578001
EHC,NYSE,2021/01/19 16:00:00,83.51,84.29,82.5,83.16,875086
EHC,NYSE,2021/01/20 16:00:00,83.28,86.71,83.14,86.63,571626
EHC,NYSE,2021/01/21 16:00:00,86.6,87.58,86.28,87.5,674535
EHC,NYSE,2021/01/22 16:00:00,87.31,88.11,87.09,87.41,552190
EHC,NYSE,2021/01/25 16:00:00,86.95,88.42,85.37,85.7,574069
EHC,NYSE,2021/01/26 16:00:00,85.88,86.72,84.57,85.86,614943
EHC,NYSE,2021/01/27 16:00:00,83.74,83.78,80.1,82.38,1652854
EHC,NYSE,2021/01/28 16:00:00,82.56,83.71,80.33,80.61,719536
EHC,NYSE,2021/01/29 16:00:00,80.62,81.7,78.22,80.4,1536961
EHC,NYSE,2021/02/01 16:00:00,80.77,81.76,79.43,81.17,975680
EHC,NYSE,2021/02/02 16:00:00,82.05,82.37,81.01,81.24,579116
EHC,NYSE,2021/02/03 16:00:00,81.2,83.11,80.62,82.26,516160
EHC,NYSE,2021/02/04 16:00:00,81.92,83.37,81.51,83.32,519965
EHC,NYSE,2021/02/05 16:00:00,84.07,84.46,82.02,82.25,657227
EHC,NYSE,2021/02/08 16:00:00,82.57,82.91,81.51,82.06,564211
EHC,NYSE,2021/02/09 16:00:00,82.34,82.82,81.41,82.07,465133
EHC,NYSE,2021/02/10 16:00:00,82.79,82.96,81.22,82.09,460150
EHC,NYSE,2021/02/11 16:00:00,82.37,83,81.55,82.85,476008
EHC,NYSE,2021/02/12 16:00:00,83.14,83.67,81.82,82.36,342793
EHC,NYSE,2021/02/16 16:00:00,81.9,82.26,80.02,80.59,654486
EHC,NYSE,2021/02/17 16:00:00,80.4,81.31,80.06,80.28,518084
EHC,NYSE,2021/02/18 16:00:00,80.39,81.08,80.2,80.37,423661
EHC,NYSE,2021/02/19 16:00:00,80.59,81.2,80.17,80.51,399499
EHC,NYSE,2021/02/22 16:00:00,79.85,80.51,79.19,79.49,556427
EHC,NYSE,2021/02/23 16:00:00,79.65,80.4,78.09,80.23,692532
EHC,NYSE,2021/02/24 16:00:00,79.98,83.06,79.79,82.66,745836
EHC,NYSE,2021/02/25 16:00:00,82.63,82.63,80.01,80.5,770283
EHC,NYSE,2021/02/26 16:00:00,81.08,81.95,80.36,80.44,854738
EHC,NYSE,2021/03/01 16:00:00,81.36,81.91,79.88,79.94,524718
EHC,NYSE,2021/03/02 16:00:00,80.01,80.75,78.95,80.4,443335
EHC,NYSE,2021/03/03 16:00:00,79.81,80.91,79.41,79.91,373947
EHC,NYSE,2021/03/04 16:00:00,79.8,80.32,77.76,78.02,458944
EHC,NYSE,2021/03/05 16:00:00,78.14,79.84,76.81,79.84,596073
EHC,NYSE,2021/03/08 16:00:00,80.21,81.86,80.21,81.21,881916
EHC,NYSE,2021/03/09 16:00:00,82,83.94,81.15,81.21,1070064
EHC,NYSE,2021/03/10 16:00:00,81.2,81.93,78.59,78.84,1235891
EHC,NYSE,2021/03/11 16:00:00,79.06,80,78.46,79.07,970680
EHC,NYSE,2021/03/12 16:00:00,79.02,80.86,78.79,80,732750
EHC,NYSE,2021/03/15 16:00:00,80.33,81.75,80.02,81.74,838031
EHC,NYSE,2021/03/16 16:00:00,81.72,81.82,79.11,79.5,492953
EHC,NYSE,2021/03/17 16:00:00,79.07,80,78.27,79.75,544393
EHC,NYSE,2021/03/18 16:00:00,79.67,81.28,79.42,80.32,645234
EHC,NYSE,2021/03/19 16:00:00,80.43,81.78,80.37,80.59,1059525
EHC,NYSE,2021/03/22 16:00:00,80.36,80.36,79.02,79.45,833729
EHC,NYSE,2021/03/23 16:00:00,79.22,80.39,78.5,79.84,529320
EHC,NYSE,2021/03/24 16:00:00,80.1,82.68,80.1,82.19,896433
EHC,NYSE,2021/03/25 16:00:00,82.03,82.92,81.36,82.53,537055
EHC,NYSE,2021/03/26 16:00:00,83.12,83.44,81.42,83.2,540996
EHC,NYSE,2021/03/29 16:00:00,83.02,84.18,81.32,81.99,389339
EHC,NYSE,2021/03/30 16:00:00,81.71,83.05,81.39,82.8,849458
EHC,NYSE,2021/03/31 16:00:00,82.64,84.01,81.88,81.9,435029
EHC,NYSE,2021/04/01 16:00:00,81.98,82.62,80.65,82.57,415743
EHC,NYSE,2021/04/05 16:00:00,82.33,82.74,79.61,80.87,916866
EHC,NYSE,2021/04/06 16:00:00,80.77,81.61,80.32,80.55,677798
EHC,NYSE,2021/04/07 16:00:00,80.93,81.65,80.49,81.48,465280
EHC,NYSE,2021/04/08 16:00:00,82.42,83.39,81.4,81.89,751483
EHC,NYSE,2021/04/09 16:00:00,81.9,82.05,80.94,81.64,694753
RNR,NYSE,2019/04/01 16:00:00,144.33,144.87,143.48,144.72,179782
RNR,NYSE,2019/04/02 16:00:00,144.86,144.86,143.04,143.25,223722
RNR,NYSE,2019/04/03 16:00:00,143.98,143.98,142.52,143.28,268373
RNR,NYSE,2019/04/04 16:00:00,143.57,144.08,142.64,143.38,186024
RNR,NYSE,2019/04/05 16:00:00,143.7,144.18,142.96,143.47,326518
RNR,NYSE,2019/04/08 16:00:00,143.33,144.79,143.17,143.89,201354
RNR,NYSE,2019/04/09 16:00:00,143.78,144.33,142.29,142.99,134882
RNR,NYSE,2019/04/10 16:00:00,143.66,145.72,143.21,145.52,241336
RNR,NYSE,2019/04/11 16:00:00,146.06,149.78,145.12,149.5,387884
RNR,NYSE,2019/04/12 16:00:00,150.34,152.28,149.75,152.2,294261
RNR,NYSE,2019/04/15 16:00:00,152.5,152.8,151.05,152.23,167445
RNR,NYSE,2019/04/16 16:00:00,152.71,155.06,152.07,154.35,374129
RNR,NYSE,2019/04/17 16:00:00,154.09,154.36,152.47,153.03,223202
RNR,NYSE,2019/04/18 16:00:00,153.2,153.83,152.49,152.98,228897
RNR,NYSE,2019/04/22 16:00:00,152.62,152.72,151.16,151.57,197574
RNR,NYSE,2019/04/23 16:00:00,151.5,152.4,151.06,151.68,291140
RNR,NYSE,2019/04/24 16:00:00,151.67,152.81,150.88,151.87,273742
RNR,NYSE,2019/04/25 16:00:00,151.65,152.03,149.78,151.46,155596
RNR,NYSE,2019/04/26 16:00:00,152.67,152.7,150.22,152.7,147277
RNR,NYSE,2019/04/29 16:00:00,152.87,153.93,152.31,153.1,186633
RNR,NYSE,2019/04/30 16:00:00,153.29,155.71,152.66,155.36,221122
RNR,NYSE,2019/05/01 16:00:00,155.47,158.08,155.47,156.02,213248
RNR,NYSE,2019/05/02 16:00:00,155.81,157.02,154.6,155.53,181714
RNR,NYSE,2019/05/03 16:00:00,155.88,156.77,154.83,155.16,140553
RNR,NYSE,2019/05/06 16:00:00,153.33,155.5,152.96,154.75,175383
RNR,NYSE,2019/05/07 16:00:00,154.08,155.52,153.11,155.49,178015
RNR,NYSE,2019/05/08 16:00:00,157,163.51,155.54,161.35,466643
RNR,NYSE,2019/05/09 16:00:00,161.63,163.31,160.65,161.72,342874
RNR,NYSE,2019/05/10 16:00:00,161.76,166.04,161.76,165.94,282274
RNR,NYSE,2019/05/13 16:00:00,164.13,165.59,163.71,164.29,284313
RNR,NYSE,2019/05/14 16:00:00,165.43,167.68,164.52,167.01,229490
RNR,NYSE,2019/05/15 16:00:00,166,167.75,164.32,166.95,214236
RNR,NYSE,2019/05/16 16:00:00,167.32,170.55,166.51,170.44,279762
RNR,NYSE,2019/05/17 16:00:00,169.55,170.73,168.9,169.52,245854
RNR,NYSE,2019/05/20 16:00:00,169.41,171.33,169.18,170.2,190392
RNR,NYSE,2019/05/21 16:00:00,170.99,171.74,169.27,170.15,374656
RNR,NYSE,2019/05/22 16:00:00,170.26,171.34,169.94,170.97,363983
RNR,NYSE,2019/05/23 16:00:00,169.75,171.16,168.96,171.01,417507
RNR,NYSE,2019/05/24 16:00:00,171.5,173.91,171.25,173.52,251595
RNR,NYSE,2019/05/28 16:00:00,174,175.52,173.05,173.69,501137
RNR,NYSE,2019/05/29 16:00:00,173.84,174.11,171.62,173.91,271384
RNR,NYSE,2019/05/30 16:00:00,174.17,175.37,172.35,172.67,232279
RNR,NYSE,2019/05/31 16:00:00,171.49,175.12,171.49,174.44,336351
RNR,NYSE,2019/06/03 16:00:00,174.46,178.86,173.88,178.62,394649
RNR,NYSE,2019/06/04 16:00:00,177.72,178.8,174.69,176.1,316993
RNR,NYSE,2019/06/05 16:00:00,175.6,178.89,175.09,178.78,300726
RNR,NYSE,2019/06/06 16:00:00,178.6,179.91,176.71,177.2,330848
RNR,NYSE,2019/06/07 16:00:00,177.29,178.92,174.74,176.35,357818
RNR,NYSE,2019/06/10 16:00:00,176.64,177.81,175.46,175.89,274237
RNR,NYSE,2019/06/11 16:00:00,176.71,177.29,173.97,175.02,196065
RNR,NYSE,2019/06/12 16:00:00,175.16,177.03,174.9,176.44,200282
RNR,NYSE,2019/06/13 16:00:00,176.6,178.01,175.24,177.12,335182
RNR,NYSE,2019/06/14 16:00:00,177.5,178.96,177,178.67,172158
RNR,NYSE,2019/06/17 16:00:00,178.75,179.4,177.64,177.76,257768
RNR,NYSE,2019/06/18 16:00:00,178.78,180.57,178.38,180.02,222524
RNR,NYSE,2019/06/19 16:00:00,180.42,182.22,180.33,181.65,221743
RNR,NYSE,2019/06/20 16:00:00,182.27,184.19,181.64,182.93,284793
RNR,NYSE,2019/06/21 16:00:00,182,184.19,181.51,181.94,601925
RNR,NYSE,2019/06/24 16:00:00,182.56,185.5,181.39,182.27,249481
RNR,NYSE,2019/06/25 16:00:00,182.77,183.44,179.6,180,433961
RNR,NYSE,2019/06/26 16:00:00,180.7,180.7,175.87,176.24,323071
RNR,NYSE,2019/06/27 16:00:00,176.6,176.96,174.71,176.55,275681
RNR,NYSE,2019/06/28 16:00:00,177.34,179.46,176.51,178.01,630939
RNR,NYSE,2019/07/01 16:00:00,179.16,182.89,179.01,182.78,334578
RNR,NYSE,2019/07/02 16:00:00,182.82,185.07,181.43,182.12,323127
RNR,NYSE,2019/07/03 13:00:00,183.25,184.17,182.35,183.78,206087
RNR,NYSE,2019/07/05 16:00:00,183.7,184.6,181.62,183.18,302762
RNR,NYSE,2019/07/08 16:00:00,182.89,184.53,182.05,184.46,219738
RNR,NYSE,2019/07/09 16:00:00,184.11,185.04,183.61,184.73,432351
RNR,NYSE,2019/07/10 16:00:00,184.65,186.83,183.82,184.31,296984
RNR,NYSE,2019/07/11 16:00:00,184.47,185.28,183.12,183.88,422541
RNR,NYSE,2019/07/12 16:00:00,183.63,184.54,182.03,183.95,249831
RNR,NYSE,2019/07/15 16:00:00,184.81,187.58,184.49,187.35,349140
RNR,NYSE,2019/07/16 16:00:00,186.57,187.27,184.17,185.35,384027
RNR,NYSE,2019/07/17 16:00:00,184.57,186.03,183.17,183.64,286803
RNR,NYSE,2019/07/18 16:00:00,183.9,184.3,180.89,182.24,390233
RNR,NYSE,2019/07/19 16:00:00,182.52,182.85,180,180.12,267434
RNR,NYSE,2019/07/22 16:00:00,180.44,180.44,177.79,178.01,528353
RNR,NYSE,2019/07/23 16:00:00,178.7,178.94,174.91,178.21,418481
RNR,NYSE,2019/07/24 16:00:00,189,189,179.45,180,759877
RNR,NYSE,2019/07/25 16:00:00,180.49,184.8,179.1,183.66,382141
RNR,NYSE,2019/07/26 16:00:00,183.93,186.59,182.73,186.19,237867
RNR,NYSE,2019/07/29 16:00:00,186.8,187.32,183.23,184.61,346235
RNR,NYSE,2019/07/30 16:00:00,184.36,185.76,181.05,181.96,376969
RNR,NYSE,2019/07/31 16:00:00,182.13,183.38,179.89,181.15,649419
RNR,NYSE,2019/08/01 16:00:00,181.22,183.4,179.87,181.83,408896
RNR,NYSE,2019/08/02 16:00:00,182.33,183.85,181.1,182.54,316382
RNR,NYSE,2019/08/05 16:00:00,180.83,182.89,178.35,179.44,291640
RNR,NYSE,2019/08/06 16:00:00,179.58,183.39,178.75,183.29,281182
RNR,NYSE,2019/08/07 16:00:00,182.92,186.55,181.61,185.69,338443
RNR,NYSE,2019/08/08 16:00:00,186.73,189.97,186.44,189.71,443353
RNR,NYSE,2019/08/09 16:00:00,189.29,190.71,187.8,189.46,216537
RNR,NYSE,2019/08/12 16:00:00,189.46,190.8,187.59,187.74,180577
RNR,NYSE,2019/08/13 16:00:00,187.24,190.92,187.1,190.79,254915
RNR,NYSE,2019/08/14 16:00:00,189.38,190.6,185.41,185.54,316474
RNR,NYSE,2019/08/15 16:00:00,185.78,188.18,184.16,187.84,242966
RNR,NYSE,2019/08/16 16:00:00,188.45,190.39,187.97,189.73,276607
RNR,NYSE,2019/08/19 16:00:00,190.38,190.97,188.16,189.78,266322
RNR,NYSE,2019/08/20 16:00:00,189.67,189.67,188,188.32,194651
RNR,NYSE,2019/08/21 16:00:00,188.93,189.23,188.05,188.35,211256
RNR,NYSE,2019/08/22 16:00:00,188.85,190.15,186.5,188.23,175888
RNR,NYSE,2019/08/23 16:00:00,187.74,189.46,184.04,184.92,190380
RNR,NYSE,2019/08/26 16:00:00,186.14,187.66,184.22,187.5,249875
RNR,NYSE,2019/08/27 16:00:00,188.12,189.12,185.69,186.44,276014
RNR,NYSE,2019/08/28 16:00:00,185.65,186.15,179.46,181.82,260081
RNR,NYSE,2019/08/29 16:00:00,182.37,182.55,177.82,181.19,346988
RNR,NYSE,2019/08/30 16:00:00,181.44,181.6,176.78,180.55,581532
RNR,NYSE,2019/09/03 16:00:00,183.18,188.11,183.18,186.27,361881
RNR,NYSE,2019/09/04 16:00:00,186.3,191.07,185.42,190.8,282557
RNR,NYSE,2019/09/05 16:00:00,192.15,193.34,187.62,188.1,324249
RNR,NYSE,2019/09/06 16:00:00,187.79,190.69,187.35,188.42,274949
RNR,NYSE,2019/09/09 16:00:00,189.17,190,187.63,189.64,275447
RNR,NYSE,2019/09/10 16:00:00,190.12,190.12,185.38,188.58,363578
RNR,NYSE,2019/09/11 16:00:00,188.28,189.79,186.88,189.72,200228
RNR,NYSE,2019/09/12 16:00:00,189.47,189.81,186.1,187.3,204623
RNR,NYSE,2019/09/13 16:00:00,187.73,187.98,185.83,186.46,190300
RNR,NYSE,2019/09/16 16:00:00,185.85,186.21,183.6,185.48,203818
RNR,NYSE,2019/09/17 16:00:00,185.21,190.56,185.01,189.98,257426
RNR,NYSE,2019/09/18 16:00:00,189.58,190.41,188.14,189.91,173458
RNR,NYSE,2019/09/19 16:00:00,189.58,191,189.22,189.87,148356
RNR,NYSE,2019/09/20 16:00:00,189.99,191.36,188.47,190.48,550578
RNR,NYSE,2019/09/23 16:00:00,189.68,192.64,189.67,192.11,236296
RNR,NYSE,2019/09/24 16:00:00,192.33,194.26,191.09,192.26,371047
RNR,NYSE,2019/09/25 16:00:00,192.07,192.25,190.03,191.73,215505
RNR,NYSE,2019/09/26 16:00:00,191.94,194.26,191.2,193.58,147563
RNR,NYSE,2019/09/27 16:00:00,194.82,195.12,190.53,191.44,213406
RNR,NYSE,2019/09/30 16:00:00,191.5,194.34,190.77,193.45,225544
RNR,NYSE,2019/10/01 16:00:00,193.89,195.1,191.85,191.92,240931
RNR,NYSE,2019/10/02 16:00:00,191.92,192.01,186.28,187.97,304457
RNR,NYSE,2019/10/03 16:00:00,187.47,189.47,186.82,189.19,174961
RNR,NYSE,2019/10/04 16:00:00,189.31,194.47,189.31,194.18,233869
RNR,NYSE,2019/10/07 16:00:00,194.2,195.18,192.16,193.06,327554
RNR,NYSE,2019/10/08 16:00:00,192.03,192.83,187.7,187.84,203616
RNR,NYSE,2019/10/09 16:00:00,188.86,191.9,188.4,189.69,132779
RNR,NYSE,2019/10/10 16:00:00,189.66,191.45,188.65,189.31,146953
RNR,NYSE,2019/10/11 16:00:00,190.31,191.85,189.14,190.84,125354
RNR,NYSE,2019/10/14 16:00:00,190.48,191.81,189.42,191.6,124017
RNR,NYSE,2019/10/15 16:00:00,191.8,193.88,190.81,191.16,184972
RNR,NYSE,2019/10/16 16:00:00,188.5,190.72,187.43,190.27,189963
RNR,NYSE,2019/10/17 16:00:00,190.77,192.03,189.95,189.97,231626
RNR,NYSE,2019/10/18 16:00:00,189.97,190.54,189,189.31,191670
RNR,NYSE,2019/10/21 16:00:00,191.33,194.43,189.29,189.69,185828
RNR,NYSE,2019/10/22 16:00:00,189.39,189.84,186.22,186.28,208846
RNR,NYSE,2019/10/23 16:00:00,186.21,187.94,185.56,186.55,168752
RNR,NYSE,2019/10/24 16:00:00,186.69,186.69,184.19,185.46,130390
RNR,NYSE,2019/10/25 16:00:00,185.14,185.98,182.81,183.72,152181
RNR,NYSE,2019/10/28 16:00:00,184.12,185.29,181.99,182.78,243231
RNR,NYSE,2019/10/29 16:00:00,182.6,188.61,182.6,186.77,293788
RNR,NYSE,2019/10/30 16:00:00,187.32,187.68,180.06,185.42,318953
RNR,NYSE,2019/10/31 16:00:00,184.5,187.98,183.46,187.18,281593
RNR,NYSE,2019/11/01 16:00:00,188.31,188.8,184.46,186.79,259196
RNR,NYSE,2019/11/04 16:00:00,187,189.31,185.63,186.05,228140
RNR,NYSE,2019/11/05 16:00:00,186,187.78,182.79,183.94,200514
RNR,NYSE,2019/11/06 16:00:00,183.3,186.47,183.3,186.22,180100
RNR,NYSE,2019/11/07 16:00:00,186.03,186.62,183.72,184.36,219438
RNR,NYSE,2019/11/08 16:00:00,184.29,185.86,183.65,184.59,133348
RNR,NYSE,2019/11/11 16:00:00,183.65,186.43,183.32,185.27,145913
RNR,NYSE,2019/11/12 16:00:00,183.52,185.46,183.3,184.57,166121
RNR,NYSE,2019/11/13 16:00:00,183.55,186.65,183.28,185.21,173352
RNR,NYSE,2019/11/14 16:00:00,185.38,185.58,183.57,184.88,153122
RNR,NYSE,2019/11/15 16:00:00,184.75,185.06,183.2,183.56,253001
RNR,NYSE,2019/11/18 16:00:00,183.46,185.13,182.74,184.68,202378
RNR,NYSE,2019/11/19 16:00:00,184.6,187.13,183.9,186.8,242524
RNR,NYSE,2019/11/20 16:00:00,186.23,189.71,186.23,188.5,294415
RNR,NYSE,2019/11/21 16:00:00,188.63,188.63,184.42,184.49,207959
RNR,NYSE,2019/11/22 16:00:00,184.43,185.85,182.92,185.48,191074
RNR,NYSE,2019/11/25 16:00:00,183.17,187.22,183.17,184.28,244493
RNR,NYSE,2019/11/26 16:00:00,184.49,189.05,184.49,189.04,418261
RNR,NYSE,2019/11/27 16:00:00,188.82,191.75,187.96,191.2,263942
RNR,NYSE,2019/11/29 13:00:00,191.16,192.33,188.33,188.33,112938
RNR,NYSE,2019/12/02 16:00:00,188.7,188.7,186.37,187.43,207021
RNR,NYSE,2019/12/03 16:00:00,186.93,187.22,184.26,185.72,183391
RNR,NYSE,2019/12/04 16:00:00,185.08,189.36,184.84,188.18,278662
RNR,NYSE,2019/12/05 16:00:00,188.25,189.6,187.26,187.94,188365
RNR,NYSE,2019/12/06 16:00:00,188.64,189.95,187.29,188.72,195880
RNR,NYSE,2019/12/09 16:00:00,188.72,192.9,187.77,192.59,195685
RNR,NYSE,2019/12/10 16:00:00,192.24,192.44,190.84,191.27,129224
RNR,NYSE,2019/12/11 16:00:00,190.47,192.95,190.3,192.79,247315
RNR,NYSE,2019/12/12 16:00:00,192.38,196.23,192.02,196.11,268724
RNR,NYSE,2019/12/13 16:00:00,195.33,195.98,193.86,194.8,146152
RNR,NYSE,2019/12/16 16:00:00,196.75,199.33,195.53,197.69,307576
RNR,NYSE,2019/12/17 16:00:00,198.05,201.36,197.76,200.82,314394
RNR,NYSE,2019/12/18 16:00:00,201.23,201.23,197.48,197.98,237487
RNR,NYSE,2019/12/19 16:00:00,198.23,198.34,196.44,197.79,208671
RNR,NYSE,2019/12/20 16:00:00,199,201.02,198.69,198.81,922615
RNR,NYSE,2019/12/23 16:00:00,199.15,199.15,193.39,193.58,172896
RNR,NYSE,2019/12/24 13:00:00,193.44,194,192.26,193.2,73752
RNR,NYSE,2019/12/26 16:00:00,193.53,194.49,192.59,193.64,98282
RNR,NYSE,2019/12/27 16:00:00,193.83,195.88,193.32,195.65,112568
RNR,NYSE,2019/12/30 16:00:00,195.71,196.86,194.91,196.56,114448
RNR,NYSE,2019/12/31 16:00:00,196.76,197.73,195.77,196.02,233426
RNR,NYSE,2020/01/02 16:00:00,196.96,197.07,193.75,195.19,297166
RNR,NYSE,2020/01/03 16:00:00,193.73,196.16,193.33,195.25,214473
RNR,NYSE,2020/01/06 16:00:00,194.37,194.73,191.44,192.01,289803
RNR,NYSE,2020/01/07 16:00:00,186.8,189.13,186.39,187.91,1206743
RNR,NYSE,2020/01/08 16:00:00,188.37,190.33,188.2,189.83,683234
RNR,NYSE,2020/01/09 16:00:00,190.35,191.69,189.23,191.59,524616
RNR,NYSE,2020/01/10 16:00:00,191.72,192.11,187.91,189.11,283788
RNR,NYSE,2020/01/13 16:00:00,189.25,191.21,188.71,190.24,201923
RNR,NYSE,2020/01/14 16:00:00,189.82,190.45,187.91,188.8,250853
RNR,NYSE,2020/01/15 16:00:00,188.89,191.6,188.31,191.12,273432
RNR,NYSE,2020/01/16 16:00:00,192,194.58,190.68,193.03,295422
RNR,NYSE,2020/01/17 16:00:00,193.03,194.07,192.07,193.22,194812
RNR,NYSE,2020/01/21 16:00:00,192.81,193.89,191.23,192.34,286520
RNR,NYSE,2020/01/22 16:00:00,192.72,193.51,191.3,192.27,216146
RNR,NYSE,2020/01/23 16:00:00,191.3,193.08,190,192.5,287572
RNR,NYSE,2020/01/24 16:00:00,192.76,193.41,189.28,190.09,236363
RNR,NYSE,2020/01/27 16:00:00,187.95,190.61,187.41,188.2,271953
RNR,NYSE,2020/01/28 16:00:00,188.7,191.31,188.7,189.94,258738
RNR,NYSE,2020/01/29 16:00:00,190.02,190.94,188.61,188.72,158423
RNR,NYSE,2020/01/30 16:00:00,187.92,193.22,187.48,193.03,204688
RNR,NYSE,2020/01/31 16:00:00,192.12,193.49,189.08,189.44,302277
RNR,NYSE,2020/02/03 16:00:00,189.81,193.86,187.87,191.58,377319
RNR,NYSE,2020/02/04 16:00:00,193.36,195.6,192.83,193.81,251825
RNR,NYSE,2020/02/05 16:00:00,189.87,198.96,189.08,194.05,491407
RNR,NYSE,2020/02/06 16:00:00,195.09,198.36,194.81,196.34,386385
RNR,NYSE,2020/02/07 16:00:00,196.02,200.1,196.02,197.72,234742
RNR,NYSE,2020/02/10 16:00:00,197.99,199.93,196.1,199.42,247407
RNR,NYSE,2020/02/11 16:00:00,200,202.44,197.9,202.18,275453
RNR,NYSE,2020/02/12 16:00:00,202.68,202.68,198.07,198.68,294655
RNR,NYSE,2020/02/13 16:00:00,198.41,201.31,198.11,200.85,159909
RNR,NYSE,2020/02/14 16:00:00,200.93,200.93,197.93,198.18,243580
RNR,NYSE,2020/02/18 16:00:00,197.86,198.77,196.28,198.5,179443
RNR,NYSE,2020/02/19 16:00:00,199.07,199.62,196.69,198.76,239921
RNR,NYSE,2020/02/20 16:00:00,198.47,198.47,194.89,196.77,208315
RNR,NYSE,2020/02/21 16:00:00,196.34,198.78,196.15,198.29,251231
RNR,NYSE,2020/02/24 16:00:00,194.84,196.95,192.05,192.64,333858
RNR,NYSE,2020/02/25 16:00:00,192.74,192.89,188,188.2,239326
RNR,NYSE,2020/02/26 16:00:00,189.51,191.96,187.25,188.4,242783
RNR,NYSE,2020/02/27 16:00:00,186.41,187.75,179.29,179.35,252852
RNR,NYSE,2020/02/28 16:00:00,175.08,175.85,168.73,170.4,609875
RNR,NYSE,2020/03/02 16:00:00,170.84,182.02,170.84,181.67,499873
RNR,NYSE,2020/03/03 16:00:00,181.09,183.73,175.66,176.35,335763
RNR,NYSE,2020/03/04 16:00:00,178.83,184.05,177.05,183.72,263994
RNR,NYSE,2020/03/05 16:00:00,179.18,179.72,174.62,175.76,426181
RNR,NYSE,2020/03/06 16:00:00,169.91,175.51,167.45,175.36,415137
RNR,NYSE,2020/03/09 16:00:00,165,166.08,157.83,162.13,432891
RNR,NYSE,2020/03/10 16:00:00,167.02,168.3,157.53,164.35,458772
RNR,NYSE,2020/03/11 16:00:00,159.42,161.6,154.82,155.96,377473
RNR,NYSE,2020/03/12 16:00:00,145.5,153.42,142.23,144.69,705618
RNR,NYSE,2020/03/13 16:00:00,152.15,155.4,143.59,155.08,623237
RNR,NYSE,2020/03/16 16:00:00,142.33,144.58,136.11,136.63,423921
RNR,NYSE,2020/03/17 16:00:00,139.86,144.62,134.62,143.67,477511
RNR,NYSE,2020/03/18 16:00:00,135.34,137.1,113.95,119.71,676566
RNR,NYSE,2020/03/19 16:00:00,118.44,130.06,113.27,125.11,674162
RNR,NYSE,2020/03/20 16:00:00,124.95,135.18,120.74,129.3,613691
RNR,NYSE,2020/03/23 16:00:00,129.45,134.38,120.19,131.97,832323
RNR,NYSE,2020/03/24 16:00:00,137.74,142.49,134.12,136.9,542050
RNR,NYSE,2020/03/25 16:00:00,137.37,141.74,129.3,135.88,597323
RNR,NYSE,2020/03/26 16:00:00,137.5,148.93,135.85,148.93,605770
RNR,NYSE,2020/03/27 16:00:00,143.71,155.75,140.47,149.21,801876
RNR,NYSE,2020/03/30 16:00:00,149.65,152.56,144.49,152.11,464420
RNR,NYSE,2020/03/31 16:00:00,150.51,152.13,146.33,149.32,636707
RNR,NYSE,2020/04/01 16:00:00,144.08,149.18,142.55,146.5,603146
RNR,NYSE,2020/04/02 16:00:00,145.36,151.97,145.36,146.98,507799
RNR,NYSE,2020/04/03 16:00:00,146.15,147.17,139.89,141.59,450271
RNR,NYSE,2020/04/06 16:00:00,148.48,153.07,145.79,150.81,374633
RNR,NYSE,2020/04/07 16:00:00,155.56,162.38,154.04,154.85,508681
RNR,NYSE,2020/04/08 16:00:00,155.88,160.44,151.52,158.99,313971
RNR,NYSE,2020/04/09 16:00:00,161.37,167.2,160.01,164.74,288825
RNR,NYSE,2020/04/13 16:00:00,163.85,164.85,159.79,161.26,258863
RNR,NYSE,2020/04/14 16:00:00,164.51,166.96,160.78,164.03,373274
RNR,NYSE,2020/04/15 16:00:00,160.2,161.77,158.13,159.1,379380
RNR,NYSE,2020/04/16 16:00:00,158.73,159.36,154.45,156.57,326264
RNR,NYSE,2020/04/17 16:00:00,161.29,161.29,155.26,157.29,342767
RNR,NYSE,2020/04/20 16:00:00,155.18,155.96,151.85,153.46,253054
RNR,NYSE,2020/04/21 16:00:00,150.52,152.02,147.61,148.34,390853
RNR,NYSE,2020/04/22 16:00:00,151.54,151.77,146.49,148.49,317664
RNR,NYSE,2020/04/23 16:00:00,150.18,150.18,144.36,144.39,388726
RNR,NYSE,2020/04/24 16:00:00,146.61,146.61,139.75,141.13,498850
RNR,NYSE,2020/04/27 16:00:00,142.2,149.72,142.2,148.65,309893
RNR,NYSE,2020/04/28 16:00:00,152.48,154.27,148.62,149.13,349631
RNR,NYSE,2020/04/29 16:00:00,152.69,153.87,150.41,151.7,173207
RNR,NYSE,2020/04/30 16:00:00,149.97,149.97,146.01,146.01,308006
RNR,NYSE,2020/05/01 16:00:00,142.56,144.5,140.16,140.92,214034
RNR,NYSE,2020/05/04 16:00:00,140.03,142.54,137.9,141.97,266164
RNR,NYSE,2020/05/05 16:00:00,142.2,146.63,142.01,144.49,313082
RNR,NYSE,2020/05/06 16:00:00,145.09,145.99,140.74,141.37,223259
RNR,NYSE,2020/05/07 16:00:00,142,154.18,141.95,149.64,671793
RNR,NYSE,2020/05/08 16:00:00,151.1,160.54,151.1,160.37,528871
RNR,NYSE,2020/05/11 16:00:00,159.29,162.95,156.24,161.13,685092
RNR,NYSE,2020/05/12 16:00:00,161.87,162.92,160.09,160.95,642787
RNR,NYSE,2020/05/13 16:00:00,159.1,161.49,155.06,156.3,502427
RNR,NYSE,2020/05/14 16:00:00,154.03,157.99,152.54,154.46,398658
RNR,NYSE,2020/05/15 16:00:00,153.2,160.31,150.64,159.62,470282
RNR,NYSE,2020/05/18 16:00:00,165,166.4,162.57,164.9,313386
RNR,NYSE,2020/05/19 16:00:00,164.27,167.36,163.29,163.4,281365
RNR,NYSE,2020/05/20 16:00:00,165.89,173.01,164.3,172.26,450376
RNR,NYSE,2020/05/21 16:00:00,171.94,173.05,170.23,171.15,408615
RNR,NYSE,2020/05/22 16:00:00,170.84,171.63,167.56,170.97,312146
RNR,NYSE,2020/05/26 16:00:00,175.99,176.81,168.06,168.86,408047
RNR,NYSE,2020/05/27 16:00:00,173.01,173.59,168.26,168.89,435621
RNR,NYSE,2020/05/28 16:00:00,171.03,171.38,168.32,169.07,357464
RNR,NYSE,2020/05/29 16:00:00,168.49,170.34,164.9,167.86,636431
RNR,NYSE,2020/06/01 16:00:00,169.42,169.74,164.72,164.91,370723
RNR,NYSE,2020/06/02 16:00:00,164.63,174.77,162.18,173.53,733957
RNR,NYSE,2020/06/03 16:00:00,175.01,188.1,174.75,186.64,3532117
RNR,NYSE,2020/06/04 16:00:00,188.27,195.83,186.24,195.48,2466540
RNR,NYSE,2020/06/05 16:00:00,200.74,201.29,190.03,190.31,1566025
RNR,NYSE,2020/06/08 16:00:00,191.57,191.85,185.22,189.11,742533
RNR,NYSE,2020/06/09 16:00:00,186.96,192.5,186.32,189.14,602169
RNR,NYSE,2020/06/10 16:00:00,188.95,190.65,185.92,189.33,859989
RNR,NYSE,2020/06/11 16:00:00,183.7,187.67,178.36,179.78,888526
RNR,NYSE,2020/06/12 16:00:00,183.43,184.1,177.43,183.46,611844
RNR,NYSE,2020/06/15 16:00:00,178.44,185.76,177.9,185.24,523317
RNR,NYSE,2020/06/16 16:00:00,191.69,191.69,183.66,184.59,391442
RNR,NYSE,2020/06/17 16:00:00,184.66,185.56,181.24,181.33,308725
RNR,NYSE,2020/06/18 16:00:00,180.3,181.71,178.93,179,523148
RNR,NYSE,2020/06/19 16:00:00,181.42,183.37,178.37,178.45,462577
RNR,NYSE,2020/06/22 16:00:00,176.56,178.74,174.68,176.88,346915
RNR,NYSE,2020/06/23 16:00:00,178.81,179.42,175.44,176.56,223638
RNR,NYSE,2020/06/24 16:00:00,174.81,174.81,170.8,172.22,388196
RNR,NYSE,2020/06/25 16:00:00,171.57,175.47,169.82,175.37,273524
RNR,NYSE,2020/06/26 16:00:00,173.05,174.79,167.22,167.5,587562
RNR,NYSE,2020/06/29 16:00:00,168.76,171.36,166.35,167.73,545366
RNR,NYSE,2020/06/30 16:00:00,167.39,171.76,166.32,171.03,547585
RNR,NYSE,2020/07/01 16:00:00,171.54,176.67,170,175.12,508705
RNR,NYSE,2020/07/02 16:00:00,178.3,178.3,171.36,171.98,519393
RNR,NYSE,2020/07/06 16:00:00,175.31,175.36,172.46,173.58,291570
RNR,NYSE,2020/07/07 16:00:00,172.71,172.97,168.6,169.1,328956
RNR,NYSE,2020/07/08 16:00:00,168.94,171.03,167.43,169.63,299813
RNR,NYSE,2020/07/09 16:00:00,169.63,170.19,164.83,166.93,290223
RNR,NYSE,2020/07/10 16:00:00,166.38,174.69,165.47,174.29,427923
RNR,NYSE,2020/07/13 16:00:00,174.91,176.09,171.59,173.24,423076
RNR,NYSE,2020/07/14 16:00:00,173.03,177.62,172.77,177.62,360591
RNR,NYSE,2020/07/15 16:00:00,181.8,183.49,178.67,182.18,588597
RNR,NYSE,2020/07/16 16:00:00,181.27,184.88,180.76,183.7,316294
RNR,NYSE,2020/07/17 16:00:00,183.99,184,181.2,182.44,218711
RNR,NYSE,2020/07/20 16:00:00,181.42,183.05,179.2,180.33,222529
RNR,NYSE,2020/07/21 16:00:00,180.33,182.47,179.62,180.34,212870
RNR,NYSE,2020/07/22 16:00:00,179.58,182.4,178.96,182.26,227240
RNR,NYSE,2020/07/23 16:00:00,181.29,182.84,179.22,180.4,244408
RNR,NYSE,2020/07/24 16:00:00,180.97,180.97,178.68,180.14,162482
RNR,NYSE,2020/07/27 16:00:00,180.17,180.17,176.32,177.19,295889
RNR,NYSE,2020/07/28 16:00:00,176.99,179.47,174.95,177.21,364717
RNR,NYSE,2020/07/29 16:00:00,178.87,183.74,178.87,181.23,475840
RNR,NYSE,2020/07/30 16:00:00,177.81,180.29,176.18,178.88,292567
RNR,NYSE,2020/07/31 16:00:00,179.11,180.55,176.82,180.38,423330
RNR,NYSE,2020/08/03 16:00:00,181.6,185.38,180.05,182.9,292655
RNR,NYSE,2020/08/04 16:00:00,183.09,183.3,179.28,180.68,299232
RNR,NYSE,2020/08/05 16:00:00,183.11,183.48,180.34,182.59,201798
RNR,NYSE,2020/08/06 16:00:00,183.08,184.75,181.69,184.53,344503
RNR,NYSE,2020/08/07 16:00:00,184.98,189.88,183.86,189.8,255511
RNR,NYSE,2020/08/10 16:00:00,190,191.03,187.51,187.84,355686
RNR,NYSE,2020/08/11 16:00:00,190.54,191.24,184.14,184.62,419419
RNR,NYSE,2020/08/12 16:00:00,187.09,187.85,182.68,182.96,374312
RNR,NYSE,2020/08/13 16:00:00,181.62,183.47,179.86,180.43,269124
RNR,NYSE,2020/08/14 16:00:00,179.21,181.87,178.2,179.02,174798
RNR,NYSE,2020/08/17 16:00:00,178.6,180.96,175.66,177.7,257276
RNR,NYSE,2020/08/18 16:00:00,177.74,179.58,177.53,178.49,214008
RNR,NYSE,2020/08/19 16:00:00,178.52,178.52,174.73,174.81,237435
RNR,NYSE,2020/08/20 16:00:00,172.62,174.59,172.61,174,145007
RNR,NYSE,2020/08/21 16:00:00,173.8,175.3,172.27,172.61,259712
RNR,NYSE,2020/08/24 16:00:00,172.82,177.72,172.67,177.62,188249
RNR,NYSE,2020/08/25 16:00:00,178.82,180.34,178.33,179.47,250673
RNR,NYSE,2020/08/26 16:00:00,179.21,182.13,177.13,180.75,298728
RNR,NYSE,2020/08/27 16:00:00,181.33,186.7,180.46,185.65,272545
RNR,NYSE,2020/08/28 16:00:00,186.77,186.97,182.38,183.58,184257
RNR,NYSE,2020/08/31 16:00:00,182.99,184.12,181.86,183.74,325023
RNR,NYSE,2020/09/01 16:00:00,182.26,185.1,182.26,183.97,254092
RNR,NYSE,2020/09/02 16:00:00,183.32,185.1,182.5,183.65,343477
RNR,NYSE,2020/09/03 16:00:00,184.33,187.48,179.29,180.93,204545
RNR,NYSE,2020/09/04 16:00:00,183.69,183.69,177.76,179.78,203565
RNR,NYSE,2020/09/08 16:00:00,178.46,179.09,174.63,175.97,292297
RNR,NYSE,2020/09/09 16:00:00,177.72,180.84,176.91,179.05,178088
RNR,NYSE,2020/09/10 16:00:00,179.49,179.94,175.24,175.25,197391
RNR,NYSE,2020/09/11 16:00:00,175.38,175.64,172.41,173.73,204644
RNR,NYSE,2020/09/14 16:00:00,174.89,176.78,174.08,174.32,182335
RNR,NYSE,2020/09/15 16:00:00,174.18,176.12,170.54,170.69,246550
RNR,NYSE,2020/09/16 16:00:00,170.81,174.31,169.49,169.7,268100
RNR,NYSE,2020/09/17 16:00:00,167.68,169.33,166.07,167.41,274225
RNR,NYSE,2020/09/18 16:00:00,167.28,168.51,164.57,166.35,613821
RNR,NYSE,2020/09/21 16:00:00,163.04,165.36,161.16,164.93,322297
RNR,NYSE,2020/09/22 16:00:00,165.5,169.57,165.12,167.38,264365
RNR,NYSE,2020/09/23 16:00:00,166.75,168.59,164.7,164.73,212793
RNR,NYSE,2020/09/24 16:00:00,165.53,167.65,163.09,165.6,195712
RNR,NYSE,2020/09/25 16:00:00,164.09,166.81,163.69,166.27,205073
RNR,NYSE,2020/09/28 16:00:00,167.58,170.89,166.83,170.04,274206
RNR,NYSE,2020/09/29 16:00:00,170.47,170.97,167.23,168.5,167064
RNR,NYSE,2020/09/30 16:00:00,169.32,170.61,167.46,169.74,358900
RNR,NYSE,2020/10/01 16:00:00,169.93,173.6,168.83,170.13,242624
RNR,NYSE,2020/10/02 16:00:00,168.48,171.46,168.14,170.36,132787
RNR,NYSE,2020/10/05 16:00:00,171.79,174.74,170.68,174.14,173671
RNR,NYSE,2020/10/06 16:00:00,175.51,175.51,169.4,170.18,214337
RNR,NYSE,2020/10/07 16:00:00,171.39,171.39,166.42,169.74,298564
RNR,NYSE,2020/10/08 16:00:00,170.15,173.72,170.1,173.03,169131
RNR,NYSE,2020/10/09 16:00:00,174.77,175.3,172.45,173.19,195741
RNR,NYSE,2020/10/12 16:00:00,174.21,178.2,173.05,177.44,191207
RNR,NYSE,2020/10/13 16:00:00,176.1,177.56,173.9,175.67,221867
RNR,NYSE,2020/10/14 16:00:00,174.47,177.91,174.32,174.65,388343
RNR,NYSE,2020/10/15 16:00:00,173.05,174.43,172.11,172.85,159266
RNR,NYSE,2020/10/16 16:00:00,173.57,174.12,171.61,172.19,110387
RNR,NYSE,2020/10/19 16:00:00,172.91,174.17,169.31,169.9,129341
RNR,NYSE,2020/10/20 16:00:00,170.98,173.91,170.41,172.54,188175
RNR,NYSE,2020/10/21 16:00:00,172.24,177.76,171.97,176.77,210898
RNR,NYSE,2020/10/22 16:00:00,176.9,179.56,175.95,178.44,234076
RNR,NYSE,2020/10/23 16:00:00,178.89,180.62,176.29,178.22,173127
RNR,NYSE,2020/10/26 16:00:00,176.51,177.1,174,174.9,158925
RNR,NYSE,2020/10/27 16:00:00,174.67,174.67,171.61,172.13,203280
RNR,NYSE,2020/10/28 16:00:00,170.08,173.16,163.83,164.05,429829
RNR,NYSE,2020/10/29 16:00:00,162.93,169.21,160.77,166.56,376170
RNR,NYSE,2020/10/30 16:00:00,166.41,168.61,160.27,161.72,313715
RNR,NYSE,2020/11/02 16:00:00,163.29,165.54,162.09,163.4,331434
RNR,NYSE,2020/11/03 16:00:00,166.12,170.69,165.34,165.5,293891
RNR,NYSE,2020/11/04 16:00:00,164.94,169.15,164.17,164.99,237762
RNR,NYSE,2020/11/05 16:00:00,166.94,169.3,164.51,166.79,295605
RNR,NYSE,2020/11/06 16:00:00,167.74,169.79,165.99,166.66,151974
RNR,NYSE,2020/11/09 16:00:00,177.81,178.76,168.98,170.36,409520
RNR,NYSE,2020/11/10 16:00:00,170.85,180.75,169.89,180.26,364136
RNR,NYSE,2020/11/11 16:00:00,180.59,181.06,176.67,177.81,218874
RNR,NYSE,2020/11/12 16:00:00,176.88,176.88,171.92,173.55,341450
RNR,NYSE,2020/11/13 16:00:00,175.1,179.5,175.1,178.21,268163
RNR,NYSE,2020/11/16 16:00:00,180.99,185.05,179.6,184.86,283091
RNR,NYSE,2020/11/17 16:00:00,182.35,184.21,181.72,182.89,258600
RNR,NYSE,2020/11/18 16:00:00,182.9,185.03,179.76,180.05,181290
RNR,NYSE,2020/11/19 16:00:00,179.52,179.72,175.9,176.38,259391
RNR,NYSE,2020/11/20 16:00:00,176.22,176.85,171.78,173.12,269050
RNR,NYSE,2020/11/23 16:00:00,173.65,175.54,171.88,172.95,215081
RNR,NYSE,2020/11/24 16:00:00,175.11,177.43,173.61,174.95,303531
RNR,NYSE,2020/11/25 16:00:00,175.11,175.11,170.95,171.44,415667
RNR,NYSE,2020/11/27 13:00:00,170.98,171.96,169.06,171.39,299418
RNR,NYSE,2020/11/30 16:00:00,170.59,171.34,164.5,164.64,520092
RNR,NYSE,2020/12/01 16:00:00,166.94,171,166.41,168.07,479748
RNR,NYSE,2020/12/02 16:00:00,167.01,169.14,165.74,169.04,279563
RNR,NYSE,2020/12/03 16:00:00,169,170.31,165.26,165.74,348739
RNR,NYSE,2020/12/04 16:00:00,166.91,167.6,162.44,164.16,541122
RNR,NYSE,2020/12/07 16:00:00,164.19,165.33,162.6,163.35,286056
RNR,NYSE,2020/12/08 16:00:00,162.88,165.35,162.82,163.53,246699
RNR,NYSE,2020/12/09 16:00:00,163.54,164.97,159.22,164.07,572186
RNR,NYSE,2020/12/10 16:00:00,163.97,165.4,162.93,164.25,356156
RNR,NYSE,2020/12/11 16:00:00,162.77,167.71,162.77,167.2,383657
RNR,NYSE,2020/12/14 16:00:00,168.62,168.62,164.79,165.48,446947
RNR,NYSE,2020/12/15 16:00:00,166.33,167.35,163.51,166.77,300185
RNR,NYSE,2020/12/16 16:00:00,167.97,168.74,165.71,165.81,265018
RNR,NYSE,2020/12/17 16:00:00,165.85,167.67,165.05,167.54,352119
RNR,NYSE,2020/12/18 16:00:00,168.34,170.08,164.34,165.88,853815
RNR,NYSE,2020/12/21 16:00:00,164.89,165.84,160.43,161.75,295161
RNR,NYSE,2020/12/22 16:00:00,161.25,161.76,159.39,160.44,255377
RNR,NYSE,2020/12/23 16:00:00,161.91,163.61,160.59,160.78,255242
RNR,NYSE,2020/12/24 13:00:00,160.78,161.51,160.15,161.35,233053
RNR,NYSE,2020/12/28 16:00:00,161.72,163.36,161.48,162.5,244828
RNR,NYSE,2020/12/29 16:00:00,163.49,163.59,161.17,162.44,300292
RNR,NYSE,2020/12/30 16:00:00,162.88,164.54,162.61,164.27,263784
RNR,NYSE,2020/12/31 16:00:00,164.33,166.26,163.71,165.82,194525
RNR,NYSE,2021/01/04 16:00:00,166.48,166.73,160.6,161.76,332962
RNR,NYSE,2021/01/05 16:00:00,162.29,162.96,158.19,158.34,273303
RNR,NYSE,2021/01/06 16:00:00,160.15,169.21,159.79,167.93,622356
RNR,NYSE,2021/01/07 16:00:00,168.66,169.1,165,166.1,378012
RNR,NYSE,2021/01/08 16:00:00,169.55,169.55,164.26,166.21,231288
RNR,NYSE,2021/01/11 16:00:00,164.94,167.55,164.45,167.21,213487
RNR,NYSE,2021/01/12 16:00:00,167.16,169.95,167.09,168.1,193515
RNR,NYSE,2021/01/13 16:00:00,167.68,169.26,165.01,167.02,234162
RNR,NYSE,2021/01/14 16:00:00,167.46,167.46,163.64,164.58,256437
RNR,NYSE,2021/01/15 16:00:00,162.93,163.49,159.41,159.74,393866
RNR,NYSE,2021/01/19 16:00:00,160.05,160.39,157.4,159.25,399304
RNR,NYSE,2021/01/20 16:00:00,159.43,162.06,158.58,162.02,285561
RNR,NYSE,2021/01/21 16:00:00,162.21,165.27,158.62,158.69,248641
RNR,NYSE,2021/01/22 16:00:00,157.02,157.88,154.83,155.04,224664
RNR,NYSE,2021/01/25 16:00:00,154.17,156.72,152.91,154.77,251434
RNR,NYSE,2021/01/26 16:00:00,156.2,156.63,152.83,154.57,447304
RNR,NYSE,2021/01/27 16:00:00,152.67,158.22,146.46,151.14,750473
RNR,NYSE,2021/01/28 16:00:00,151.94,152.5,146.25,147.93,745173
RNR,NYSE,2021/01/29 16:00:00,146.65,150.55,144.03,150.44,889898
RNR,NYSE,2021/02/01 16:00:00,150.9,153.52,149.57,152.95,752852
RNR,NYSE,2021/02/02 16:00:00,153.56,157.42,152.64,155.65,462069
RNR,NYSE,2021/02/03 16:00:00,154.77,157.22,154.19,155.29,394978
RNR,NYSE,2021/02/04 16:00:00,155.41,159.88,155.41,158.21,513982
RNR,NYSE,2021/02/05 16:00:00,158.5,160.79,158.02,159.35,421406
RNR,NYSE,2021/02/08 16:00:00,159.82,162.25,159.46,161.13,560976
RNR,NYSE,2021/02/09 16:00:00,161.17,162.59,158.87,159.44,398537
RNR,NYSE,2021/02/10 16:00:00,160.24,162.68,158.36,158.82,361630
RNR,NYSE,2021/02/11 16:00:00,158.86,162.81,158.86,162.55,327289
RNR,NYSE,2021/02/12 16:00:00,162.12,163.41,158.6,159.22,339813
RNR,NYSE,2021/02/16 16:00:00,159.76,160.83,157.12,157.12,346777
RNR,NYSE,2021/02/17 16:00:00,157.07,161.75,157.07,160.59,337973
RNR,NYSE,2021/02/18 16:00:00,160.01,161.45,159.16,159.17,387497
RNR,NYSE,2021/02/19 16:00:00,159.75,160.14,156.42,158.55,685703
RNR,NYSE,2021/02/22 16:00:00,157.94,160.04,157.25,158.94,303471
RNR,NYSE,2021/02/23 16:00:00,159.31,162.73,158.53,162.3,420490
RNR,NYSE,2021/02/24 16:00:00,162.91,167.03,161.87,164.95,429988
RNR,NYSE,2021/02/25 16:00:00,164.99,166.08,164.16,164.75,331752
RNR,NYSE,2021/02/26 16:00:00,164.75,168.04,163.79,166.98,758580
RNR,NYSE,2021/03/01 16:00:00,167.29,168.98,162.01,162.61,332013
RNR,NYSE,2021/03/02 16:00:00,162.11,163.32,159.88,162.24,251053
RNR,NYSE,2021/03/03 16:00:00,163.21,163.98,161.42,162.15,309917
RNR,NYSE,2021/03/04 16:00:00,162.46,163.36,159.75,160.21,309362
RNR,NYSE,2021/03/05 16:00:00,161.63,164.53,159.1,164.38,392480
RNR,NYSE,2021/03/08 16:00:00,164.63,168.75,164.25,165.89,199641
RNR,NYSE,2021/03/09 16:00:00,165.55,165.55,160.94,161.43,309641
RNR,NYSE,2021/03/10 16:00:00,161.47,163.59,160.15,163.15,433468
RNR,NYSE,2021/03/11 16:00:00,162.72,162.72,160.1,162.33,292399
RNR,NYSE,2021/03/12 16:00:00,162.9,165.97,162.03,165.86,430699
RNR,NYSE,2021/03/15 16:00:00,165.91,169.41,165.91,169.29,228708
RNR,NYSE,2021/03/16 16:00:00,168.45,171.55,167.16,171,375229
RNR,NYSE,2021/03/17 16:00:00,171.98,171.99,166.82,169.33,278444
RNR,NYSE,2021/03/18 16:00:00,170.13,171.85,167.58,169.39,220735
RNR,NYSE,2021/03/19 16:00:00,170.09,170.09,160.95,162.5,899533
RNR,NYSE,2021/03/22 16:00:00,161.77,162.57,159.41,160.49,236021
RNR,NYSE,2021/03/23 16:00:00,160.65,164.02,159.34,162.18,286790
RNR,NYSE,2021/03/24 16:00:00,163.18,165.1,162.3,162.98,214259
RNR,NYSE,2021/03/25 16:00:00,163,163.62,161.3,163.08,265894
RNR,NYSE,2021/03/26 16:00:00,163.77,164.96,162.54,164.51,192875
RNR,NYSE,2021/03/29 16:00:00,163.91,167.04,163.32,165.9,197581
RNR,NYSE,2021/03/30 16:00:00,166.14,166.42,164.3,164.65,220143
RNR,NYSE,2021/03/31 16:00:00,164.25,165.24,160.21,160.25,297931
RNR,NYSE,2021/04/01 16:00:00,160.01,165.52,160.01,165,387786
RNR,NYSE,2021/04/05 16:00:00,165.59,167.23,165.16,166,700071
RNR,NYSE,2021/04/06 16:00:00,165.79,167.76,165.18,166.5,876230
RNR,NYSE,2021/04/07 16:00:00,166.32,169.06,166.32,168,637152
RNR,NYSE,2021/04/08 16:00:00,166.8,169.75,166.73,168.81,337164
RNR,NYSE,2021/04/09 16:00:00,169.22,170.4,167.53,169.02,367102
USFD,NYSE,2019/04/01 16:00:00,35.05,35.39,34.9,35.23,938898
USFD,NYSE,2019/04/02 16:00:00,35.1,35.26,34.61,34.65,1071481
USFD,NYSE,2019/04/03 16:00:00,34.78,34.91,34.5,34.72,954256
USFD,NYSE,2019/04/04 16:00:00,34.69,35.19,34.67,35.08,708496
USFD,NYSE,2019/04/05 16:00:00,35.08,35.32,35.04,35.27,851031
USFD,NYSE,2019/04/08 16:00:00,35.25,35.35,35.08,35.15,730937
USFD,NYSE,2019/04/09 16:00:00,35,35.16,34.89,35,756584
USFD,NYSE,2019/04/10 16:00:00,35.05,35.43,34.97,35.08,981016
USFD,NYSE,2019/04/11 16:00:00,35.1,35.78,35.1,35.54,1135273
USFD,NYSE,2019/04/12 16:00:00,35.63,35.78,35.47,35.63,814302
USFD,NYSE,2019/04/15 16:00:00,35.67,35.94,35.46,35.55,771687
USFD,NYSE,2019/04/16 16:00:00,35.56,35.74,35.35,35.49,538775
USFD,NYSE,2019/04/17 16:00:00,35.64,35.7,35.47,35.64,599709
USFD,NYSE,2019/04/18 16:00:00,35.66,35.78,35.49,35.61,570479
USFD,NYSE,2019/04/22 16:00:00,35.51,35.89,35.04,35.08,971417
USFD,NYSE,2019/04/23 16:00:00,35.12,36.3,35.04,36.28,3549261
USFD,NYSE,2019/04/24 16:00:00,36.37,36.55,36.08,36.09,1090403
USFD,NYSE,2019/04/25 16:00:00,35.99,36.63,35.99,36.4,2663222
USFD,NYSE,2019/04/26 16:00:00,36.27,36.49,35.75,35.95,1180392
USFD,NYSE,2019/04/29 16:00:00,35.91,36.42,35.87,36.31,2475728
USFD,NYSE,2019/04/30 16:00:00,36.45,36.61,36.12,36.55,734272
USFD,NYSE,2019/05/01 16:00:00,36.58,36.76,36.07,36.07,1121190
USFD,NYSE,2019/05/02 16:00:00,35.88,36.5,35.88,36.39,2058655
USFD,NYSE,2019/05/03 16:00:00,36.61,36.7,36.39,36.48,1700329
USFD,NYSE,2019/05/06 16:00:00,36,36.96,36,36.79,2500237
USFD,NYSE,2019/05/07 16:00:00,36.65,38.72,36.65,38.25,4366087
USFD,NYSE,2019/05/08 16:00:00,38.54,38.7,37.37,38.12,2156499
USFD,NYSE,2019/05/09 16:00:00,38.06,38.84,37.93,38.65,3364332
USFD,NYSE,2019/05/10 16:00:00,38.7,38.8,38.05,38.8,1497985
USFD,NYSE,2019/05/13 16:00:00,38.34,38.36,37.89,38.11,1136431
USFD,NYSE,2019/05/14 16:00:00,38.21,38.45,37.95,38.35,1083011
USFD,NYSE,2019/05/15 16:00:00,38.32,38.55,38.06,38.07,2198861
USFD,NYSE,2019/05/16 16:00:00,38.28,39,38.17,38.81,1580884
USFD,NYSE,2019/05/17 16:00:00,38.62,38.97,38.06,38.3,1785322
USFD,NYSE,2019/05/20 16:00:00,38.32,38.66,38.13,38.2,1236262
USFD,NYSE,2019/05/21 16:00:00,38.44,38.53,38.1,38.3,798827
USFD,NYSE,2019/05/22 16:00:00,38.19,38.32,37.72,37.79,1254205
USFD,NYSE,2019/05/23 16:00:00,37.67,37.75,36.81,36.98,1338929
USFD,NYSE,2019/05/24 16:00:00,37.04,37.21,36.93,37.07,757909
USFD,NYSE,2019/05/28 16:00:00,37.16,37.16,36.52,36.88,1567397
USFD,NYSE,2019/05/29 16:00:00,36.76,36.86,35.78,35.8,3013715
USFD,NYSE,2019/05/30 16:00:00,35.83,36.22,35.42,35.85,1790791
USFD,NYSE,2019/05/31 16:00:00,35.74,35.76,34.21,34.56,3765006
USFD,NYSE,2019/06/03 16:00:00,34.62,35,34.46,34.88,2391638
USFD,NYSE,2019/06/04 16:00:00,34.99,35.42,34.99,35.33,1359762
USFD,NYSE,2019/06/05 16:00:00,35.62,36.65,35.62,36.45,2260006
USFD,NYSE,2019/06/06 16:00:00,36.42,36.53,35.7,36.02,2457696
USFD,NYSE,2019/06/07 16:00:00,35.84,36.07,34.85,35.8,2591645
USFD,NYSE,2019/06/10 16:00:00,35.83,36.35,35.83,36.11,1380171
USFD,NYSE,2019/06/11 16:00:00,36.28,36.86,36.19,36.78,1892827
USFD,NYSE,2019/06/12 16:00:00,36.75,37.03,36.59,36.83,754969
USFD,NYSE,2019/06/13 16:00:00,36.84,37.08,36.77,36.99,956091
USFD,NYSE,2019/06/14 16:00:00,37.02,37.16,36.41,36.46,732700
USFD,NYSE,2019/06/17 16:00:00,36.54,36.74,36.34,36.61,420941
USFD,NYSE,2019/06/18 16:00:00,36.68,36.76,36.25,36.26,853501
USFD,NYSE,2019/06/19 16:00:00,36.35,36.35,35.39,36.02,1148468
USFD,NYSE,2019/06/20 16:00:00,36,36,35.47,35.92,2406269
USFD,NYSE,2019/06/21 16:00:00,35.85,36.01,35.1,35.2,2562742
USFD,NYSE,2019/06/24 16:00:00,35.21,35.59,35.21,35.22,2132237
USFD,NYSE,2019/06/25 16:00:00,35.14,35.86,35.12,35.76,1241631
USFD,NYSE,2019/06/26 16:00:00,35.76,35.88,35.32,35.62,1728479
USFD,NYSE,2019/06/27 16:00:00,35.51,35.73,35.26,35.65,1518297
USFD,NYSE,2019/06/28 16:00:00,35.69,36.15,35.69,35.76,1942107
USFD,NYSE,2019/07/01 16:00:00,35.93,36.42,35.93,35.99,1280132
USFD,NYSE,2019/07/02 16:00:00,36.03,36.42,35.88,36.41,866168
USFD,NYSE,2019/07/03 13:00:00,36.43,37,36.43,36.71,1067949
USFD,NYSE,2019/07/05 16:00:00,36.57,36.81,36.51,36.67,900296
USFD,NYSE,2019/07/08 16:00:00,36.71,36.77,36.44,36.56,814224
USFD,NYSE,2019/07/09 16:00:00,36.4,36.51,36.11,36.3,656670
USFD,NYSE,2019/07/10 16:00:00,36.4,36.45,36.18,36.39,602390
USFD,NYSE,2019/07/11 16:00:00,36.46,36.7,36.26,36.42,1153024
USFD,NYSE,2019/07/12 16:00:00,36.43,36.77,36.17,36.17,1335547
USFD,NYSE,2019/07/15 16:00:00,36.32,36.48,35.8,36.15,1324676
USFD,NYSE,2019/07/16 16:00:00,36.15,36.5,36.05,36.15,1075153
USFD,NYSE,2019/07/17 16:00:00,36.23,36.3,35.62,35.72,817536
USFD,NYSE,2019/07/18 16:00:00,35.61,35.71,35.18,35.42,803081
USFD,NYSE,2019/07/19 16:00:00,35.55,35.9,35.2,35.21,1047259
USFD,NYSE,2019/07/22 16:00:00,35.35,35.36,34.77,34.86,1523526
USFD,NYSE,2019/07/23 16:00:00,34.94,35.08,34.74,34.87,968804
USFD,NYSE,2019/07/24 16:00:00,34.93,34.93,34.53,34.53,841358
USFD,NYSE,2019/07/25 16:00:00,34.42,35.06,33.81,34.95,2642321
USFD,NYSE,2019/07/26 16:00:00,35.07,35.65,34.86,35.62,1330826
USFD,NYSE,2019/07/29 16:00:00,35.58,35.72,35.36,35.56,1325908
USFD,NYSE,2019/07/30 16:00:00,35.49,35.74,35.1,35.49,854356
USFD,NYSE,2019/07/31 16:00:00,35.48,35.69,35.01,35.37,1563435
USFD,NYSE,2019/08/01 16:00:00,35.37,35.4,34.47,34.87,1336213
USFD,NYSE,2019/08/02 16:00:00,34.91,34.96,34.54,34.68,1581669
USFD,NYSE,2019/08/05 16:00:00,34.39,35.26,34.14,35.14,3124675
USFD,NYSE,2019/08/06 16:00:00,36.08,38.3,36,37.92,6958107
USFD,NYSE,2019/08/07 16:00:00,37.9,39.11,37.62,38.75,2130383
USFD,NYSE,2019/08/08 16:00:00,38.68,38.89,38.44,38.68,1854934
USFD,NYSE,2019/08/09 16:00:00,38.6,39.37,38.6,38.92,2110287
USFD,NYSE,2019/08/12 16:00:00,39.05,39.31,38.31,38.55,1639441
USFD,NYSE,2019/08/13 16:00:00,38.64,38.96,38.31,38.41,1185002
USFD,NYSE,2019/08/14 16:00:00,38.3,38.62,38.03,38.21,2130324
USFD,NYSE,2019/08/15 16:00:00,38.33,38.58,37.89,38.05,1153183
USFD,NYSE,2019/08/16 16:00:00,38.3,39.38,38.27,39.18,1096327
USFD,NYSE,2019/08/19 16:00:00,39.43,39.96,39.41,39.76,1560053
USFD,NYSE,2019/08/20 16:00:00,39.64,39.83,39.44,39.5,934244
USFD,NYSE,2019/08/21 16:00:00,39.71,39.79,39.39,39.49,1218980
USFD,NYSE,2019/08/22 16:00:00,39.62,40.42,39.62,40.32,1519105
USFD,NYSE,2019/08/23 16:00:00,40.21,40.68,40.03,40.1,1323910
USFD,NYSE,2019/08/26 16:00:00,40.27,40.67,40.27,40.53,1436350
USFD,NYSE,2019/08/27 16:00:00,40.55,40.73,40.08,40.22,1712973
USFD,NYSE,2019/08/28 16:00:00,40.11,40.63,40.11,40.39,1213604
USFD,NYSE,2019/08/29 16:00:00,40.69,40.76,40.11,40.4,1041076
USFD,NYSE,2019/08/30 16:00:00,40.53,40.65,40.2,40.45,1232414
USFD,NYSE,2019/09/03 16:00:00,40.23,40.49,40.08,40.2,1214142
USFD,NYSE,2019/09/04 16:00:00,40.4,40.95,40.37,40.82,1660300
USFD,NYSE,2019/09/05 16:00:00,41.08,41.72,40.69,40.76,1891589
USFD,NYSE,2019/09/06 16:00:00,40.95,41.3,40.65,40.66,2028648
USFD,NYSE,2019/09/09 16:00:00,40.77,40.81,40.37,40.73,4939608
USFD,NYSE,2019/09/10 16:00:00,40.47,40.88,40.29,40.65,3083382
USFD,NYSE,2019/09/11 16:00:00,40.83,42.02,40.5,41.09,3235705
USFD,NYSE,2019/09/12 16:00:00,41.56,43.1,41.45,42.4,2823472
USFD,NYSE,2019/09/13 16:00:00,42.5,42.87,42.1,42.19,2894256
USFD,NYSE,2019/09/16 16:00:00,42.02,42.26,41.53,41.56,1307137
USFD,NYSE,2019/09/17 16:00:00,41.56,42.57,41.56,42.48,1576723
USFD,NYSE,2019/09/18 16:00:00,42.46,42.64,41.94,42.38,786052
USFD,NYSE,2019/09/19 16:00:00,42.46,42.76,42.39,42.49,977558
USFD,NYSE,2019/09/20 16:00:00,42.59,42.93,42.59,42.81,1477470
USFD,NYSE,2019/09/23 16:00:00,42.77,42.97,42.63,42.68,1400131
USFD,NYSE,2019/09/24 16:00:00,42.85,43.03,42.39,42.4,1027749
USFD,NYSE,2019/09/25 16:00:00,42.43,42.78,42.25,42.29,2150125
USFD,NYSE,2019/09/26 16:00:00,42.36,42.46,40.15,40.47,5072688
USFD,NYSE,2019/09/27 16:00:00,40.58,40.77,39.8,40.42,3243454
USFD,NYSE,2019/09/30 16:00:00,40.52,41.39,40.45,41.1,1798168
USFD,NYSE,2019/10/01 16:00:00,41.2,41.57,41.03,41.12,1609884
USFD,NYSE,2019/10/02 16:00:00,40.92,41.13,40.54,41.01,1550057
USFD,NYSE,2019/10/03 16:00:00,41.05,41.44,40.89,41.14,1564950
USFD,NYSE,2019/10/04 16:00:00,41.29,41.32,40.05,40.18,3657913
USFD,NYSE,2019/10/07 16:00:00,40.14,40.59,39.81,40.46,2368450
USFD,NYSE,2019/10/08 16:00:00,40.36,40.96,40.14,40.54,2417198
USFD,NYSE,2019/10/09 16:00:00,40.63,41.41,40.42,41.16,1755237
USFD,NYSE,2019/10/10 16:00:00,41.1,41.41,40.71,40.8,1149643
USFD,NYSE,2019/10/11 16:00:00,40.9,41.07,40.62,40.82,1063790
USFD,NYSE,2019/10/14 16:00:00,40.74,40.85,40.43,40.55,1055581
USFD,NYSE,2019/10/15 16:00:00,40.57,40.77,38.95,39.59,3234283
USFD,NYSE,2019/10/16 16:00:00,39.61,39.76,39.15,39.29,2639679
USFD,NYSE,2019/10/17 16:00:00,39.3,39.62,39.04,39.54,1147138
USFD,NYSE,2019/10/18 16:00:00,39.58,40,39.53,39.64,1403465
USFD,NYSE,2019/10/21 16:00:00,39.66,40.24,39.65,39.72,1191994
USFD,NYSE,2019/10/22 16:00:00,39.76,40.07,39.52,39.55,1182863
USFD,NYSE,2019/10/23 16:00:00,39.66,39.94,39.36,39.54,1019777
USFD,NYSE,2019/10/24 16:00:00,39.51,40.04,39.17,40,1465869
USFD,NYSE,2019/10/25 16:00:00,39.96,40.04,39.22,39.7,1596013
USFD,NYSE,2019/10/28 16:00:00,39.71,40.26,39.71,40.16,1625224
USFD,NYSE,2019/10/29 16:00:00,40.12,40.34,39.82,40.22,1419496
USFD,NYSE,2019/10/30 16:00:00,40.31,40.31,39.66,39.86,1080460
USFD,NYSE,2019/10/31 16:00:00,39.85,40.01,39.52,39.67,1240332
USFD,NYSE,2019/11/01 16:00:00,39.94,40.83,39.77,40.44,1891099
USFD,NYSE,2019/11/04 16:00:00,40.49,40.67,39.83,40.23,1823500
USFD,NYSE,2019/11/05 16:00:00,42.43,42.43,40.08,40.84,4935718
USFD,NYSE,2019/11/06 16:00:00,40.25,40.72,39.96,40.57,3170529
USFD,NYSE,2019/11/07 16:00:00,40.42,40.58,39.44,39.6,2022780
USFD,NYSE,2019/11/08 16:00:00,39.55,39.81,38.93,39.11,1579259
USFD,NYSE,2019/11/11 16:00:00,39.15,39.28,38.56,38.91,1505038
USFD,NYSE,2019/11/12 16:00:00,38.87,39.3,38.75,39.03,1113579
USFD,NYSE,2019/11/13 16:00:00,38.92,39.6,38.59,39.59,1348555
USFD,NYSE,2019/11/14 16:00:00,39.56,39.73,39.28,39.48,1127015
USFD,NYSE,2019/11/15 16:00:00,39.58,39.58,39.04,39.36,883744
USFD,NYSE,2019/11/18 16:00:00,39.3,39.54,39.1,39.31,1285043
USFD,NYSE,2019/11/19 16:00:00,39.28,39.57,39.06,39.17,1433376
USFD,NYSE,2019/11/20 16:00:00,39.17,39.27,38.65,38.8,1321815
USFD,NYSE,2019/11/21 16:00:00,38.8,39.18,38.7,38.99,1183837
USFD,NYSE,2019/11/22 16:00:00,38.99,39.22,38.59,38.66,819916
USFD,NYSE,2019/11/25 16:00:00,38.74,39.37,38.63,39.2,636949
USFD,NYSE,2019/11/26 16:00:00,39.27,39.67,39.05,39.64,790784
USFD,NYSE,2019/11/27 16:00:00,40,40.15,39.62,39.97,1283379
USFD,NYSE,2019/11/29 13:00:00,39.99,40.19,39.72,39.77,711671
USFD,NYSE,2019/12/02 16:00:00,39.68,39.82,39.18,39.75,2075632
USFD,NYSE,2019/12/03 16:00:00,39.62,40.17,39.5,40.11,1904236
USFD,NYSE,2019/12/04 16:00:00,40.14,40.4,39.94,40.05,922114
USFD,NYSE,2019/12/05 16:00:00,40.13,40.43,40,40.23,1013303
USFD,NYSE,2019/12/06 16:00:00,40.43,40.69,40.21,40.5,1684563
USFD,NYSE,2019/12/09 16:00:00,40.42,40.49,40.04,40.16,961888
USFD,NYSE,2019/12/10 16:00:00,40.2,40.28,39.94,40.08,2070258
USFD,NYSE,2019/12/11 16:00:00,40.19,40.38,40.01,40.26,1153501
USFD,NYSE,2019/12/12 16:00:00,40.35,40.5,40.01,40.1,849861
USFD,NYSE,2019/12/13 16:00:00,39.99,40.24,39.87,40.2,1024574
USFD,NYSE,2019/12/16 16:00:00,40.18,40.53,40.09,40.38,619807
USFD,NYSE,2019/12/17 16:00:00,40.38,40.54,40.19,40.45,645219
USFD,NYSE,2019/12/18 16:00:00,40.54,40.54,39.83,40.07,1502177
USFD,NYSE,2019/12/19 16:00:00,40.07,40.48,39.84,40.29,1122548
USFD,NYSE,2019/12/20 16:00:00,40.42,41.16,40.14,41.16,1720236
USFD,NYSE,2019/12/23 16:00:00,41.21,41.67,41.06,41.32,1050991
USFD,NYSE,2019/12/24 13:00:00,41.38,41.58,41.14,41.43,436284
USFD,NYSE,2019/12/26 16:00:00,41.39,41.65,41.39,41.6,927466
USFD,NYSE,2019/12/27 16:00:00,41.76,41.78,41.55,41.77,1290310
USFD,NYSE,2019/12/30 16:00:00,41.65,42.04,41.38,42.01,1498764
USFD,NYSE,2019/12/31 16:00:00,41.88,42.08,41.73,41.89,1172353
USFD,NYSE,2020/01/02 16:00:00,41.92,41.98,40.75,40.98,1787245
USFD,NYSE,2020/01/03 16:00:00,40.65,41.03,40.65,40.73,1152756
USFD,NYSE,2020/01/06 16:00:00,40.6,41.06,40.43,40.93,1289516
USFD,NYSE,2020/01/07 16:00:00,40.9,40.99,40.49,40.5,800988
USFD,NYSE,2020/01/08 16:00:00,40.55,41.05,40.49,40.88,863431
USFD,NYSE,2020/01/09 16:00:00,40.97,41.4,40.97,41.24,1136510
USFD,NYSE,2020/01/10 16:00:00,41.34,41.51,41.1,41.39,1314890
USFD,NYSE,2020/01/13 16:00:00,41.4,41.44,40.56,40.59,858642
USFD,NYSE,2020/01/14 16:00:00,40.47,40.88,40.42,40.82,986108
USFD,NYSE,2020/01/15 16:00:00,40.83,41.23,40.83,41.17,735679
USFD,NYSE,2020/01/16 16:00:00,41.33,41.61,41.06,41.4,954123
USFD,NYSE,2020/01/17 16:00:00,41.4,41.54,41.15,41.37,714460
USFD,NYSE,2020/01/21 16:00:00,41.37,41.79,41.36,41.72,827340
USFD,NYSE,2020/01/22 16:00:00,41.72,42.28,41.51,41.61,1563722
USFD,NYSE,2020/01/23 16:00:00,41.47,42.02,41.37,41.79,740496
USFD,NYSE,2020/01/24 16:00:00,41.97,41.99,41.25,41.34,487629
USFD,NYSE,2020/01/27 16:00:00,41.05,41.51,40.91,41.34,877961
USFD,NYSE,2020/01/28 16:00:00,41.4,41.58,41.01,41.47,702573
USFD,NYSE,2020/01/29 16:00:00,41.6,41.63,40.91,40.96,602161
USFD,NYSE,2020/01/30 16:00:00,40.4,40.81,40.12,40.36,1057612
USFD,NYSE,2020/01/31 16:00:00,40.22,40.6,39.92,40.17,1954651
USFD,NYSE,2020/02/03 16:00:00,40.24,40.33,39.84,39.89,1630205
USFD,NYSE,2020/02/04 16:00:00,40.07,40.24,38.96,39.02,1878726
USFD,NYSE,2020/02/05 16:00:00,39.03,40.19,38.96,40.02,1121545
USFD,NYSE,2020/02/06 16:00:00,40.09,40.5,39.9,40.01,1025057
USFD,NYSE,2020/02/07 16:00:00,40.06,40.67,39.98,40.51,1330662
USFD,NYSE,2020/02/10 16:00:00,40.51,40.87,40.43,40.74,1629926
USFD,NYSE,2020/02/11 16:00:00,41.02,41.98,39.43,39.67,3137329
USFD,NYSE,2020/02/12 16:00:00,39.75,41,39.74,40.47,1776721
USFD,NYSE,2020/02/13 16:00:00,40.43,40.58,40.19,40.44,1280960
USFD,NYSE,2020/02/14 16:00:00,40.48,40.73,40.33,40.5,1205488
USFD,NYSE,2020/02/18 16:00:00,40.51,40.78,39.73,39.92,1369543
USFD,NYSE,2020/02/19 16:00:00,39.94,40.08,39.36,39.86,1364124
USFD,NYSE,2020/02/20 16:00:00,39.83,39.99,39.57,39.9,1123491
USFD,NYSE,2020/02/21 16:00:00,39.91,40.06,39.59,39.7,465580
USFD,NYSE,2020/02/24 16:00:00,39.14,39.39,38.76,38.87,1199672
USFD,NYSE,2020/02/25 16:00:00,38.87,38.97,37.95,38.12,2134113
USFD,NYSE,2020/02/26 16:00:00,38.32,38.53,36.34,36.43,2351304
USFD,NYSE,2020/02/27 16:00:00,35.88,35.92,34,34.24,4381137
USFD,NYSE,2020/02/28 16:00:00,33.07,33.85,32.61,33.64,3226330
USFD,NYSE,2020/03/02 16:00:00,33.77,34.87,33.72,34.78,2183193
USFD,NYSE,2020/03/03 16:00:00,34.71,35.14,33.12,33.32,2075374
USFD,NYSE,2020/03/04 16:00:00,33.63,34.15,32.67,33.73,1747193
USFD,NYSE,2020/03/05 16:00:00,33.07,33.45,32.11,32.58,2977150
USFD,NYSE,2020/03/06 16:00:00,31.82,31.82,29.89,31.3,4304979
USFD,NYSE,2020/03/09 16:00:00,29.75,30.37,28.59,28.61,2655550
USFD,NYSE,2020/03/10 16:00:00,29.23,30.27,28.66,30.26,2837619
USFD,NYSE,2020/03/11 16:00:00,29.45,29.64,26.21,26.25,3216572
USFD,NYSE,2020/03/12 16:00:00,24.8,24.8,19.46,20.04,5830539
USFD,NYSE,2020/03/13 16:00:00,21.03,21.7,18.22,19.68,6537555
USFD,NYSE,2020/03/16 16:00:00,17.6,17.6,14.3,14.7,9123267
USFD,NYSE,2020/03/17 16:00:00,15.19,15.48,11.08,12.33,13975553
USFD,NYSE,2020/03/18 16:00:00,11.83,12.09,8.32,9.72,14436262
USFD,NYSE,2020/03/19 16:00:00,10,14.06,9.55,12.67,10972554
USFD,NYSE,2020/03/20 16:00:00,13.68,14.65,12.57,12.99,10326905
USFD,NYSE,2020/03/23 16:00:00,13.86,13.86,11.56,13.29,5898741
USFD,NYSE,2020/03/24 16:00:00,14.62,15.9,14.51,15.29,4779625
USFD,NYSE,2020/03/25 16:00:00,16.8,17.2,14.61,16.94,8193652
USFD,NYSE,2020/03/26 16:00:00,16.96,19.71,16.96,18.96,6395810
USFD,NYSE,2020/03/27 16:00:00,17.72,19.44,17.31,18.02,4616140
USFD,NYSE,2020/03/30 16:00:00,17.92,18.65,17.35,18.25,4699559
USFD,NYSE,2020/03/31 16:00:00,18.32,18.53,17.45,17.71,5062154
USFD,NYSE,2020/04/01 16:00:00,16.55,17,15.22,15.31,4246481
USFD,NYSE,2020/04/02 16:00:00,15.13,15.85,14.41,15.12,4439100
USFD,NYSE,2020/04/03 16:00:00,15.24,15.31,13.65,14.06,4954674
USFD,NYSE,2020/04/06 16:00:00,15.26,17.31,14.85,17.14,5068884
USFD,NYSE,2020/04/07 16:00:00,18.85,19.7,16.51,16.73,5160688
USFD,NYSE,2020/04/08 16:00:00,17.4,18.64,17.23,18.08,3397370
USFD,NYSE,2020/04/09 16:00:00,19.04,19.57,18.15,18.54,5147669
USFD,NYSE,2020/04/13 16:00:00,18.59,18.65,16.95,17.99,3331965
USFD,NYSE,2020/04/14 16:00:00,18.5,19.18,17.78,18,3963029
USFD,NYSE,2020/04/15 16:00:00,17.22,17.78,16.33,17.23,5297426
USFD,NYSE,2020/04/16 16:00:00,17.02,17.09,15.81,15.97,6218908
USFD,NYSE,2020/04/17 16:00:00,16.89,17.64,16.61,17.29,5332119
USFD,NYSE,2020/04/20 16:00:00,16.82,17.76,16.51,17.34,3805378
USFD,NYSE,2020/04/21 16:00:00,17.7,18.09,16.91,17.39,4758371
USFD,NYSE,2020/04/22 16:00:00,17.88,18.7,17.84,18.55,4031666
USFD,NYSE,2020/04/23 16:00:00,17.75,18.18,17.31,17.71,4293833
USFD,NYSE,2020/04/24 16:00:00,17.91,19.88,17.88,19.51,4538172
USFD,NYSE,2020/04/27 16:00:00,20.03,21.35,19.66,20.32,5882670
USFD,NYSE,2020/04/28 16:00:00,21.19,21.55,20.33,21.02,3916324
USFD,NYSE,2020/04/29 16:00:00,21.79,22.77,21.57,22.37,3996810
USFD,NYSE,2020/04/30 16:00:00,21.73,21.9,20.88,21.5,3740276
USFD,NYSE,2020/05/01 16:00:00,20.39,20.64,19.21,19.47,4069045
USFD,NYSE,2020/05/04 16:00:00,19.03,19.97,18.76,19.94,3915215
USFD,NYSE,2020/05/05 16:00:00,19.54,19.98,18.31,18.84,7025904
USFD,NYSE,2020/05/06 16:00:00,18.96,19.11,18.05,18.29,4342371
USFD,NYSE,2020/05/07 16:00:00,18.59,19.22,18.46,18.89,3274582
USFD,NYSE,2020/05/08 16:00:00,19.26,19.73,18.66,19.62,3252568
USFD,NYSE,2020/05/11 16:00:00,19.42,19.42,18.46,18.51,2655647
USFD,NYSE,2020/05/12 16:00:00,18.58,18.92,17.46,17.51,2895348
USFD,NYSE,2020/05/13 16:00:00,17.4,17.46,16.1,16.77,6801661
USFD,NYSE,2020/05/14 16:00:00,16.26,17.5,15.6,17.35,3886552
USFD,NYSE,2020/05/15 16:00:00,17.25,17.51,16.71,17.15,4930940
USFD,NYSE,2020/05/18 16:00:00,17.77,19.47,17.77,19.21,4641343
USFD,NYSE,2020/05/19 16:00:00,19.18,19.27,18.04,18.35,3717587
USFD,NYSE,2020/05/20 16:00:00,18.58,18.99,18.41,18.79,2515138
USFD,NYSE,2020/05/21 16:00:00,18.7,19.1,18.4,18.55,2189989
USFD,NYSE,2020/05/22 16:00:00,18.84,18.92,17.51,17.81,6456853
USFD,NYSE,2020/05/26 16:00:00,18.68,19.75,18.33,19.33,8616522
USFD,NYSE,2020/05/27 16:00:00,20.04,21.13,19.77,20.99,5724937
USFD,NYSE,2020/05/28 16:00:00,20.98,21,19.31,19.4,5306913
USFD,NYSE,2020/05/29 16:00:00,19.01,19.37,18.65,19.14,4542406
USFD,NYSE,2020/06/01 16:00:00,19.22,20,18.83,19.91,4594402
USFD,NYSE,2020/06/02 16:00:00,20,20.23,19.52,19.84,5069450
USFD,NYSE,2020/06/03 16:00:00,20.35,21.42,20.18,21.33,4732539
USFD,NYSE,2020/06/04 16:00:00,21.21,21.33,20.68,21.11,4100426
USFD,NYSE,2020/06/05 16:00:00,24.73,24.87,22.61,23.4,8839817
USFD,NYSE,2020/06/08 16:00:00,26.51,26.62,24.89,25.29,9511273
USFD,NYSE,2020/06/09 16:00:00,24.27,24.49,22.83,22.96,5102324
USFD,NYSE,2020/06/10 16:00:00,22.91,22.98,20.98,21.01,5327124
USFD,NYSE,2020/06/11 16:00:00,19.12,21.06,18.89,20.16,7443345
USFD,NYSE,2020/06/12 16:00:00,21.33,21.45,19.4,20.21,4757296
USFD,NYSE,2020/06/15 16:00:00,19.2,20.56,18.85,20.32,4106754
USFD,NYSE,2020/06/16 16:00:00,21.5,21.5,20.33,20.8,3715223
USFD,NYSE,2020/06/17 16:00:00,20.7,20.75,19.82,19.91,2341923
USFD,NYSE,2020/06/18 16:00:00,19.58,20.15,19.33,19.99,2157226
USFD,NYSE,2020/06/19 16:00:00,20.27,20.34,19.17,19.2,3834976
USFD,NYSE,2020/06/22 16:00:00,19.08,19.41,18.57,19.1,4421846
USFD,NYSE,2020/06/23 16:00:00,19.63,20.75,19.61,20.7,8041470
USFD,NYSE,2020/06/24 16:00:00,19.91,20.12,18.63,19.86,5139430
USFD,NYSE,2020/06/25 16:00:00,19.22,20.33,19.12,19.85,2619357
USFD,NYSE,2020/06/26 16:00:00,19.66,19.72,18.72,19.1,5052023
USFD,NYSE,2020/06/29 16:00:00,19.37,20.14,18.92,19.98,2819804
USFD,NYSE,2020/06/30 16:00:00,19.71,20.22,19.43,19.72,2498326
USFD,NYSE,2020/07/01 16:00:00,19.72,20.33,19.7,20.04,5589082
USFD,NYSE,2020/07/02 16:00:00,20.43,20.72,19.64,19.7,3653011
USFD,NYSE,2020/07/06 16:00:00,20.19,20.27,19.63,20.06,4082109
USFD,NYSE,2020/07/07 16:00:00,19.59,19.91,19.21,19.69,4370636
USFD,NYSE,2020/07/08 16:00:00,19.64,20.21,19.46,19.97,3414199
USFD,NYSE,2020/07/09 16:00:00,19.9,19.92,18.62,18.94,3551776
USFD,NYSE,2020/07/10 16:00:00,18.8,20.16,18.44,20.03,3223871
USFD,NYSE,2020/07/13 16:00:00,20.2,20.43,19.52,19.83,2650410
USFD,NYSE,2020/07/14 16:00:00,19.68,20.11,19.3,19.72,3443163
USFD,NYSE,2020/07/15 16:00:00,20.26,21.5,19.88,21.46,7347831
USFD,NYSE,2020/07/16 16:00:00,21.16,21.58,20.88,21.08,2334486
USFD,NYSE,2020/07/17 16:00:00,21.37,21.49,20.85,21.16,3332846
USFD,NYSE,2020/07/20 16:00:00,21.02,22.04,20.69,20.91,3796038
USFD,NYSE,2020/07/21 16:00:00,20.8,21.61,20.8,21.32,2030852
USFD,NYSE,2020/07/22 16:00:00,21.28,21.98,20.96,21.68,2013044
USFD,NYSE,2020/07/23 16:00:00,21.53,21.69,20.58,20.96,4041749
USFD,NYSE,2020/07/24 16:00:00,20.9,21.27,20.68,20.96,2058982
USFD,NYSE,2020/07/27 16:00:00,20.93,21.04,20.39,20.75,1710257
USFD,NYSE,2020/07/28 16:00:00,20.6,20.95,20.3,20.34,1908454
USFD,NYSE,2020/07/29 16:00:00,20.44,20.88,20.02,20.87,3432777
USFD,NYSE,2020/07/30 16:00:00,20.41,20.59,20.12,20.27,1449506
USFD,NYSE,2020/07/31 16:00:00,20.16,20.61,20.05,20.3,2454734
USFD,NYSE,2020/08/03 16:00:00,20.25,20.41,19.42,20.12,3676769
USFD,NYSE,2020/08/04 16:00:00,20.58,21.95,20.2,21.68,4297829
USFD,NYSE,2020/08/05 16:00:00,22.01,22.45,21.52,21.95,2734236
USFD,NYSE,2020/08/06 16:00:00,21.95,22.87,21.87,22.69,2606596
USFD,NYSE,2020/08/07 16:00:00,22.51,23.45,22.31,23.24,2577886
USFD,NYSE,2020/08/10 16:00:00,23.4,24.03,23.34,23.85,3133632
USFD,NYSE,2020/08/11 16:00:00,24.29,25.04,24.18,24.48,4758766
USFD,NYSE,2020/08/12 16:00:00,24.61,24.78,23.84,24.01,1979977
USFD,NYSE,2020/08/13 16:00:00,23.85,24.2,23.58,24.16,1511811
USFD,NYSE,2020/08/14 16:00:00,23.89,24.57,23.78,24.3,972401
USFD,NYSE,2020/08/17 16:00:00,24.4,24.61,23.83,24.37,2388597
USFD,NYSE,2020/08/18 16:00:00,24.42,24.69,23.9,24.09,1945206
USFD,NYSE,2020/08/19 16:00:00,23.96,24.14,23.53,23.6,1354695
USFD,NYSE,2020/08/20 16:00:00,23.39,23.63,23.07,23.27,1572619
USFD,NYSE,2020/08/21 16:00:00,23.11,23.27,22.27,22.3,4208531
USFD,NYSE,2020/08/24 16:00:00,22.68,23.35,22.46,23.31,1519102
USFD,NYSE,2020/08/25 16:00:00,23.5,23.58,22.58,22.97,1565728
USFD,NYSE,2020/08/26 16:00:00,23.03,23.26,22.3,22.75,1620561
USFD,NYSE,2020/08/27 16:00:00,22.88,24.25,22.84,23.96,2766314
USFD,NYSE,2020/08/28 16:00:00,24.11,25.22,24.1,25.05,3527521
USFD,NYSE,2020/08/31 16:00:00,24.93,24.97,24.05,24.35,2358095
USFD,NYSE,2020/09/01 16:00:00,23.91,24.68,23.79,24,2096580
USFD,NYSE,2020/09/02 16:00:00,24.1,24.53,24,24.48,1692546
USFD,NYSE,2020/09/03 16:00:00,24.64,25.03,23.93,24.3,2380717
USFD,NYSE,2020/09/04 16:00:00,24.64,24.85,23.74,24.31,1661382
USFD,NYSE,2020/09/08 16:00:00,23.88,24,23.25,23.25,1873638
USFD,NYSE,2020/09/09 16:00:00,23.43,24.17,22.97,23.84,2662490
USFD,NYSE,2020/09/10 16:00:00,23.83,24.45,23.78,23.9,2624535
USFD,NYSE,2020/09/11 16:00:00,24.05,24.08,23.21,23.45,1656910
USFD,NYSE,2020/09/14 16:00:00,23.63,24.38,23.5,24.27,1417191
USFD,NYSE,2020/09/15 16:00:00,24.4,25.11,24.3,24.98,2788163
USFD,NYSE,2020/09/16 16:00:00,24.9,25.85,24.87,25.31,3193788
USFD,NYSE,2020/09/17 16:00:00,25.53,26.05,25.05,25.54,3511174
USFD,NYSE,2020/09/18 16:00:00,25.78,26.1,25.11,25.28,4011803
USFD,NYSE,2020/09/21 16:00:00,24.6,24.66,23.61,23.68,5032061
USFD,NYSE,2020/09/22 16:00:00,23.94,24.78,23.56,23.78,3599771
USFD,NYSE,2020/09/23 16:00:00,24.07,24.39,22.56,22.57,2306581
USFD,NYSE,2020/09/24 16:00:00,22.52,23.07,21.84,22.58,2356621
USFD,NYSE,2020/09/25 16:00:00,22.43,22.78,22.06,22.67,1802140
USFD,NYSE,2020/09/28 16:00:00,23.27,23.46,22.95,23.04,1470638
USFD,NYSE,2020/09/29 16:00:00,22.99,23,22.02,22.1,2587775
USFD,NYSE,2020/09/30 16:00:00,22.21,22.86,22.08,22.22,2342370
USFD,NYSE,2020/10/01 16:00:00,22.44,22.67,22.2,22.58,1691207
USFD,NYSE,2020/10/02 16:00:00,21.74,22.9,21.6,22.8,2411666
USFD,NYSE,2020/10/05 16:00:00,23.2,23.36,22.24,22.41,1672337
USFD,NYSE,2020/10/06 16:00:00,22.61,24.08,22.6,23.19,3705830
USFD,NYSE,2020/10/07 16:00:00,23.6,23.73,23.29,23.39,1831597
USFD,NYSE,2020/10/08 16:00:00,23.75,24.08,23.58,23.77,2407021
USFD,NYSE,2020/10/09 16:00:00,23.91,24.46,23.44,24.31,2104195
USFD,NYSE,2020/10/12 16:00:00,24.35,25.33,23.86,25.12,3284778
USFD,NYSE,2020/10/13 16:00:00,25,25.15,24.19,24.19,2298718
USFD,NYSE,2020/10/14 16:00:00,24.25,25.47,24.25,24.68,1812162
USFD,NYSE,2020/10/15 16:00:00,24.25,25.04,24.17,25.03,2037318
USFD,NYSE,2020/10/16 16:00:00,25.15,25.6,24.83,24.83,1792938
USFD,NYSE,2020/10/19 16:00:00,24.91,25.55,24.52,24.56,2573154
USFD,NYSE,2020/10/20 16:00:00,25.24,25.48,24.77,24.95,2059864
USFD,NYSE,2020/10/21 16:00:00,24.96,25.18,24.54,24.65,1120761
USFD,NYSE,2020/10/22 16:00:00,24.59,25.22,24.39,25.13,1472194
USFD,NYSE,2020/10/23 16:00:00,25.44,25.61,24.9,25.29,1474826
USFD,NYSE,2020/10/26 16:00:00,24.89,24.96,23.23,23.44,2534755
USFD,NYSE,2020/10/27 16:00:00,23.35,23.46,22.37,22.39,2615032
USFD,NYSE,2020/10/28 16:00:00,21.47,22.17,20.57,21.3,4640146
USFD,NYSE,2020/10/29 16:00:00,21.16,21.82,20.97,21.19,3035756
USFD,NYSE,2020/10/30 16:00:00,21.1,21.58,20.59,20.9,3355780
USFD,NYSE,2020/11/02 16:00:00,20.16,21.86,19.82,21.43,4979517
USFD,NYSE,2020/11/03 16:00:00,22.26,23.31,21.84,23.04,4132737
USFD,NYSE,2020/11/04 16:00:00,22.67,23.63,22.56,22.66,2299581
USFD,NYSE,2020/11/05 16:00:00,23.01,23.47,22.5,23.28,2740136
USFD,NYSE,2020/11/06 16:00:00,23.28,23.47,22.87,23.32,1395381
USFD,NYSE,2020/11/09 16:00:00,27.63,31.16,27.12,30.07,8924070
USFD,NYSE,2020/11/10 16:00:00,30.81,32.55,30.76,31.12,6557171
USFD,NYSE,2020/11/11 16:00:00,30.73,30.8,28.26,28.75,4594397
USFD,NYSE,2020/11/12 16:00:00,28.15,29.16,27.68,27.95,3178167
USFD,NYSE,2020/11/13 16:00:00,28.44,30.1,28.25,30.06,2538716
USFD,NYSE,2020/11/16 16:00:00,32.05,32.17,30.67,31.18,4050645
USFD,NYSE,2020/11/17 16:00:00,30.66,31.96,30.59,31.14,3083200
USFD,NYSE,2020/11/18 16:00:00,31.2,31.57,30.11,30.43,2566020
USFD,NYSE,2020/11/19 16:00:00,30.13,30.95,29.68,30.73,2443099
USFD,NYSE,2020/11/20 16:00:00,30.53,30.53,29.83,30.01,2431311
USFD,NYSE,2020/11/23 16:00:00,30.33,30.76,30.05,30.56,1880347
USFD,NYSE,2020/11/24 16:00:00,31.35,32.89,31.27,31.98,4220139
USFD,NYSE,2020/11/25 16:00:00,31.57,32.52,31.4,31.98,1923380
USFD,NYSE,2020/11/27 13:00:00,31.77,32.46,31.77,32.25,947128
USFD,NYSE,2020/11/30 16:00:00,32.1,32.1,31.28,31.48,1804115
USFD,NYSE,2020/12/01 16:00:00,32.07,33.42,31.65,32.82,3466621
USFD,NYSE,2020/12/02 16:00:00,32.48,33.02,31.58,32.56,2276902
USFD,NYSE,2020/12/03 16:00:00,32.44,33.52,32.22,33,2111834
USFD,NYSE,2020/12/04 16:00:00,33.22,34.4,33.22,34.32,3323254
USFD,NYSE,2020/12/07 16:00:00,33.54,33.98,32.88,33,1711076
USFD,NYSE,2020/12/08 16:00:00,32.6,33.62,32.56,33.41,1288016
USFD,NYSE,2020/12/09 16:00:00,33.51,34.1,33.31,33.7,1400382
USFD,NYSE,2020/12/10 16:00:00,33.3,34.21,33.1,34.17,1521493
USFD,NYSE,2020/12/11 16:00:00,33.79,34.3,32.86,33.26,1091177
USFD,NYSE,2020/12/14 16:00:00,33.69,33.87,32.28,32.35,1291853
USFD,NYSE,2020/12/15 16:00:00,32.67,33.39,31.97,33.32,1397941
USFD,NYSE,2020/12/16 16:00:00,33.44,33.47,32.55,33.06,870045
USFD,NYSE,2020/12/17 16:00:00,33.27,33.82,33.09,33.73,1417581
USFD,NYSE,2020/12/18 16:00:00,33.73,34.09,33.25,33.38,2838434
USFD,NYSE,2020/12/21 16:00:00,32.13,33.27,32.01,33.24,1130101
USFD,NYSE,2020/12/22 16:00:00,33.25,33.45,32.76,32.84,949566
USFD,NYSE,2020/12/23 16:00:00,33.13,33.76,32.87,33.34,1379675
USFD,NYSE,2020/12/24 13:00:00,33.29,33.37,32.77,33.31,286955
USFD,NYSE,2020/12/28 16:00:00,33.54,33.94,33.16,33.5,1161659
USFD,NYSE,2020/12/29 16:00:00,33.56,33.86,32.64,32.93,791875
USFD,NYSE,2020/12/30 16:00:00,32.97,33.6,32.92,33.35,718115
USFD,NYSE,2020/12/31 16:00:00,33.45,33.63,32.8,33.31,1164718
USFD,NYSE,2021/01/04 16:00:00,33.41,33.47,31.88,32.44,1618515
USFD,NYSE,2021/01/05 16:00:00,32.33,32.83,32.17,32.32,986222
USFD,NYSE,2021/01/06 16:00:00,32.8,33.84,32.5,33.71,2152699
USFD,NYSE,2021/01/07 16:00:00,34,34.15,33.14,33.63,1465832
USFD,NYSE,2021/01/08 16:00:00,33.69,34.76,33.32,34.3,1981442
USFD,NYSE,2021/01/11 16:00:00,33.35,35.51,33.14,34.71,3271177
USFD,NYSE,2021/01/12 16:00:00,34.72,37.12,34.57,36.11,3109020
USFD,NYSE,2021/01/13 16:00:00,35.86,36.52,35.5,35.73,1664015
USFD,NYSE,2021/01/14 16:00:00,35.91,36.77,35.59,35.95,1583769
USFD,NYSE,2021/01/15 16:00:00,35.57,36.41,35.56,35.66,2355591
USFD,NYSE,2021/01/19 16:00:00,35.91,36.18,34.02,35.11,2455565
USFD,NYSE,2021/01/20 16:00:00,35.01,36.17,34.98,36.17,5527427
USFD,NYSE,2021/01/21 16:00:00,36.01,36.48,35.29,35.33,1518283
USFD,NYSE,2021/01/22 16:00:00,35,35.25,34.66,34.77,1251837
USFD,NYSE,2021/01/25 16:00:00,33.38,34.45,32.64,34.45,2759504
USFD,NYSE,2021/01/26 16:00:00,34.71,34.79,33.37,33.43,1814109
USFD,NYSE,2021/01/27 16:00:00,32.76,32.98,31.5,31.93,2512056
USFD,NYSE,2021/01/28 16:00:00,32.56,33.19,32.03,32.7,1635610
USFD,NYSE,2021/01/29 16:00:00,32.42,32.48,30.91,30.99,2117709
USFD,NYSE,2021/02/01 16:00:00,31.29,31.65,30.64,31.31,1772046
USFD,NYSE,2021/02/02 16:00:00,31.65,33.03,31.5,32.96,2106354
USFD,NYSE,2021/02/03 16:00:00,32.96,35.29,32.96,35.11,2502429
USFD,NYSE,2021/02/04 16:00:00,35.41,36.12,35.11,35.85,3433271
USFD,NYSE,2021/02/05 16:00:00,36.6,36.94,35.81,35.99,2065661
USFD,NYSE,2021/02/08 16:00:00,36.25,36.96,36.06,36.96,1387842
USFD,NYSE,2021/02/09 16:00:00,36.92,37.1,36.25,36.46,1349995
USFD,NYSE,2021/02/10 16:00:00,36.62,36.96,35.97,36.02,1743819
USFD,NYSE,2021/02/11 16:00:00,36.15,36.87,35.86,36.43,2847783
USFD,NYSE,2021/02/12 16:00:00,36.46,37.29,36.09,36.89,2007996
USFD,NYSE,2021/02/16 16:00:00,35.24,37.24,35.1,35.99,2221983
USFD,NYSE,2021/02/17 16:00:00,35.86,35.86,34.51,35.18,2236293
USFD,NYSE,2021/02/18 16:00:00,34.59,35.57,34.23,34.97,1438808
USFD,NYSE,2021/02/19 16:00:00,35.16,36.65,35.16,36.41,1574550
USFD,NYSE,2021/02/22 16:00:00,36.23,38.27,36.01,37.57,1707415
USFD,NYSE,2021/02/23 16:00:00,37.49,37.79,36.17,37.28,2335259
USFD,NYSE,2021/02/24 16:00:00,37.35,37.86,36.96,37,2402048
USFD,NYSE,2021/02/25 16:00:00,37.22,37.23,35.93,36.17,1350701
USFD,NYSE,2021/02/26 16:00:00,36.19,37.14,35.86,36.46,1867248
USFD,NYSE,2021/03/01 16:00:00,37.38,37.6,36.59,37.04,2221908
USFD,NYSE,2021/03/02 16:00:00,37,37.59,36.8,37.09,1909426
USFD,NYSE,2021/03/03 16:00:00,37.39,38.77,37.19,38.39,3225924
USFD,NYSE,2021/03/04 16:00:00,38.38,38.38,36.03,37.37,2254606
USFD,NYSE,2021/03/05 16:00:00,37.95,38.18,36.03,38,2442896
USFD,NYSE,2021/03/08 16:00:00,38.27,38.82,37.81,38.35,2385526
USFD,NYSE,2021/03/09 16:00:00,38.68,38.83,37.15,38.7,2329518
USFD,NYSE,2021/03/10 16:00:00,38.76,39.51,38.45,39.4,2719166
USFD,NYSE,2021/03/11 16:00:00,39.64,40.53,39.36,40.4,3845993
USFD,NYSE,2021/03/12 16:00:00,40.41,41.23,39.91,40.43,3238715
USFD,NYSE,2021/03/15 16:00:00,40.24,40.54,39.35,39.93,1682486
USFD,NYSE,2021/03/16 16:00:00,39.84,39.84,38.39,38.6,1784183
USFD,NYSE,2021/03/17 16:00:00,38.89,39.2,38.41,39.04,2291740
USFD,NYSE,2021/03/18 16:00:00,38.8,39.01,36.59,36.85,3373058
USFD,NYSE,2021/03/19 16:00:00,36.86,38.94,35.75,38,3637464
USFD,NYSE,2021/03/22 16:00:00,37.8,38.15,36.97,37.3,1978264
USFD,NYSE,2021/03/23 16:00:00,36.66,37.07,36.28,36.42,1775286
USFD,NYSE,2021/03/24 16:00:00,37.04,37.57,36.44,36.45,2957988
USFD,NYSE,2021/03/25 16:00:00,35.8,37.13,35.53,37.01,2191466
USFD,NYSE,2021/03/26 16:00:00,37.59,38.16,36.65,37.14,1692832
USFD,NYSE,2021/03/29 16:00:00,37,37.81,36.34,36.95,1840550
USFD,NYSE,2021/03/30 16:00:00,36.9,38.06,36.9,37.84,1876604
USFD,NYSE,2021/03/31 16:00:00,38.06,38.74,37.95,38.12,1839197
USFD,NYSE,2021/04/01 16:00:00,38.04,38.44,37.6,37.84,1879168
USFD,NYSE,2021/04/05 16:00:00,38.36,38.76,38.08,38.17,1269874
USFD,NYSE,2021/04/06 16:00:00,38.08,39.1,37.96,38.68,2181953
USFD,NYSE,2021/04/07 16:00:00,38.88,38.98,38.18,38.33,1276762
USFD,NYSE,2021/04/08 16:00:00,37.96,38.89,37.44,38.79,2905179
USFD,NYSE,2021/04/09 16:00:00,39.29,39.57,38.92,39.56,1302197
CIEN,NYSE,2019/04/01 16:00:00,37.62,37.98,37.39,37.77,2099278
CIEN,NYSE,2019/04/02 16:00:00,37.88,38.24,37.66,37.92,2144597
CIEN,NYSE,2019/04/03 16:00:00,38.33,38.4,37.97,38.12,2045320
CIEN,NYSE,2019/04/04 16:00:00,38.19,38.38,37.31,37.49,2016586
CIEN,NYSE,2019/04/05 16:00:00,37.5,37.73,37.21,37.31,2026498
CIEN,NYSE,2019/04/08 16:00:00,37.2,37.4,36.75,37.24,1619761
CIEN,NYSE,2019/04/09 16:00:00,37,37.55,36.64,37.37,2080487
CIEN,NYSE,2019/04/10 16:00:00,37.46,37.83,37.27,37.35,1443492
CIEN,NYSE,2019/04/11 16:00:00,37.44,37.44,36.88,37.08,2565316
CIEN,NYSE,2019/04/12 16:00:00,37.4,37.99,36.78,37.99,2664667
CIEN,NYSE,2019/04/15 16:00:00,38.79,39.48,38.32,38.4,3027005
CIEN,NYSE,2019/04/16 16:00:00,38.65,39.02,38.5,38.7,2679503
CIEN,NYSE,2019/04/17 16:00:00,39.11,39.21,38.21,38.24,2607233
CIEN,NYSE,2019/04/18 16:00:00,38.2,38.46,37.89,38.18,1720499
CIEN,NYSE,2019/04/22 16:00:00,38.13,38.84,38.13,38.73,1873262
CIEN,NYSE,2019/04/23 16:00:00,39.11,39.99,39,39.87,2986726
CIEN,NYSE,2019/04/24 16:00:00,39.91,40.76,39.74,40.04,2276711
CIEN,NYSE,2019/04/25 16:00:00,39.84,39.95,38.66,39.06,2215538
CIEN,NYSE,2019/04/26 16:00:00,39.15,39.22,38.1,38.22,1513150
CIEN,NYSE,2019/04/29 16:00:00,38.33,38.74,38.1,38.62,1166687
CIEN,NYSE,2019/04/30 16:00:00,38.63,38.64,37.92,38.36,1831465
CIEN,NYSE,2019/05/01 16:00:00,38.57,39.07,38.25,38.37,1781580
CIEN,NYSE,2019/05/02 16:00:00,38.32,39.02,38.28,39,1572241
CIEN,NYSE,2019/05/03 16:00:00,38.61,39.01,38.15,38.79,3459826
CIEN,NYSE,2019/05/06 16:00:00,37.96,38,36.7,37.04,3073670
CIEN,NYSE,2019/05/07 16:00:00,36.6,36.89,35.63,36.16,3035020
CIEN,NYSE,2019/05/08 16:00:00,36.05,36.37,35.78,36.15,2620324
CIEN,NYSE,2019/05/09 16:00:00,35.35,35.52,34.55,35.22,3583023
CIEN,NYSE,2019/05/10 16:00:00,35.03,35.17,34.19,35.07,2561124
CIEN,NYSE,2019/05/13 16:00:00,34.24,34.42,33.06,33.18,3019836
CIEN,NYSE,2019/05/14 16:00:00,33.37,33.59,33,33.21,2069107
CIEN,NYSE,2019/05/15 16:00:00,32.89,33.46,32.76,33.3,2263551
CIEN,NYSE,2019/05/16 16:00:00,33.66,34.5,33.08,34.04,4267475
CIEN,NYSE,2019/05/17 16:00:00,33.56,35.06,33.5,34.61,4496414
CIEN,NYSE,2019/05/20 16:00:00,34.13,34.69,34.01,34.66,2016972
CIEN,NYSE,2019/05/21 16:00:00,34.92,35.29,34.75,34.86,2028216
CIEN,NYSE,2019/05/22 16:00:00,34.75,35.39,34.67,35.25,1726453
CIEN,NYSE,2019/05/23 16:00:00,34.82,35.39,34.73,35.33,2973774
CIEN,NYSE,2019/05/24 16:00:00,35.42,35.58,35.12,35.19,2093460
CIEN,NYSE,2019/05/28 16:00:00,35.24,35.45,34.91,35.06,2019905
CIEN,NYSE,2019/05/29 16:00:00,34.74,35.39,34.44,35.08,1773425
CIEN,NYSE,2019/05/30 16:00:00,35.17,35.63,35.13,35.47,1604803
CIEN,NYSE,2019/05/31 16:00:00,35,35.23,34.72,34.94,2008394
CIEN,NYSE,2019/06/03 16:00:00,35.04,35.12,34.51,34.72,2529924
CIEN,NYSE,2019/06/04 16:00:00,35.12,35.82,35.12,35.63,2391817
CIEN,NYSE,2019/06/05 16:00:00,35.95,36.12,35.24,35.88,3273216
CIEN,NYSE,2019/06/06 16:00:00,42.56,45.57,40.93,45.49,17904147
CIEN,NYSE,2019/06/07 16:00:00,45.3,46.23,44.65,45.23,6273294
CIEN,NYSE,2019/06/10 16:00:00,45.5,45.93,43.93,44.09,4076933
CIEN,NYSE,2019/06/11 16:00:00,44.36,44.74,44.01,44.02,3393873
CIEN,NYSE,2019/06/12 16:00:00,43.65,43.89,42.9,43.01,2702287
CIEN,NYSE,2019/06/13 16:00:00,43.13,43.25,42.37,42.47,2928811
CIEN,NYSE,2019/06/14 16:00:00,42.4,43.21,42.18,42.75,2311031
CIEN,NYSE,2019/06/17 16:00:00,42.63,43.6,42.34,43.3,2689143
CIEN,NYSE,2019/06/18 16:00:00,43.57,44.63,43.55,44.3,2835293
CIEN,NYSE,2019/06/19 16:00:00,44.33,44.83,43.54,44.06,1820367
CIEN,NYSE,2019/06/20 16:00:00,44.65,44.65,43.57,44.33,2610611
CIEN,NYSE,2019/06/21 16:00:00,44.03,44.22,43.35,43.52,3071972
CIEN,NYSE,2019/06/24 16:00:00,43.64,43.71,42.68,42.74,1637150
CIEN,NYSE,2019/06/25 16:00:00,42.5,42.97,42.12,42.18,2117517
CIEN,NYSE,2019/06/26 16:00:00,42.36,42.72,41.66,41.68,2130720
CIEN,NYSE,2019/06/27 16:00:00,41.79,42.04,41.29,41.6,3713491
CIEN,NYSE,2019/06/28 16:00:00,41.58,41.83,41.02,41.13,19190410
CIEN,NYSE,2019/07/01 16:00:00,42.03,42.3,41.19,41.97,3976065
CIEN,NYSE,2019/07/02 16:00:00,42,42.64,41.84,42.21,3574794
CIEN,NYSE,2019/07/03 13:00:00,42.21,43.21,42.06,43.14,1579608
CIEN,NYSE,2019/07/05 16:00:00,43,43.01,42.54,42.99,1651443
CIEN,NYSE,2019/07/08 16:00:00,42.76,42.84,41.98,42.09,2027087
CIEN,NYSE,2019/07/09 16:00:00,41.97,43.33,41.69,43.29,3341801
CIEN,NYSE,2019/07/10 16:00:00,43.51,43.96,43,43.12,2392113
CIEN,NYSE,2019/07/11 16:00:00,43.4,44.25,43.23,44,2895102
CIEN,NYSE,2019/07/12 16:00:00,44.19,44.71,44.04,44.08,1918401
CIEN,NYSE,2019/07/15 16:00:00,44.3,44.67,43.85,44.19,2513696
CIEN,NYSE,2019/07/16 16:00:00,44.39,44.7,44.13,44.36,1780524
CIEN,NYSE,2019/07/17 16:00:00,44.29,44.66,44.09,44.11,1783797
CIEN,NYSE,2019/07/18 16:00:00,44.12,44.14,43.4,43.87,1884707
CIEN,NYSE,2019/07/19 16:00:00,44,44.16,43.02,43.04,1651526
CIEN,NYSE,2019/07/22 16:00:00,43.37,43.49,42.95,43.06,1975367
CIEN,NYSE,2019/07/23 16:00:00,43.33,43.86,42.99,43.85,2151136
CIEN,NYSE,2019/07/24 16:00:00,43.64,45,43.52,44.92,1925767
CIEN,NYSE,2019/07/25 16:00:00,45.17,46.44,44.84,45.62,3608822
CIEN,NYSE,2019/07/26 16:00:00,46.16,46.18,45.2,45.94,1812532
CIEN,NYSE,2019/07/29 16:00:00,46.21,46.78,45.73,45.95,1833703
CIEN,NYSE,2019/07/30 16:00:00,45.62,45.84,44.92,45.63,1178677
CIEN,NYSE,2019/07/31 16:00:00,45.66,46.01,44.76,45.22,1658875
CIEN,NYSE,2019/08/01 16:00:00,45.24,45.84,44.23,44.41,2168963
CIEN,NYSE,2019/08/02 16:00:00,43.98,43.99,42.55,42.81,1710143
CIEN,NYSE,2019/08/05 16:00:00,41.25,41.95,40.8,41.25,2461855
CIEN,NYSE,2019/08/06 16:00:00,41.7,42.75,41.49,42.67,1680946
CIEN,NYSE,2019/08/07 16:00:00,42.09,42.7,41.64,42.52,1650335
CIEN,NYSE,2019/08/08 16:00:00,43.65,43.94,43.22,43.88,1790220
CIEN,NYSE,2019/08/09 16:00:00,43.58,44.37,43.57,43.65,1788836
CIEN,NYSE,2019/08/12 16:00:00,43.23,43.7,42.86,43.07,1320225
CIEN,NYSE,2019/08/13 16:00:00,42.92,44.07,42.79,43.2,1881517
CIEN,NYSE,2019/08/14 16:00:00,42.5,42.8,41.34,41.68,1562181
CIEN,NYSE,2019/08/15 16:00:00,41.11,41.3,39.53,40.07,2353398
CIEN,NYSE,2019/08/16 16:00:00,40.6,41.27,40.53,41.07,1382235
CIEN,NYSE,2019/08/19 16:00:00,41.87,42.47,41.56,42.11,1669192
CIEN,NYSE,2019/08/20 16:00:00,42.11,42.11,41.41,41.43,1024987
CIEN,NYSE,2019/08/21 16:00:00,41.9,42.13,41.5,41.52,1265495
CIEN,NYSE,2019/08/22 16:00:00,41.64,41.93,41.1,41.19,1681322
CIEN,NYSE,2019/08/23 16:00:00,41.08,41.38,39.88,40.01,1962542
CIEN,NYSE,2019/08/26 16:00:00,40.44,40.49,40.01,40.35,1363590
CIEN,NYSE,2019/08/27 16:00:00,40.6,40.75,39.35,39.53,1563858
CIEN,NYSE,2019/08/28 16:00:00,39.45,40.35,39.19,40,2469325
CIEN,NYSE,2019/08/29 16:00:00,41.76,42.47,40.79,41.27,2492633
CIEN,NYSE,2019/08/30 16:00:00,41.54,41.6,40.63,40.93,2220281
CIEN,NYSE,2019/09/03 16:00:00,40.78,41.06,40.39,40.73,3391226
CIEN,NYSE,2019/09/04 16:00:00,41.26,41.88,41.03,41.2,4413522
CIEN,NYSE,2019/09/05 16:00:00,38.66,40.03,37.94,39.62,12567776
CIEN,NYSE,2019/09/06 16:00:00,39.72,40.12,38.81,39.52,4709648
CIEN,NYSE,2019/09/09 16:00:00,39.65,39.91,38.6,38.91,3836086
CIEN,NYSE,2019/09/10 16:00:00,38.68,39.66,38.11,39.65,2894919
CIEN,NYSE,2019/09/11 16:00:00,40.1,40.43,39.52,40.43,2972590
CIEN,NYSE,2019/09/12 16:00:00,40.74,40.77,39.46,39.54,1987094
CIEN,NYSE,2019/09/13 16:00:00,39.51,40.39,39.39,39.88,3311112
CIEN,NYSE,2019/09/16 16:00:00,39.73,41.52,39.72,41.29,2915069
CIEN,NYSE,2019/09/17 16:00:00,40.51,40.51,39.51,40.44,2338310
CIEN,NYSE,2019/09/18 16:00:00,40.32,40.84,39.51,40.3,3042065
CIEN,NYSE,2019/09/19 16:00:00,40.63,40.95,39.94,40,2260647
CIEN,NYSE,2019/09/20 16:00:00,40.09,40.99,39.36,39.58,10699994
CIEN,NYSE,2019/09/23 16:00:00,39.36,39.91,38.86,39.69,6196786
CIEN,NYSE,2019/09/24 16:00:00,39.83,40.15,38.77,39.09,3313250
CIEN,NYSE,2019/09/25 16:00:00,38.98,40.35,38.9,40.14,2584223
CIEN,NYSE,2019/09/26 16:00:00,39.96,40.12,38.84,39.19,2302866
CIEN,NYSE,2019/09/27 16:00:00,39.4,39.94,38.9,39.34,2112694
CIEN,NYSE,2019/09/30 16:00:00,39.4,39.65,38.69,39.23,2089467
CIEN,NYSE,2019/10/01 16:00:00,38.05,38.25,36.12,36.49,6939447
CIEN,NYSE,2019/10/02 16:00:00,36.3,36.98,36.16,36.8,2894484
CIEN,NYSE,2019/10/03 16:00:00,36.9,37.76,36.7,37.52,2917520
CIEN,NYSE,2019/10/04 16:00:00,37.65,37.78,37.06,37.61,1323394
CIEN,NYSE,2019/10/07 16:00:00,37.49,37.83,37.31,37.54,2451958
CIEN,NYSE,2019/10/08 16:00:00,37.36,37.36,36.58,36.59,1784819
CIEN,NYSE,2019/10/09 16:00:00,37,37.44,36.75,37.3,988780
CIEN,NYSE,2019/10/10 16:00:00,37.14,37.43,36.6,37.25,2481792
CIEN,NYSE,2019/10/11 16:00:00,37.75,38.26,37.59,37.8,2055320
CIEN,NYSE,2019/10/14 16:00:00,37.73,37.93,37.35,37.52,2095303
CIEN,NYSE,2019/10/15 16:00:00,37.73,37.98,37.42,37.63,1082452
CIEN,NYSE,2019/10/16 16:00:00,37.64,37.87,37.04,37.2,1583937
CIEN,NYSE,2019/10/17 16:00:00,37.68,38.25,37.45,38.05,1398730
CIEN,NYSE,2019/10/18 16:00:00,37.8,38.48,37.8,38.45,1458616
CIEN,NYSE,2019/10/21 16:00:00,38.78,38.88,38.35,38.36,1949607
CIEN,NYSE,2019/10/22 16:00:00,38.56,38.94,37.91,37.99,1500650
CIEN,NYSE,2019/10/23 16:00:00,38.08,38.08,37.45,37.73,1817134
CIEN,NYSE,2019/10/24 16:00:00,37.78,37.78,36.4,36.89,2247507
CIEN,NYSE,2019/10/25 16:00:00,36.98,37.64,36.86,37.25,1543209
CIEN,NYSE,2019/10/28 16:00:00,37.36,37.71,36.77,37.14,1922313
CIEN,NYSE,2019/10/29 16:00:00,37.09,37.27,35.83,35.85,2801759
CIEN,NYSE,2019/10/30 16:00:00,36.01,36.85,35.97,36.78,2271998
CIEN,NYSE,2019/10/31 16:00:00,36.79,37.24,36.44,37.12,2079523
CIEN,NYSE,2019/11/01 16:00:00,36.59,37.02,35.86,36.43,3817140
CIEN,NYSE,2019/11/04 16:00:00,36.79,36.79,35.97,36.15,2751629
CIEN,NYSE,2019/11/05 16:00:00,36.39,37.72,36.36,36.93,2304521
CIEN,NYSE,2019/11/06 16:00:00,36.74,36.95,36.26,36.73,2196981
CIEN,NYSE,2019/11/07 16:00:00,36.74,36.95,36.26,36.73,2196981
CIEN,NYSE,2019/11/08 16:00:00,37.33,37.45,37.01,37.45,1676095
CIEN,NYSE,2019/11/11 16:00:00,37.17,37.88,37.1,37.78,1266427
CIEN,NYSE,2019/11/12 16:00:00,37.88,38.25,37.74,38.05,2134771
CIEN,NYSE,2019/11/13 16:00:00,37.83,38.27,37.66,37.73,1401525
CIEN,NYSE,2019/11/14 16:00:00,37.28,37.85,37.03,37.52,1276852
CIEN,NYSE,2019/11/15 16:00:00,37.73,38.04,37.57,38.01,1025352
CIEN,NYSE,2019/11/18 16:00:00,38.04,38.04,37.49,37.7,1718565
CIEN,NYSE,2019/11/19 16:00:00,37.81,37.99,37.28,37.41,2024492
CIEN,NYSE,2019/11/20 16:00:00,37.38,37.65,36.98,37.39,2232102
CIEN,NYSE,2019/11/21 16:00:00,37.46,37.49,36.42,36.54,2899885
CIEN,NYSE,2019/11/22 16:00:00,36.66,37.25,36.57,36.96,1349272
CIEN,NYSE,2019/11/25 16:00:00,37,37.62,36.9,37.31,2902286
CIEN,NYSE,2019/11/26 16:00:00,37.26,37.86,37.09,37.65,2064083
CIEN,NYSE,2019/11/27 16:00:00,37.8,38.14,37.73,38.12,1229456
CIEN,NYSE,2019/11/29 13:00:00,38.17,38.41,37.9,37.96,661193
CIEN,NYSE,2019/12/02 16:00:00,37.79,37.86,36.61,36.73,2399373
CIEN,NYSE,2019/12/03 16:00:00,36.2,36.73,35.94,36.7,2521004
CIEN,NYSE,2019/12/04 16:00:00,36.85,37.46,36.54,36.6,2685182
CIEN,NYSE,2019/12/05 16:00:00,36.57,36.72,35.92,36.29,4964584
CIEN,NYSE,2019/12/06 16:00:00,34.4,35.05,33.22,35,7256618
CIEN,NYSE,2019/12/09 16:00:00,35.04,35.47,34.61,34.61,4151677
CIEN,NYSE,2019/12/10 16:00:00,34.61,34.85,34.42,34.69,4055990
CIEN,NYSE,2019/12/11 16:00:00,34.63,35.63,34.44,35.41,7144539
CIEN,NYSE,2019/12/12 16:00:00,38.47,42.95,37.97,42.62,23615222
CIEN,NYSE,2019/12/13 16:00:00,42.89,43.97,41.19,41.38,10755795
CIEN,NYSE,2019/12/16 16:00:00,41.72,42.32,41.15,41.25,4428187
CIEN,NYSE,2019/12/17 16:00:00,41.2,41.25,40.44,40.89,3113613
CIEN,NYSE,2019/12/18 16:00:00,41,41.16,40.64,40.92,3106127
CIEN,NYSE,2019/12/19 16:00:00,40.83,41.82,40.83,41.53,3007749
CIEN,NYSE,2019/12/20 16:00:00,41.95,42.5,41.41,42.39,5058628
CIEN,NYSE,2019/12/23 16:00:00,41.86,42.6,41.67,42.36,3676745
CIEN,NYSE,2019/12/24 13:00:00,42.51,42.72,42.34,42.47,835690
CIEN,NYSE,2019/12/26 16:00:00,42.47,42.95,42.43,42.72,2772579
CIEN,NYSE,2019/12/27 16:00:00,42.83,42.97,42.44,42.67,1689604
CIEN,NYSE,2019/12/30 16:00:00,42.6,42.84,42.38,42.64,1751222
CIEN,NYSE,2019/12/31 16:00:00,42.43,42.87,42.32,42.69,1627046
CIEN,NYSE,2020/01/02 16:00:00,43.25,43.39,42.45,42.86,1470664
CIEN,NYSE,2020/01/03 16:00:00,42.33,42.7,41.84,41.87,1354697
CIEN,NYSE,2020/01/06 16:00:00,41.57,42.16,41.5,41.89,1202422
CIEN,NYSE,2020/01/07 16:00:00,41.73,41.95,41.54,41.55,1164245
CIEN,NYSE,2020/01/08 16:00:00,42.65,43.29,42.25,42.28,2472080
CIEN,NYSE,2020/01/09 16:00:00,42.31,42.53,41.93,42.1,1905280
CIEN,NYSE,2020/01/10 16:00:00,42.25,42.3,41.47,41.64,1690453
CIEN,NYSE,2020/01/13 16:00:00,41.98,42.54,41.8,42.39,1570130
CIEN,NYSE,2020/01/14 16:00:00,42.2,42.38,41.85,42.06,1276754
CIEN,NYSE,2020/01/15 16:00:00,41.82,42.65,41.82,42.36,1611704
CIEN,NYSE,2020/01/16 16:00:00,42.72,42.94,42.5,42.85,1092337
CIEN,NYSE,2020/01/17 16:00:00,42.97,43.03,42.13,42.23,1388137
CIEN,NYSE,2020/01/21 16:00:00,42,42.33,41.8,42.17,1482344
CIEN,NYSE,2020/01/22 16:00:00,42.43,42.73,42.21,42.44,1633724
CIEN,NYSE,2020/01/23 16:00:00,42.44,42.77,42.25,42.5,1390641
CIEN,NYSE,2020/01/24 16:00:00,42.96,43.86,42.72,43.27,2274570
CIEN,NYSE,2020/01/27 16:00:00,42.37,42.66,41.95,41.97,2405519
CIEN,NYSE,2020/01/28 16:00:00,42.27,43.21,42.25,42.93,1853375
CIEN,NYSE,2020/01/29 16:00:00,43.06,43.46,42.03,42.16,2398983
CIEN,NYSE,2020/01/30 16:00:00,41.73,42.24,41.48,42.19,1815858
CIEN,NYSE,2020/01/31 16:00:00,41.96,42.1,40.57,40.67,2024096
CIEN,NYSE,2020/02/03 16:00:00,40.87,42.02,40.72,41.83,2272922
CIEN,NYSE,2020/02/04 16:00:00,42.63,43.15,42.59,42.87,1907439
CIEN,NYSE,2020/02/05 16:00:00,43.34,43.44,42.52,42.67,1000979
CIEN,NYSE,2020/02/06 16:00:00,42.86,43.63,42.66,43.48,1525101
CIEN,NYSE,2020/02/07 16:00:00,43.22,43.31,42.51,42.64,1836281
CIEN,NYSE,2020/02/10 16:00:00,42.39,42.55,41.81,42.48,2071272
CIEN,NYSE,2020/02/11 16:00:00,43.33,44.06,42.81,43.08,2077055
CIEN,NYSE,2020/02/12 16:00:00,43.35,43.6,42.72,43.2,1124462
CIEN,NYSE,2020/02/13 16:00:00,42.89,43.33,42.48,43.31,1330405
CIEN,NYSE,2020/02/14 16:00:00,43.26,43.34,42.99,43.19,1096505
CIEN,NYSE,2020/02/18 16:00:00,42.83,43.74,42.83,43.07,1334341
CIEN,NYSE,2020/02/19 16:00:00,43.22,44.47,43.17,43.84,1979635
CIEN,NYSE,2020/02/20 16:00:00,43.65,44.61,43.33,44.47,2319995
CIEN,NYSE,2020/02/21 16:00:00,44.37,44.44,43.45,43.89,2082178
CIEN,NYSE,2020/02/24 16:00:00,41.86,43.03,41.53,42.63,1761385
CIEN,NYSE,2020/02/25 16:00:00,42.86,43.03,40.56,40.93,1967566
CIEN,NYSE,2020/02/26 16:00:00,41,41.59,40.16,40.39,1442249
CIEN,NYSE,2020/02/27 16:00:00,39.42,40.52,38.49,38.97,1910442
CIEN,NYSE,2020/02/28 16:00:00,37.91,39.06,37.54,38.45,2630192
CIEN,NYSE,2020/03/02 16:00:00,38.86,39.72,37.89,39.66,1461537
CIEN,NYSE,2020/03/03 16:00:00,40,40.92,39,40.02,2422296
CIEN,NYSE,2020/03/04 16:00:00,40.65,41.85,39.73,41.62,3722233
CIEN,NYSE,2020/03/05 16:00:00,42.27,44.42,41.09,42.88,5827555
CIEN,NYSE,2020/03/06 16:00:00,41.59,42.43,40.42,41.09,3514664
CIEN,NYSE,2020/03/09 16:00:00,39.29,40,37.9,38.72,2561949
CIEN,NYSE,2020/03/10 16:00:00,40,40.61,38.44,40.52,2499092
CIEN,NYSE,2020/03/11 16:00:00,39.42,40.05,38.4,38.83,2457753
CIEN,NYSE,2020/03/12 16:00:00,35.4,37.21,34.1,34.73,3259056
CIEN,NYSE,2020/03/13 16:00:00,36.82,37.02,34.13,37.02,2466810
CIEN,NYSE,2020/03/16 16:00:00,32.19,37.51,30.58,35.06,2979868
CIEN,NYSE,2020/03/17 16:00:00,35.18,39.53,35.18,39.23,2686310
CIEN,NYSE,2020/03/18 16:00:00,36.43,39.79,35.29,36,2610829
CIEN,NYSE,2020/03/19 16:00:00,35.53,38.2,34.33,37.52,3145266
CIEN,NYSE,2020/03/20 16:00:00,37.7,39.72,35.64,36.07,2585878
CIEN,NYSE,2020/03/23 16:00:00,35.73,36,32.77,34.5,2025152
CIEN,NYSE,2020/03/24 16:00:00,36.87,38.93,36.09,38.87,1878344
CIEN,NYSE,2020/03/25 16:00:00,38.85,40,37.66,38.57,1481867
CIEN,NYSE,2020/03/26 16:00:00,38.75,41.11,37.66,40.83,2090300
CIEN,NYSE,2020/03/27 16:00:00,39.32,40.06,38.06,39.34,2522817
CIEN,NYSE,2020/03/30 16:00:00,39.05,41.48,38.54,41.08,1775647
CIEN,NYSE,2020/03/31 16:00:00,41.09,41.13,39.53,39.81,1838996
CIEN,NYSE,2020/04/01 16:00:00,38.86,40.13,38,39.97,1808820
CIEN,NYSE,2020/04/02 16:00:00,40.38,41.17,39.74,40.62,2069192
CIEN,NYSE,2020/04/03 16:00:00,40.7,42.12,39.74,40.34,2389589
CIEN,NYSE,2020/04/06 16:00:00,41.56,45.33,41.2,45.03,2903032
CIEN,NYSE,2020/04/07 16:00:00,45.65,46.65,45.02,45.54,3576728
CIEN,NYSE,2020/04/08 16:00:00,45.92,46.66,44.91,46.16,1589244
CIEN,NYSE,2020/04/09 16:00:00,46.17,46.95,45.22,45.65,2790687
CIEN,NYSE,2020/04/13 16:00:00,45.4,45.48,43.69,44.43,1967600
CIEN,NYSE,2020/04/14 16:00:00,45.48,46.42,44.91,45.31,2097440
CIEN,NYSE,2020/04/15 16:00:00,44.48,45.21,43.69,43.9,1497186
CIEN,NYSE,2020/04/16 16:00:00,43.13,44.76,42.61,44.61,2079467
CIEN,NYSE,2020/04/17 16:00:00,45.65,45.65,43.46,44.2,2217172
CIEN,NYSE,2020/04/20 16:00:00,43.99,47.28,43.71,46.35,2835169
CIEN,NYSE,2020/04/21 16:00:00,46.09,46.11,43.81,44.03,2279001
CIEN,NYSE,2020/04/22 16:00:00,45.17,45.28,44.51,44.73,1257574
CIEN,NYSE,2020/04/23 16:00:00,44.76,45.83,44.66,44.76,1206404
CIEN,NYSE,2020/04/24 16:00:00,45.14,46.78,45.07,46.58,2195136
CIEN,NYSE,2020/04/27 16:00:00,47,49.14,46.83,48.92,2906036
CIEN,NYSE,2020/04/28 16:00:00,49.19,49.91,46.93,46.99,2419087
CIEN,NYSE,2020/04/29 16:00:00,47.73,47.94,46.27,47.13,2539911
CIEN,NYSE,2020/04/30 16:00:00,47.17,47.19,45.67,46.25,2284354
CIEN,NYSE,2020/05/01 16:00:00,45.62,46.79,45.32,46.34,2000987
CIEN,NYSE,2020/05/04 16:00:00,46.05,47.1,45.83,46.83,1730534
CIEN,NYSE,2020/05/05 16:00:00,46.81,47.76,46.31,47.3,1938217
CIEN,NYSE,2020/05/06 16:00:00,47.49,47.62,45.73,45.74,1438863
CIEN,NYSE,2020/05/07 16:00:00,46.61,47.04,46.08,46.57,1320598
CIEN,NYSE,2020/05/08 16:00:00,47.33,47.99,46.78,47.96,1241964
CIEN,NYSE,2020/05/11 16:00:00,47.72,48.85,47.62,48.53,1443387
CIEN,NYSE,2020/05/12 16:00:00,49.1,49.32,48.05,48.09,1783533
CIEN,NYSE,2020/05/13 16:00:00,46.7,47.88,46.14,46.76,2129623
CIEN,NYSE,2020/05/14 16:00:00,46.63,47.1,46.14,46.83,1171401
CIEN,NYSE,2020/05/15 16:00:00,46.33,49.75,46.33,49.65,2972452
CIEN,NYSE,2020/05/18 16:00:00,50.35,51.9,50.22,51.36,2811797
CIEN,NYSE,2020/05/19 16:00:00,51.69,52.15,51,51.17,1354333
CIEN,NYSE,2020/05/20 16:00:00,51.94,53.36,51.79,52.95,1608180
CIEN,NYSE,2020/05/21 16:00:00,53,53.13,51.56,51.72,1888394
CIEN,NYSE,2020/05/22 16:00:00,51.87,52.89,51.63,52.81,1288145
CIEN,NYSE,2020/05/26 16:00:00,54.74,54.76,53.67,53.91,1987981
CIEN,NYSE,2020/05/27 16:00:00,54.25,55.65,52.86,55.57,2259487
CIEN,NYSE,2020/05/28 16:00:00,56,56.76,54.78,54.79,2550449
CIEN,NYSE,2020/05/29 16:00:00,55,55.32,53.81,55.26,3389404
CIEN,NYSE,2020/06/01 16:00:00,55.27,56.04,54.59,56,2903219
CIEN,NYSE,2020/06/02 16:00:00,56.25,56.88,55.16,55.67,2902145
CIEN,NYSE,2020/06/03 16:00:00,55.78,57.19,55.68,56.31,3833832
CIEN,NYSE,2020/06/04 16:00:00,55.74,56.49,52.91,53.94,3968976
CIEN,NYSE,2020/06/05 16:00:00,55,55.79,53.63,54.29,2865733
CIEN,NYSE,2020/06/08 16:00:00,54,54.52,53.4,54.51,2045101
CIEN,NYSE,2020/06/09 16:00:00,54.5,55.32,53.82,55.09,1773622
CIEN,NYSE,2020/06/10 16:00:00,55.2,55.36,54.35,54.93,1729056
CIEN,NYSE,2020/06/11 16:00:00,53.62,53.74,52.21,52.21,1766770
CIEN,NYSE,2020/06/12 16:00:00,53.24,53.78,51.57,52.76,1654104
CIEN,NYSE,2020/06/15 16:00:00,51.81,53.84,51.31,53.75,1558498
CIEN,NYSE,2020/06/16 16:00:00,55.06,55.38,53.75,54.4,1624805
CIEN,NYSE,2020/06/17 16:00:00,54.62,54.72,53.52,53.62,1520920
CIEN,NYSE,2020/06/18 16:00:00,53.62,53.69,52.88,53.36,1771690
CIEN,NYSE,2020/06/19 16:00:00,53.89,54.45,53.03,53.62,1984026
CIEN,NYSE,2020/06/22 16:00:00,53.62,54.37,52.93,54.15,1127947
CIEN,NYSE,2020/06/23 16:00:00,54.93,54.96,53.95,54.08,1049502
CIEN,NYSE,2020/06/24 16:00:00,54,54.34,52.69,53.22,1746019
CIEN,NYSE,2020/06/25 16:00:00,53.17,53.43,52.45,53.36,1532946
CIEN,NYSE,2020/06/26 16:00:00,53.37,53.78,52.8,53.47,2195987
CIEN,NYSE,2020/06/29 16:00:00,53.69,53.85,52.61,53.15,1804200
CIEN,NYSE,2020/06/30 16:00:00,53.29,54.54,53.2,54.16,1626024
CIEN,NYSE,2020/07/01 16:00:00,54.42,54.42,53.59,53.59,1280618
CIEN,NYSE,2020/07/02 16:00:00,54.18,54.18,53.16,53.26,1100305
CIEN,NYSE,2020/07/06 16:00:00,54.25,57.53,54.07,56.57,4118276
CIEN,NYSE,2020/07/07 16:00:00,56.37,56.94,55.7,55.9,2109095
CIEN,NYSE,2020/07/08 16:00:00,56.05,56.52,55.2,55.51,1514215
CIEN,NYSE,2020/07/09 16:00:00,56.04,56.61,55.43,56.16,1596343
CIEN,NYSE,2020/07/10 16:00:00,55.97,56.15,54.27,54.97,1723177
CIEN,NYSE,2020/07/13 16:00:00,55.71,55.89,52.18,52.36,2629273
CIEN,NYSE,2020/07/14 16:00:00,52.24,53.43,51.93,52.97,2001266
CIEN,NYSE,2020/07/15 16:00:00,54.07,54.44,52.98,53.46,2022064
CIEN,NYSE,2020/07/16 16:00:00,52.99,53.11,52.27,52.85,1318261
CIEN,NYSE,2020/07/17 16:00:00,53.7,54.86,53.33,54.6,1725144
CIEN,NYSE,2020/07/20 16:00:00,54.62,54.8,53.78,54.35,2190101
CIEN,NYSE,2020/07/21 16:00:00,56,56.2,54.48,54.52,1566447
CIEN,NYSE,2020/07/22 16:00:00,54.44,54.95,53.81,54.95,1189407
CIEN,NYSE,2020/07/23 16:00:00,54.97,55.96,54.71,55.17,1060604
CIEN,NYSE,2020/07/24 16:00:00,54.92,56.85,54.78,56.72,2618222
CIEN,NYSE,2020/07/27 16:00:00,57.07,59.27,57.05,58.92,2909167
CIEN,NYSE,2020/07/28 16:00:00,58.77,58.98,57.52,57.59,1445151
CIEN,NYSE,2020/07/29 16:00:00,58.38,59.82,58.2,59.45,1905695
CIEN,NYSE,2020/07/30 16:00:00,58.84,59.4,58.43,59.11,1536123
CIEN,NYSE,2020/07/31 16:00:00,59.32,59.63,58.5,59.51,1320841
CIEN,NYSE,2020/08/03 16:00:00,60,60.44,59.52,59.93,1578124
CIEN,NYSE,2020/08/04 16:00:00,60,60.4,59.35,60.39,935742
CIEN,NYSE,2020/08/05 16:00:00,60.41,60.5,59.6,59.92,1156724
CIEN,NYSE,2020/08/06 16:00:00,60.19,60.98,59.61,60.95,1485062
CIEN,NYSE,2020/08/07 16:00:00,60.88,61.52,60.62,60.99,1271748
CIEN,NYSE,2020/08/10 16:00:00,61.25,61.35,60.29,60.56,1659174
CIEN,NYSE,2020/08/11 16:00:00,60.63,61.37,60.13,60.17,1324961
CIEN,NYSE,2020/08/12 16:00:00,60.02,60.86,59.46,60.55,801068
CIEN,NYSE,2020/08/13 16:00:00,60.28,61.45,60.12,60.68,954773
CIEN,NYSE,2020/08/14 16:00:00,60.44,60.78,59.37,59.74,1276262
CIEN,NYSE,2020/08/17 16:00:00,60,60.18,59.1,59.45,1273562
CIEN,NYSE,2020/08/18 16:00:00,59.4,59.89,58.62,59.08,2123476
CIEN,NYSE,2020/08/19 16:00:00,59.36,60.35,59.26,59.84,1081057
CIEN,NYSE,2020/08/20 16:00:00,59.42,60.18,59.29,59.88,1063539
CIEN,NYSE,2020/08/21 16:00:00,60,60.19,59.52,59.86,866612
CIEN,NYSE,2020/08/24 16:00:00,60.44,60.64,59.46,59.6,1181433
CIEN,NYSE,2020/08/25 16:00:00,59.41,59.46,56.63,57.09,2882226
CIEN,NYSE,2020/08/26 16:00:00,57.76,57.83,56.39,56.93,1753880
CIEN,NYSE,2020/08/27 16:00:00,57.24,57.29,55.18,55.99,2225298
CIEN,NYSE,2020/08/28 16:00:00,56.17,57.11,55.88,56.03,1208823
CIEN,NYSE,2020/08/31 16:00:00,56.56,56.92,56.02,56.77,1527217
CIEN,NYSE,2020/09/01 16:00:00,57.33,58.62,56.95,58.6,2635444
CIEN,NYSE,2020/09/02 16:00:00,59.32,60.31,58.4,60.07,2511596
CIEN,NYSE,2020/09/03 16:00:00,46.6,47,42.25,45.46,22944299
CIEN,NYSE,2020/09/04 16:00:00,45.16,45.78,42.42,44.28,8121547
CIEN,NYSE,2020/09/08 16:00:00,43.58,43.96,41.86,42.08,4833280
CIEN,NYSE,2020/09/09 16:00:00,42.86,42.96,41.28,41.97,5626317
CIEN,NYSE,2020/09/10 16:00:00,42.05,43.25,40.55,40.58,5179053
CIEN,NYSE,2020/09/11 16:00:00,40.91,41.97,40.9,41.55,2571108
CIEN,NYSE,2020/09/14 16:00:00,42.13,42.79,41.6,42.57,3045577
CIEN,NYSE,2020/09/15 16:00:00,43,43.28,41.38,41.62,1841228
CIEN,NYSE,2020/09/16 16:00:00,41.86,42.35,41.38,41.43,2002327
CIEN,NYSE,2020/09/17 16:00:00,40.75,41.35,40.52,41.13,1538263
CIEN,NYSE,2020/09/18 16:00:00,41.33,41.69,40.41,41.03,2883749
CIEN,NYSE,2020/09/21 16:00:00,40.4,40.78,40.02,40.59,1747344
CIEN,NYSE,2020/09/22 16:00:00,41,41.2,40.43,41.11,1445715
CIEN,NYSE,2020/09/23 16:00:00,40.79,40.97,38.94,39.29,2988929
CIEN,NYSE,2020/09/24 16:00:00,39.12,39.38,38.2,38.82,2996163
CIEN,NYSE,2020/09/25 16:00:00,39.11,39.41,38.54,39.32,2507744
CIEN,NYSE,2020/09/28 16:00:00,39.91,40.15,39.5,39.78,1439958
CIEN,NYSE,2020/09/29 16:00:00,39.78,40.47,39.64,39.99,1476677
CIEN,NYSE,2020/09/30 16:00:00,39.85,40.42,39.37,39.69,1410629
CIEN,NYSE,2020/10/01 16:00:00,39.85,40.16,39.07,39.74,1492911
CIEN,NYSE,2020/10/02 16:00:00,39.03,40.38,39.01,40.12,1646386
CIEN,NYSE,2020/10/05 16:00:00,40.56,41.41,40.45,41.36,1891553
CIEN,NYSE,2020/10/06 16:00:00,41.3,41.94,40.92,41.14,2946490
CIEN,NYSE,2020/10/07 16:00:00,41.5,41.95,41.12,41.88,2007466
CIEN,NYSE,2020/10/08 16:00:00,42.27,42.86,41.83,42.38,2228924
CIEN,NYSE,2020/10/09 16:00:00,42.85,43.25,42.25,43.03,2285348
CIEN,NYSE,2020/10/12 16:00:00,43.22,43.4,42.16,42.73,2451794
CIEN,NYSE,2020/10/13 16:00:00,42.65,42.72,41.67,41.68,1672831
CIEN,NYSE,2020/10/14 16:00:00,41.92,42.57,41.67,42.07,1801845
CIEN,NYSE,2020/10/15 16:00:00,41.52,42.26,41.35,42.11,1768289
CIEN,NYSE,2020/10/16 16:00:00,42.36,42.39,41.77,41.81,1182031
CIEN,NYSE,2020/10/19 16:00:00,42,42.05,41.19,41.27,1278042
CIEN,NYSE,2020/10/20 16:00:00,41.58,41.62,40.74,40.75,1362391
CIEN,NYSE,2020/10/21 16:00:00,41.83,41.88,40.96,41.01,1981454
CIEN,NYSE,2020/10/22 16:00:00,41.11,41.72,40.97,41.49,1368866
CIEN,NYSE,2020/10/23 16:00:00,41.49,41.7,40.77,41.24,1363508
CIEN,NYSE,2020/10/26 16:00:00,41.07,41.39,40.05,40.57,1396456
CIEN,NYSE,2020/10/27 16:00:00,40.67,40.67,39.52,39.54,1720822
CIEN,NYSE,2020/10/28 16:00:00,38.93,39.2,38.36,38.44,1666503
CIEN,NYSE,2020/10/29 16:00:00,38.3,38.86,38.03,38.81,1778958
CIEN,NYSE,2020/10/30 16:00:00,38.61,39.65,38.61,39.39,2348455
CIEN,NYSE,2020/11/02 16:00:00,39.84,40.14,38.47,39.15,1626005
CIEN,NYSE,2020/11/03 16:00:00,39.62,40.33,39.37,39.65,1204072
CIEN,NYSE,2020/11/04 16:00:00,40,40.59,39.5,39.71,1269568
CIEN,NYSE,2020/11/05 16:00:00,40.47,41.48,40.14,41.3,1591855
CIEN,NYSE,2020/11/06 16:00:00,41.69,42.38,41.14,42.3,1607376
CIEN,NYSE,2020/11/09 16:00:00,43.24,44.7,42.81,42.87,2593623
CIEN,NYSE,2020/11/10 16:00:00,42.74,43.58,42.42,43.12,2157515
CIEN,NYSE,2020/11/11 16:00:00,43.58,43.59,42.14,42.9,1122777
CIEN,NYSE,2020/11/12 16:00:00,42.85,43.4,42.13,42.48,1349877
CIEN,NYSE,2020/11/13 16:00:00,43.29,43.75,42.88,43.55,1088706
CIEN,NYSE,2020/11/16 16:00:00,43.76,44.53,43.76,44.13,1492207
CIEN,NYSE,2020/11/17 16:00:00,43.82,44.41,43.4,44.04,929415
CIEN,NYSE,2020/11/18 16:00:00,42.59,42.89,41.78,42.36,4028111
CIEN,NYSE,2020/11/19 16:00:00,42.17,42.53,41.63,42.53,2105099
CIEN,NYSE,2020/11/20 16:00:00,42.69,42.87,42.08,42.1,1956198
CIEN,NYSE,2020/11/23 16:00:00,42.51,43.38,42.17,43.36,1634092
CIEN,NYSE,2020/11/24 16:00:00,43.57,44.11,43.21,43.99,1651060
CIEN,NYSE,2020/11/25 16:00:00,44.18,44.6,43.7,44.29,1387298
CIEN,NYSE,2020/11/27 13:00:00,44.53,44.69,43.98,44.47,664565
CIEN,NYSE,2020/11/30 16:00:00,44.51,44.9,44.03,44.8,1552946
CIEN,NYSE,2020/12/01 16:00:00,45.08,45.6,44.45,45.44,2031621
CIEN,NYSE,2020/12/02 16:00:00,45.19,45.69,45,45.67,1362083
CIEN,NYSE,2020/12/03 16:00:00,45.61,46.63,45.12,46.5,1711515
CIEN,NYSE,2020/12/04 16:00:00,46.52,47.12,46.45,46.98,1729597
CIEN,NYSE,2020/12/07 16:00:00,47,48.56,46.93,48.47,1909554
CIEN,NYSE,2020/12/08 16:00:00,47.99,48.53,47.69,48.29,1883634
CIEN,NYSE,2020/12/09 16:00:00,48.44,48.61,46.56,47.18,3508275
CIEN,NYSE,2020/12/10 16:00:00,46.04,46.69,43.63,46.1,5758526
CIEN,NYSE,2020/12/11 16:00:00,45.67,48.17,45.63,47.81,2940397
CIEN,NYSE,2020/12/14 16:00:00,48.1,48.3,47.46,47.83,2147559
CIEN,NYSE,2020/12/15 16:00:00,48.4,49.25,48.02,48.55,2352165
CIEN,NYSE,2020/12/16 16:00:00,48.41,49.14,48.02,48.44,2291900
CIEN,NYSE,2020/12/17 16:00:00,48.36,49.18,48.21,49.07,1720503
CIEN,NYSE,2020/12/18 16:00:00,49.15,51.43,49.07,51.36,5209799
CIEN,NYSE,2020/12/21 16:00:00,50.29,51.57,50.29,51.39,2014356
CIEN,NYSE,2020/12/22 16:00:00,51.11,52.43,51.11,52.19,1422040
CIEN,NYSE,2020/12/23 16:00:00,51.93,52.83,51.85,52.5,1110301
CIEN,NYSE,2020/12/24 13:00:00,52.76,53.3,52.52,53.25,753299
CIEN,NYSE,2020/12/28 16:00:00,53.76,54.05,53.29,53.47,1706245
CIEN,NYSE,2020/12/29 16:00:00,53.51,53.59,52.02,52.31,1851594
CIEN,NYSE,2020/12/30 16:00:00,52.55,52.92,52.06,52.49,1002820
CIEN,NYSE,2020/12/31 16:00:00,52.49,52.98,52.15,52.85,1218881
CIEN,NYSE,2021/01/04 16:00:00,52.94,53.05,51.12,51.18,2437055
CIEN,NYSE,2021/01/05 16:00:00,51.08,51.72,50.84,51.21,1628482
CIEN,NYSE,2021/01/06 16:00:00,51.13,52.09,51.06,51.45,2259785
CIEN,NYSE,2021/01/07 16:00:00,51.79,52.45,51.6,52.39,1264845
CIEN,NYSE,2021/01/08 16:00:00,52.84,53.44,52.54,52.93,1145789
CIEN,NYSE,2021/01/11 16:00:00,52.24,53.79,52.09,52.79,1526923
CIEN,NYSE,2021/01/12 16:00:00,52.72,54.28,52.7,54.2,1087593
CIEN,NYSE,2021/01/13 16:00:00,54.86,55.32,53.13,53.2,1353078
CIEN,NYSE,2021/01/14 16:00:00,53.6,54.77,53.4,54.46,1190022
CIEN,NYSE,2021/01/15 16:00:00,54.37,54.62,53.31,53.31,1079611
CIEN,NYSE,2021/01/19 16:00:00,53.45,53.71,52.52,52.62,1203177
CIEN,NYSE,2021/01/20 16:00:00,53.03,53.21,52.13,52.84,1072561
CIEN,NYSE,2021/01/21 16:00:00,54.95,54.98,53.78,54.6,1764944
CIEN,NYSE,2021/01/22 16:00:00,54.16,55.39,54.15,55.03,1217188
CIEN,NYSE,2021/01/25 16:00:00,55.22,56.32,54.59,55,1138072
CIEN,NYSE,2021/01/26 16:00:00,54.98,55.45,54.38,55.12,1095240
CIEN,NYSE,2021/01/27 16:00:00,54.64,56.99,53.86,56.51,2040659
CIEN,NYSE,2021/01/28 16:00:00,56.02,56.1,53.35,54.07,2728645
CIEN,NYSE,2021/01/29 16:00:00,53.63,54.89,52.98,53.39,2591251
CIEN,NYSE,2021/02/01 16:00:00,53.79,55.15,52.92,54.86,1538959
CIEN,NYSE,2021/02/02 16:00:00,54.99,55.06,53.19,53.74,2331786
CIEN,NYSE,2021/02/03 16:00:00,53.79,54.23,53.01,54.03,1464603
CIEN,NYSE,2021/02/04 16:00:00,54.25,55.32,54.11,54.9,666104
CIEN,NYSE,2021/02/05 16:00:00,55.28,55.5,54.84,55.33,774969
CIEN,NYSE,2021/02/08 16:00:00,55.64,56.56,55.41,56.26,699579
CIEN,NYSE,2021/02/09 16:00:00,56.23,56.3,55.39,55.8,711846
CIEN,NYSE,2021/02/10 16:00:00,55.87,56.19,55,55.49,807725
CIEN,NYSE,2021/02/11 16:00:00,55.95,56.11,55.43,55.65,837480
CIEN,NYSE,2021/02/12 16:00:00,55.62,56.59,55.35,56.22,697295
CIEN,NYSE,2021/02/16 16:00:00,56.1,56.5,55.52,55.62,750190
CIEN,NYSE,2021/02/17 16:00:00,55.58,55.83,54.44,55.21,1477492
CIEN,NYSE,2021/02/18 16:00:00,54.96,55.24,54.06,54.48,971443
CIEN,NYSE,2021/02/19 16:00:00,54.9,55.35,54.37,54.4,1221566
CIEN,NYSE,2021/02/22 16:00:00,54.09,54.98,53.84,54.49,1300347
CIEN,NYSE,2021/02/23 16:00:00,54.2,54.46,52.2,54.22,1460892
CIEN,NYSE,2021/02/24 16:00:00,53.97,54.25,52.87,52.89,2264936
CIEN,NYSE,2021/02/25 16:00:00,52.91,53.21,51.2,51.85,1424847
CIEN,NYSE,2021/02/26 16:00:00,52.47,52.78,51.3,52.17,1243640
CIEN,NYSE,2021/03/01 16:00:00,52.68,53.38,52.29,53.02,1332433
CIEN,NYSE,2021/03/02 16:00:00,53.08,53.5,51.32,51.54,1972455
CIEN,NYSE,2021/03/03 16:00:00,51.66,51.71,50.55,50.56,2276125
CIEN,NYSE,2021/03/04 16:00:00,52.14,53.48,48.74,48.87,4298986
CIEN,NYSE,2021/03/05 16:00:00,49.21,50.2,47.52,49.55,2513438
CIEN,NYSE,2021/03/08 16:00:00,49.37,50.3,49.03,49.2,1563699
CIEN,NYSE,2021/03/09 16:00:00,49.99,51.05,49.79,50.48,1295580
CIEN,NYSE,2021/03/10 16:00:00,51.11,51.36,50.29,50.85,934296
CIEN,NYSE,2021/03/11 16:00:00,53.2,54.48,52.41,53.26,2134405
CIEN,NYSE,2021/03/12 16:00:00,52.73,54.44,52.73,54.34,1377451
CIEN,NYSE,2021/03/15 16:00:00,54.56,56.4,54.56,56.37,1363573
CIEN,NYSE,2021/03/16 16:00:00,56.36,57.57,56.28,57.24,1166095
CIEN,NYSE,2021/03/17 16:00:00,56.74,57.35,56.28,56.92,1428100
CIEN,NYSE,2021/03/18 16:00:00,55.95,56.91,55.12,55.25,934027
CIEN,NYSE,2021/03/19 16:00:00,55.46,55.95,54.73,55.42,1817204
CIEN,NYSE,2021/03/22 16:00:00,55.43,56.23,55.25,55.71,842178
CIEN,NYSE,2021/03/23 16:00:00,55.7,55.79,53.47,53.94,1289076
CIEN,NYSE,2021/03/24 16:00:00,53.94,54.12,52.49,52.51,960631
CIEN,NYSE,2021/03/25 16:00:00,52.38,54,51.99,53.81,1161027
CIEN,NYSE,2021/03/26 16:00:00,54.11,55.64,53.82,55.61,1426391
CIEN,NYSE,2021/03/29 16:00:00,55.47,56.44,54.57,54.91,1012973
CIEN,NYSE,2021/03/30 16:00:00,54.32,54.96,53.77,54.71,799248
CIEN,NYSE,2021/03/31 16:00:00,54.85,55.18,54.24,54.72,1314002
CIEN,NYSE,2021/04/01 16:00:00,54.98,56.63,54.8,56.6,1004456
CIEN,NYSE,2021/04/05 16:00:00,56.95,57.46,56.61,56.79,842820
CIEN,NYSE,2021/04/06 16:00:00,56.49,56.5,55.54,55.9,1085803
CIEN,NYSE,2021/04/07 16:00:00,55.97,56.15,55.46,56,729791
CIEN,NYSE,2021/04/08 16:00:00,56.59,56.82,55.65,56.63,1154079
CIEN,NYSE,2021/04/09 16:00:00,56.59,56.8,56.14,56.46,933906
BERY,NYSE,2019/04/01 16:00:00,54.28,54.78,54.04,54.41,2374280
BERY,NYSE,2019/04/02 16:00:00,54.41,54.53,53.87,53.98,1004208
BERY,NYSE,2019/04/03 16:00:00,54.3,54.89,54.22,54.87,1308945
BERY,NYSE,2019/04/04 16:00:00,54.97,55.31,54.57,55.31,807125
BERY,NYSE,2019/04/05 16:00:00,55.26,55.7,55.11,55.64,781746
BERY,NYSE,2019/04/08 16:00:00,55.58,56.36,55.16,56.05,1011675
BERY,NYSE,2019/04/09 16:00:00,55.82,55.84,55.43,55.57,1334104
BERY,NYSE,2019/04/10 16:00:00,55.76,56.62,55.54,56.59,865753
BERY,NYSE,2019/04/11 16:00:00,56.6,57.7,56.53,57.62,1537452
BERY,NYSE,2019/04/12 16:00:00,57.76,58.53,57.65,58.49,1699650
BERY,NYSE,2019/04/15 16:00:00,58.43,58.97,58.13,58.83,2108472
BERY,NYSE,2019/04/16 16:00:00,58.71,59.09,58.29,58.31,1839142
BERY,NYSE,2019/04/17 16:00:00,58.5,58.5,57.28,57.29,1158358
BERY,NYSE,2019/04/18 16:00:00,57.39,57.79,57.07,57.53,1059522
BERY,NYSE,2019/04/22 16:00:00,57.5,57.74,57.19,57.36,553994
BERY,NYSE,2019/04/23 16:00:00,57.27,58.27,57.15,57.89,953765
BERY,NYSE,2019/04/24 16:00:00,58.15,58.37,57.78,57.95,1053090
BERY,NYSE,2019/04/25 16:00:00,57.78,58.29,57.57,57.68,1508663
BERY,NYSE,2019/04/26 16:00:00,57.64,58.41,57.5,58.24,673903
BERY,NYSE,2019/04/29 16:00:00,58.37,58.63,58.22,58.53,824032
BERY,NYSE,2019/04/30 16:00:00,58.42,58.88,57.97,58.8,923389
BERY,NYSE,2019/05/01 16:00:00,58.95,59.16,58.58,58.75,1491068
BERY,NYSE,2019/05/02 16:00:00,54.45,54.45,50,53.57,9243967
BERY,NYSE,2019/05/03 16:00:00,53.69,54.74,53.43,53.97,2629811
BERY,NYSE,2019/05/06 16:00:00,53.16,53.78,53.09,53.4,1198455
BERY,NYSE,2019/05/07 16:00:00,52.83,52.98,52.38,52.59,1103963
BERY,NYSE,2019/05/08 16:00:00,52.39,52.8,51.4,51.47,1496404
BERY,NYSE,2019/05/09 16:00:00,51.15,51.3,50.21,51.07,2266849
BERY,NYSE,2019/05/10 16:00:00,50.94,51.25,50.49,50.9,1573553
BERY,NYSE,2019/05/13 16:00:00,50.18,50.18,49.11,49.64,1336482
BERY,NYSE,2019/05/14 16:00:00,49.7,49.9,49.04,49.31,2873798
BERY,NYSE,2019/05/15 16:00:00,49.33,49.51,48.38,48.56,2323176
BERY,NYSE,2019/05/16 16:00:00,48.72,49.04,48.38,48.8,2871762
BERY,NYSE,2019/05/17 16:00:00,48.73,48.84,48.28,48.62,1357523
BERY,NYSE,2019/05/20 16:00:00,48.39,48.51,48.13,48.14,1286499
BERY,NYSE,2019/05/21 16:00:00,48.22,48.89,48.22,48.45,1592969
BERY,NYSE,2019/05/22 16:00:00,48.3,48.63,47.54,47.66,1086226
BERY,NYSE,2019/05/23 16:00:00,47.55,48.31,47.37,47.75,1828632
BERY,NYSE,2019/05/24 16:00:00,47.99,48.35,47.75,47.87,1129521
BERY,NYSE,2019/05/28 16:00:00,47.8,48.1,47.39,47.69,1060935
BERY,NYSE,2019/05/29 16:00:00,47.43,47.78,46.93,47.26,985601
BERY,NYSE,2019/05/30 16:00:00,47.32,47.68,46.84,47.22,1036049
BERY,NYSE,2019/05/31 16:00:00,46.64,47.49,46.47,47.02,1135676
BERY,NYSE,2019/06/03 16:00:00,46.98,48.14,46.98,47.58,984880
BERY,NYSE,2019/06/04 16:00:00,47.78,48.95,47.44,48.92,1338810
BERY,NYSE,2019/06/05 16:00:00,48.97,49.33,48.64,49.08,1662493
BERY,NYSE,2019/06/06 16:00:00,49.17,50.32,49.08,50.16,1439676
BERY,NYSE,2019/06/07 16:00:00,50.41,50.74,49.86,50.32,657320
BERY,NYSE,2019/06/10 16:00:00,50.4,50.98,50.32,50.51,547808
BERY,NYSE,2019/06/11 16:00:00,50.84,50.99,49.86,50.16,850474
BERY,NYSE,2019/06/12 16:00:00,50.25,50.5,49.71,49.89,784326
BERY,NYSE,2019/06/13 16:00:00,50.08,50.31,49.76,50.16,491966
BERY,NYSE,2019/06/14 16:00:00,50.15,50.8,49.92,50.75,867300
BERY,NYSE,2019/06/17 16:00:00,50.77,51.11,50.4,50.77,1535912
BERY,NYSE,2019/06/18 16:00:00,51.1,52.46,50.97,51.44,1364904
BERY,NYSE,2019/06/19 16:00:00,51.6,51.91,51.06,51.34,1339180
BERY,NYSE,2019/06/20 16:00:00,51.85,52.21,50.39,50.93,1207586
BERY,NYSE,2019/06/21 16:00:00,50.92,51.24,49.92,50.18,958073
BERY,NYSE,2019/06/24 16:00:00,50.55,51.58,50.45,50.57,1294210
BERY,NYSE,2019/06/25 16:00:00,50.67,51.41,50.5,51.36,791688
BERY,NYSE,2019/06/26 16:00:00,51.15,51.4,50.25,50.64,1322931
BERY,NYSE,2019/06/27 16:00:00,50.78,51.68,50.78,51.47,1521191
BERY,NYSE,2019/06/28 16:00:00,51.51,52.72,51.48,52.59,1291065
BERY,NYSE,2019/07/01 16:00:00,53.31,53.81,52.61,53.81,1508638
BERY,NYSE,2019/07/02 16:00:00,53.96,54.37,53.49,53.87,1070587
BERY,NYSE,2019/07/03 13:00:00,53.96,54.79,53.96,54.21,792265
BERY,NYSE,2019/07/05 16:00:00,53.9,54.49,53.7,54.36,1119113
BERY,NYSE,2019/07/08 16:00:00,54.27,54.53,53.9,54.31,1132284
BERY,NYSE,2019/07/09 16:00:00,54.2,54.25,53.49,53.75,1170932
BERY,NYSE,2019/07/10 16:00:00,54.11,54.29,53.65,53.8,1016331
BERY,NYSE,2019/07/11 16:00:00,53.84,54.19,53.43,54.16,770201
BERY,NYSE,2019/07/12 16:00:00,53,53.27,52.41,53.06,2060129
BERY,NYSE,2019/07/15 16:00:00,52.86,52.86,51.79,52.45,1330085
BERY,NYSE,2019/07/16 16:00:00,53.46,54.33,53.18,53.84,2302347
BERY,NYSE,2019/07/17 16:00:00,53.83,53.93,53.22,53.67,1157249
BERY,NYSE,2019/07/18 16:00:00,53.55,54.53,53.15,54.49,895531
BERY,NYSE,2019/07/19 16:00:00,54.69,54.69,53.64,53.65,672554
BERY,NYSE,2019/07/22 16:00:00,53.7,53.76,53.12,53.26,995279
BERY,NYSE,2019/07/23 16:00:00,53.61,54.48,53.56,54.08,843562
BERY,NYSE,2019/07/24 16:00:00,54.12,54.85,53.67,54.15,1483273
BERY,NYSE,2019/07/25 16:00:00,54.08,54.52,53.71,53.85,1102630
BERY,NYSE,2019/07/26 16:00:00,53.9,54.49,53.6,54.48,1502891
BERY,NYSE,2019/07/29 16:00:00,54.27,55.26,54.19,55.19,2452905
BERY,NYSE,2019/07/30 16:00:00,51,51,44.87,46.94,8653989
BERY,NYSE,2019/07/31 16:00:00,46.68,46.74,44.48,45.05,4288658
BERY,NYSE,2019/08/01 16:00:00,44.89,45.49,43.65,43.69,2914877
BERY,NYSE,2019/08/02 16:00:00,43.79,44.13,43.36,43.65,2216169
BERY,NYSE,2019/08/05 16:00:00,43.1,43.16,42.4,42.63,1900148
BERY,NYSE,2019/08/06 16:00:00,42.86,42.86,41.95,42.37,1788919
BERY,NYSE,2019/08/07 16:00:00,42.12,42.4,41.39,42.28,1445204
BERY,NYSE,2019/08/08 16:00:00,42.36,42.91,42.33,42.48,1332643
BERY,NYSE,2019/08/09 16:00:00,42.39,42.39,41.79,42.21,1344771
BERY,NYSE,2019/08/12 16:00:00,41.97,42.1,40.91,41.15,1107309
BERY,NYSE,2019/08/13 16:00:00,41.12,41.64,40.71,41.08,1425387
BERY,NYSE,2019/08/14 16:00:00,40.8,40.96,39.07,39.2,2649717
BERY,NYSE,2019/08/15 16:00:00,39.23,39.56,38.6,38.97,1760369
BERY,NYSE,2019/08/16 16:00:00,39.19,39.68,39.19,39.62,924852
BERY,NYSE,2019/08/19 16:00:00,40.1,40.35,39.88,39.92,1092956
BERY,NYSE,2019/08/20 16:00:00,39.71,39.91,39.34,39.41,1281419
BERY,NYSE,2019/08/21 16:00:00,39.61,40.03,39.31,39.91,1324327
BERY,NYSE,2019/08/22 16:00:00,40.41,41.22,40.24,41.01,1819042
BERY,NYSE,2019/08/23 16:00:00,40.89,41.13,39.86,40.01,829131
BERY,NYSE,2019/08/26 16:00:00,40.26,40.31,39.76,39.92,541182
BERY,NYSE,2019/08/27 16:00:00,40.08,40.13,38.62,38.62,811995
BERY,NYSE,2019/08/28 16:00:00,38.29,39.1,38.01,38.91,844217
BERY,NYSE,2019/08/29 16:00:00,39.27,39.37,38.92,39.11,819160
BERY,NYSE,2019/08/30 16:00:00,39.38,39.49,38.99,39.14,582454
BERY,NYSE,2019/09/03 16:00:00,38.89,38.9,38.19,38.24,822176
BERY,NYSE,2019/09/04 16:00:00,38.49,38.76,38.32,38.35,784781
BERY,NYSE,2019/09/05 16:00:00,38.77,39.29,38.41,38.81,628529
BERY,NYSE,2019/09/06 16:00:00,38.8,39.05,38.63,38.77,706190
BERY,NYSE,2019/09/09 16:00:00,39.04,39.04,37.99,38.21,1049677
BERY,NYSE,2019/09/10 16:00:00,38.02,39.67,37.94,39.67,1180838
BERY,NYSE,2019/09/11 16:00:00,39.74,39.85,38.69,39.39,1102718
BERY,NYSE,2019/09/12 16:00:00,39.26,39.8,38.95,38.99,727721
BERY,NYSE,2019/09/13 16:00:00,39.33,40.65,39.03,40.59,1054959
BERY,NYSE,2019/09/16 16:00:00,40.26,40.47,39.45,39.66,836625
BERY,NYSE,2019/09/17 16:00:00,39.51,39.9,39.1,39.51,1206086
BERY,NYSE,2019/09/18 16:00:00,39.49,39.91,39.03,39.22,593858
BERY,NYSE,2019/09/19 16:00:00,39.03,39.39,38.55,38.64,1247176
BERY,NYSE,2019/09/20 16:00:00,38.65,39.23,38.56,38.94,1238892
BERY,NYSE,2019/09/23 16:00:00,38.6,39.58,38.6,39.46,834001
BERY,NYSE,2019/09/24 16:00:00,39.63,39.84,39.08,39.18,1173934
BERY,NYSE,2019/09/25 16:00:00,40.15,40.7,39.74,39.77,1399240
BERY,NYSE,2019/09/26 16:00:00,39.65,39.74,39.12,39.33,797227
BERY,NYSE,2019/09/27 16:00:00,39.46,39.76,38.86,39.32,977940
BERY,NYSE,2019/09/30 16:00:00,39.39,39.49,39.05,39.27,584802
BERY,NYSE,2019/10/01 16:00:00,39.51,39.79,38.02,38.15,1054585
BERY,NYSE,2019/10/02 16:00:00,37.91,37.91,36.98,37.37,1369909
BERY,NYSE,2019/10/03 16:00:00,37.14,37.88,37.03,37.65,1453025
BERY,NYSE,2019/10/04 16:00:00,37.77,38.3,37.62,38.12,933686
BERY,NYSE,2019/10/07 16:00:00,37.91,38.54,37.82,38.36,562899
BERY,NYSE,2019/10/08 16:00:00,37.83,38.24,37.51,37.52,1214795
BERY,NYSE,2019/10/09 16:00:00,37.84,38.19,37.71,38.01,1130552
BERY,NYSE,2019/10/10 16:00:00,37.98,38.45,37.98,38.24,759172
BERY,NYSE,2019/10/11 16:00:00,38.69,39.45,38.69,39.03,883452
BERY,NYSE,2019/10/14 16:00:00,38.93,38.93,38.36,38.5,507267
BERY,NYSE,2019/10/15 16:00:00,38.47,38.69,38.18,38.39,937887
BERY,NYSE,2019/10/16 16:00:00,38.46,38.82,38.21,38.49,765560
BERY,NYSE,2019/10/17 16:00:00,38.49,39.13,38.34,38.79,623647
BERY,NYSE,2019/10/18 16:00:00,38.68,39.42,38.66,39.3,409094
BERY,NYSE,2019/10/21 16:00:00,39.66,39.96,39.56,39.57,553530
BERY,NYSE,2019/10/22 16:00:00,39.65,40.51,39.38,40.2,1214804
BERY,NYSE,2019/10/23 16:00:00,40.15,41.48,40.01,41.38,1707260
BERY,NYSE,2019/10/24 16:00:00,41.47,42.2,41.29,41.65,1463653
BERY,NYSE,2019/10/25 16:00:00,41.6,42.52,41.6,42.43,1062148
BERY,NYSE,2019/10/28 16:00:00,42.59,42.8,42.24,42.7,877730
BERY,NYSE,2019/10/29 16:00:00,43.2,43.2,42.46,42.68,1031166
BERY,NYSE,2019/10/30 16:00:00,42.55,42.66,41.79,42.37,735750
BERY,NYSE,2019/10/31 16:00:00,42.26,42.26,41.18,41.51,1477508
BERY,NYSE,2019/11/01 16:00:00,41.56,42.46,41.47,42.46,1034111
BERY,NYSE,2019/11/04 16:00:00,42.71,42.85,41.34,41.47,1127502
BERY,NYSE,2019/11/05 16:00:00,41.66,42.09,41.39,41.62,1838104
BERY,NYSE,2019/11/06 16:00:00,41.6,42.02,40.84,41.75,1533475
BERY,NYSE,2019/11/07 16:00:00,42.06,42.52,41.49,41.55,1321788
BERY,NYSE,2019/11/08 16:00:00,41.69,42.16,41.5,41.92,1128674
BERY,NYSE,2019/11/11 16:00:00,41.65,42.43,41.65,42.08,630311
BERY,NYSE,2019/11/12 16:00:00,42.01,42.01,41.51,41.84,873373
BERY,NYSE,2019/11/13 16:00:00,41.75,42.12,41.37,41.76,862893
BERY,NYSE,2019/11/14 16:00:00,41.62,41.85,41.43,41.77,657646
BERY,NYSE,2019/11/15 16:00:00,41.99,41.99,41.18,41.38,560853
BERY,NYSE,2019/11/18 16:00:00,41.24,41.41,40.95,41.31,685232
BERY,NYSE,2019/11/19 16:00:00,41.29,42.18,41.27,42.02,1168483
BERY,NYSE,2019/11/20 16:00:00,41.96,42.32,41.59,41.89,1711131
BERY,NYSE,2019/11/21 16:00:00,45.81,47.72,45.3,46.46,4547357
BERY,NYSE,2019/11/22 16:00:00,46.56,46.67,44.93,45.02,2527129
BERY,NYSE,2019/11/25 16:00:00,45.02,45.78,44.66,45.6,2142804
BERY,NYSE,2019/11/26 16:00:00,45.61,46.51,45.53,46.37,1629766
BERY,NYSE,2019/11/27 16:00:00,46.41,46.8,46.31,46.48,979704
BERY,NYSE,2019/11/29 13:00:00,46.5,46.89,46.2,46.69,601013
BERY,NYSE,2019/12/02 16:00:00,46.88,46.88,46.48,46.67,2114984
BERY,NYSE,2019/12/03 16:00:00,46,46.6,45.47,46.56,1140796
BERY,NYSE,2019/12/04 16:00:00,46.51,47.73,46.46,47.07,2571240
BERY,NYSE,2019/12/05 16:00:00,47.03,47.46,46.66,47.2,1132899
BERY,NYSE,2019/12/06 16:00:00,47.5,47.95,47.24,47.41,1429245
BERY,NYSE,2019/12/09 16:00:00,47.4,47.8,47.05,47.2,1292109
BERY,NYSE,2019/12/10 16:00:00,46.98,47.04,46.45,46.53,1461274
BERY,NYSE,2019/12/11 16:00:00,46.72,47.14,46.48,47.05,775522
BERY,NYSE,2019/12/12 16:00:00,47.16,47.83,46.82,47.38,798807
BERY,NYSE,2019/12/13 16:00:00,47.46,47.55,46.5,46.7,823119
BERY,NYSE,2019/12/16 16:00:00,47.01,47.66,46.62,47.09,1016917
BERY,NYSE,2019/12/17 16:00:00,46.94,47.2,46.63,46.84,956109
BERY,NYSE,2019/12/18 16:00:00,46.81,47.16,46.15,47.02,1593702
BERY,NYSE,2019/12/19 16:00:00,47.16,47.37,46.62,47.01,1082148
BERY,NYSE,2019/12/20 16:00:00,47.37,47.95,47.07,47.59,3320725
BERY,NYSE,2019/12/23 16:00:00,47.53,47.53,47.06,47.39,1725295
BERY,NYSE,2019/12/24 13:00:00,47.43,47.69,47.29,47.45,822049
BERY,NYSE,2019/12/26 16:00:00,47.36,47.67,47.15,47.36,715518
BERY,NYSE,2019/12/27 16:00:00,47.49,47.65,47.08,47.09,1746286
BERY,NYSE,2019/12/30 16:00:00,46.97,47.55,46.91,47.38,814060
BERY,NYSE,2019/12/31 16:00:00,47.34,47.73,47.21,47.49,693653
BERY,NYSE,2020/01/02 16:00:00,47.69,47.86,47.07,47.52,927749
BERY,NYSE,2020/01/03 16:00:00,46.84,47.1,46.33,46.53,2005503
BERY,NYSE,2020/01/06 16:00:00,46.24,46.55,45.83,45.83,1256536
BERY,NYSE,2020/01/07 16:00:00,45.85,45.98,44.96,45.02,1216089
BERY,NYSE,2020/01/08 16:00:00,45.02,45.56,44.44,44.77,1535864
BERY,NYSE,2020/01/09 16:00:00,44.98,45.35,44.06,44.64,1407595
BERY,NYSE,2020/01/10 16:00:00,44.71,45.04,44.32,44.76,920764
BERY,NYSE,2020/01/13 16:00:00,44.87,45.7,44.58,45.52,1343475
BERY,NYSE,2020/01/14 16:00:00,45.48,46.23,45.43,46.09,1145743
BERY,NYSE,2020/01/15 16:00:00,46.06,47.44,45.89,47.33,1233128
BERY,NYSE,2020/01/16 16:00:00,47.5,47.74,47.07,47.66,1440724
BERY,NYSE,2020/01/17 16:00:00,47.88,48.77,47.77,48.75,1670040
BERY,NYSE,2020/01/21 16:00:00,48.44,48.44,47.91,48.19,2456886
BERY,NYSE,2020/01/22 16:00:00,48.16,48.51,47.98,48.28,1414327
BERY,NYSE,2020/01/23 16:00:00,48.12,48.14,46.55,47.26,1690721
BERY,NYSE,2020/01/24 16:00:00,47.27,47.43,45.66,46.04,1074633
BERY,NYSE,2020/01/27 16:00:00,45.31,46.45,45.04,46.1,1159901
BERY,NYSE,2020/01/28 16:00:00,46.25,46.45,45.66,45.87,949899
BERY,NYSE,2020/01/29 16:00:00,46.05,46.22,45.66,46.01,810632
BERY,NYSE,2020/01/30 16:00:00,45.91,46.26,45.12,46.13,1899600
BERY,NYSE,2020/01/31 16:00:00,45.59,45.59,42.28,42.52,4452855
BERY,NYSE,2020/02/03 16:00:00,42.53,43.21,42.04,42.96,2678139
BERY,NYSE,2020/02/04 16:00:00,43.4,43.53,42.51,42.6,2148010
BERY,NYSE,2020/02/05 16:00:00,43.03,44.47,42.81,44.29,1554504
BERY,NYSE,2020/02/06 16:00:00,44.53,44.64,43.19,43.2,1321377
BERY,NYSE,2020/02/07 16:00:00,42.76,43.15,41.87,41.95,1236636
BERY,NYSE,2020/02/10 16:00:00,41.9,42,41.46,41.66,1420635
BERY,NYSE,2020/02/11 16:00:00,41.87,42.95,41.64,42.75,1215192
BERY,NYSE,2020/02/12 16:00:00,43.05,43.27,42.45,42.69,1373857
BERY,NYSE,2020/02/13 16:00:00,42.83,42.83,41.78,42.28,1196843
BERY,NYSE,2020/02/14 16:00:00,42.28,42.75,41.87,41.94,923474
BERY,NYSE,2020/02/18 16:00:00,41.72,42.46,41.52,42.28,1356218
BERY,NYSE,2020/02/19 16:00:00,42.36,42.93,42.16,42.84,1566778
BERY,NYSE,2020/02/20 16:00:00,42.53,43.05,42.45,42.93,1730433
BERY,NYSE,2020/02/21 16:00:00,42.83,44.29,42.61,44.24,1674975
BERY,NYSE,2020/02/24 16:00:00,43.09,44.35,42.61,44.09,1770401
BERY,NYSE,2020/02/25 16:00:00,44.03,44.07,41.38,41.43,1607370
BERY,NYSE,2020/02/26 16:00:00,41.62,42.2,38.89,38.89,2228130
BERY,NYSE,2020/02/27 16:00:00,38.25,39.07,36.9,37.58,2032552
BERY,NYSE,2020/02/28 16:00:00,36.75,38.78,36.4,37.96,2036515
BERY,NYSE,2020/03/02 16:00:00,38.07,38.35,36.89,38.34,2426471
BERY,NYSE,2020/03/03 16:00:00,38.54,39.17,36.39,36.52,1834982
BERY,NYSE,2020/03/04 16:00:00,37.2,37.52,36.3,36.99,2087339
BERY,NYSE,2020/03/05 16:00:00,36.17,36.4,34.78,35.26,2429767
BERY,NYSE,2020/03/06 16:00:00,34.42,35.13,33.95,34.95,3029736
BERY,NYSE,2020/03/09 16:00:00,32.65,33.07,31.61,31.83,3358553
BERY,NYSE,2020/03/10 16:00:00,32.59,33.12,30.69,33.05,3216687
BERY,NYSE,2020/03/11 16:00:00,32.2,33.03,29.53,30.72,3029817
BERY,NYSE,2020/03/12 16:00:00,28.59,30.01,26.93,28.11,3117071
BERY,NYSE,2020/03/13 16:00:00,29.71,31.59,27.73,30.22,2670598
BERY,NYSE,2020/03/16 16:00:00,28.44,28.44,26.28,26.99,2152627
BERY,NYSE,2020/03/17 16:00:00,27.49,28.07,26.05,27.33,2352418
BERY,NYSE,2020/03/18 16:00:00,25.15,29.12,25,28.15,2843749
BERY,NYSE,2020/03/19 16:00:00,27.62,28.99,26.01,28.51,3538579
BERY,NYSE,2020/03/20 16:00:00,29.16,30.71,28.22,30.06,3034084
BERY,NYSE,2020/03/23 16:00:00,29.88,31.25,27.96,28.5,2130240
BERY,NYSE,2020/03/24 16:00:00,29.96,31.68,28.78,30.15,2065828
BERY,NYSE,2020/03/25 16:00:00,30.28,34.79,30.28,33.06,3621116
BERY,NYSE,2020/03/26 16:00:00,33.72,35.94,33.24,35.78,2820976
BERY,NYSE,2020/03/27 16:00:00,34.61,34.74,32.24,34.35,3660491
BERY,NYSE,2020/03/30 16:00:00,34.57,34.84,33,33.55,3924159
BERY,NYSE,2020/03/31 16:00:00,33.61,34.81,33.04,33.71,1764916
BERY,NYSE,2020/04/01 16:00:00,32.42,33.93,31.81,33.08,3500325
BERY,NYSE,2020/04/02 16:00:00,32.87,34.89,32.51,33.79,1906984
BERY,NYSE,2020/04/03 16:00:00,33.66,34.07,31.85,32.25,1499984
BERY,NYSE,2020/04/06 16:00:00,34.48,35.35,33.41,34.98,2816046
BERY,NYSE,2020/04/07 16:00:00,37.01,37.97,34.61,34.7,2612471
BERY,NYSE,2020/04/08 16:00:00,35.14,36.83,34.03,35.97,2833260
BERY,NYSE,2020/04/09 16:00:00,36.51,38.25,35.81,37.5,3127917
BERY,NYSE,2020/04/13 16:00:00,37.54,37.54,35.58,36.49,1005711
BERY,NYSE,2020/04/14 16:00:00,37.22,37.62,35.87,36.68,1065832
BERY,NYSE,2020/04/15 16:00:00,35.72,36.19,34.74,35.03,1479655
BERY,NYSE,2020/04/16 16:00:00,35.14,35.94,33.97,35.61,1777751
BERY,NYSE,2020/04/17 16:00:00,36.44,37.43,36.01,36.94,1959395
BERY,NYSE,2020/04/20 16:00:00,36.36,37.12,35.85,36.47,1735312
BERY,NYSE,2020/04/21 16:00:00,35.99,36.65,35.72,35.96,1373574
BERY,NYSE,2020/04/22 16:00:00,36.45,36.81,35.69,36.36,1737660
BERY,NYSE,2020/04/23 16:00:00,36.36,37.35,36.14,36.23,1764002
BERY,NYSE,2020/04/24 16:00:00,36.91,36.91,36.12,36.67,2182450
BERY,NYSE,2020/04/27 16:00:00,37.18,38.61,36.88,38.19,3128881
BERY,NYSE,2020/04/28 16:00:00,39.2,40.2,38.78,40.06,1976006
BERY,NYSE,2020/04/29 16:00:00,40.93,41.11,40.08,40.69,1729838
BERY,NYSE,2020/04/30 16:00:00,40.16,40.55,38.89,39.79,1745827
BERY,NYSE,2020/05/01 16:00:00,41.98,41.98,38.63,41.02,2042192
BERY,NYSE,2020/05/04 16:00:00,40.78,41.8,39.88,41.74,2015860
BERY,NYSE,2020/05/05 16:00:00,42.17,42.61,41.58,41.96,1637334
BERY,NYSE,2020/05/06 16:00:00,42.42,42.7,41.46,41.5,1319567
BERY,NYSE,2020/05/07 16:00:00,41.67,42.68,41.67,42.41,1004120
BERY,NYSE,2020/05/08 16:00:00,42.6,43.93,42.38,43.86,1572000
BERY,NYSE,2020/05/11 16:00:00,43.44,43.72,42.26,42.32,1358142
BERY,NYSE,2020/05/12 16:00:00,42.29,42.74,40.91,40.93,1486837
BERY,NYSE,2020/05/13 16:00:00,40.7,40.7,37.16,37.65,2252781
BERY,NYSE,2020/05/14 16:00:00,37.13,39.91,36.39,39.86,1501830
BERY,NYSE,2020/05/15 16:00:00,39.36,40.14,39.01,40.08,1389333
BERY,NYSE,2020/05/18 16:00:00,41.18,42.29,41.13,42.11,1302873
BERY,NYSE,2020/05/19 16:00:00,42.05,42.07,40.82,40.88,911764
BERY,NYSE,2020/05/20 16:00:00,41.51,41.8,40.77,40.99,1494738
BERY,NYSE,2020/05/21 16:00:00,41,41.64,40.63,40.66,631395
BERY,NYSE,2020/05/22 16:00:00,40.65,40.95,40.3,40.72,463419
BERY,NYSE,2020/05/26 16:00:00,41.66,43.62,41.38,43.3,1386516
BERY,NYSE,2020/05/27 16:00:00,44.08,45.68,43.97,45.53,2262916
BERY,NYSE,2020/05/28 16:00:00,45.69,45.99,44.68,45.11,1148578
BERY,NYSE,2020/05/29 16:00:00,44.83,45.37,44.28,44.91,1042999
BERY,NYSE,2020/06/01 16:00:00,44.91,45.82,44.75,45.61,1434601
BERY,NYSE,2020/06/02 16:00:00,45.69,45.72,44.79,44.89,1024571
BERY,NYSE,2020/06/03 16:00:00,45.44,46.04,45.06,45.57,1370480
BERY,NYSE,2020/06/04 16:00:00,45.33,46.03,45,46.03,954039
BERY,NYSE,2020/06/05 16:00:00,47,47.56,45.65,47.34,1175174
BERY,NYSE,2020/06/08 16:00:00,47.85,49.16,47.53,49.09,1932723
BERY,NYSE,2020/06/09 16:00:00,48.39,48.7,46.96,47.3,820439
BERY,NYSE,2020/06/10 16:00:00,47.18,47.52,44.82,44.86,1216367
BERY,NYSE,2020/06/11 16:00:00,43.74,43.85,42.14,42.27,1730117
BERY,NYSE,2020/06/12 16:00:00,43.63,44.05,42.25,43.19,1191337
BERY,NYSE,2020/06/15 16:00:00,42.13,44.18,41.86,43.85,707957
BERY,NYSE,2020/06/16 16:00:00,45.47,45.73,44,44.66,902316
BERY,NYSE,2020/06/17 16:00:00,44.57,44.99,43.58,43.74,693702
BERY,NYSE,2020/06/18 16:00:00,43.5,44.09,43.25,43.74,570547
BERY,NYSE,2020/06/19 16:00:00,44.41,44.68,43.57,44.27,842625
BERY,NYSE,2020/06/22 16:00:00,44.27,44.27,43.14,43.23,1847117
BERY,NYSE,2020/06/23 16:00:00,43.59,43.8,42.58,42.6,1552643
BERY,NYSE,2020/06/24 16:00:00,42.3,42.49,41.17,42,2156559
BERY,NYSE,2020/06/25 16:00:00,41.66,41.82,40.08,41.66,2140569
BERY,NYSE,2020/06/26 16:00:00,41.58,41.87,40.64,40.87,1824693
BERY,NYSE,2020/06/29 16:00:00,41.41,43.81,41.28,43.71,1653673
BERY,NYSE,2020/06/30 16:00:00,43.42,44.61,43.25,44.32,974693
BERY,NYSE,2020/07/01 16:00:00,44.23,44.46,43.1,44.19,1791357
BERY,NYSE,2020/07/02 16:00:00,44.82,45.71,44.67,45.03,892897
BERY,NYSE,2020/07/06 16:00:00,45.81,45.86,44.7,45.22,1141573
BERY,NYSE,2020/07/07 16:00:00,45.06,45.39,44.71,44.72,970859
BERY,NYSE,2020/07/08 16:00:00,44.6,45.26,43.96,44,1432150
BERY,NYSE,2020/07/09 16:00:00,43.86,44.03,42.82,43.16,1088881
BERY,NYSE,2020/07/10 16:00:00,43.2,43.83,42.9,43.65,637745
BERY,NYSE,2020/07/13 16:00:00,44,44.94,43.63,44.14,1268957
BERY,NYSE,2020/07/14 16:00:00,44.19,45.18,44.04,45.08,909184
BERY,NYSE,2020/07/15 16:00:00,45.77,46.38,45.39,46.14,1139610
BERY,NYSE,2020/07/16 16:00:00,46.31,47.34,46.08,47.19,1054984
BERY,NYSE,2020/07/17 16:00:00,47.27,47.61,47,47.38,1202146
BERY,NYSE,2020/07/20 16:00:00,47.38,47.93,47.04,47.25,742668
BERY,NYSE,2020/07/21 16:00:00,47.5,47.8,47.15,47.29,688448
BERY,NYSE,2020/07/22 16:00:00,47.32,47.7,47.03,47.34,854300
BERY,NYSE,2020/07/23 16:00:00,47.23,48.03,47.11,48.01,856894
BERY,NYSE,2020/07/24 16:00:00,48.01,48.09,47.08,47.86,1203337
BERY,NYSE,2020/07/27 16:00:00,47.81,48.56,47.24,48.46,848633
BERY,NYSE,2020/07/28 16:00:00,48.29,48.66,47.37,47.4,785558
BERY,NYSE,2020/07/29 16:00:00,47.66,48.11,47.15,47.98,1183101
BERY,NYSE,2020/07/30 16:00:00,47.58,47.85,46.82,47.5,1323089
BERY,NYSE,2020/07/31 16:00:00,50,50.2,48.97,49.99,2499388
BERY,NYSE,2020/08/03 16:00:00,50.49,52.07,50.04,51.83,3043290
BERY,NYSE,2020/08/04 16:00:00,51.99,52.35,51.61,52.22,1246763
BERY,NYSE,2020/08/05 16:00:00,52.27,53.13,52.14,53,1750735
BERY,NYSE,2020/08/06 16:00:00,53.17,53.5,52.26,52.84,2192055
BERY,NYSE,2020/08/07 16:00:00,52.39,53.85,52.39,53.77,1415977
BERY,NYSE,2020/08/10 16:00:00,53.64,54.2,53.42,53.81,2519818
BERY,NYSE,2020/08/11 16:00:00,54.36,54.98,53.78,53.94,1443596
BERY,NYSE,2020/08/12 16:00:00,54.13,54.6,53.96,54.31,1068690
BERY,NYSE,2020/08/13 16:00:00,53.95,54.61,53.85,54.39,830256
BERY,NYSE,2020/08/14 16:00:00,54.04,54.87,54.04,54.35,653900
BERY,NYSE,2020/08/17 16:00:00,54.54,54.7,54.19,54.21,656040
BERY,NYSE,2020/08/18 16:00:00,54,54.72,53.93,54.18,1180233
BERY,NYSE,2020/08/19 16:00:00,54.07,54.78,54.07,54.2,662602
BERY,NYSE,2020/08/20 16:00:00,53.74,54.36,53.13,54.11,952402
BERY,NYSE,2020/08/21 16:00:00,54.1,54.36,52.37,52.59,2015572
BERY,NYSE,2020/08/24 16:00:00,52.92,53.24,51.93,52.31,2120136
BERY,NYSE,2020/08/25 16:00:00,52.57,52.76,51.59,52.2,697912
BERY,NYSE,2020/08/26 16:00:00,52.19,52.3,51.35,51.55,903452
BERY,NYSE,2020/08/27 16:00:00,51.6,52.27,51.32,51.44,849869
BERY,NYSE,2020/08/28 16:00:00,51.51,52.51,51.35,52.48,797217
BERY,NYSE,2020/08/31 16:00:00,52.46,52.49,51.45,51.54,637007
BERY,NYSE,2020/09/01 16:00:00,51.6,53.14,51.4,53.11,737383
BERY,NYSE,2020/09/02 16:00:00,53.58,54.27,52.84,54.17,1169849
BERY,NYSE,2020/09/03 16:00:00,54.01,54.02,52.11,52.62,808470
BERY,NYSE,2020/09/04 16:00:00,53.2,53.41,51.42,53.05,831774
BERY,NYSE,2020/09/08 16:00:00,52.23,52.56,51.1,51.3,898722
BERY,NYSE,2020/09/09 16:00:00,51.82,53.02,51.55,52.75,717691
BERY,NYSE,2020/09/10 16:00:00,52.76,53.42,52.07,52.33,598577
BERY,NYSE,2020/09/11 16:00:00,52.64,52.64,51.74,52.09,917952
BERY,NYSE,2020/09/14 16:00:00,52.5,53.11,52.37,52.55,692615
BERY,NYSE,2020/09/15 16:00:00,53.01,53.39,51.47,51.56,885712
BERY,NYSE,2020/09/16 16:00:00,52.28,52.28,50.74,51.16,1091530
BERY,NYSE,2020/09/17 16:00:00,50.8,51.92,50.02,51,1400256
BERY,NYSE,2020/09/18 16:00:00,51.04,51.11,48.96,49.24,1972447
BERY,NYSE,2020/09/21 16:00:00,48.17,48.36,46.51,48.07,1638426
BERY,NYSE,2020/09/22 16:00:00,48.37,48.94,47.97,48.08,1171545
BERY,NYSE,2020/09/23 16:00:00,48.13,48.92,47.25,47.44,865086
BERY,NYSE,2020/09/24 16:00:00,47.2,48.4,47.03,47.75,612359
BERY,NYSE,2020/09/25 16:00:00,47.62,47.78,47.09,47.43,723185
BERY,NYSE,2020/09/28 16:00:00,48.2,48.72,47.62,48.32,1183863
BERY,NYSE,2020/09/29 16:00:00,48.35,48.62,47.6,47.67,637949
BERY,NYSE,2020/09/30 16:00:00,47.9,49.07,47.86,48.32,1130854
BERY,NYSE,2020/10/01 16:00:00,48.62,49.57,48.43,49.35,1216217
BERY,NYSE,2020/10/02 16:00:00,48.39,50.47,48.39,49.97,643820
BERY,NYSE,2020/10/05 16:00:00,50.31,51.07,49.88,50.19,985641
BERY,NYSE,2020/10/06 16:00:00,50.91,51.67,50.03,50.13,781665
BERY,NYSE,2020/10/07 16:00:00,50.59,51.25,49.57,49.68,851264
BERY,NYSE,2020/10/08 16:00:00,50.2,50.51,49.41,50.08,489120
BERY,NYSE,2020/10/09 16:00:00,50.38,50.68,49.18,49.39,977306
BERY,NYSE,2020/10/12 16:00:00,49.68,49.93,48.92,48.96,364657
BERY,NYSE,2020/10/13 16:00:00,48.87,50.15,48.51,49.89,614308
BERY,NYSE,2020/10/14 16:00:00,50.29,50.89,49.9,50.15,770645
BERY,NYSE,2020/10/15 16:00:00,49.5,50.49,49.5,50.38,372063
BERY,NYSE,2020/10/16 16:00:00,50.49,50.94,50.17,50.39,928649
BERY,NYSE,2020/10/19 16:00:00,50.66,50.85,49.47,49.56,1436869
BERY,NYSE,2020/10/20 16:00:00,50.07,50.85,49.85,49.91,746635
BERY,NYSE,2020/10/21 16:00:00,49.95,50.46,49.28,49.64,959741
BERY,NYSE,2020/10/22 16:00:00,49.85,50.4,49.4,49.96,707980
BERY,NYSE,2020/10/23 16:00:00,50.17,50.53,50.02,50.44,461197
BERY,NYSE,2020/10/26 16:00:00,49.91,49.91,48.11,48.28,646724
BERY,NYSE,2020/10/27 16:00:00,48.01,48.19,46.77,47.17,1314714
BERY,NYSE,2020/10/28 16:00:00,46.31,46.58,45.68,46.31,868500
BERY,NYSE,2020/10/29 16:00:00,46.17,47.26,46.12,46.79,913421
BERY,NYSE,2020/10/30 16:00:00,46.56,47.39,46.32,46.63,910777
BERY,NYSE,2020/11/02 16:00:00,47.42,48.17,47.02,47.33,569300
BERY,NYSE,2020/11/03 16:00:00,47.97,49.04,47.34,48.83,740124
BERY,NYSE,2020/11/04 16:00:00,48.94,49.14,47.56,47.84,592383
BERY,NYSE,2020/11/05 16:00:00,48.48,50.72,47.87,50.04,628913
BERY,NYSE,2020/11/06 16:00:00,50.33,51.23,50.1,50.29,681414
BERY,NYSE,2020/11/09 16:00:00,51.99,52.48,50.6,50.79,989292
BERY,NYSE,2020/11/10 16:00:00,50.94,53.3,50.8,52.48,1953268
BERY,NYSE,2020/11/11 16:00:00,53.02,53.88,52.34,52.67,1511712
BERY,NYSE,2020/11/12 16:00:00,52.26,53.03,51.88,52.65,1257993
BERY,NYSE,2020/11/13 16:00:00,53.34,54.25,53.07,53.54,845263
BERY,NYSE,2020/11/16 16:00:00,54.36,54.43,53.66,54.12,1438764
BERY,NYSE,2020/11/17 16:00:00,53.57,54.89,53.57,54.69,1275684
BERY,NYSE,2020/11/18 16:00:00,54.7,54.92,53.46,53.48,1087111
BERY,NYSE,2020/11/19 16:00:00,57.07,57.94,54.06,55.15,2900913
BERY,NYSE,2020/11/20 16:00:00,55.55,55.73,53.89,54,1260785
BERY,NYSE,2020/11/23 16:00:00,54.27,54.94,53.51,54.22,948951
BERY,NYSE,2020/11/24 16:00:00,54.52,54.63,53.36,54.43,1322871
BERY,NYSE,2020/11/25 16:00:00,54.44,54.47,53.33,53.94,733371
BERY,NYSE,2020/11/27 13:00:00,53.87,54.24,53.37,53.62,511143
BERY,NYSE,2020/11/30 16:00:00,53.36,53.6,52.48,53,2253272
BERY,NYSE,2020/12/01 16:00:00,53.6,55.19,53.24,55.07,1151358
BERY,NYSE,2020/12/02 16:00:00,54.78,54.99,53.68,54.26,611022
BERY,NYSE,2020/12/03 16:00:00,54.26,54.86,53.33,53.59,779871
BERY,NYSE,2020/12/04 16:00:00,53.88,55.04,53.88,54.83,1042659
BERY,NYSE,2020/12/07 16:00:00,54.98,55.06,54.07,54.2,424938
BERY,NYSE,2020/12/08 16:00:00,53.86,54.54,53.49,53.49,437043
BERY,NYSE,2020/12/09 16:00:00,53.59,54,53.24,53.97,926818
BERY,NYSE,2020/12/10 16:00:00,53.62,54.33,53.18,53.18,871997
BERY,NYSE,2020/12/11 16:00:00,53,53.42,52.62,53.15,654736
BERY,NYSE,2020/12/14 16:00:00,53.69,53.97,52.62,52.9,708990
BERY,NYSE,2020/12/15 16:00:00,52.96,54.47,52.94,54.24,923915
BERY,NYSE,2020/12/16 16:00:00,54.33,54.94,53.8,54.24,877716
BERY,NYSE,2020/12/17 16:00:00,54.54,54.76,53.95,54.29,941852
BERY,NYSE,2020/12/18 16:00:00,54.3,54.83,53.27,54.07,1344601
BERY,NYSE,2020/12/21 16:00:00,53.09,54,52.71,53.83,762514
BERY,NYSE,2020/12/22 16:00:00,53.68,53.99,53.25,53.45,834516
BERY,NYSE,2020/12/23 16:00:00,53.62,54.95,53.57,54.84,885903
BERY,NYSE,2020/12/24 13:00:00,55,55.68,54.92,55.66,325382
BERY,NYSE,2020/12/28 16:00:00,55.9,55.98,54.6,55.13,582687
BERY,NYSE,2020/12/29 16:00:00,55.43,55.65,54.56,54.96,489669
BERY,NYSE,2020/12/30 16:00:00,55.05,56.4,55.05,56.15,667081
BERY,NYSE,2020/12/31 16:00:00,56,56.55,55.45,56.19,504275
BERY,NYSE,2021/01/04 16:00:00,56.39,56.44,55.24,55.87,765263
BERY,NYSE,2021/01/05 16:00:00,55.99,56.86,55.76,55.83,790946
BERY,NYSE,2021/01/06 16:00:00,55.75,57.47,55.09,56.48,1036883
BERY,NYSE,2021/01/07 16:00:00,56.79,56.79,54.57,54.92,1183467
BERY,NYSE,2021/01/08 16:00:00,55.01,55.26,53.22,53.72,1071248
BERY,NYSE,2021/01/11 16:00:00,53.3,54.74,53.21,54.27,602172
BERY,NYSE,2021/01/12 16:00:00,54.25,54.93,53.53,54.21,1002281
BERY,NYSE,2021/01/13 16:00:00,54.25,54.5,52.67,53.8,1024641
BERY,NYSE,2021/01/14 16:00:00,54,54.05,53.3,53.76,757505
BERY,NYSE,2021/01/15 16:00:00,53.52,53.87,52.37,52.96,720446
BERY,NYSE,2021/01/19 16:00:00,53.02,53.24,51.26,51.56,1331670
BERY,NYSE,2021/01/20 16:00:00,51.94,52.89,51.79,52.49,693277
BERY,NYSE,2021/01/21 16:00:00,52.49,53.51,52.49,53.29,814554
BERY,NYSE,2021/01/22 16:00:00,52.88,52.97,51.62,52.17,1029167
BERY,NYSE,2021/01/25 16:00:00,51.71,52.3,50.79,51.23,1079482
BERY,NYSE,2021/01/26 16:00:00,51.32,51.68,50.44,50.61,864047
BERY,NYSE,2021/01/27 16:00:00,50.04,50.62,48.65,49.19,1978935
BERY,NYSE,2021/01/28 16:00:00,49.55,50.06,49.21,49.58,1110661
BERY,NYSE,2021/01/29 16:00:00,49.35,49.72,48.8,49.37,1040174
BERY,NYSE,2021/02/01 16:00:00,49.99,50.34,48.77,50.02,974771
BERY,NYSE,2021/02/02 16:00:00,50.85,52.29,50.16,51.19,891513
BERY,NYSE,2021/02/03 16:00:00,51,51.96,50.86,51.76,781050
BERY,NYSE,2021/02/04 16:00:00,52.11,52.54,51.52,52.36,1239843
BERY,NYSE,2021/02/05 16:00:00,54.84,57.45,54.51,57.26,2203179
BERY,NYSE,2021/02/08 16:00:00,57.31,59.73,57.07,59.63,2589394
BERY,NYSE,2021/02/09 16:00:00,59.81,61,59.15,60.18,1241367
BERY,NYSE,2021/02/10 16:00:00,60.13,60.65,58.98,59.16,1099408
BERY,NYSE,2021/02/11 16:00:00,58.97,59.17,57.3,58.08,839408
BERY,NYSE,2021/02/12 16:00:00,57.75,59.54,57.75,59.07,1037838
BERY,NYSE,2021/02/16 16:00:00,59.22,59.3,58,58.15,563970
BERY,NYSE,2021/02/17 16:00:00,58,58.14,57.44,58.02,1047575
BERY,NYSE,2021/02/18 16:00:00,57.94,58.34,56.81,56.82,851450
BERY,NYSE,2021/02/19 16:00:00,56.92,57.56,56.24,57.21,664642
BERY,NYSE,2021/02/22 16:00:00,57.21,57.22,56.02,56.37,1090686
BERY,NYSE,2021/02/23 16:00:00,56.35,56.73,55.5,56.64,488381
BERY,NYSE,2021/02/24 16:00:00,56.64,57,56.03,56.49,570833
BERY,NYSE,2021/02/25 16:00:00,56.76,57.06,56.01,56.12,659402
BERY,NYSE,2021/02/26 16:00:00,56,56.67,55.39,55.4,786403
BERY,NYSE,2021/03/01 16:00:00,55.94,57.56,55.94,57.4,826965
BERY,NYSE,2021/03/02 16:00:00,57.46,57.93,57.16,57.41,574986
BERY,NYSE,2021/03/03 16:00:00,57.48,58.94,57.01,58.27,614476
BERY,NYSE,2021/03/04 16:00:00,58.11,59.15,56.95,57.83,1267755
BERY,NYSE,2021/03/05 16:00:00,58.24,59.25,57.48,58.79,1117455
BERY,NYSE,2021/03/08 16:00:00,58.39,60.36,58.34,59.42,1450764
BERY,NYSE,2021/03/09 16:00:00,59.8,60.53,59.35,59.35,1234680
BERY,NYSE,2021/03/10 16:00:00,59.78,60.8,59.2,60.31,1989910
BERY,NYSE,2021/03/11 16:00:00,60.36,60.72,58.68,58.9,1476527
BERY,NYSE,2021/03/12 16:00:00,59.13,59.51,58.8,59.14,961906
BERY,NYSE,2021/03/15 16:00:00,59.26,59.47,58.6,59.03,915680
BERY,NYSE,2021/03/16 16:00:00,58.9,58.98,57.67,58.32,1744086
BERY,NYSE,2021/03/17 16:00:00,58.16,58.78,58.1,58.67,1013783
BERY,NYSE,2021/03/18 16:00:00,58.63,59.82,58.45,58.66,1015131
BERY,NYSE,2021/03/19 16:00:00,58.4,59.05,57.91,58.42,832107
BERY,NYSE,2021/03/22 16:00:00,58.32,60.87,57.75,60.25,1634871
BERY,NYSE,2021/03/23 16:00:00,60.14,62.58,59.88,61.69,2765930
BERY,NYSE,2021/03/24 16:00:00,61.92,63.24,61.33,61.42,1534802
BERY,NYSE,2021/03/25 16:00:00,61.51,61.66,60.05,61.45,1482490
BERY,NYSE,2021/03/26 16:00:00,61.45,62.1,61.25,62,1052600
BERY,NYSE,2021/03/29 16:00:00,61.85,62.66,61.68,62.41,970556
BERY,NYSE,2021/03/30 16:00:00,62.25,62.5,61.53,61.98,749581
BERY,NYSE,2021/03/31 16:00:00,62.05,62.08,61.35,61.4,704059
BERY,NYSE,2021/04/01 16:00:00,61.6,61.78,60.44,61.56,935400
BERY,NYSE,2021/04/05 16:00:00,62,62.66,61.5,62.41,845992
BERY,NYSE,2021/04/06 16:00:00,62.13,62.72,62.01,62.67,714089
BERY,NYSE,2021/04/07 16:00:00,62.82,63.15,62.14,62.35,704782
BERY,NYSE,2021/04/08 16:00:00,62.03,62.43,60.9,61.6,1172030
BERY,NYSE,2021/04/09 16:00:00,62.25,63.07,62.25,62.91,868131
G,NYSE,2019/04/01 16:00:00,35.35,35.45,35.09,35.41,608670
G,NYSE,2019/04/02 16:00:00,35.45,35.71,35.39,35.47,1157758
G,NYSE,2019/04/03 16:00:00,35.58,35.83,35.53,35.69,1017490
G,NYSE,2019/04/04 16:00:00,35.87,35.88,35.4,35.48,744378
G,NYSE,2019/04/05 16:00:00,35.54,35.56,35.38,35.52,448834
G,NYSE,2019/04/08 16:00:00,35.3,35.66,35.05,35.59,907553
G,NYSE,2019/04/09 16:00:00,35.5,35.71,35.44,35.57,549951
G,NYSE,2019/04/10 16:00:00,35.59,35.78,35.45,35.72,711819
G,NYSE,2019/04/11 16:00:00,35.82,35.83,35.56,35.76,1032777
G,NYSE,2019/04/12 16:00:00,35.74,35.96,35.59,35.95,522867
G,NYSE,2019/04/15 16:00:00,35.9,36,35.67,35.82,322363
G,NYSE,2019/04/16 16:00:00,35.94,36.14,35.86,36,840313
G,NYSE,2019/04/17 16:00:00,36.11,36.11,35.77,35.89,1323081
G,NYSE,2019/04/18 16:00:00,35.92,36.08,35.64,35.98,1032587
G,NYSE,2019/04/22 16:00:00,35.77,36.2,35.51,36.07,1585781
G,NYSE,2019/04/23 16:00:00,36.12,36.49,35.95,36.45,938135
G,NYSE,2019/04/24 16:00:00,36.52,36.53,36.27,36.3,485053
G,NYSE,2019/04/25 16:00:00,36.3,36.3,35.84,36.17,504967
G,NYSE,2019/04/26 16:00:00,36.13,36.32,36.12,36.21,460239
G,NYSE,2019/04/29 16:00:00,36.27,36.27,35.84,36.04,836432
G,NYSE,2019/04/30 16:00:00,36.18,36.43,36.09,36.3,788778
G,NYSE,2019/05/01 16:00:00,36.39,36.39,35.66,35.71,1605999
G,NYSE,2019/05/02 16:00:00,35.65,36.19,35.62,35.96,1616969
G,NYSE,2019/05/03 16:00:00,37.4,37.7,35.98,36.33,1184455
G,NYSE,2019/05/06 16:00:00,35.83,36.3,35.64,36.25,858852
G,NYSE,2019/05/07 16:00:00,36.02,36.31,35.86,36,1184755
G,NYSE,2019/05/08 16:00:00,35.89,36.17,35.79,36.04,735060
G,NYSE,2019/05/09 16:00:00,35.77,36.12,35.42,36.07,724743
G,NYSE,2019/05/10 16:00:00,35.96,36.21,35.75,36.18,881732
G,NYSE,2019/05/13 16:00:00,35.68,35.68,35.08,35.1,628125
G,NYSE,2019/05/14 16:00:00,35.22,36.09,35.17,35.96,1251502
G,NYSE,2019/05/15 16:00:00,35.9,36.4,35.56,36.23,955918
G,NYSE,2019/05/16 16:00:00,36.33,36.79,36.29,36.65,702525
G,NYSE,2019/05/17 16:00:00,36.36,36.56,36.14,36.32,360226
G,NYSE,2019/05/20 16:00:00,36.19,36.62,36.04,36.3,512782
G,NYSE,2019/05/21 16:00:00,36.47,36.73,36.35,36.41,727865
G,NYSE,2019/05/22 16:00:00,35.49,36.65,35.49,36.25,3103661
G,NYSE,2019/05/23 16:00:00,36.06,36.29,35.88,36,858615
G,NYSE,2019/05/24 16:00:00,36.32,36.43,36.08,36.08,1184113
G,NYSE,2019/05/28 16:00:00,36.2,36.64,36.08,36.08,790265
G,NYSE,2019/05/29 16:00:00,35.89,36.07,35.72,35.77,1539132
G,NYSE,2019/05/30 16:00:00,35.9,36.28,35.9,36.05,1674174
G,NYSE,2019/05/31 16:00:00,35.77,36.25,35.77,36.15,1635638
G,NYSE,2019/06/03 16:00:00,36.2,36.27,35.85,35.98,1045394
G,NYSE,2019/06/04 16:00:00,36.3,36.33,35.76,36.26,1259919
G,NYSE,2019/06/05 16:00:00,36.46,36.6,36.28,36.43,1378104
G,NYSE,2019/06/06 16:00:00,36.34,36.88,36.28,36.79,1144684
G,NYSE,2019/06/07 16:00:00,37,37.12,36.8,36.98,2252319
G,NYSE,2019/06/10 16:00:00,37.24,37.35,36.69,36.8,2074782
G,NYSE,2019/06/11 16:00:00,36.9,36.99,36.64,36.8,1039793
G,NYSE,2019/06/12 16:00:00,36.81,37.16,36.81,36.99,692709
G,NYSE,2019/06/13 16:00:00,37.22,37.27,36.76,36.78,1349809
G,NYSE,2019/06/14 16:00:00,37.13,37.31,36.83,36.98,694209
G,NYSE,2019/06/17 16:00:00,37.12,37.31,37.05,37.15,1723948
G,NYSE,2019/06/18 16:00:00,37.35,37.78,37.15,37.73,1348884
G,NYSE,2019/06/19 16:00:00,37.78,37.91,37.6,37.82,1282960
G,NYSE,2019/06/20 16:00:00,37.91,38.33,37.91,38.15,852889
G,NYSE,2019/06/21 16:00:00,38.13,38.13,37.7,37.79,818244
G,NYSE,2019/06/24 16:00:00,37.92,37.95,37.68,37.79,587227
G,NYSE,2019/06/25 16:00:00,37.86,37.88,37.7,37.74,803834
G,NYSE,2019/06/26 16:00:00,37.8,37.81,37.35,37.38,513003
G,NYSE,2019/06/27 16:00:00,37.46,37.84,37.22,37.68,1017316
G,NYSE,2019/06/28 16:00:00,37.69,38.1,37.69,38.09,3789176
G,NYSE,2019/07/01 16:00:00,38.33,38.74,38.28,38.71,902024
G,NYSE,2019/07/02 16:00:00,38.58,38.7,38.15,38.43,855208
G,NYSE,2019/07/03 13:00:00,38.56,38.78,38.45,38.72,338628
G,NYSE,2019/07/05 16:00:00,38.65,38.65,38.1,38.53,502286
G,NYSE,2019/07/08 16:00:00,38.41,38.6,38.05,38.22,1366417
G,NYSE,2019/07/09 16:00:00,38.09,38.4,37.95,38.36,717571
G,NYSE,2019/07/10 16:00:00,38.46,38.6,38.35,38.39,623344
G,NYSE,2019/07/11 16:00:00,38.47,38.54,38.24,38.35,501681
G,NYSE,2019/07/12 16:00:00,38.49,38.63,38.01,38.58,436217
G,NYSE,2019/07/15 16:00:00,38.67,38.8,38.39,38.64,361551
G,NYSE,2019/07/16 16:00:00,38.64,38.75,38.24,38.3,646619
G,NYSE,2019/07/17 16:00:00,38.34,38.51,38.12,38.21,664899
G,NYSE,2019/07/18 16:00:00,38.21,38.79,38.2,38.65,841232
G,NYSE,2019/07/19 16:00:00,38.74,39.1,38.49,38.51,976323
G,NYSE,2019/07/22 16:00:00,38.58,38.86,38.43,38.69,440433
G,NYSE,2019/07/23 16:00:00,38.87,39.19,38.53,39.18,861780
G,NYSE,2019/07/24 16:00:00,39.09,39.51,38.78,39.51,1293835
G,NYSE,2019/07/25 16:00:00,39.77,40.46,39.6,40.35,1909009
G,NYSE,2019/07/26 16:00:00,40.48,40.75,39.98,40.41,1254732
G,NYSE,2019/07/29 16:00:00,40.33,40.82,40.09,40.53,1242810
G,NYSE,2019/07/30 16:00:00,40.3,40.55,40.21,40.33,867424
G,NYSE,2019/07/31 16:00:00,40.34,40.47,39.42,39.68,1148132
G,NYSE,2019/08/01 16:00:00,39.76,40.32,39.64,39.73,913603
G,NYSE,2019/08/02 16:00:00,39.68,39.75,38.8,39.26,1076110
G,NYSE,2019/08/05 16:00:00,38.53,38.61,37.29,37.6,1059784
G,NYSE,2019/08/06 16:00:00,37.76,38.12,37.64,38.02,1170467
G,NYSE,2019/08/07 16:00:00,37.85,38.79,37.5,38.68,971187
G,NYSE,2019/08/08 16:00:00,44.55,44.55,39.86,41.91,3256951
G,NYSE,2019/08/09 16:00:00,41.82,42.2,41.59,41.92,1274463
G,NYSE,2019/08/12 16:00:00,41.69,41.69,41.13,41.3,1347863
G,NYSE,2019/08/13 16:00:00,41.02,41.52,40.93,41,1663243
G,NYSE,2019/08/14 16:00:00,39.29,40.35,39.2,39.69,5677407
G,NYSE,2019/08/15 16:00:00,40.02,40.39,39.76,40.22,2939942
G,NYSE,2019/08/16 16:00:00,40.62,41.39,40.56,40.8,2354488
G,NYSE,2019/08/19 16:00:00,41.14,41.4,40.97,41.1,2050899
G,NYSE,2019/08/20 16:00:00,41.01,41.3,40.84,40.86,1743318
G,NYSE,2019/08/21 16:00:00,41.05,41.14,40.88,40.94,1121140
G,NYSE,2019/08/22 16:00:00,41.01,41.09,40.44,40.57,961279
G,NYSE,2019/08/23 16:00:00,40.52,40.63,39.61,39.68,1246898
G,NYSE,2019/08/26 16:00:00,40.03,40.29,39.64,39.95,685111
G,NYSE,2019/08/27 16:00:00,40.19,40.29,39.99,40.02,1420169
G,NYSE,2019/08/28 16:00:00,39.93,40.41,39.67,40.2,1119363
G,NYSE,2019/08/29 16:00:00,40.61,41.02,40.5,40.92,830253
G,NYSE,2019/08/30 16:00:00,41.12,41.27,40.75,40.96,625693
G,NYSE,2019/09/03 16:00:00,40.8,40.95,40.55,40.78,1323797
G,NYSE,2019/09/04 16:00:00,41.13,41.24,40.83,41.2,815760
G,NYSE,2019/09/05 16:00:00,41.6,41.73,41.35,41.57,557512
G,NYSE,2019/09/06 16:00:00,41.61,42.05,41.58,41.71,1191911
G,NYSE,2019/09/09 16:00:00,41.86,41.86,40.68,40.82,1114484
G,NYSE,2019/09/10 16:00:00,40.68,40.68,39.27,39.5,1609116
G,NYSE,2019/09/11 16:00:00,39.5,39.7,38.89,39.24,1565104
G,NYSE,2019/09/12 16:00:00,39.35,39.7,39.26,39.66,1382903
G,NYSE,2019/09/13 16:00:00,39.66,39.82,39.22,39.29,599272
G,NYSE,2019/09/16 16:00:00,39.23,39.6,39.06,39.4,1111952
G,NYSE,2019/09/17 16:00:00,39.35,39.92,39.35,39.91,1241842
G,NYSE,2019/09/18 16:00:00,39.96,39.98,39.19,39.61,856350
G,NYSE,2019/09/19 16:00:00,39.72,40.1,39.63,39.72,873611
G,NYSE,2019/09/20 16:00:00,39.71,39.91,38.92,38.95,2125435
G,NYSE,2019/09/23 16:00:00,38.82,39.2,38.73,38.93,1108660
G,NYSE,2019/09/24 16:00:00,39.2,39.33,38.65,38.65,791535
G,NYSE,2019/09/25 16:00:00,38.6,38.86,38.21,38.79,776334
G,NYSE,2019/09/26 16:00:00,38.94,39.09,38.66,39.03,924194
G,NYSE,2019/09/27 16:00:00,39.21,39.21,37.98,38.14,727929
G,NYSE,2019/09/30 16:00:00,38.19,38.96,38.19,38.75,1075783
G,NYSE,2019/10/01 16:00:00,38.89,39.1,38.57,38.62,933200
G,NYSE,2019/10/02 16:00:00,38.35,38.37,37.47,38.25,958507
G,NYSE,2019/10/03 16:00:00,38.29,38.42,37.9,38.29,980870
G,NYSE,2019/10/04 16:00:00,38.37,38.7,38.29,38.53,566676
G,NYSE,2019/10/07 16:00:00,38.24,38.49,38.15,38.32,450078
G,NYSE,2019/10/08 16:00:00,38.01,38.07,37.36,37.38,1340512
G,NYSE,2019/10/09 16:00:00,37.56,37.83,37.56,37.62,435033
G,NYSE,2019/10/10 16:00:00,37.65,38.18,37.58,37.94,849956
G,NYSE,2019/10/11 16:00:00,38.27,38.68,38.24,38.42,494887
G,NYSE,2019/10/14 16:00:00,38.4,38.4,37.96,38.15,399873
G,NYSE,2019/10/15 16:00:00,38.19,38.82,38.18,38.72,854558
G,NYSE,2019/10/16 16:00:00,38.61,38.83,38.24,38.55,568814
G,NYSE,2019/10/17 16:00:00,38.71,39.02,38.51,39,822570
G,NYSE,2019/10/18 16:00:00,38.85,39.17,38.85,39.08,794211
G,NYSE,2019/10/21 16:00:00,39.17,39.21,38.76,39.15,1274024
G,NYSE,2019/10/22 16:00:00,39.12,39.17,37.82,37.83,1962837
G,NYSE,2019/10/23 16:00:00,37.85,38.21,37.79,38.08,832832
G,NYSE,2019/10/24 16:00:00,38.23,38.57,38.1,38.55,696678
G,NYSE,2019/10/25 16:00:00,38.41,38.59,38.18,38.19,758766
G,NYSE,2019/10/28 16:00:00,38.28,38.67,38.28,38.4,675929
G,NYSE,2019/10/29 16:00:00,38.38,38.91,38.29,38.81,495635
G,NYSE,2019/10/30 16:00:00,38.79,39.19,38.53,39.18,693826
G,NYSE,2019/10/31 16:00:00,39.25,39.35,38.98,39.17,1373576
G,NYSE,2019/11/01 16:00:00,39.39,39.84,39.39,39.68,1052908
G,NYSE,2019/11/04 16:00:00,39.87,40.06,39.6,39.95,1256390
G,NYSE,2019/11/05 16:00:00,40.16,40.31,39.32,39.61,1422947
G,NYSE,2019/11/06 16:00:00,39.7,40.22,39.65,40.19,1421808
G,NYSE,2019/11/07 16:00:00,39.7,40.22,39.65,40.19,100
G,NYSE,2019/11/08 16:00:00,40.29,40.81,38.75,39.36,2389053
G,NYSE,2019/11/11 16:00:00,39.34,39.99,39.24,39.57,1044293
G,NYSE,2019/11/12 16:00:00,39.65,39.86,39.27,39.76,1130663
G,NYSE,2019/11/13 16:00:00,39.75,39.92,39.36,39.72,1242557
G,NYSE,2019/11/14 16:00:00,39.69,40.5,39.57,40.28,841073
G,NYSE,2019/11/15 16:00:00,40.47,40.91,40.2,40.72,1057044
G,NYSE,2019/11/18 16:00:00,40.6,40.8,40.37,40.48,722782
G,NYSE,2019/11/19 16:00:00,40.89,41.45,40.55,41.25,1255135
G,NYSE,2019/11/20 16:00:00,41.15,41.3,40.71,40.82,1276404
G,NYSE,2019/11/21 16:00:00,40.73,40.88,40.33,40.4,1080905
G,NYSE,2019/11/22 16:00:00,39.75,39.97,39.46,39.72,6045532
G,NYSE,2019/11/25 16:00:00,39.96,40.58,39.91,40.44,2364416
G,NYSE,2019/11/26 16:00:00,40.47,40.9,40.36,40.81,1656963
G,NYSE,2019/11/27 16:00:00,40.86,41.1,40.75,40.93,1074550
G,NYSE,2019/11/29 13:00:00,40.82,40.97,40.63,40.7,901554
G,NYSE,2019/12/02 16:00:00,40.64,40.68,39.83,39.92,1218890
G,NYSE,2019/12/03 16:00:00,39.54,39.96,39.43,39.85,1361436
G,NYSE,2019/12/04 16:00:00,40.15,40.53,39.99,40.41,2249357
G,NYSE,2019/12/05 16:00:00,40.57,40.79,40.3,40.59,1278299
G,NYSE,2019/12/06 16:00:00,40.73,40.77,40.48,40.66,1239075
G,NYSE,2019/12/09 16:00:00,40.6,40.75,40.4,40.49,1683380
G,NYSE,2019/12/10 16:00:00,40.41,40.77,40.38,40.59,904952
G,NYSE,2019/12/11 16:00:00,40.62,40.98,40.45,40.95,1050765
G,NYSE,2019/12/12 16:00:00,40.8,41.26,40.64,41.14,1015584
G,NYSE,2019/12/13 16:00:00,41.1,41.56,41.01,41.47,792250
G,NYSE,2019/12/16 16:00:00,41.72,41.91,41.3,41.65,1487944
G,NYSE,2019/12/17 16:00:00,41.8,41.8,41.42,41.55,1239708
G,NYSE,2019/12/18 16:00:00,41.62,41.71,41.28,41.41,1237595
G,NYSE,2019/12/19 16:00:00,41.38,41.62,41.31,41.44,689655
G,NYSE,2019/12/20 16:00:00,41.63,42.5,41.57,42.45,2120008
G,NYSE,2019/12/23 16:00:00,42.58,42.6,42.06,42.4,773151
G,NYSE,2019/12/24 13:00:00,42.38,42.46,42.19,42.36,231708
G,NYSE,2019/12/26 16:00:00,42.38,42.59,42.25,42.57,497407
G,NYSE,2019/12/27 16:00:00,42.7,42.71,42.18,42.39,1574574
G,NYSE,2019/12/30 16:00:00,42.36,42.43,41.76,42.12,440309
G,NYSE,2019/12/31 16:00:00,42,42.23,41.97,42.17,558961
G,NYSE,2020/01/02 16:00:00,42.45,42.66,42.13,42.66,1028130
G,NYSE,2020/01/03 16:00:00,42.09,42.58,41.94,42.46,884676
G,NYSE,2020/01/06 16:00:00,42.15,42.63,42.02,42.62,638330
G,NYSE,2020/01/07 16:00:00,42.55,42.8,42.25,42.61,946249
G,NYSE,2020/01/08 16:00:00,42.62,42.94,42.59,42.74,675460
G,NYSE,2020/01/09 16:00:00,43.23,43.5,43.09,43.36,562366
G,NYSE,2020/01/10 16:00:00,43.6,43.66,43.3,43.49,833763
G,NYSE,2020/01/13 16:00:00,43.61,43.8,43.5,43.71,823038
G,NYSE,2020/01/14 16:00:00,43.73,43.73,43.37,43.63,714084
G,NYSE,2020/01/15 16:00:00,43.76,44.35,43.76,44.1,667855
G,NYSE,2020/01/16 16:00:00,44.44,44.62,44.32,44.55,553892
G,NYSE,2020/01/17 16:00:00,44.7,44.72,44.25,44.32,1391285
G,NYSE,2020/01/21 16:00:00,44.32,44.84,44.15,44.52,957926
G,NYSE,2020/01/22 16:00:00,44.87,45.03,44.34,44.42,746178
G,NYSE,2020/01/23 16:00:00,44.48,44.68,44.21,44.62,945745
G,NYSE,2020/01/24 16:00:00,44.68,44.86,44.17,44.31,584524
G,NYSE,2020/01/27 16:00:00,43.47,44.18,43.31,43.67,684210
G,NYSE,2020/01/28 16:00:00,43.85,44.37,43.8,44.08,954059
G,NYSE,2020/01/29 16:00:00,44.27,44.86,44,44.47,730742
G,NYSE,2020/01/30 16:00:00,44.18,45.07,44.09,44.92,1000594
G,NYSE,2020/01/31 16:00:00,44.68,45.03,44.25,44.27,1368894
G,NYSE,2020/02/03 16:00:00,44.55,44.66,44.29,44.42,733366
G,NYSE,2020/02/04 16:00:00,44.82,45.09,44.73,44.74,712551
G,NYSE,2020/02/05 16:00:00,45,45.08,44.49,44.83,872815
G,NYSE,2020/02/06 16:00:00,45.04,45.2,44.88,44.94,959799
G,NYSE,2020/02/07 16:00:00,43.09,43.75,42.32,42.57,3014259
G,NYSE,2020/02/10 16:00:00,42.46,42.63,41.88,42.31,2224696
G,NYSE,2020/02/11 16:00:00,42.5,42.72,42.06,42.13,1566923
G,NYSE,2020/02/12 16:00:00,42.2,43.34,42.16,43.25,1798747
G,NYSE,2020/02/13 16:00:00,43.03,43.71,43.03,43.52,1142435
G,NYSE,2020/02/14 16:00:00,43.53,43.77,43.34,43.77,790215
G,NYSE,2020/02/18 16:00:00,43.69,44.04,43.59,44,1093603
G,NYSE,2020/02/19 16:00:00,44.13,44.4,43.94,43.94,1266330
G,NYSE,2020/02/20 16:00:00,43.87,44.21,43.32,44.01,866824
G,NYSE,2020/02/21 16:00:00,43.8,43.84,43.41,43.66,796736
G,NYSE,2020/02/24 16:00:00,42.55,43.45,42.43,43.15,1952167
G,NYSE,2020/02/25 16:00:00,43.17,43.28,41.55,41.65,1640938
G,NYSE,2020/02/26 16:00:00,41.76,42.57,41.5,41.75,1988802
G,NYSE,2020/02/27 16:00:00,40.95,41.36,39.77,39.77,1451390
G,NYSE,2020/02/28 16:00:00,38.54,38.91,37.83,38.46,1877849
G,NYSE,2020/03/02 16:00:00,38.71,40.19,38.14,40.15,1175086
G,NYSE,2020/03/03 16:00:00,40.17,40.6,38.41,38.89,1264814
G,NYSE,2020/03/04 16:00:00,39.56,40.62,39.39,40.58,1015440
G,NYSE,2020/03/05 16:00:00,39.83,39.91,38.65,38.96,1097909
G,NYSE,2020/03/06 16:00:00,37.85,38.31,37.21,38.14,1172709
G,NYSE,2020/03/09 16:00:00,35.1,36.74,35,36,1804838
G,NYSE,2020/03/10 16:00:00,36.72,37.15,35.86,37.09,1640714
G,NYSE,2020/03/11 16:00:00,36.3,36.44,35.39,35.96,2717502
G,NYSE,2020/03/12 16:00:00,33.78,34.01,31.34,31.34,2271913
G,NYSE,2020/03/13 16:00:00,33.17,33.17,31.02,32.98,2658802
G,NYSE,2020/03/16 16:00:00,28.33,30.33,26.96,27.1,1705093
G,NYSE,2020/03/17 16:00:00,27.51,28.23,25.76,27.2,2059113
G,NYSE,2020/03/18 16:00:00,25.19,26.23,19.41,22.65,2338063
G,NYSE,2020/03/19 16:00:00,22.39,26.15,21.5,25.28,2569846
G,NYSE,2020/03/20 16:00:00,25.6,26.23,24.92,25.11,4384889
G,NYSE,2020/03/23 16:00:00,24.83,25.48,22.83,23.7,2148776
G,NYSE,2020/03/24 16:00:00,25.96,26.48,24.27,25.07,2914804
G,NYSE,2020/03/25 16:00:00,25.4,27.39,24.82,27.09,6538848
G,NYSE,2020/03/26 16:00:00,27.27,30.5,27.27,30.07,3550237
G,NYSE,2020/03/27 16:00:00,29.45,29.82,28.3,28.84,3066143
G,NYSE,2020/03/30 16:00:00,28.73,29.13,27.57,28.51,2336783
G,NYSE,2020/03/31 16:00:00,28.22,29.55,28.02,29.2,2566347
G,NYSE,2020/04/01 16:00:00,28.03,28.35,26.25,26.78,1807736
G,NYSE,2020/04/02 16:00:00,26.57,27.34,26.3,27.08,1399072
G,NYSE,2020/04/03 16:00:00,26.88,27.23,25.93,26.2,3064675
G,NYSE,2020/04/06 16:00:00,27.51,27.59,26.78,27.41,4221898
G,NYSE,2020/04/07 16:00:00,28.76,29.84,27.57,27.68,2178517
G,NYSE,2020/04/08 16:00:00,28.22,29.38,27.76,29.18,1001612
G,NYSE,2020/04/09 16:00:00,29.48,31.31,29.48,30.22,1158570
G,NYSE,2020/04/13 16:00:00,30.01,30.19,28.81,29.55,882939
G,NYSE,2020/04/14 16:00:00,30.8,31.26,30.15,31.15,1428836
G,NYSE,2020/04/15 16:00:00,30,30.3,29.56,29.74,1389972
G,NYSE,2020/04/16 16:00:00,29.9,29.95,29.13,29.4,1069586
G,NYSE,2020/04/17 16:00:00,29.91,31.14,29.91,30.86,1536195
G,NYSE,2020/04/20 16:00:00,30.25,31.15,30.03,30.47,926952
G,NYSE,2020/04/21 16:00:00,29.73,30.61,29.43,30.37,2556356
G,NYSE,2020/04/22 16:00:00,30.98,31.24,30.48,30.91,1033535
G,NYSE,2020/04/23 16:00:00,31.17,32.6,31.15,32.05,1628737
G,NYSE,2020/04/24 16:00:00,32.07,33.13,31.63,33.04,1791232
G,NYSE,2020/04/27 16:00:00,33.31,34.16,33.31,34.08,1143373
G,NYSE,2020/04/28 16:00:00,34.6,35,34.15,34.43,1706064
G,NYSE,2020/04/29 16:00:00,35.08,36.03,34.9,35.65,1713682
G,NYSE,2020/04/30 16:00:00,35.16,35.2,34.43,34.43,1726419
G,NYSE,2020/05/01 16:00:00,33.59,34.08,33.19,34.04,860343
G,NYSE,2020/05/04 16:00:00,32.9,34.57,32.69,34.41,1425556
G,NYSE,2020/05/05 16:00:00,34.75,35.17,34.31,34.34,965736
G,NYSE,2020/05/06 16:00:00,34.6,34.92,33.97,34.38,966738
G,NYSE,2020/05/07 16:00:00,35.02,35.4,34.53,35.16,1024303
G,NYSE,2020/05/08 16:00:00,35.54,36.06,35.15,35.66,736441
G,NYSE,2020/05/11 16:00:00,35.3,35.33,34.79,34.88,1496731
G,NYSE,2020/05/12 16:00:00,37.14,37.5,34.21,34.21,3144661
G,NYSE,2020/05/13 16:00:00,33.97,34.12,32.56,33.06,3104639
G,NYSE,2020/05/14 16:00:00,32.45,33.12,31.85,32.91,1968505
G,NYSE,2020/05/15 16:00:00,32.57,32.82,31.96,32.71,1563064
G,NYSE,2020/05/18 16:00:00,33.74,35.13,33.59,34.98,1873177
G,NYSE,2020/05/19 16:00:00,34.86,34.97,33.73,33.73,1004846
G,NYSE,2020/05/20 16:00:00,34.56,34.81,34.15,34.23,689990
G,NYSE,2020/05/21 16:00:00,34.3,34.43,33.9,34.09,1364104
G,NYSE,2020/05/22 16:00:00,34.09,34.14,33.45,33.84,990028
G,NYSE,2020/05/26 16:00:00,35.08,35.65,34.63,35.33,1402946
G,NYSE,2020/05/27 16:00:00,36.36,37.04,35.86,36.7,1834638
G,NYSE,2020/05/28 16:00:00,36.81,36.81,35.9,36.11,1361198
G,NYSE,2020/05/29 16:00:00,36.15,36.2,35.27,35.95,1015986
G,NYSE,2020/06/01 16:00:00,35.99,36.82,35.8,36.44,1041501
G,NYSE,2020/06/02 16:00:00,36.58,37.08,36.51,36.94,871561
G,NYSE,2020/06/03 16:00:00,37,37.72,36.91,37.28,921628
G,NYSE,2020/06/04 16:00:00,36.97,37.32,36.86,37.05,736662
G,NYSE,2020/06/05 16:00:00,37.99,38.42,37.58,37.69,1234083
G,NYSE,2020/06/08 16:00:00,37.96,38.29,37.76,38.27,896635
G,NYSE,2020/06/09 16:00:00,37.74,37.89,36.85,36.95,721227
G,NYSE,2020/06/10 16:00:00,36.72,36.84,36.01,36.3,1229184
G,NYSE,2020/06/11 16:00:00,34.89,35.26,34.13,34.21,1217387
G,NYSE,2020/06/12 16:00:00,35.35,35.9,34.72,35.8,1327434
G,NYSE,2020/06/15 16:00:00,34.59,35.78,34.47,35.63,1020522
G,NYSE,2020/06/16 16:00:00,36.64,37,35.85,36.2,623198
G,NYSE,2020/06/17 16:00:00,36.25,36.33,35.65,35.8,980334
G,NYSE,2020/06/18 16:00:00,35.54,35.9,35.34,35.76,727742
G,NYSE,2020/06/19 16:00:00,36.41,36.54,35.15,35.17,1769248
G,NYSE,2020/06/22 16:00:00,35.14,35.66,34.53,35.44,1496923
G,NYSE,2020/06/23 16:00:00,35.76,36.53,35.66,36.26,1428651
G,NYSE,2020/06/24 16:00:00,35.87,35.92,34.8,35.24,1198262
G,NYSE,2020/06/25 16:00:00,35.19,36.35,35.17,36.29,1673241
G,NYSE,2020/06/26 16:00:00,36.32,36.34,35.29,36.15,3995423
G,NYSE,2020/06/29 16:00:00,36.38,36.39,35.59,36.11,976634
G,NYSE,2020/06/30 16:00:00,36.1,36.68,35.95,36.52,1033851
G,NYSE,2020/07/01 16:00:00,36.49,36.94,36.21,36.71,1045840
G,NYSE,2020/07/02 16:00:00,37.08,37.4,36.51,36.56,557177
G,NYSE,2020/07/06 16:00:00,37.15,37.15,36.3,36.39,449786
G,NYSE,2020/07/07 16:00:00,36.15,36.41,35.54,35.58,544640
G,NYSE,2020/07/08 16:00:00,35.6,36.09,35.26,35.63,474065
G,NYSE,2020/07/09 16:00:00,35.51,35.79,34.66,35.07,521096
G,NYSE,2020/07/10 16:00:00,35.02,35.59,34.74,35.59,783939
G,NYSE,2020/07/13 16:00:00,35.79,36.08,35.13,35.15,821824
G,NYSE,2020/07/14 16:00:00,35.09,35.22,34.52,34.93,661351
G,NYSE,2020/07/15 16:00:00,35.51,36.48,35.51,36.31,869982
G,NYSE,2020/07/16 16:00:00,36.14,37.99,36.06,37.74,1313717
G,NYSE,2020/07/17 16:00:00,37.95,38.54,37.65,38.38,1366693
G,NYSE,2020/07/20 16:00:00,38.28,38.63,38.14,38.49,775020
G,NYSE,2020/07/21 16:00:00,38.7,39,38.44,38.61,958505
G,NYSE,2020/07/22 16:00:00,38.51,39.24,38.51,39.2,542418
G,NYSE,2020/07/23 16:00:00,39.1,39.6,38.61,38.67,1814296
G,NYSE,2020/07/24 16:00:00,38.66,39.15,38.38,39.09,957450
G,NYSE,2020/07/27 16:00:00,39.15,39.86,38.92,39.83,767178
G,NYSE,2020/07/28 16:00:00,39.69,39.94,39.04,39.17,567833
G,NYSE,2020/07/29 16:00:00,39.39,40.19,39.37,39.76,640125
G,NYSE,2020/07/30 16:00:00,39.31,39.89,38.8,39.81,697328
G,NYSE,2020/07/31 16:00:00,39.77,39.94,39.15,39.82,595189
G,NYSE,2020/08/03 16:00:00,40,40.61,39.7,40.55,719981
G,NYSE,2020/08/04 16:00:00,40.49,40.98,40.35,40.77,1113122
G,NYSE,2020/08/05 16:00:00,41,41.23,40.27,41.1,1001388
G,NYSE,2020/08/06 16:00:00,41,41.81,40.74,41.76,2139729
G,NYSE,2020/08/07 16:00:00,41.77,42.4,40.04,41.38,2872903
G,NYSE,2020/08/10 16:00:00,41.6,42.32,41.4,41.86,1739846
G,NYSE,2020/08/11 16:00:00,42.03,42.15,41.39,41.5,1163006
G,NYSE,2020/08/12 16:00:00,41.75,42.18,41.65,42.03,937387
G,NYSE,2020/08/13 16:00:00,41.76,42.36,41.72,41.95,574960
G,NYSE,2020/08/14 16:00:00,41.78,42.08,41.59,41.83,423978
G,NYSE,2020/08/17 16:00:00,42.17,42.17,41.7,41.75,1163847
G,NYSE,2020/08/18 16:00:00,41.7,41.92,41.25,41.79,718370
G,NYSE,2020/08/19 16:00:00,42.14,42.21,41.87,41.94,423235
G,NYSE,2020/08/20 16:00:00,41.74,41.97,41.25,41.3,596435
G,NYSE,2020/08/21 16:00:00,41.27,41.46,40.99,41.16,752730
G,NYSE,2020/08/24 16:00:00,41.52,42.02,41.45,41.9,479076
G,NYSE,2020/08/25 16:00:00,41.98,42.15,41.76,42.12,501230
G,NYSE,2020/08/26 16:00:00,42.25,42.25,41.73,41.82,639964
G,NYSE,2020/08/27 16:00:00,42.1,42.36,41.97,42.18,512513
G,NYSE,2020/08/28 16:00:00,42.28,42.72,42.16,42.71,373689
G,NYSE,2020/08/31 16:00:00,42.68,42.68,41.99,42.18,513837
G,NYSE,2020/09/01 16:00:00,42,42.21,41.38,41.48,1411375
G,NYSE,2020/09/02 16:00:00,41.67,42.08,41.35,42.04,952600
G,NYSE,2020/09/03 16:00:00,41.88,41.88,39.84,40.16,793497
G,NYSE,2020/09/04 16:00:00,40.43,40.67,38.86,39.26,722668
G,NYSE,2020/09/08 16:00:00,38.56,39.16,38.11,38.42,962341
G,NYSE,2020/09/09 16:00:00,38.77,39.07,38.59,38.83,1420397
G,NYSE,2020/09/10 16:00:00,39.07,39.42,38.39,38.47,649657
G,NYSE,2020/09/11 16:00:00,38.64,38.72,38.01,38.32,705667
G,NYSE,2020/09/14 16:00:00,38.74,39.41,38.74,38.96,827205
G,NYSE,2020/09/15 16:00:00,39.42,39.77,39.27,39.59,927315
G,NYSE,2020/09/16 16:00:00,39.81,40.31,39.68,39.73,610999
G,NYSE,2020/09/17 16:00:00,39.13,39.79,39.03,39.56,767102
G,NYSE,2020/09/18 16:00:00,39.74,40.21,38.61,38.71,1230439
G,NYSE,2020/09/21 16:00:00,37.91,38.06,37.25,37.63,836097
G,NYSE,2020/09/22 16:00:00,37.93,39.06,37.89,38.87,898084
G,NYSE,2020/09/23 16:00:00,38.82,39.17,37.63,37.73,828432
G,NYSE,2020/09/24 16:00:00,37.6,38.06,37.32,37.64,483950
G,NYSE,2020/09/25 16:00:00,37.46,38.33,37.46,38.14,636019
G,NYSE,2020/09/28 16:00:00,38.67,39.36,38.65,38.98,582432
G,NYSE,2020/09/29 16:00:00,38.98,39.15,38.46,38.68,393149
G,NYSE,2020/09/30 16:00:00,38.7,39.37,38.7,38.95,730506
G,NYSE,2020/10/01 16:00:00,39.05,39.53,38.66,38.74,945357
G,NYSE,2020/10/02 16:00:00,38.12,39.02,38.12,38.57,915316
G,NYSE,2020/10/05 16:00:00,39.01,39.08,38.5,38.83,993659
G,NYSE,2020/10/06 16:00:00,39.05,39.17,37.96,38.18,1274078
G,NYSE,2020/10/07 16:00:00,38.5,39.08,38.37,38.5,2278126
G,NYSE,2020/10/08 16:00:00,38.8,39.03,38.68,38.89,2238793
G,NYSE,2020/10/09 16:00:00,39.32,39.69,38.96,39.4,1546758
G,NYSE,2020/10/12 16:00:00,39.74,40.22,39.35,40.11,1364095
G,NYSE,2020/10/13 16:00:00,40.03,40.09,39.05,39.2,797950
G,NYSE,2020/10/14 16:00:00,39.19,39.57,38.85,38.92,515203
G,NYSE,2020/10/15 16:00:00,38.39,38.97,38.33,38.78,560412
G,NYSE,2020/10/16 16:00:00,39.02,39.27,38.38,38.41,452013
G,NYSE,2020/10/19 16:00:00,38.6,38.75,37.37,37.4,862714
G,NYSE,2020/10/20 16:00:00,37.61,38,37.3,37.35,1218630
G,NYSE,2020/10/21 16:00:00,37.41,37.61,36.82,36.92,1026229
G,NYSE,2020/10/22 16:00:00,37.04,37.2,36.43,36.98,1767498
G,NYSE,2020/10/23 16:00:00,37.31,37.48,36.98,37,2303258
G,NYSE,2020/10/26 16:00:00,36.62,36.69,35.09,35.55,759184
G,NYSE,2020/10/27 16:00:00,35.39,35.69,35.28,35.3,924538
G,NYSE,2020/10/28 16:00:00,34.7,34.92,33.94,34.01,760113
G,NYSE,2020/10/29 16:00:00,33.96,34.46,33.91,34.23,725767
G,NYSE,2020/10/30 16:00:00,34.07,34.63,33.91,34.37,885431
G,NYSE,2020/11/02 16:00:00,34.74,35.79,34.48,35.66,1525765
G,NYSE,2020/11/03 16:00:00,35.12,36.63,34.76,36.38,2037617
G,NYSE,2020/11/04 16:00:00,36.67,38,36.28,37.55,1839353
G,NYSE,2020/11/05 16:00:00,38.27,39.5,38.03,38.9,1719947
G,NYSE,2020/11/06 16:00:00,38.86,39.39,38.77,39.02,1005990
G,NYSE,2020/11/09 16:00:00,40,41.49,39.97,39.98,1218719
G,NYSE,2020/11/10 16:00:00,40.12,40.64,39.7,40.32,634645
G,NYSE,2020/11/11 16:00:00,40.51,40.69,40.07,40.45,662078
G,NYSE,2020/11/12 16:00:00,40.45,40.59,39.58,39.75,787070
G,NYSE,2020/11/13 16:00:00,40.01,40.65,39.95,40.51,349954
G,NYSE,2020/11/16 16:00:00,40.93,41.06,40.28,40.66,600945
G,NYSE,2020/11/17 16:00:00,40.34,40.85,40.05,40.7,579243
G,NYSE,2020/11/18 16:00:00,40.64,40.79,40.24,40.49,899947
G,NYSE,2020/11/19 16:00:00,40.36,40.9,39.95,40.6,1290302
G,NYSE,2020/11/20 16:00:00,40.57,40.97,40.53,40.61,574905
G,NYSE,2020/11/23 16:00:00,40.95,41.17,40.73,41.02,388877
G,NYSE,2020/11/24 16:00:00,41.41,41.78,41.16,41.62,533568
G,NYSE,2020/11/25 16:00:00,41.48,41.58,40.68,41.02,974750
G,NYSE,2020/11/27 13:00:00,41.14,41.39,40.68,41.11,425442
G,NYSE,2020/11/30 16:00:00,41.1,41.15,40.6,40.65,822493
G,NYSE,2020/12/01 16:00:00,40.93,41.3,40.6,40.67,543616
G,NYSE,2020/12/02 16:00:00,40.54,41,40.37,40.94,663465
G,NYSE,2020/12/03 16:00:00,40.93,41.11,39.91,40.01,628171
G,NYSE,2020/12/04 16:00:00,40.25,41.02,40.07,41,853674
G,NYSE,2020/12/07 16:00:00,40.83,40.98,40.47,40.68,543762
G,NYSE,2020/12/08 16:00:00,40.4,41.04,40.37,40.9,540280
G,NYSE,2020/12/09 16:00:00,41,41.2,40.64,40.95,819252
G,NYSE,2020/12/10 16:00:00,40.77,41.14,40.47,40.86,642680
G,NYSE,2020/12/11 16:00:00,40.55,40.73,40.23,40.38,1014542
G,NYSE,2020/12/14 16:00:00,40.66,41.37,40.5,40.5,754784
G,NYSE,2020/12/15 16:00:00,40.83,41.15,40.42,41.15,745070
G,NYSE,2020/12/16 16:00:00,41.19,41.4,40.95,41.17,591928
G,NYSE,2020/12/17 16:00:00,41.5,42.52,41.18,42.34,905923
G,NYSE,2020/12/18 16:00:00,42.4,42.81,42.15,42.67,1462646
G,NYSE,2020/12/21 16:00:00,41.87,42.06,41.23,41.98,508033
G,NYSE,2020/12/22 16:00:00,41.89,42.05,41.67,41.8,545169
G,NYSE,2020/12/23 16:00:00,42.05,42.16,41.53,41.76,968597
G,NYSE,2020/12/24 13:00:00,41.88,41.89,41.48,41.75,323255
G,NYSE,2020/12/28 16:00:00,41.99,42.25,41.54,41.55,470691
G,NYSE,2020/12/29 16:00:00,41.85,41.85,41.08,41.1,474558
G,NYSE,2020/12/30 16:00:00,41.21,41.55,41.12,41.23,419029
G,NYSE,2020/12/31 16:00:00,41.3,41.44,40.96,41.36,595411
G,NYSE,2021/01/04 16:00:00,41.33,41.44,40.14,40.48,833770
G,NYSE,2021/01/05 16:00:00,40.61,41.38,40.61,41.13,1732006
G,NYSE,2021/01/06 16:00:00,41.12,41.87,40.98,41.17,667466
G,NYSE,2021/01/07 16:00:00,41.31,41.95,41.19,41.33,722987
G,NYSE,2021/01/08 16:00:00,41.67,41.91,41.38,41.5,1092464
G,NYSE,2021/01/11 16:00:00,41.17,41.56,41.01,41.15,670886
G,NYSE,2021/01/12 16:00:00,41.16,41.53,40.96,41.43,598458
G,NYSE,2021/01/13 16:00:00,41.43,41.74,40.88,40.88,565080
G,NYSE,2021/01/14 16:00:00,41.13,41.39,40.86,40.94,757507
G,NYSE,2021/01/15 16:00:00,40.74,41.21,40.7,40.98,476980
G,NYSE,2021/01/19 16:00:00,41.28,41.32,40.82,40.85,831293
G,NYSE,2021/01/20 16:00:00,41.15,42.12,41.06,42.04,537882
G,NYSE,2021/01/21 16:00:00,42.18,42.42,41.3,41.3,637127
G,NYSE,2021/01/22 16:00:00,40.96,41.59,40.88,41.46,530027
G,NYSE,2021/01/25 16:00:00,41.41,41.5,40.85,40.94,640239
G,NYSE,2021/01/26 16:00:00,41.03,41.13,40.6,40.69,2267259
G,NYSE,2021/01/27 16:00:00,40,40.08,38.45,38.45,871357
G,NYSE,2021/01/28 16:00:00,38.83,40.01,38.72,39.88,1060541
G,NYSE,2021/01/29 16:00:00,39.74,39.75,38.28,38.28,880827
G,NYSE,2021/02/01 16:00:00,38.59,39.53,38.59,39.2,624786
G,NYSE,2021/02/02 16:00:00,39.79,40.49,39.67,40.19,1041294
G,NYSE,2021/02/03 16:00:00,40.17,40.48,39.79,40.03,813841
G,NYSE,2021/02/04 16:00:00,40.25,40.74,40.09,40.54,1854486
G,NYSE,2021/02/05 16:00:00,40.96,41.24,40.69,41.05,741387
G,NYSE,2021/02/08 16:00:00,41.16,42.07,41.07,42.04,976531
G,NYSE,2021/02/09 16:00:00,42.13,43.94,41.78,43.57,2007468
G,NYSE,2021/02/10 16:00:00,42.64,43,41.45,42.27,2456422
G,NYSE,2021/02/11 16:00:00,42.43,43.4,41.75,42.02,1809542
G,NYSE,2021/02/12 16:00:00,41.81,42.29,41.63,42.08,1020245
G,NYSE,2021/02/16 16:00:00,42.1,42.22,41.04,41.05,1690751
G,NYSE,2021/02/17 16:00:00,40.7,41,40.46,40.48,1479889
G,NYSE,2021/02/18 16:00:00,40.16,40.69,40.07,40.1,2172635
G,NYSE,2021/02/19 16:00:00,40.17,40.27,39.58,39.66,2001965
G,NYSE,2021/02/22 16:00:00,39.27,40.21,39.04,39.83,2115769
G,NYSE,2021/02/23 16:00:00,39.77,40.62,39.68,40.27,5688878
G,NYSE,2021/02/24 16:00:00,40.34,41.7,40.28,41.33,1396557
G,NYSE,2021/02/25 16:00:00,41.05,41.71,40.78,41.4,2053478
G,NYSE,2021/02/26 16:00:00,41.54,41.76,40.21,40.44,1827917
G,NYSE,2021/03/01 16:00:00,40.95,41.34,40.68,40.76,1007441
G,NYSE,2021/03/02 16:00:00,40.54,41.9,40.54,41.74,3657174
G,NYSE,2021/03/03 16:00:00,41.69,41.7,40.56,40.58,1668349
G,NYSE,2021/03/04 16:00:00,40.6,40.97,39.32,39.97,986138
G,NYSE,2021/03/05 16:00:00,40.45,41.45,39.61,41.41,1110193
G,NYSE,2021/03/08 16:00:00,41.27,42.18,41.09,41.45,1115529
G,NYSE,2021/03/09 16:00:00,41.72,42.63,41.55,41.77,1283192
G,NYSE,2021/03/10 16:00:00,41.93,42.69,41.61,42.49,1595794
G,NYSE,2021/03/11 16:00:00,42.79,43.09,42.49,42.74,795095
G,NYSE,2021/03/12 16:00:00,42.45,42.95,42.19,42.9,522932
G,NYSE,2021/03/15 16:00:00,42.82,43.44,42.67,43.3,518866
G,NYSE,2021/03/16 16:00:00,43.32,43.49,42.92,43.11,538530
G,NYSE,2021/03/17 16:00:00,42.91,43.26,42.53,43.26,616122
G,NYSE,2021/03/18 16:00:00,42.93,43.43,42.68,42.82,841284
G,NYSE,2021/03/19 16:00:00,42.97,43.11,42.54,42.71,1537775
G,NYSE,2021/03/22 16:00:00,42.64,43.48,42.5,43.21,622866
G,NYSE,2021/03/23 16:00:00,43.16,43.38,42.62,42.86,661444
G,NYSE,2021/03/24 16:00:00,42.92,43.89,42.92,43.38,1019613
G,NYSE,2021/03/25 16:00:00,43.17,43.6,42.56,43.44,882407
G,NYSE,2021/03/26 16:00:00,43.56,44.71,43.55,44.64,700497
G,NYSE,2021/03/29 16:00:00,44.53,44.83,44.04,44.26,1055592
G,NYSE,2021/03/30 16:00:00,44.08,44.36,43.49,44.03,653855
G,NYSE,2021/03/31 16:00:00,44.07,44.33,42.77,42.82,1630699
G,NYSE,2021/04/01 16:00:00,43.16,43.64,42.91,43.2,1030466
G,NYSE,2021/04/05 16:00:00,43.63,44.19,43.43,43.99,886916
G,NYSE,2021/04/06 16:00:00,43.78,44.41,43.78,44.28,1042277
G,NYSE,2021/04/07 16:00:00,44.46,44.77,43.95,44,929144
G,NYSE,2021/04/08 16:00:00,44.13,44.6,44.04,44.24,2236540
G,NYSE,2021/04/09 16:00:00,44.27,44.66,44.23,44.44,475461
HII,NYSE,2019/04/01 16:00:00,208.74,212.73,208.7,212.44,362162
HII,NYSE,2019/04/02 16:00:00,212.78,213.01,210.55,210.82,267500
HII,NYSE,2019/04/03 16:00:00,211.9,212.12,207.11,208.62,274574
HII,NYSE,2019/04/04 16:00:00,208.94,212.29,208.94,209.49,240204
HII,NYSE,2019/04/05 16:00:00,209.74,212.86,209.74,212.8,254578
HII,NYSE,2019/04/08 16:00:00,211.21,214.49,210.19,214.23,207962
HII,NYSE,2019/04/09 16:00:00,212.95,214.48,211.2,212.88,469507
HII,NYSE,2019/04/10 16:00:00,212.64,212.83,210.8,212.23,204486
HII,NYSE,2019/04/11 16:00:00,212.29,218.58,211.52,217.53,364369
HII,NYSE,2019/04/12 16:00:00,219.07,220.01,218.3,219.28,329407
HII,NYSE,2019/04/15 16:00:00,219.09,219.28,217.14,219.17,435903
HII,NYSE,2019/04/16 16:00:00,220.18,221.73,219.4,221.05,249405
HII,NYSE,2019/04/17 16:00:00,221.5,222.99,219,219.95,276266
HII,NYSE,2019/04/18 16:00:00,221.04,222.61,220.32,220.9,173607
HII,NYSE,2019/04/22 16:00:00,220.35,220.35,218.04,219.09,173846
HII,NYSE,2019/04/23 16:00:00,220.55,227.09,220.55,225.67,354128
HII,NYSE,2019/04/24 16:00:00,226,226.77,224.41,225.34,275157
HII,NYSE,2019/04/25 16:00:00,225.69,226.54,220.74,223.32,266200
HII,NYSE,2019/04/26 16:00:00,223.27,223.75,220.63,221.54,255663
HII,NYSE,2019/04/29 16:00:00,221.83,223.53,220.43,220.94,241931
HII,NYSE,2019/04/30 16:00:00,221.22,222.91,220.01,222.58,329314
HII,NYSE,2019/05/01 16:00:00,223.6,225.98,222.98,223.14,223097
HII,NYSE,2019/05/02 16:00:00,215.59,216.5,200.58,207.63,881243
HII,NYSE,2019/05/03 16:00:00,207.63,213.08,207.07,212.03,421641
HII,NYSE,2019/05/06 16:00:00,210.23,211.1,207.71,210.64,337018
HII,NYSE,2019/05/07 16:00:00,208.74,210.07,206.82,208.55,360857
HII,NYSE,2019/05/08 16:00:00,207.92,209.31,204.93,206.92,407758
HII,NYSE,2019/05/09 16:00:00,205.72,208.34,204.22,207.38,305183
HII,NYSE,2019/05/10 16:00:00,207.02,208.9,204.38,208.54,316658
HII,NYSE,2019/05/13 16:00:00,205.15,206.1,202.62,205.28,418033
HII,NYSE,2019/05/14 16:00:00,205.64,207.92,204.48,205.74,209621
HII,NYSE,2019/05/15 16:00:00,203.94,206.16,202.01,205.01,167112
HII,NYSE,2019/05/16 16:00:00,206.4,210.53,205.88,208.73,281371
HII,NYSE,2019/05/17 16:00:00,207.13,209.14,206.42,207,218682
HII,NYSE,2019/05/20 16:00:00,206.48,210.79,206.48,209.95,243817
HII,NYSE,2019/05/21 16:00:00,211.31,212.38,210,211.98,184057
HII,NYSE,2019/05/22 16:00:00,211.43,211.43,209.36,210.02,203938
HII,NYSE,2019/05/23 16:00:00,207.49,208.4,202.14,204.32,329014
HII,NYSE,2019/05/24 16:00:00,205.34,206.63,203.99,205.54,187472
HII,NYSE,2019/05/28 16:00:00,205.5,206.54,204.52,204.59,357470
HII,NYSE,2019/05/29 16:00:00,204.51,206.08,203.38,204.39,257853
HII,NYSE,2019/05/30 16:00:00,204.86,207,204.25,204.86,217817
HII,NYSE,2019/05/31 16:00:00,204.34,205.28,202.75,205.12,245224
HII,NYSE,2019/06/03 16:00:00,205.12,209.83,205.1,207.83,291978
HII,NYSE,2019/06/04 16:00:00,209.05,212.49,207.99,211.1,357162
HII,NYSE,2019/06/05 16:00:00,212.38,215.99,211.49,215.81,259284
HII,NYSE,2019/06/06 16:00:00,216.55,216.76,212.79,214.67,198364
HII,NYSE,2019/06/07 16:00:00,215.85,218.74,213.03,218.2,232232
HII,NYSE,2019/06/10 16:00:00,219.74,220.09,214.07,214.73,275105
HII,NYSE,2019/06/11 16:00:00,215.15,215.8,207.69,209.27,355051
HII,NYSE,2019/06/12 16:00:00,209,210.97,208.12,210.94,208441
HII,NYSE,2019/06/13 16:00:00,212,215.21,210.42,214.92,184447
HII,NYSE,2019/06/14 16:00:00,215.14,215.66,211.94,214.79,238775
HII,NYSE,2019/06/17 16:00:00,215.19,217.95,214.58,216,178425
HII,NYSE,2019/06/18 16:00:00,216.97,220.16,216.12,219.16,209846
HII,NYSE,2019/06/19 16:00:00,219.16,222.7,219.16,221.78,244461
HII,NYSE,2019/06/20 16:00:00,223.41,225.62,222.42,224.76,327267
HII,NYSE,2019/06/21 16:00:00,224.73,224.95,221.42,222.9,609353
HII,NYSE,2019/06/24 16:00:00,222.83,225.24,222.55,222.65,219532
HII,NYSE,2019/06/25 16:00:00,222.65,226.01,221.22,223.48,331585
HII,NYSE,2019/06/26 16:00:00,223.56,224.26,221.56,223.3,376136
HII,NYSE,2019/06/27 16:00:00,223.87,225.49,222.72,223.94,240280
HII,NYSE,2019/06/28 16:00:00,224.39,226.43,223.5,224.74,795836
HII,NYSE,2019/07/01 16:00:00,226.41,227.83,223.75,224.44,239221
HII,NYSE,2019/07/02 16:00:00,225.13,232.04,224.72,229.29,507457
HII,NYSE,2019/07/03 13:00:00,229.53,233.06,229.25,232.73,179058
HII,NYSE,2019/07/05 16:00:00,231.89,232.27,227.71,230.53,167832
HII,NYSE,2019/07/08 16:00:00,228.68,230.13,227.77,228.83,194752
HII,NYSE,2019/07/09 16:00:00,227.69,231.45,226.54,231.24,224680
HII,NYSE,2019/07/10 16:00:00,232,232.98,229.87,230.39,219621
HII,NYSE,2019/07/11 16:00:00,230.28,232.96,229.24,232.71,260608
HII,NYSE,2019/07/12 16:00:00,233.38,235.43,232.4,234.67,183234
HII,NYSE,2019/07/15 16:00:00,234.73,234.9,232.03,234.85,178601
HII,NYSE,2019/07/16 16:00:00,235.29,237.84,234.92,236.15,222496
HII,NYSE,2019/07/17 16:00:00,235.15,235.15,230.42,231.35,247968
HII,NYSE,2019/07/18 16:00:00,230.21,230.98,226.69,229.87,241569
HII,NYSE,2019/07/19 16:00:00,231.22,232.87,229.62,230.02,155562
HII,NYSE,2019/07/22 16:00:00,229.66,229.72,226.51,228.84,276479
HII,NYSE,2019/07/23 16:00:00,231.28,231.28,226.85,230.3,181144
HII,NYSE,2019/07/24 16:00:00,229.44,234.62,229.44,233.67,175217
HII,NYSE,2019/07/25 16:00:00,233.67,235.88,232.56,233.37,309391
HII,NYSE,2019/07/26 16:00:00,233.48,234.49,232.28,233.97,191191
HII,NYSE,2019/07/29 16:00:00,234.1,234.58,232.15,233.85,150805
HII,NYSE,2019/07/30 16:00:00,231.89,233.17,230.23,233.14,189045
HII,NYSE,2019/07/31 16:00:00,233.13,235.18,228.3,228.3,379921
HII,NYSE,2019/08/01 16:00:00,210.01,216.41,205.34,215.01,1137685
HII,NYSE,2019/08/02 16:00:00,214.81,214.94,203.71,206.19,852137
HII,NYSE,2019/08/05 16:00:00,203.53,205.82,197.43,201.76,512819
HII,NYSE,2019/08/06 16:00:00,203.01,206.73,201.29,206.1,441787
HII,NYSE,2019/08/07 16:00:00,203.29,208.03,202.53,207.37,546103
HII,NYSE,2019/08/08 16:00:00,208.3,213.21,208.3,212.12,351782
HII,NYSE,2019/08/09 16:00:00,211.84,211.84,208.4,209.36,214863
HII,NYSE,2019/08/12 16:00:00,208,208,202.75,203.91,228854
HII,NYSE,2019/08/13 16:00:00,204.49,207.16,203.25,203.74,179622
HII,NYSE,2019/08/14 16:00:00,201.3,202.32,199.29,200.81,330656
HII,NYSE,2019/08/15 16:00:00,201.3,204.18,200,203.95,305637
HII,NYSE,2019/08/16 16:00:00,205.3,208.24,203.96,206.82,290711
HII,NYSE,2019/08/19 16:00:00,209.37,209.97,207.91,208.24,183408
HII,NYSE,2019/08/20 16:00:00,207.68,208.28,206.29,207.51,161811
HII,NYSE,2019/08/21 16:00:00,209.57,210.82,208.47,209.43,182563
HII,NYSE,2019/08/22 16:00:00,210.03,210.54,207.18,208.54,157054
HII,NYSE,2019/08/23 16:00:00,207.91,209.55,203.38,204.27,337615
HII,NYSE,2019/08/26 16:00:00,206.23,206.65,202.52,204.62,285078
HII,NYSE,2019/08/27 16:00:00,205.41,205.75,201.53,202.61,151104
HII,NYSE,2019/08/28 16:00:00,201.59,204.79,200.45,203.81,224234
HII,NYSE,2019/08/29 16:00:00,205.37,207.88,204.54,207.27,181696
HII,NYSE,2019/08/30 16:00:00,208.94,210.22,208.33,209,159525
HII,NYSE,2019/09/03 16:00:00,206.68,208.48,205.24,208.04,202083
HII,NYSE,2019/09/04 16:00:00,209.72,210.34,207.7,208.56,232814
HII,NYSE,2019/09/05 16:00:00,210.04,214.71,209.93,214.24,382578
HII,NYSE,2019/09/06 16:00:00,215.33,217.2,214.19,215,231502
HII,NYSE,2019/09/09 16:00:00,215.52,216.75,212.56,215.45,367083
HII,NYSE,2019/09/10 16:00:00,215.61,217.93,213.04,217.88,225999
HII,NYSE,2019/09/11 16:00:00,218.24,220.88,217.46,220.38,201290
HII,NYSE,2019/09/12 16:00:00,220.44,220.88,215.88,216.79,336269
HII,NYSE,2019/09/13 16:00:00,217.64,219.87,217.64,218.31,247416
HII,NYSE,2019/09/16 16:00:00,220,223.44,219.84,222.66,277099
HII,NYSE,2019/09/17 16:00:00,221.75,222.91,219.35,221.08,261713
HII,NYSE,2019/09/18 16:00:00,220.99,221.12,217.54,219.7,281430
HII,NYSE,2019/09/19 16:00:00,220.35,220.78,218.29,218.46,182381
HII,NYSE,2019/09/20 16:00:00,218.98,219.22,214.25,214.82,446914
HII,NYSE,2019/09/23 16:00:00,213.4,214.4,212.18,212.34,190294
HII,NYSE,2019/09/24 16:00:00,213.91,215.38,212.31,212.64,235132
HII,NYSE,2019/09/25 16:00:00,213.5,214.43,212.37,213.75,182716
HII,NYSE,2019/09/26 16:00:00,214.3,215.45,212.91,214.26,227497
HII,NYSE,2019/09/27 16:00:00,215.33,216.1,211.8,213.39,229521
HII,NYSE,2019/09/30 16:00:00,214.06,215.25,211.56,211.79,182561
HII,NYSE,2019/10/01 16:00:00,212.64,213.85,205.46,206.47,321478
HII,NYSE,2019/10/02 16:00:00,205.19,205.19,199.6,200.16,265852
HII,NYSE,2019/10/03 16:00:00,200.86,203.11,198.49,202.93,213754
HII,NYSE,2019/10/04 16:00:00,203.45,205.33,201.25,204.98,237615
HII,NYSE,2019/10/07 16:00:00,204.54,207.51,203.6,205.55,220518
HII,NYSE,2019/10/08 16:00:00,204.25,205.87,202.1,203.26,255413
HII,NYSE,2019/10/09 16:00:00,205.77,207.3,204.61,205.63,148022
HII,NYSE,2019/10/10 16:00:00,205.17,210.63,205.17,208.59,231262
HII,NYSE,2019/10/11 16:00:00,210.58,213.71,210.58,211.74,197246
HII,NYSE,2019/10/14 16:00:00,211.12,213.51,210.47,212.47,180946
HII,NYSE,2019/10/15 16:00:00,213.17,215.03,212.22,213.19,256906
HII,NYSE,2019/10/16 16:00:00,213.36,215.5,212.09,215.01,185602
HII,NYSE,2019/10/17 16:00:00,214.6,215.3,211.61,211.75,235019
HII,NYSE,2019/10/18 16:00:00,212.02,212.03,208.55,210.1,207696
HII,NYSE,2019/10/21 16:00:00,211.23,212.55,210.45,211.01,181162
HII,NYSE,2019/10/22 16:00:00,211.58,215.72,210.06,215.16,318121
HII,NYSE,2019/10/23 16:00:00,214.65,217.32,212.27,217.16,306810
HII,NYSE,2019/10/24 16:00:00,217.9,221.33,215.7,220.72,276073
HII,NYSE,2019/10/25 16:00:00,220.86,223.56,220.54,221.19,173522
HII,NYSE,2019/10/28 16:00:00,222,224.35,222,222.69,179592
HII,NYSE,2019/10/29 16:00:00,222.01,223.73,221.62,222.57,292511
HII,NYSE,2019/10/30 16:00:00,222.01,225.22,220.6,225.09,166920
HII,NYSE,2019/10/31 16:00:00,224.12,225.66,222.12,225.66,183671
HII,NYSE,2019/11/01 16:00:00,227.23,232.16,227.19,230.23,350634
HII,NYSE,2019/11/04 16:00:00,231.92,231.92,227.67,228.76,243114
HII,NYSE,2019/11/05 16:00:00,229.04,230.41,226.94,230.14,284278
HII,NYSE,2019/11/06 16:00:00,230.02,233.99,229.99,233.99,289306
HII,NYSE,2019/11/07 16:00:00,240,254.14,235,250.45,643113
HII,NYSE,2019/11/08 16:00:00,251.08,252.92,248.74,251.21,453670
HII,NYSE,2019/11/11 16:00:00,250,253.99,248.17,251.9,300682
HII,NYSE,2019/11/12 16:00:00,251.17,256.24,250.54,253.96,307121
HII,NYSE,2019/11/13 16:00:00,252.09,255.54,250.27,254.5,318208
HII,NYSE,2019/11/14 16:00:00,253.54,256.65,253.54,255.4,355059
HII,NYSE,2019/11/15 16:00:00,256.09,259.17,256.09,256.86,280705
HII,NYSE,2019/11/18 16:00:00,256.03,258.15,255.6,258.06,357071
HII,NYSE,2019/11/19 16:00:00,258.81,260.81,257.24,257.31,255709
HII,NYSE,2019/11/20 16:00:00,256.4,257.49,252.64,254.26,324255
HII,NYSE,2019/11/21 16:00:00,253.48,253.57,249.87,250.73,339243
HII,NYSE,2019/11/22 16:00:00,252.11,252.74,248.18,249.81,327805
HII,NYSE,2019/11/25 16:00:00,250.65,251.2,248.42,249.16,284293
HII,NYSE,2019/11/26 16:00:00,250.65,251.47,249,249.4,355902
HII,NYSE,2019/11/27 16:00:00,249.19,252.71,248.03,252.55,235398
HII,NYSE,2019/11/29 13:00:00,251.93,253.87,250.1,251.67,143021
HII,NYSE,2019/12/02 16:00:00,250.67,251.87,248.45,250.04,434700
HII,NYSE,2019/12/03 16:00:00,248.1,250.93,247.61,249.22,381376
HII,NYSE,2019/12/04 16:00:00,250.3,255.56,250,254.5,445774
HII,NYSE,2019/12/05 16:00:00,255.19,255.57,251.24,252.03,390768
HII,NYSE,2019/12/06 16:00:00,254.82,255.2,253.05,253.41,251841
HII,NYSE,2019/12/09 16:00:00,252.69,254.18,250.79,253.23,251655
HII,NYSE,2019/12/10 16:00:00,253.51,254.19,251.31,251.78,209157
HII,NYSE,2019/12/11 16:00:00,252.07,253.79,250.58,253.74,244465
HII,NYSE,2019/12/12 16:00:00,253.69,256.28,253.62,254.55,225895
HII,NYSE,2019/12/13 16:00:00,253.16,255.79,250.68,251.24,176814
HII,NYSE,2019/12/16 16:00:00,252.64,253.75,251.28,252.31,216744
HII,NYSE,2019/12/17 16:00:00,252.5,252.68,250.57,252.4,231911
HII,NYSE,2019/12/18 16:00:00,252.55,252.61,250.25,251.71,290843
HII,NYSE,2019/12/19 16:00:00,251.65,254.32,250.78,254.24,334959
HII,NYSE,2019/12/20 16:00:00,260.02,260.02,252.28,254.11,576727
HII,NYSE,2019/12/23 16:00:00,254.67,257.43,253.09,255.49,202805
HII,NYSE,2019/12/24 13:00:00,256.15,256.64,253.44,253.99,92504
HII,NYSE,2019/12/26 16:00:00,254.15,254.79,251.28,252.6,144901
HII,NYSE,2019/12/27 16:00:00,253.4,253.85,250.87,251.07,149114
HII,NYSE,2019/12/30 16:00:00,251.48,253.22,250.57,251.81,122962
HII,NYSE,2019/12/31 16:00:00,251.9,253.53,250.39,250.88,143227
HII,NYSE,2020/01/02 16:00:00,252,255.85,251.01,255.85,189081
HII,NYSE,2020/01/03 16:00:00,253.2,263.81,251.91,263.5,408074
HII,NYSE,2020/01/06 16:00:00,265.97,267.27,262.86,265,454644
HII,NYSE,2020/01/07 16:00:00,265,268.33,263.05,267.46,432949
HII,NYSE,2020/01/08 16:00:00,268.69,272.78,266.31,268.96,1054985
HII,NYSE,2020/01/09 16:00:00,269.92,277.02,269.04,276.01,962237
HII,NYSE,2020/01/10 16:00:00,276.25,279.71,270.56,270.94,384335
HII,NYSE,2020/01/13 16:00:00,271.3,275.37,270.19,274.82,185296
HII,NYSE,2020/01/14 16:00:00,273.47,273.47,270.43,271.39,308385
HII,NYSE,2020/01/15 16:00:00,271.69,276.01,271.69,274.1,237010
HII,NYSE,2020/01/16 16:00:00,275.37,277.06,274.78,276.57,344246
HII,NYSE,2020/01/17 16:00:00,278.28,278.39,276.78,277.81,201536
HII,NYSE,2020/01/21 16:00:00,277,279.6,275.97,278.57,298847
HII,NYSE,2020/01/22 16:00:00,276.16,277.08,273.71,275.74,244258
HII,NYSE,2020/01/23 16:00:00,275.33,278.21,274.38,277.1,167358
HII,NYSE,2020/01/24 16:00:00,277.76,277.8,274.43,276.47,227106
HII,NYSE,2020/01/27 16:00:00,272.07,275.48,271.22,274.11,231288
HII,NYSE,2020/01/28 16:00:00,274.86,276.95,271.35,274.3,319540
HII,NYSE,2020/01/29 16:00:00,275.09,275.32,262.08,264.34,607175
HII,NYSE,2020/01/30 16:00:00,261.59,265.97,261.59,265.81,270438
HII,NYSE,2020/01/31 16:00:00,265.03,265.65,258.86,261,383946
HII,NYSE,2020/02/03 16:00:00,262.63,266.51,260.74,261.35,272611
HII,NYSE,2020/02/04 16:00:00,264.12,267.08,264,265.06,249661
HII,NYSE,2020/02/05 16:00:00,267,270.45,265.44,269.56,224357
HII,NYSE,2020/02/06 16:00:00,271.01,271.01,267.99,268.18,201097
HII,NYSE,2020/02/07 16:00:00,267.63,269.61,267.37,269.14,187411
HII,NYSE,2020/02/10 16:00:00,268.72,271.14,266.66,268.92,242044
HII,NYSE,2020/02/11 16:00:00,270.16,270.6,266.14,268.07,270128
HII,NYSE,2020/02/12 16:00:00,269.24,270.08,266,270.08,363371
HII,NYSE,2020/02/13 16:00:00,260.07,264.65,249.08,250.36,635785
HII,NYSE,2020/02/14 16:00:00,251.74,252.35,245.35,246.21,523236
HII,NYSE,2020/02/18 16:00:00,245,245.11,237.25,237.5,668210
HII,NYSE,2020/02/19 16:00:00,239.28,240.32,235.07,235.7,538280
HII,NYSE,2020/02/20 16:00:00,235.02,239.52,234.93,237.42,362240
HII,NYSE,2020/02/21 16:00:00,236.31,237.48,234.14,236.02,246290
HII,NYSE,2020/02/24 16:00:00,231.54,236.37,229.46,234.84,365313
HII,NYSE,2020/02/25 16:00:00,235.31,235.86,221.64,222.83,380232
HII,NYSE,2020/02/26 16:00:00,224.41,227.29,218.97,219.76,424558
HII,NYSE,2020/02/27 16:00:00,212.98,219.32,211.28,215.25,669387
HII,NYSE,2020/02/28 16:00:00,208.48,212.38,200.91,205.53,1072449
HII,NYSE,2020/03/02 16:00:00,207.58,210.71,203.03,209.64,924148
HII,NYSE,2020/03/03 16:00:00,210.49,216.69,206.37,207.6,879201
HII,NYSE,2020/03/04 16:00:00,212.55,220.67,209.55,219.54,414992
HII,NYSE,2020/03/05 16:00:00,214.01,216.63,208.32,209.69,378788
HII,NYSE,2020/03/06 16:00:00,204.15,208.69,199.72,204.29,552288
HII,NYSE,2020/03/09 16:00:00,196.17,202.57,191.06,194.85,653740
HII,NYSE,2020/03/10 16:00:00,201.31,209.46,196.27,209.4,504028
HII,NYSE,2020/03/11 16:00:00,203.71,205.19,193.36,197.92,562846
HII,NYSE,2020/03/12 16:00:00,182.45,192.85,176.54,176.66,622763
HII,NYSE,2020/03/13 16:00:00,185.69,185.69,171.2,178.62,435475
HII,NYSE,2020/03/16 16:00:00,163.86,170.77,156.47,156.67,458677
HII,NYSE,2020/03/17 16:00:00,159.17,162.65,149.02,161.1,763950
HII,NYSE,2020/03/18 16:00:00,150.19,173.35,148.48,172.36,577510
HII,NYSE,2020/03/19 16:00:00,170.63,195.2,166.71,169.47,583761
HII,NYSE,2020/03/20 16:00:00,169.68,172.28,157.05,159.32,413932
HII,NYSE,2020/03/23 16:00:00,158.01,158.54,147.14,153.97,462665
HII,NYSE,2020/03/24 16:00:00,162.91,168.95,159.31,165.38,407691
HII,NYSE,2020/03/25 16:00:00,167.69,183.33,164.21,177.44,512298
HII,NYSE,2020/03/26 16:00:00,178.17,196.7,177.18,195.29,429789
HII,NYSE,2020/03/27 16:00:00,188.46,192.77,184.61,185.59,473910
HII,NYSE,2020/03/30 16:00:00,186.5,192.25,184.73,189.54,385217
HII,NYSE,2020/03/31 16:00:00,187.6,190.22,179.22,182.21,519784
HII,NYSE,2020/04/01 16:00:00,174.6,177.83,170.03,173.14,402077
HII,NYSE,2020/04/02 16:00:00,171.95,184.03,171.42,180.64,361842
HII,NYSE,2020/04/03 16:00:00,178.1,184.49,177.11,181.04,345894
HII,NYSE,2020/04/06 16:00:00,187.28,195.89,187.28,193.71,336333
HII,NYSE,2020/04/07 16:00:00,200.08,202.26,191.56,191.74,246418
HII,NYSE,2020/04/08 16:00:00,195.04,198.1,192.83,195.44,272400
HII,NYSE,2020/04/09 16:00:00,198,198.89,190.87,192.39,436866
HII,NYSE,2020/04/13 16:00:00,192.77,196.05,190.88,194.59,217150
HII,NYSE,2020/04/14 16:00:00,198.41,200.48,194.91,197.02,233165
HII,NYSE,2020/04/15 16:00:00,194.28,195.04,187.77,190.98,267584
HII,NYSE,2020/04/16 16:00:00,190.95,194.14,189.48,192.48,265929
HII,NYSE,2020/04/17 16:00:00,197.01,198.83,193.01,195.96,533623
HII,NYSE,2020/04/20 16:00:00,195.52,196.16,192.02,192.26,324165
HII,NYSE,2020/04/21 16:00:00,188.91,190.76,181.93,184.45,333477
HII,NYSE,2020/04/22 16:00:00,188.66,189.92,185.21,186.23,311544
HII,NYSE,2020/04/23 16:00:00,187.18,189.97,185.48,186.77,269450
HII,NYSE,2020/04/24 16:00:00,188.12,188.18,183.35,184.5,248879
HII,NYSE,2020/04/27 16:00:00,185.66,189.64,184.05,188.26,434141
HII,NYSE,2020/04/28 16:00:00,187.56,193.2,187.3,191.27,352654
HII,NYSE,2020/04/29 16:00:00,194.99,197.79,190.66,195.55,307850
HII,NYSE,2020/04/30 16:00:00,192.97,192.97,188.25,191.41,342846
HII,NYSE,2020/05/01 16:00:00,188.58,189.33,182.11,185.67,432166
HII,NYSE,2020/05/04 16:00:00,183.84,183.84,176.24,179.98,424427
HII,NYSE,2020/05/05 16:00:00,181.96,185.61,181.77,182.67,320006
HII,NYSE,2020/05/06 16:00:00,184.09,184.64,177.89,178.65,338983
HII,NYSE,2020/05/07 16:00:00,181.25,188.27,171.7,173.31,768768
HII,NYSE,2020/05/08 16:00:00,175,184.42,175,180.58,554116
HII,NYSE,2020/05/11 16:00:00,179.11,182.32,176.77,178.11,343186
HII,NYSE,2020/05/12 16:00:00,178.84,180.86,173.51,173.52,359273
HII,NYSE,2020/05/13 16:00:00,172.02,172.77,168.59,170.26,280528
HII,NYSE,2020/05/14 16:00:00,167.84,172.3,165.46,172.22,318973
HII,NYSE,2020/05/15 16:00:00,166.65,173.28,166.65,170.54,295316
HII,NYSE,2020/05/18 16:00:00,176.68,181.65,175.88,180.41,458320
HII,NYSE,2020/05/19 16:00:00,180.91,180.91,173.46,173.5,358547
HII,NYSE,2020/05/20 16:00:00,175.89,178.66,174.5,175.11,340344
HII,NYSE,2020/05/21 16:00:00,177.44,182.61,177.43,181.5,302155
HII,NYSE,2020/05/22 16:00:00,183.87,184.61,178.23,182.77,430750
HII,NYSE,2020/05/26 16:00:00,188.5,195.25,188.5,193.42,421458
HII,NYSE,2020/05/27 16:00:00,196.92,206.04,196.92,205.92,432258
HII,NYSE,2020/05/28 16:00:00,208.7,209.96,200.03,200.68,345178
HII,NYSE,2020/05/29 16:00:00,198.11,201.65,196.33,199.89,355149
HII,NYSE,2020/06/01 16:00:00,199.72,203.75,194.55,195.53,353422
HII,NYSE,2020/06/02 16:00:00,197.67,197.77,193.59,194.25,382670
HII,NYSE,2020/06/03 16:00:00,196.44,201.65,194.98,199.67,365439
HII,NYSE,2020/06/04 16:00:00,199.37,201.63,197.15,198.52,404400
HII,NYSE,2020/06/05 16:00:00,205.78,206.9,201.54,202.57,339961
HII,NYSE,2020/06/08 16:00:00,204.63,207.09,204.01,206.02,325972
HII,NYSE,2020/06/09 16:00:00,203,204.88,196.91,197.76,304828
HII,NYSE,2020/06/10 16:00:00,196.79,200.56,192.86,197.01,477438
HII,NYSE,2020/06/11 16:00:00,190.53,194,180.29,180.8,368595
HII,NYSE,2020/06/12 16:00:00,186.54,187.01,179.11,182.29,326281
HII,NYSE,2020/06/15 16:00:00,177.29,183.31,177.29,182.08,404767
HII,NYSE,2020/06/16 16:00:00,189.46,190.63,183.33,185.58,298041
HII,NYSE,2020/06/17 16:00:00,185.87,187.74,183.77,183.95,287745
HII,NYSE,2020/06/18 16:00:00,181.36,186.14,181.16,181.49,304308
HII,NYSE,2020/06/19 16:00:00,185.11,185.11,176.87,178.66,644602
HII,NYSE,2020/06/22 16:00:00,177.16,178.2,174.83,177.92,382278
HII,NYSE,2020/06/23 16:00:00,179.4,179.85,175.49,177.17,329143
HII,NYSE,2020/06/24 16:00:00,174.85,175.25,167.08,167.22,390166
HII,NYSE,2020/06/25 16:00:00,165.62,172.21,165.43,172.11,396053
HII,NYSE,2020/06/26 16:00:00,171.99,172.81,168.49,170.96,914874
HII,NYSE,2020/06/29 16:00:00,173.62,177.9,173.46,177.41,337458
HII,NYSE,2020/06/30 16:00:00,176.16,178.09,173.23,174.49,272152
HII,NYSE,2020/07/01 16:00:00,176.16,177.72,173.15,173.73,278216
HII,NYSE,2020/07/02 16:00:00,175.92,176.94,172.62,173.11,233220
HII,NYSE,2020/07/06 16:00:00,176.18,176.58,172.95,173.28,176015
HII,NYSE,2020/07/07 16:00:00,171.63,175.26,168.18,168.32,207691
HII,NYSE,2020/07/08 16:00:00,168.31,170.35,166.62,167.49,333558
HII,NYSE,2020/07/09 16:00:00,166.48,166.91,161.35,161.77,319829
HII,NYSE,2020/07/10 16:00:00,161.92,167.35,161.92,167.04,269987
HII,NYSE,2020/07/13 16:00:00,169.2,172.59,167.66,169.62,337526
HII,NYSE,2020/07/14 16:00:00,170,172.85,168.25,171.82,305032
HII,NYSE,2020/07/15 16:00:00,176.19,178.36,174.79,176.97,239103
HII,NYSE,2020/07/16 16:00:00,176.8,182.24,175.71,179.37,270680
HII,NYSE,2020/07/17 16:00:00,180.02,181.37,178.21,180.95,245722
HII,NYSE,2020/07/20 16:00:00,179.57,179.99,175.51,176.23,273009
HII,NYSE,2020/07/21 16:00:00,177,180.27,177,178.01,196508
HII,NYSE,2020/07/22 16:00:00,177.91,180.5,177.31,179.61,244051
HII,NYSE,2020/07/23 16:00:00,179.5,183.68,178.85,180.91,239794
HII,NYSE,2020/07/24 16:00:00,180.91,182.26,176.7,177.06,192921
HII,NYSE,2020/07/27 16:00:00,176.41,176.41,172.66,173.2,201640
HII,NYSE,2020/07/28 16:00:00,173.06,177.5,173.06,174.99,190857
HII,NYSE,2020/07/29 16:00:00,175.34,176.72,172.59,175.88,129336
HII,NYSE,2020/07/30 16:00:00,173.67,176.98,172.97,174.79,177168
HII,NYSE,2020/07/31 16:00:00,174.4,175.62,171.24,173.71,313075
HII,NYSE,2020/08/03 16:00:00,174.03,176.97,173.45,175.34,224303
HII,NYSE,2020/08/04 16:00:00,175.41,176.79,172.85,173.54,278149
HII,NYSE,2020/08/05 16:00:00,175.44,178.67,174.05,178.67,454129
HII,NYSE,2020/08/06 16:00:00,171.01,174.42,160,162.8,1171074
HII,NYSE,2020/08/07 16:00:00,161.46,169.77,161.44,167.9,550446
HII,NYSE,2020/08/10 16:00:00,167.89,170.99,165.87,169.13,512270
HII,NYSE,2020/08/11 16:00:00,172.23,174.5,168.39,168.54,231505
HII,NYSE,2020/08/12 16:00:00,170.02,170.02,163,164.17,416566
HII,NYSE,2020/08/13 16:00:00,163.11,165.81,161.85,164.13,381284
HII,NYSE,2020/08/14 16:00:00,163.62,169,163.5,166.89,217023
HII,NYSE,2020/08/17 16:00:00,166.74,166.89,162.65,163.09,352519
HII,NYSE,2020/08/18 16:00:00,162.66,163.41,161.44,162.29,333896
HII,NYSE,2020/08/19 16:00:00,161.98,164.49,161.98,162.77,227988
HII,NYSE,2020/08/20 16:00:00,161.51,161.98,159.41,159.54,260101
HII,NYSE,2020/08/21 16:00:00,159.1,161.48,158.07,158.63,331800
HII,NYSE,2020/08/24 16:00:00,159.15,162.3,157.61,162.18,309072
HII,NYSE,2020/08/25 16:00:00,162.81,163.17,158.13,158.94,261301
HII,NYSE,2020/08/26 16:00:00,158.09,158.52,153.51,153.89,459841
HII,NYSE,2020/08/27 16:00:00,153.25,156.3,152.5,153.44,470114
HII,NYSE,2020/08/28 16:00:00,153.74,154.09,151.45,152.46,413616
HII,NYSE,2020/08/31 16:00:00,151.76,152.74,149.69,151.52,636550
HII,NYSE,2020/09/01 16:00:00,150.09,150.77,147.63,150.33,740433
HII,NYSE,2020/09/02 16:00:00,150.29,152.89,148.8,151.35,738973
HII,NYSE,2020/09/03 16:00:00,153.08,154.43,147.84,150.12,618627
HII,NYSE,2020/09/04 16:00:00,151.53,153.48,146.82,147.51,598675
HII,NYSE,2020/09/08 16:00:00,147.09,147.95,141.35,141.76,899387
HII,NYSE,2020/09/09 16:00:00,142.42,143.81,138.61,141.35,575698
HII,NYSE,2020/09/10 16:00:00,142.88,144.26,137.64,137.83,794117
HII,NYSE,2020/09/11 16:00:00,138.1,148.24,138.1,147.4,837503
HII,NYSE,2020/09/14 16:00:00,148,148.11,144.06,146.85,602778
HII,NYSE,2020/09/15 16:00:00,146.77,147.14,144,145.27,448045
HII,NYSE,2020/09/16 16:00:00,145.17,150.1,143.97,147.94,360488
HII,NYSE,2020/09/17 16:00:00,146.01,151.19,145.47,150.59,383221
HII,NYSE,2020/09/18 16:00:00,150,151.52,148.78,149.18,670808
HII,NYSE,2020/09/21 16:00:00,146.7,147.44,142.69,143.9,477319
HII,NYSE,2020/09/22 16:00:00,143.9,145.92,142.3,143.61,365100
HII,NYSE,2020/09/23 16:00:00,144.2,145.54,138.22,139.43,431518
HII,NYSE,2020/09/24 16:00:00,139.29,141.03,136.44,139.49,410461
HII,NYSE,2020/09/25 16:00:00,138.64,142.1,138.64,141.22,275496
HII,NYSE,2020/09/28 16:00:00,143.22,145.24,141.7,143.13,340634
HII,NYSE,2020/09/29 16:00:00,142.62,143.52,140.87,141.21,234408
HII,NYSE,2020/09/30 16:00:00,142.09,142.93,140.04,140.75,368203
HII,NYSE,2020/10/01 16:00:00,140.76,142.86,139.3,139.98,364151
HII,NYSE,2020/10/02 16:00:00,137.21,144.32,137.21,144.13,392810
HII,NYSE,2020/10/05 16:00:00,146.11,147.07,144.58,146.32,337511
HII,NYSE,2020/10/06 16:00:00,147.91,151.28,146.58,147.13,413012
HII,NYSE,2020/10/07 16:00:00,148.42,150.64,147.37,147.94,317233
HII,NYSE,2020/10/08 16:00:00,148.78,149.7,146.15,149.64,279100
HII,NYSE,2020/10/09 16:00:00,150.92,151.39,149.01,149.98,406619
HII,NYSE,2020/10/12 16:00:00,149.98,152.27,148.11,149.45,243276
HII,NYSE,2020/10/13 16:00:00,148,150.08,147.57,148.46,261962
HII,NYSE,2020/10/14 16:00:00,147.37,152.88,147.37,151.53,237672
HII,NYSE,2020/10/15 16:00:00,150.48,150.48,146.85,147.55,379766
HII,NYSE,2020/10/16 16:00:00,147.79,150.43,146.25,148,376595
HII,NYSE,2020/10/19 16:00:00,148.43,149.98,146.5,146.96,215723
HII,NYSE,2020/10/20 16:00:00,147.68,149.48,146.15,147.7,229137
HII,NYSE,2020/10/21 16:00:00,147.7,150.15,146.65,149.52,295193
HII,NYSE,2020/10/22 16:00:00,149.94,152.53,149.2,152.23,233122
HII,NYSE,2020/10/23 16:00:00,153.25,153.85,152.11,152.82,258899
HII,NYSE,2020/10/26 16:00:00,151.45,151.77,148.86,149.71,341633
HII,NYSE,2020/10/27 16:00:00,148.81,149.23,146.18,146.51,284139
HII,NYSE,2020/10/28 16:00:00,144.05,146.38,140.93,141.46,352444
HII,NYSE,2020/10/29 16:00:00,140.56,143.47,138.8,142.97,324118
HII,NYSE,2020/10/30 16:00:00,142.64,147.66,142.64,147.48,301324
HII,NYSE,2020/11/02 16:00:00,149.43,152.12,147.32,149.5,397336
HII,NYSE,2020/11/03 16:00:00,152.28,158,151.6,156.9,392716
HII,NYSE,2020/11/04 16:00:00,157.89,158.74,150.66,150.72,566945
HII,NYSE,2020/11/05 16:00:00,151.99,159.45,148.85,151.81,794494
HII,NYSE,2020/11/06 16:00:00,151.5,154.82,151.5,152.72,323606
HII,NYSE,2020/11/09 16:00:00,160,164.69,155.24,155.97,632081
HII,NYSE,2020/11/10 16:00:00,157.2,164.4,157.14,161.54,488738
HII,NYSE,2020/11/11 16:00:00,161.53,162.1,157.92,158.04,448981
HII,NYSE,2020/11/12 16:00:00,157.16,159.48,156.06,158.53,314404
HII,NYSE,2020/11/13 16:00:00,160.14,165.19,159.58,164.01,378565
HII,NYSE,2020/11/16 16:00:00,165.27,166.73,162.67,163.26,488468
HII,NYSE,2020/11/17 16:00:00,162.01,165.27,161.56,162.82,311960
HII,NYSE,2020/11/18 16:00:00,164.74,165.08,163,163.02,258233
HII,NYSE,2020/11/19 16:00:00,162.26,163.4,160.69,162.21,275277
HII,NYSE,2020/11/20 16:00:00,162.2,162.92,157.71,158.74,530079
HII,NYSE,2020/11/23 16:00:00,160.1,165.26,160,165.11,424367
HII,NYSE,2020/11/24 16:00:00,166.82,172.54,166.82,170.87,398206
HII,NYSE,2020/11/25 16:00:00,169.13,169.5,165.13,165.53,284924
HII,NYSE,2020/11/27 13:00:00,165.63,165.63,163.4,164.53,139476
HII,NYSE,2020/11/30 16:00:00,163.2,164.38,159,160.19,612963
HII,NYSE,2020/12/01 16:00:00,162.95,166.55,162.34,164.42,373644
HII,NYSE,2020/12/02 16:00:00,162.69,164.91,160.3,163.17,359351
HII,NYSE,2020/12/03 16:00:00,164.04,166.09,163.14,163.73,314482
HII,NYSE,2020/12/04 16:00:00,164.12,169.62,163.56,167.69,284570
HII,NYSE,2020/12/07 16:00:00,167.4,170.38,165.11,170.04,461112
HII,NYSE,2020/12/08 16:00:00,169.24,172.74,169.24,171.59,420043
HII,NYSE,2020/12/09 16:00:00,172.84,174.93,172.4,173.44,457969
HII,NYSE,2020/12/10 16:00:00,171.54,176.27,171.54,174.46,479762
HII,NYSE,2020/12/11 16:00:00,173.97,179.28,173.97,177.7,446845
HII,NYSE,2020/12/14 16:00:00,179,179.9,174.06,174.98,412512
HII,NYSE,2020/12/15 16:00:00,175.4,177.27,173.78,176.07,316454
HII,NYSE,2020/12/16 16:00:00,176.45,177.14,173.12,174.62,310390
HII,NYSE,2020/12/17 16:00:00,174.63,174.91,170.4,170.47,414717
HII,NYSE,2020/12/18 16:00:00,170.56,172.51,168.5,169.62,977075
HII,NYSE,2020/12/21 16:00:00,166.87,168.09,163.44,165.27,420838
HII,NYSE,2020/12/22 16:00:00,164.99,165.87,163.03,163.63,298832
HII,NYSE,2020/12/23 16:00:00,164.56,167.18,163.98,166.55,177176
HII,NYSE,2020/12/24 13:00:00,166.6,166.6,163.88,165.4,94666
HII,NYSE,2020/12/28 16:00:00,166.37,169.17,166.04,166.89,178771
HII,NYSE,2020/12/29 16:00:00,167.96,168.02,164.81,166.58,252761
HII,NYSE,2020/12/30 16:00:00,166.61,169.4,166.37,168.54,198804
HII,NYSE,2020/12/31 16:00:00,168.04,171.08,167.55,170.48,286701
HII,NYSE,2021/01/04 16:00:00,169.64,169.87,162.18,164.05,473605
HII,NYSE,2021/01/05 16:00:00,164.18,167.03,164.03,165.56,392128
HII,NYSE,2021/01/06 16:00:00,163.22,171.46,163.22,170.98,463288
HII,NYSE,2021/01/07 16:00:00,171.65,171.65,168.6,169.74,471044
HII,NYSE,2021/01/08 16:00:00,170.96,172.9,167.03,169.09,404190
HII,NYSE,2021/01/11 16:00:00,167.76,171.11,167.76,169.2,262160
HII,NYSE,2021/01/12 16:00:00,169.8,173.32,169.12,172.21,271215
HII,NYSE,2021/01/13 16:00:00,171.59,173,170.26,171.3,223592
HII,NYSE,2021/01/14 16:00:00,172.61,175.35,171.68,172.02,377142
HII,NYSE,2021/01/15 16:00:00,171.25,172.58,168.12,171.47,297070
HII,NYSE,2021/01/19 16:00:00,173.16,173.75,170.31,170.57,309978
HII,NYSE,2021/01/20 16:00:00,170.24,170.84,168.27,168.46,280914
HII,NYSE,2021/01/21 16:00:00,167.85,170.17,166.73,166.89,295797
HII,NYSE,2021/01/22 16:00:00,166.57,168.57,164.48,167.64,312021
HII,NYSE,2021/01/25 16:00:00,167.09,169.17,165.48,166.51,280838
HII,NYSE,2021/01/26 16:00:00,168.65,169.69,160.8,160.88,466417
HII,NYSE,2021/01/27 16:00:00,160,166.41,159.85,163.2,757992
HII,NYSE,2021/01/28 16:00:00,163.95,164.62,161.28,161.95,379929
HII,NYSE,2021/01/29 16:00:00,161.28,162.03,157.1,157.33,346207
HII,NYSE,2021/02/01 16:00:00,158.01,159.73,156.36,157.77,421806
HII,NYSE,2021/02/02 16:00:00,159.91,161.39,158,159.62,448789
HII,NYSE,2021/02/03 16:00:00,159.62,161.66,158.97,161.2,309634
HII,NYSE,2021/02/04 16:00:00,161.88,162.4,159.98,161.25,549379
HII,NYSE,2021/02/05 16:00:00,162.8,165.77,162,163.9,405383
HII,NYSE,2021/02/08 16:00:00,165.15,166.25,163.84,165.02,296563
HII,NYSE,2021/02/09 16:00:00,165.33,167.24,164.5,167.22,346214
HII,NYSE,2021/02/10 16:00:00,168.13,169.1,166.91,167.77,321734
HII,NYSE,2021/02/11 16:00:00,170.5,179.75,169.53,170.53,742353
HII,NYSE,2021/02/12 16:00:00,170.73,176.8,170.42,176.13,429082
HII,NYSE,2021/02/16 16:00:00,177.63,179,174.8,175.16,616737
HII,NYSE,2021/02/17 16:00:00,174.9,179.27,173.4,178.42,431574
HII,NYSE,2021/02/18 16:00:00,177.34,178.68,176.54,178.43,372310
HII,NYSE,2021/02/19 16:00:00,179.11,182.23,178.81,182.13,418364
HII,NYSE,2021/02/22 16:00:00,183.14,192.5,182.2,190.64,665201
HII,NYSE,2021/02/23 16:00:00,191.37,191.81,183.05,186.42,587479
HII,NYSE,2021/02/24 16:00:00,187.04,190.23,187.04,188.1,341833
HII,NYSE,2021/02/25 16:00:00,187.07,188.41,182.1,183.23,288620
HII,NYSE,2021/02/26 16:00:00,181.14,182.02,175.78,175.91,579420
HII,NYSE,2021/03/01 16:00:00,178.08,180.69,177.83,178.41,473052
HII,NYSE,2021/03/02 16:00:00,178.3,180.39,177.33,179.63,283318
HII,NYSE,2021/03/03 16:00:00,180.35,183.58,179,182.23,398542
HII,NYSE,2021/03/04 16:00:00,183.14,184.61,177.57,179.37,465425
HII,NYSE,2021/03/05 16:00:00,180.96,186.86,179.11,185.61,354390
HII,NYSE,2021/03/08 16:00:00,187.89,194.1,187.42,191.1,364047
HII,NYSE,2021/03/09 16:00:00,189.74,190.27,184.07,185.09,442507
HII,NYSE,2021/03/10 16:00:00,184.53,189.4,183.4,187.86,310376
HII,NYSE,2021/03/11 16:00:00,187.22,190.58,186.75,189.91,391393
HII,NYSE,2021/03/12 16:00:00,193.29,196.14,192.55,195.09,335099
HII,NYSE,2021/03/15 16:00:00,195.7,198.85,195.14,198.28,438472
HII,NYSE,2021/03/16 16:00:00,197.53,197.93,193.8,195.13,422010
HII,NYSE,2021/03/17 16:00:00,195.62,199.23,193.88,197.94,287083
HII,NYSE,2021/03/18 16:00:00,198.33,200.28,196.92,198.47,333834
HII,NYSE,2021/03/19 16:00:00,198.06,198.06,194.16,197.26,594877
HII,NYSE,2021/03/22 16:00:00,196.54,197.23,193.06,196.07,298124
HII,NYSE,2021/03/23 16:00:00,193.39,195.22,190.11,191.48,462842
HII,NYSE,2021/03/24 16:00:00,193.21,199.09,193.19,194.12,285653
HII,NYSE,2021/03/25 16:00:00,194.69,200.42,192.57,200.14,330667
HII,NYSE,2021/03/26 16:00:00,200.64,203.64,199.32,203.16,242469
HII,NYSE,2021/03/29 16:00:00,203.4,208.48,203.34,207.36,433896
HII,NYSE,2021/03/30 16:00:00,207.11,207.74,203.93,205.67,267291
HII,NYSE,2021/03/31 16:00:00,205.58,208.07,205.09,205.85,383482
HII,NYSE,2021/04/01 16:00:00,206,206.39,202.53,204.23,247311
HII,NYSE,2021/04/05 16:00:00,206.18,208.16,205.6,207.6,356391
HII,NYSE,2021/04/06 16:00:00,206.34,209.41,206.04,207.37,309092
HII,NYSE,2021/04/07 16:00:00,207.58,207.86,203.76,205.03,289348
HII,NYSE,2021/04/08 16:00:00,204.2,206.95,202.83,206.64,263580
HII,NYSE,2021/04/09 16:00:00,207.54,208.43,205.48,206.87,233389
ALK,NYSE,2019/04/01 16:00:00,56.3,57.89,56.11,57.32,1950740
ALK,NYSE,2019/04/02 16:00:00,58.19,58.52,57.12,58.14,1563395
ALK,NYSE,2019/04/03 16:00:00,58.64,59.06,57.72,57.79,1922974
ALK,NYSE,2019/04/04 16:00:00,57.94,58.39,57.13,57.82,1055835
ALK,NYSE,2019/04/05 16:00:00,57.99,58.85,57.99,58.54,1010756
ALK,NYSE,2019/04/08 16:00:00,58.19,58.63,57.82,58.33,988702
ALK,NYSE,2019/04/09 16:00:00,58.01,58.31,57.54,57.84,1026724
ALK,NYSE,2019/04/10 16:00:00,58.66,59.04,57.72,58.78,1838488
ALK,NYSE,2019/04/11 16:00:00,58.92,60.57,58.86,59.71,2174210
ALK,NYSE,2019/04/12 16:00:00,60.39,61.09,59.77,60.63,1988579
ALK,NYSE,2019/04/15 16:00:00,60.82,60.82,59.82,60.06,1065830
ALK,NYSE,2019/04/16 16:00:00,60.3,61.11,60.19,60.97,1040679
ALK,NYSE,2019/04/17 16:00:00,61.87,62.1,61.07,61.38,1157198
ALK,NYSE,2019/04/18 16:00:00,61.29,61.75,60.7,61.67,976590
ALK,NYSE,2019/04/22 16:00:00,61.16,61.2,60.05,60.3,2194077
ALK,NYSE,2019/04/23 16:00:00,60.27,61.23,60.18,60.89,1118878
ALK,NYSE,2019/04/24 16:00:00,60.99,61.55,60.28,60.8,985724
ALK,NYSE,2019/04/25 16:00:00,60.79,61.25,58.25,59.17,1959987
ALK,NYSE,2019/04/26 16:00:00,59.1,60.99,58.7,60.62,2519151
ALK,NYSE,2019/04/29 16:00:00,60.3,60.98,60.15,60.54,1373182
ALK,NYSE,2019/04/30 16:00:00,61.41,62.38,61.18,61.9,1500668
ALK,NYSE,2019/05/01 16:00:00,62,62.46,61.72,62.07,1126438
ALK,NYSE,2019/05/02 16:00:00,62.15,63.2,61.98,62.34,1166290
ALK,NYSE,2019/05/03 16:00:00,62.35,63.26,62.35,62.48,702536
ALK,NYSE,2019/05/06 16:00:00,61.37,62.29,61.15,62.19,716421
ALK,NYSE,2019/05/07 16:00:00,61.71,61.71,60.25,61.09,944809
ALK,NYSE,2019/05/08 16:00:00,60.84,61.27,60.31,60.69,762172
ALK,NYSE,2019/05/09 16:00:00,60.21,60.4,59.46,60.3,1097452
ALK,NYSE,2019/05/10 16:00:00,60.21,61.42,59.3,61.27,862209
ALK,NYSE,2019/05/13 16:00:00,60.01,60.18,59.22,60.13,939841
ALK,NYSE,2019/05/14 16:00:00,60.28,61.67,60.08,61.38,989426
ALK,NYSE,2019/05/15 16:00:00,60.79,61.79,60.5,61.49,1128628
ALK,NYSE,2019/05/16 16:00:00,61.71,63.19,61.6,62.64,1353845
ALK,NYSE,2019/05/17 16:00:00,61.94,63.2,61.68,62.39,870850
ALK,NYSE,2019/05/20 16:00:00,61.5,62.45,61.22,61.95,935389
ALK,NYSE,2019/05/21 16:00:00,62.13,62.87,61.9,62.62,803728
ALK,NYSE,2019/05/22 16:00:00,62.08,62.25,60.6,60.68,1308801
ALK,NYSE,2019/05/23 16:00:00,60.23,61.45,59.41,61.36,1104827
ALK,NYSE,2019/05/24 16:00:00,61.34,61.88,60.37,60.59,722530
ALK,NYSE,2019/05/28 16:00:00,60.55,60.81,59.85,60.05,853309
ALK,NYSE,2019/05/29 16:00:00,60.01,60.26,58.73,59.27,957882
ALK,NYSE,2019/05/30 16:00:00,59.5,59.75,58.5,58.78,1239978
ALK,NYSE,2019/05/31 16:00:00,58.15,58.46,57.82,58.2,812426
ALK,NYSE,2019/06/03 16:00:00,58.01,59.38,57.85,59.07,877479
ALK,NYSE,2019/06/04 16:00:00,59.68,61,59.68,60.86,1197755
ALK,NYSE,2019/06/05 16:00:00,61.46,61.82,61.21,61.61,1103096
ALK,NYSE,2019/06/06 16:00:00,61.51,61.7,60.29,60.95,618481
ALK,NYSE,2019/06/07 16:00:00,61,61.53,60.49,60.53,984242
ALK,NYSE,2019/06/10 16:00:00,60.88,61.8,60.57,60.64,814967
ALK,NYSE,2019/06/11 16:00:00,61,61.28,60.53,60.76,645385
ALK,NYSE,2019/06/12 16:00:00,60.92,61.38,60.52,60.96,593878
ALK,NYSE,2019/06/13 16:00:00,61.01,62.33,61.01,62.16,916637
ALK,NYSE,2019/06/14 16:00:00,62.33,63.41,61.62,63.12,1236882
ALK,NYSE,2019/06/17 16:00:00,63.2,63.2,62.49,62.52,916087
ALK,NYSE,2019/06/18 16:00:00,62.7,63.63,62.51,62.94,673005
ALK,NYSE,2019/06/19 16:00:00,63.17,63.22,62.38,62.86,589883
ALK,NYSE,2019/06/20 16:00:00,63.25,63.3,60.32,60.72,2019301
ALK,NYSE,2019/06/21 16:00:00,60.86,62.59,60.3,62.08,2177557
ALK,NYSE,2019/06/24 16:00:00,62.23,62.67,61.91,62.42,936461
ALK,NYSE,2019/06/25 16:00:00,62.37,63.2,61.65,61.94,1388330
ALK,NYSE,2019/06/26 16:00:00,61.85,62.23,61.42,61.91,646459
ALK,NYSE,2019/06/27 16:00:00,62.15,63.49,62.15,63.11,862642
ALK,NYSE,2019/06/28 16:00:00,63.3,64,63.05,63.91,2179741
ALK,NYSE,2019/07/01 16:00:00,64.1,64.6,62.91,63.71,1122714
ALK,NYSE,2019/07/02 16:00:00,64.2,64.53,63.08,63.09,1098178
ALK,NYSE,2019/07/03 13:00:00,63.42,64.69,63.3,63.84,759894
ALK,NYSE,2019/07/05 16:00:00,63.72,64.22,63.15,64.07,566810
ALK,NYSE,2019/07/08 16:00:00,64.17,64.91,64.08,64.68,1228542
ALK,NYSE,2019/07/09 16:00:00,64.3,64.62,63.32,63.69,910717
ALK,NYSE,2019/07/10 16:00:00,64.15,64.39,62.56,62.94,1197020
ALK,NYSE,2019/07/11 16:00:00,63.2,63.55,62.42,63.31,982458
ALK,NYSE,2019/07/12 16:00:00,63.56,64.61,63.33,64.24,958705
ALK,NYSE,2019/07/15 16:00:00,64.14,64.58,63.25,63.36,946292
ALK,NYSE,2019/07/16 16:00:00,63.36,65.62,63.3,65.41,1384989
ALK,NYSE,2019/07/17 16:00:00,65.27,65.32,63.73,63.78,1178975
ALK,NYSE,2019/07/18 16:00:00,63.75,64.42,63.34,64.36,1018779
ALK,NYSE,2019/07/19 16:00:00,64.52,65.14,63.48,63.49,1143271
ALK,NYSE,2019/07/22 16:00:00,63.76,64.2,62.86,62.87,1303889
ALK,NYSE,2019/07/23 16:00:00,63.1,65.4,62.83,65.1,1458419
ALK,NYSE,2019/07/24 16:00:00,65.1,65.91,64.85,65.57,1007577
ALK,NYSE,2019/07/25 16:00:00,64.73,65.57,63.32,63.86,1598979
ALK,NYSE,2019/07/26 16:00:00,64.22,65.22,64.08,64.92,1637840
ALK,NYSE,2019/07/29 16:00:00,64.23,64.24,62.67,63.97,1397849
ALK,NYSE,2019/07/30 16:00:00,63.69,64.56,63.49,64.01,815631
ALK,NYSE,2019/07/31 16:00:00,63.98,64.51,63.26,63.36,1170982
ALK,NYSE,2019/08/01 16:00:00,63.57,64.25,62.9,63.14,1069480
ALK,NYSE,2019/08/02 16:00:00,63,63.77,62.44,63.27,1021117
ALK,NYSE,2019/08/05 16:00:00,62.54,62.65,60.51,61.52,1208396
ALK,NYSE,2019/08/06 16:00:00,61.97,62.66,61.84,62.47,797331
ALK,NYSE,2019/08/07 16:00:00,62.12,63.37,61.56,63.11,749740
ALK,NYSE,2019/08/08 16:00:00,63.47,64.67,63.44,64.53,769018
ALK,NYSE,2019/08/09 16:00:00,64.16,64.79,63.9,63.93,746638
ALK,NYSE,2019/08/12 16:00:00,63.43,63.43,61.36,62.11,1041537
ALK,NYSE,2019/08/13 16:00:00,61.82,62.79,61.11,61.17,1161985
ALK,NYSE,2019/08/14 16:00:00,60.6,60.99,58.33,59.23,1416642
ALK,NYSE,2019/08/15 16:00:00,59.34,59.53,58.82,59.02,1223095
ALK,NYSE,2019/08/16 16:00:00,59.31,60.51,59.2,60.36,952835
ALK,NYSE,2019/08/19 16:00:00,60.68,61.51,60.48,60.59,903368
ALK,NYSE,2019/08/20 16:00:00,60.31,60.34,59.51,60.11,740431
ALK,NYSE,2019/08/21 16:00:00,60.39,60.64,59.67,59.81,1038870
ALK,NYSE,2019/08/22 16:00:00,59.88,60.02,58.99,59.73,929343
ALK,NYSE,2019/08/23 16:00:00,59.56,59.9,57.57,57.93,1180849
ALK,NYSE,2019/08/26 16:00:00,58.44,58.85,57.73,58.38,1044943
ALK,NYSE,2019/08/27 16:00:00,58.78,58.88,57.12,58.01,1455453
ALK,NYSE,2019/08/28 16:00:00,57.79,59.04,57.71,58.74,728385
ALK,NYSE,2019/08/29 16:00:00,59.33,60.17,59.06,59.96,788312
ALK,NYSE,2019/08/30 16:00:00,60.13,60.34,59.37,59.72,842062
ALK,NYSE,2019/09/03 16:00:00,59.43,60.51,59.43,60.43,1110627
ALK,NYSE,2019/09/04 16:00:00,60.63,61.87,60.06,61.77,1067041
ALK,NYSE,2019/09/05 16:00:00,62.18,63.92,62.06,63.39,1285723
ALK,NYSE,2019/09/06 16:00:00,63.78,64.18,62.9,63.09,1033967
ALK,NYSE,2019/09/09 16:00:00,63.08,65.05,62.65,64.77,951225
ALK,NYSE,2019/09/10 16:00:00,65.01,65.48,64.51,64.99,723172
ALK,NYSE,2019/09/11 16:00:00,64.98,65.9,64.32,65.83,787470
ALK,NYSE,2019/09/12 16:00:00,65.79,66.47,65.3,65.68,668285
ALK,NYSE,2019/09/13 16:00:00,66.28,66.52,65.82,65.87,588406
ALK,NYSE,2019/09/16 16:00:00,64,65.84,63.64,64.66,1295195
ALK,NYSE,2019/09/17 16:00:00,64.25,65.49,64.17,64.92,657769
ALK,NYSE,2019/09/18 16:00:00,64.82,64.99,64.09,64.93,758623
ALK,NYSE,2019/09/19 16:00:00,64.71,65.31,64.43,64.58,605342
ALK,NYSE,2019/09/20 16:00:00,64.95,65.46,64.61,65,1251947
ALK,NYSE,2019/09/23 16:00:00,64.73,65.21,64.42,64.64,647718
ALK,NYSE,2019/09/24 16:00:00,65.13,65.27,64.38,64.65,596561
ALK,NYSE,2019/09/25 16:00:00,64.68,65.43,64.59,65.05,528010
ALK,NYSE,2019/09/26 16:00:00,65.05,65.08,64.18,64.57,543550
ALK,NYSE,2019/09/27 16:00:00,64.98,65.57,63.93,64.18,813976
ALK,NYSE,2019/09/30 16:00:00,64.4,65.24,64.24,64.91,808852
ALK,NYSE,2019/10/01 16:00:00,65.45,65.91,64.64,64.95,612726
ALK,NYSE,2019/10/02 16:00:00,64.13,64.2,61.5,62.72,1334531
ALK,NYSE,2019/10/03 16:00:00,62.69,62.87,61.15,62.3,985135
ALK,NYSE,2019/10/04 16:00:00,62.38,63.63,62.25,63.51,479845
ALK,NYSE,2019/10/07 16:00:00,63.6,64.19,63.48,63.96,629007
ALK,NYSE,2019/10/08 16:00:00,63.28,64.76,62.96,63.18,962291
ALK,NYSE,2019/10/09 16:00:00,64.05,64.68,64.03,64.11,537031
ALK,NYSE,2019/10/10 16:00:00,63,64.96,62.76,64.88,575738
ALK,NYSE,2019/10/11 16:00:00,66,67.63,65,66.08,1587853
ALK,NYSE,2019/10/14 16:00:00,65.87,66.59,65.39,66.21,598583
ALK,NYSE,2019/10/15 16:00:00,66.42,67.73,65.98,67.33,930604
ALK,NYSE,2019/10/16 16:00:00,67.34,67.47,66.57,66.83,942140
ALK,NYSE,2019/10/17 16:00:00,67.14,67.76,66.51,66.98,749363
ALK,NYSE,2019/10/18 16:00:00,66.61,67.52,66.08,66.84,969715
ALK,NYSE,2019/10/21 16:00:00,67.91,69.28,67.35,69.04,1448375
ALK,NYSE,2019/10/22 16:00:00,68.99,69.77,68.33,69.19,1133248
ALK,NYSE,2019/10/23 16:00:00,69.09,69.38,68.85,68.91,741958
ALK,NYSE,2019/10/24 16:00:00,69.3,69.7,68.28,68.76,1493117
ALK,NYSE,2019/10/25 16:00:00,69,72,68.8,71.57,1669883
ALK,NYSE,2019/10/28 16:00:00,70.4,71.33,69.87,70.08,1438594
ALK,NYSE,2019/10/29 16:00:00,70,70.42,69.57,69.76,801809
ALK,NYSE,2019/10/30 16:00:00,69.64,70.47,69.35,70.38,932702
ALK,NYSE,2019/10/31 16:00:00,69.9,70.15,69.04,69.43,715501
ALK,NYSE,2019/11/01 16:00:00,69.89,70.57,69.64,70.15,666596
ALK,NYSE,2019/11/04 16:00:00,70.83,71,70.25,70.63,755965
ALK,NYSE,2019/11/05 16:00:00,70.85,71.92,70.77,71.38,777588
ALK,NYSE,2019/11/06 16:00:00,71.07,71.47,70.48,71.37,709609
ALK,NYSE,2019/11/07 16:00:00,71.58,72.22,70.64,70.93,681176
ALK,NYSE,2019/11/08 16:00:00,70.79,71.26,69.95,71.17,506089
ALK,NYSE,2019/11/11 16:00:00,71.03,71.91,70.56,71.91,603322
ALK,NYSE,2019/11/12 16:00:00,71.98,71.98,70.6,70.84,513301
ALK,NYSE,2019/11/13 16:00:00,70.23,70.63,69.94,70.52,414764
ALK,NYSE,2019/11/14 16:00:00,70.26,70.81,70.06,70.41,459177
ALK,NYSE,2019/11/15 16:00:00,70.94,70.95,70.18,70.38,468868
ALK,NYSE,2019/11/18 16:00:00,70.35,70.35,69.71,70.06,432415
ALK,NYSE,2019/11/19 16:00:00,70.13,70.46,69.5,70.07,561339
ALK,NYSE,2019/11/20 16:00:00,69.43,69.54,67.94,68.44,789041
ALK,NYSE,2019/11/21 16:00:00,68.45,68.85,67.96,68,688403
ALK,NYSE,2019/11/22 16:00:00,68.3,68.83,68.08,68.76,613144
ALK,NYSE,2019/11/25 16:00:00,68.8,69.3,68.68,68.79,493221
ALK,NYSE,2019/11/26 16:00:00,68.71,69.49,68.61,69.44,564109
ALK,NYSE,2019/11/27 16:00:00,69.5,69.78,68.74,69.17,635477
ALK,NYSE,2019/11/29 13:00:00,69.21,69.73,68.86,69.01,270582
ALK,NYSE,2019/12/02 16:00:00,69.17,69.7,68.06,68.11,904657
ALK,NYSE,2019/12/03 16:00:00,67.49,67.49,66.58,66.61,1079894
ALK,NYSE,2019/12/04 16:00:00,66.83,68,66.75,66.92,776203
ALK,NYSE,2019/12/05 16:00:00,67.05,67.64,67.05,67.29,560784
ALK,NYSE,2019/12/06 16:00:00,67.87,68.47,67.37,68.32,834837
ALK,NYSE,2019/12/09 16:00:00,68.03,68.24,67.86,67.99,871484
ALK,NYSE,2019/12/10 16:00:00,67.31,67.98,66.85,67.24,744657
ALK,NYSE,2019/12/11 16:00:00,67.33,67.57,66.6,66.74,854000
ALK,NYSE,2019/12/12 16:00:00,67.42,68.47,67.17,67.69,1553837
ALK,NYSE,2019/12/13 16:00:00,67.44,67.66,66.29,67.41,1120690
ALK,NYSE,2019/12/16 16:00:00,67.81,69.14,67.81,69,1220286
ALK,NYSE,2019/12/17 16:00:00,68.94,70.25,68.73,70.06,1545278
ALK,NYSE,2019/12/18 16:00:00,70.41,70.41,68.54,69.03,1807191
ALK,NYSE,2019/12/19 16:00:00,69.01,69.28,68.66,69.2,1105980
ALK,NYSE,2019/12/20 16:00:00,69.62,69.62,69,69.34,1401913
ALK,NYSE,2019/12/23 16:00:00,69.63,69.63,68.93,69.29,1099180
ALK,NYSE,2019/12/24 13:00:00,69.58,69.58,68.78,69.09,360810
ALK,NYSE,2019/12/26 16:00:00,69.18,69.59,68.75,69.07,519598
ALK,NYSE,2019/12/27 16:00:00,69.24,69.3,68.12,68.29,1011755
ALK,NYSE,2019/12/30 16:00:00,68.17,68.3,67.33,67.68,861863
ALK,NYSE,2019/12/31 16:00:00,67.56,68.16,67.56,67.75,735302
ALK,NYSE,2020/01/02 16:00:00,68.15,68.79,67.62,68.17,1343259
ALK,NYSE,2020/01/03 16:00:00,66.8,67.11,66.02,66.92,1404601
ALK,NYSE,2020/01/06 16:00:00,66.09,66.89,66.02,66.6,1342654
ALK,NYSE,2020/01/07 16:00:00,66.56,66.82,66.06,66.18,1050828
ALK,NYSE,2020/01/08 16:00:00,66.03,67.59,66.02,66.5,1438528
ALK,NYSE,2020/01/09 16:00:00,67.02,67.02,66.2,66.37,1140407
ALK,NYSE,2020/01/10 16:00:00,66.6,66.7,65.82,65.89,1007568
ALK,NYSE,2020/01/13 16:00:00,65.84,66.19,65.64,65.87,629491
ALK,NYSE,2020/01/14 16:00:00,66.76,67.45,66.02,66.18,994907
ALK,NYSE,2020/01/15 16:00:00,66.01,67.06,65.96,66.59,782276
ALK,NYSE,2020/01/16 16:00:00,67,67.43,65.85,66.54,966167
ALK,NYSE,2020/01/17 16:00:00,66.84,67.11,66.04,66.62,943922
ALK,NYSE,2020/01/21 16:00:00,66.04,66.42,64.18,64.99,1636371
ALK,NYSE,2020/01/22 16:00:00,65.44,66.28,65.3,65.59,1398000
ALK,NYSE,2020/01/23 16:00:00,65,67.3,64.44,67.18,1409762
ALK,NYSE,2020/01/24 16:00:00,67.28,67.36,65.59,66.72,1127210
ALK,NYSE,2020/01/27 16:00:00,64.88,65.62,64.2,65.34,1778449
ALK,NYSE,2020/01/28 16:00:00,65.87,66.64,65.13,65.54,2214651
ALK,NYSE,2020/01/29 16:00:00,65.75,67.48,65.58,66.89,2466240
ALK,NYSE,2020/01/30 16:00:00,65.87,66.07,65.03,66.01,2127277
ALK,NYSE,2020/01/31 16:00:00,65.61,65.62,64.17,64.59,1581600
ALK,NYSE,2020/02/03 16:00:00,65.13,65.66,64.3,64.65,1696924
ALK,NYSE,2020/02/04 16:00:00,65.59,66.4,65.43,65.77,1513945
ALK,NYSE,2020/02/05 16:00:00,66.71,66.8,65.94,66.33,1332240
ALK,NYSE,2020/02/06 16:00:00,66.84,66.84,63.84,64.02,1531147
ALK,NYSE,2020/02/07 16:00:00,63.9,64.21,63.28,63.96,1338877
ALK,NYSE,2020/02/10 16:00:00,63.54,64.48,63.44,64.43,812876
ALK,NYSE,2020/02/11 16:00:00,64.47,65.28,64.43,64.55,788336
ALK,NYSE,2020/02/12 16:00:00,65.1,66.15,64.81,65.54,932608
ALK,NYSE,2020/02/13 16:00:00,65.17,66.77,65.14,66.5,1538579
ALK,NYSE,2020/02/14 16:00:00,66.32,66.96,65.46,66.11,1006287
ALK,NYSE,2020/02/18 16:00:00,65.94,66.31,65.4,65.49,1266470
ALK,NYSE,2020/02/19 16:00:00,65.61,65.81,64.76,65.17,863761
ALK,NYSE,2020/02/20 16:00:00,64.9,65.97,64.9,65.36,786912
ALK,NYSE,2020/02/21 16:00:00,64.91,65.53,63.95,65.43,926517
ALK,NYSE,2020/02/24 16:00:00,63.48,63.83,62.2,63.01,1285434
ALK,NYSE,2020/02/25 16:00:00,63.17,63.21,58.66,58.81,1685929
ALK,NYSE,2020/02/26 16:00:00,59.37,59.66,57.2,57.37,1813957
ALK,NYSE,2020/02/27 16:00:00,54.79,56.68,52.91,52.96,2704849
ALK,NYSE,2020/02/28 16:00:00,51.09,52.01,49.45,50.46,3535303
ALK,NYSE,2020/03/02 16:00:00,50.85,51.3,48.38,50.03,3075018
ALK,NYSE,2020/03/03 16:00:00,50.47,50.47,46.3,47.37,3415189
ALK,NYSE,2020/03/04 16:00:00,48.19,49.71,46.57,49.69,3480573
ALK,NYSE,2020/03/05 16:00:00,47.66,47.66,43.36,43.46,3859236
ALK,NYSE,2020/03/06 16:00:00,41.5,48.4,41.4,45.21,5041787
ALK,NYSE,2020/03/09 16:00:00,43.16,45.19,42.14,43.19,3413762
ALK,NYSE,2020/03/10 16:00:00,45.31,47.69,43.37,46.78,3140020
ALK,NYSE,2020/03/11 16:00:00,45.1,46.04,43.37,45.7,3185711
ALK,NYSE,2020/03/12 16:00:00,40.11,43.4,35.01,35.08,4731514
ALK,NYSE,2020/03/13 16:00:00,38.1,38.1,33,37.95,3947823
ALK,NYSE,2020/03/16 16:00:00,32.02,34.4,28.92,32.53,4456887
ALK,NYSE,2020/03/17 16:00:00,33.06,36.2,31.28,32.53,3707614
ALK,NYSE,2020/03/18 16:00:00,29.53,30.04,20.02,25.13,5067377
ALK,NYSE,2020/03/19 16:00:00,24.7,25.99,22.01,24.18,2901109
ALK,NYSE,2020/03/20 16:00:00,25.71,27.97,23.34,23.56,4062514
ALK,NYSE,2020/03/23 16:00:00,24,24.98,22.15,24.03,3694649
ALK,NYSE,2020/03/24 16:00:00,29.44,31.26,27.38,28.91,4750648
ALK,NYSE,2020/03/25 16:00:00,33.56,34.25,28.36,29.84,7739353
ALK,NYSE,2020/03/26 16:00:00,31.91,33.37,30.02,32.49,4919675
ALK,NYSE,2020/03/27 16:00:00,31.73,31.9,29.78,29.87,3546910
ALK,NYSE,2020/03/30 16:00:00,29.13,29.95,26.55,28.33,2841735
ALK,NYSE,2020/03/31 16:00:00,28.96,30.71,28.13,28.47,2668409
ALK,NYSE,2020/04/01 16:00:00,26.92,27.55,25.25,26.35,3350013
ALK,NYSE,2020/04/02 16:00:00,26.14,27.02,24.28,24.66,3065198
ALK,NYSE,2020/04/03 16:00:00,25.16,25.65,23.58,24.69,2707499
ALK,NYSE,2020/04/06 16:00:00,26.04,27.27,24.92,26.67,3724657
ALK,NYSE,2020/04/07 16:00:00,29.34,31.77,28.54,29.03,3766820
ALK,NYSE,2020/04/08 16:00:00,30.2,30.32,28.95,29.14,2940051
ALK,NYSE,2020/04/09 16:00:00,31.24,33.6,30.39,31.61,4210881
ALK,NYSE,2020/04/13 16:00:00,32.63,32.86,28.61,29.51,3181769
ALK,NYSE,2020/04/14 16:00:00,30.58,31.92,30.42,31.05,2789864
ALK,NYSE,2020/04/15 16:00:00,32.24,32.42,29,30.08,4252965
ALK,NYSE,2020/04/16 16:00:00,29.24,29.45,27.51,28.26,3274707
ALK,NYSE,2020/04/17 16:00:00,29.69,30.28,29.31,29.93,2491824
ALK,NYSE,2020/04/20 16:00:00,28.94,29.96,28.13,29.23,1812479
ALK,NYSE,2020/04/21 16:00:00,27.8,29.19,27.61,28.29,1884229
ALK,NYSE,2020/04/22 16:00:00,29,29.23,27.02,27.53,2600459
ALK,NYSE,2020/04/23 16:00:00,28.01,28.98,27.75,28.2,2399870
ALK,NYSE,2020/04/24 16:00:00,28.56,28.82,27.21,28.01,3055151
ALK,NYSE,2020/04/27 16:00:00,28.34,29.26,27.7,27.85,2766597
ALK,NYSE,2020/04/28 16:00:00,28.89,32.25,28.7,31.58,3954692
ALK,NYSE,2020/04/29 16:00:00,34.06,34.72,32.72,34,4002548
ALK,NYSE,2020/04/30 16:00:00,32.78,33.5,31.4,32.52,2678752
ALK,NYSE,2020/05/01 16:00:00,31.41,31.85,29.6,30.11,2392729
ALK,NYSE,2020/05/04 16:00:00,27.12,28.9,26.56,28.77,4457742
ALK,NYSE,2020/05/05 16:00:00,29.72,30.37,28.41,28.97,3958502
ALK,NYSE,2020/05/06 16:00:00,28.88,29.06,27.2,27.83,2994853
ALK,NYSE,2020/05/07 16:00:00,28.06,29.09,27.8,28.25,2910461
ALK,NYSE,2020/05/08 16:00:00,28.77,30.16,28.56,30,2771952
ALK,NYSE,2020/05/11 16:00:00,29.48,29.49,28.24,28.36,3003804
ALK,NYSE,2020/05/12 16:00:00,28.46,28.99,26.82,26.85,2983646
ALK,NYSE,2020/05/13 16:00:00,26.56,26.66,24.8,25.52,3449112
ALK,NYSE,2020/05/14 16:00:00,24.42,26.18,23.39,26.14,3507227
ALK,NYSE,2020/05/15 16:00:00,25.65,26.58,25.15,25.63,2787220
ALK,NYSE,2020/05/18 16:00:00,27.67,29.5,27.08,29.05,4334521
ALK,NYSE,2020/05/19 16:00:00,29.61,29.96,28.04,28.66,3189434
ALK,NYSE,2020/05/20 16:00:00,29.35,30.47,29.12,30.26,2676458
ALK,NYSE,2020/05/21 16:00:00,30.36,32.19,30.21,31.84,3278588
ALK,NYSE,2020/05/22 16:00:00,32.32,32.61,30.32,31.02,2888349
ALK,NYSE,2020/05/26 16:00:00,33.58,35.44,33.32,35.03,4605514
ALK,NYSE,2020/05/27 16:00:00,38.53,39.47,34.43,35.74,5503562
ALK,NYSE,2020/05/28 16:00:00,35.88,36,34.03,34.46,3276719
ALK,NYSE,2020/05/29 16:00:00,33.19,35.12,32.78,34.19,3563139
ALK,NYSE,2020/06/01 16:00:00,34.38,36.58,34.05,36.11,2894679
ALK,NYSE,2020/06/02 16:00:00,37.05,37.4,35.63,36.2,3472768
ALK,NYSE,2020/06/03 16:00:00,37.28,40.63,37.22,39.3,4512960
ALK,NYSE,2020/06/04 16:00:00,41,43.41,39.57,42.32,6768554
ALK,NYSE,2020/06/05 16:00:00,47.84,48.66,41.81,42.72,9436950
ALK,NYSE,2020/06/08 16:00:00,45.9,50.81,45.25,50.24,13224945
ALK,NYSE,2020/06/09 16:00:00,48.06,48.48,44.01,46.1,7384379
ALK,NYSE,2020/06/10 16:00:00,44.26,44.26,39.81,41.48,8580760
ALK,NYSE,2020/06/11 16:00:00,36.11,38.13,35.18,35.59,6825281
ALK,NYSE,2020/06/12 16:00:00,39.72,39.8,36.33,38.47,6102229
ALK,NYSE,2020/06/15 16:00:00,35.62,38.57,35.38,37.77,5533694
ALK,NYSE,2020/06/16 16:00:00,40.51,40.8,37.77,38.21,5076343
ALK,NYSE,2020/06/17 16:00:00,37.61,38.17,36.75,37.41,2490236
ALK,NYSE,2020/06/18 16:00:00,36.58,37.84,36.13,37.45,3391234
ALK,NYSE,2020/06/19 16:00:00,38.33,38.35,35.51,36.29,3873108
ALK,NYSE,2020/06/22 16:00:00,35.5,36.79,35.23,36.47,2919174
ALK,NYSE,2020/06/23 16:00:00,36.87,37,35.63,36.83,2825077
ALK,NYSE,2020/06/24 16:00:00,36.08,36.34,34.3,34.39,3475455
ALK,NYSE,2020/06/25 16:00:00,33.24,35.68,33,35.48,3049709
ALK,NYSE,2020/06/26 16:00:00,35.45,35.65,33.51,34.3,3578722
ALK,NYSE,2020/06/29 16:00:00,34.73,37.12,34.06,36.91,3558277
ALK,NYSE,2020/06/30 16:00:00,36.44,36.81,35.32,36.26,3098813
ALK,NYSE,2020/07/01 16:00:00,37.18,38.29,35.5,35.7,3146783
ALK,NYSE,2020/07/02 16:00:00,37.2,37.49,36.27,36.49,2753481
ALK,NYSE,2020/07/06 16:00:00,37.34,37.9,36.03,37.08,2133107
ALK,NYSE,2020/07/07 16:00:00,36.22,36.55,35.65,36.1,2687492
ALK,NYSE,2020/07/08 16:00:00,35.6,36.34,35.17,36.26,2143209
ALK,NYSE,2020/07/09 16:00:00,36,36.12,34.38,34.44,2178037
ALK,NYSE,2020/07/10 16:00:00,34,36.04,33.62,35.73,2016414
ALK,NYSE,2020/07/13 16:00:00,35.95,36.13,34.63,34.88,2249091
ALK,NYSE,2020/07/14 16:00:00,34.27,35.85,34.13,35.49,1734475
ALK,NYSE,2020/07/15 16:00:00,37.58,38.94,36.89,38.76,3519627
ALK,NYSE,2020/07/16 16:00:00,37.77,38.23,36.81,37.28,1743656
ALK,NYSE,2020/07/17 16:00:00,37.25,37.52,36.58,37,1147013
ALK,NYSE,2020/07/20 16:00:00,36.62,37.32,35.56,35.89,1892734
ALK,NYSE,2020/07/21 16:00:00,35.89,36.69,35.75,36.2,1644648
ALK,NYSE,2020/07/22 16:00:00,35.92,37.31,35.72,36.3,1781143
ALK,NYSE,2020/07/23 16:00:00,36.45,37.95,34.85,36.67,3276532
ALK,NYSE,2020/07/24 16:00:00,35.64,36.38,34.68,35.06,2781094
ALK,NYSE,2020/07/27 16:00:00,35.02,35.44,33.88,34.15,2128931
ALK,NYSE,2020/07/28 16:00:00,33.93,35.48,33.84,35,2243537
ALK,NYSE,2020/07/29 16:00:00,35.12,35.35,34.3,34.76,1521253
ALK,NYSE,2020/07/30 16:00:00,34.1,35,33.89,34.66,1695121
ALK,NYSE,2020/07/31 16:00:00,34.21,34.59,33.65,34.44,2226263
ALK,NYSE,2020/08/03 16:00:00,34.09,34.61,33.22,34,2632925
ALK,NYSE,2020/08/04 16:00:00,34.01,35.02,33.95,34.3,2277039
ALK,NYSE,2020/08/05 16:00:00,35.39,36.04,34.41,35.76,3070588
ALK,NYSE,2020/08/06 16:00:00,35.75,36.69,35.33,36.42,2586152
ALK,NYSE,2020/08/07 16:00:00,36,36.63,35.79,36.61,1588481
ALK,NYSE,2020/08/10 16:00:00,36.98,39.47,36.96,39.25,3807191
ALK,NYSE,2020/08/11 16:00:00,40.9,41.05,38.67,38.98,3604075
ALK,NYSE,2020/08/12 16:00:00,39.53,39.74,37.57,38.46,2187144
ALK,NYSE,2020/08/13 16:00:00,37.8,38.96,37.55,37.79,1802726
ALK,NYSE,2020/08/14 16:00:00,37.06,38.05,36.85,37.68,1871962
ALK,NYSE,2020/08/17 16:00:00,37.48,37.63,36.17,36.26,2085836
ALK,NYSE,2020/08/18 16:00:00,36.55,36.85,35.83,36.19,1456767
ALK,NYSE,2020/08/19 16:00:00,36.32,37.61,35.78,35.85,1966945
ALK,NYSE,2020/08/20 16:00:00,35.5,35.99,35.04,35.77,1362916
ALK,NYSE,2020/08/21 16:00:00,35.85,36.25,35.39,35.43,1370222
ALK,NYSE,2020/08/24 16:00:00,35.77,37.7,35.44,37.52,2584574
ALK,NYSE,2020/08/25 16:00:00,38.18,38.48,36.75,37.71,2345152
ALK,NYSE,2020/08/26 16:00:00,37.52,37.71,36.6,36.69,1617025
ALK,NYSE,2020/08/27 16:00:00,37.9,39.43,37.69,38.5,3452599
ALK,NYSE,2020/08/28 16:00:00,39.05,40.74,38.56,40.73,3823804
ALK,NYSE,2020/08/31 16:00:00,40.4,40.65,38.9,38.95,2831386
ALK,NYSE,2020/09/01 16:00:00,38.1,40.06,37.82,39.15,2282826
ALK,NYSE,2020/09/02 16:00:00,39.23,40.56,38.77,40.47,2375637
ALK,NYSE,2020/09/03 16:00:00,41.03,42.39,39.26,40.39,3143512
ALK,NYSE,2020/09/04 16:00:00,41.32,41.82,39.38,40.82,3242221
ALK,NYSE,2020/09/08 16:00:00,40.17,42.57,40.06,41.6,2914999
ALK,NYSE,2020/09/09 16:00:00,40.7,41.27,39.68,40.67,2248685
ALK,NYSE,2020/09/10 16:00:00,41.29,41.67,40.81,40.89,2018868
ALK,NYSE,2020/09/11 16:00:00,40.76,40.88,39.77,40.33,2445900
ALK,NYSE,2020/09/14 16:00:00,40.8,41.63,40.44,41.51,1966751
ALK,NYSE,2020/09/15 16:00:00,41.69,42.47,41.4,42.18,1725148
ALK,NYSE,2020/09/16 16:00:00,42.13,43.94,41.57,43.12,2408227
ALK,NYSE,2020/09/17 16:00:00,42.49,43.56,41.93,42.15,1743626
ALK,NYSE,2020/09/18 16:00:00,41.62,41.9,40.44,41.04,3010778
ALK,NYSE,2020/09/21 16:00:00,39.36,39.8,37.54,37.64,2862476
ALK,NYSE,2020/09/22 16:00:00,37.85,38.47,37.52,37.88,1852960
ALK,NYSE,2020/09/23 16:00:00,38.35,38.84,36.81,36.86,2097352
ALK,NYSE,2020/09/24 16:00:00,36.54,36.59,34.83,35.7,3326039
ALK,NYSE,2020/09/25 16:00:00,35.49,36.9,35.4,36.7,1767638
ALK,NYSE,2020/09/28 16:00:00,37.59,38.26,36.74,37.54,2922841
ALK,NYSE,2020/09/29 16:00:00,37.4,37.42,36.28,36.67,1747948
ALK,NYSE,2020/09/30 16:00:00,37.59,38.27,36.48,36.63,1922303
ALK,NYSE,2020/10/01 16:00:00,37.09,37.21,36.23,36.91,1858682
ALK,NYSE,2020/10/02 16:00:00,35.6,38.15,35.31,37.52,3904407
ALK,NYSE,2020/10/05 16:00:00,37.92,38,36.87,37.57,1987466
ALK,NYSE,2020/10/06 16:00:00,38.22,38.44,36.06,36.09,2041000
ALK,NYSE,2020/10/07 16:00:00,37.21,37.64,36.8,37.02,2102897
ALK,NYSE,2020/10/08 16:00:00,37.73,39.46,37.62,38.63,3650595
ALK,NYSE,2020/10/09 16:00:00,38.23,39.1,37.92,38.69,2633481
ALK,NYSE,2020/10/12 16:00:00,38.32,38.59,37.82,38.41,2139617
ALK,NYSE,2020/10/13 16:00:00,38.22,38.65,37.81,38,1941010
ALK,NYSE,2020/10/14 16:00:00,38.09,39.35,38.09,38.55,2197121
ALK,NYSE,2020/10/15 16:00:00,38.02,38.2,37.33,38.03,1818640
ALK,NYSE,2020/10/16 16:00:00,38.18,39.75,38.06,39.35,2457612
ALK,NYSE,2020/10/19 16:00:00,39.61,40.86,39.36,39.58,2153458
ALK,NYSE,2020/10/20 16:00:00,40.33,40.78,39.69,39.93,1678243
ALK,NYSE,2020/10/21 16:00:00,39.69,40.05,38.95,39.69,1722446
ALK,NYSE,2020/10/22 16:00:00,39.15,41.32,38.9,40.59,2675840
ALK,NYSE,2020/10/23 16:00:00,40.63,41.73,39.83,41.57,1974574
ALK,NYSE,2020/10/26 16:00:00,40.88,41.12,37.93,38.58,2755403
ALK,NYSE,2020/10/27 16:00:00,38.31,38.56,37.29,37.47,1757648
ALK,NYSE,2020/10/28 16:00:00,36.5,36.77,35.06,35.71,1862338
ALK,NYSE,2020/10/29 16:00:00,35.61,37.09,35.52,36.78,1971019
ALK,NYSE,2020/10/30 16:00:00,36.55,37.95,36.26,37.89,2886606
ALK,NYSE,2020/11/02 16:00:00,38.22,38.43,36.82,38.27,1722949
ALK,NYSE,2020/11/03 16:00:00,39.37,39.71,38.22,38.56,2132220
ALK,NYSE,2020/11/04 16:00:00,37.73,39.28,36.9,37.8,2425687
ALK,NYSE,2020/11/05 16:00:00,38.23,39.55,38.1,39.18,1477026
ALK,NYSE,2020/11/06 16:00:00,38.9,38.94,37.76,38.26,1339957
ALK,NYSE,2020/11/09 16:00:00,44.74,46.28,43.45,45.91,7015144
ALK,NYSE,2020/11/10 16:00:00,45.9,46.65,44.2,45.52,3642671
ALK,NYSE,2020/11/11 16:00:00,45.2,45.41,43.68,44.34,2186396
ALK,NYSE,2020/11/12 16:00:00,43.05,44.27,41.9,42.41,2480016
ALK,NYSE,2020/11/13 16:00:00,43.11,44.87,42.78,44.66,1923177
ALK,NYSE,2020/11/16 16:00:00,47.48,47.66,45.28,47.16,3729731
ALK,NYSE,2020/11/17 16:00:00,46.34,48.05,46,47.46,1802439
ALK,NYSE,2020/11/18 16:00:00,48.5,49.71,47.6,47.72,1985256
ALK,NYSE,2020/11/19 16:00:00,47.36,48.54,47.01,48.49,1647098
ALK,NYSE,2020/11/20 16:00:00,48.23,48.26,46.63,47.72,1929069
ALK,NYSE,2020/11/23 16:00:00,48.4,49.97,48.18,49.72,1887379
ALK,NYSE,2020/11/24 16:00:00,51.42,52.75,50.26,52.37,3332829
ALK,NYSE,2020/11/25 16:00:00,51.94,52.74,50.82,52.47,1661446
ALK,NYSE,2020/11/27 13:00:00,52.46,53.42,51.39,51.55,1338052
ALK,NYSE,2020/11/30 16:00:00,52,52,49.62,50.97,2022624
ALK,NYSE,2020/12/01 16:00:00,51.77,52.57,50.92,50.94,1430307
ALK,NYSE,2020/12/02 16:00:00,50.19,51.49,49.91,51.29,1824267
ALK,NYSE,2020/12/03 16:00:00,52.18,54.63,52.06,53.01,2647076
ALK,NYSE,2020/12/04 16:00:00,54.05,54.96,52.34,52.94,2113589
ALK,NYSE,2020/12/07 16:00:00,52.64,52.94,50.8,51.01,2707113
ALK,NYSE,2020/12/08 16:00:00,50.51,51.76,50.16,50.97,1814054
ALK,NYSE,2020/12/09 16:00:00,51.45,51.85,49.58,50.36,1627788
ALK,NYSE,2020/12/10 16:00:00,49.14,51.37,49.1,51.29,1335476
ALK,NYSE,2020/12/11 16:00:00,51.18,51.42,48.91,49.88,1964881
ALK,NYSE,2020/12/14 16:00:00,50.84,51,48.54,48.93,2158302
ALK,NYSE,2020/12/15 16:00:00,49.34,50.57,48.29,50.33,1627649
ALK,NYSE,2020/12/16 16:00:00,49.83,50.06,49.05,49.75,1485904
ALK,NYSE,2020/12/17 16:00:00,50.23,50.25,49.05,50.17,1582433
ALK,NYSE,2020/12/18 16:00:00,49.74,50.63,49.6,50.35,2931493
ALK,NYSE,2020/12/21 16:00:00,48.91,50.67,48.27,50.22,2142108
ALK,NYSE,2020/12/22 16:00:00,50.71,50.76,49.7,50.35,1795245
ALK,NYSE,2020/12/23 16:00:00,50.63,52.72,50.61,51.84,2143694
ALK,NYSE,2020/12/24 13:00:00,52.25,52.56,51.12,52.25,814791
ALK,NYSE,2020/12/28 16:00:00,52.95,53.76,52.41,52.58,1307894
ALK,NYSE,2020/12/29 16:00:00,52.98,53.14,51.78,52.03,913089
ALK,NYSE,2020/12/30 16:00:00,52,53.03,51.98,52.9,1243087
ALK,NYSE,2020/12/31 16:00:00,52.61,52.62,51.87,52,1131695
ALK,NYSE,2021/01/04 16:00:00,52.17,52.19,48.81,49.24,2218749
ALK,NYSE,2021/01/05 16:00:00,48.84,50.69,48.79,49.86,1645081
ALK,NYSE,2021/01/06 16:00:00,49.85,52.12,49.52,51.52,2014986
ALK,NYSE,2021/01/07 16:00:00,51.72,52.46,51.28,51.32,1228156
ALK,NYSE,2021/01/08 16:00:00,51.79,51.93,50.48,50.98,1043879
ALK,NYSE,2021/01/11 16:00:00,50.1,50.85,49.6,50.15,1955958
ALK,NYSE,2021/01/12 16:00:00,50.43,51.9,50.14,51.69,1958841
ALK,NYSE,2021/01/13 16:00:00,51.46,52.37,50.63,51.85,1652559
ALK,NYSE,2021/01/14 16:00:00,52.51,56.14,52.32,55.42,3174851
ALK,NYSE,2021/01/15 16:00:00,55.53,56.18,53.57,53.65,2052701
ALK,NYSE,2021/01/19 16:00:00,54.47,55.12,53.42,54.71,1194049
ALK,NYSE,2021/01/20 16:00:00,54.99,56.1,54.66,55.81,1151639
ALK,NYSE,2021/01/21 16:00:00,54.86,55.64,54.16,54.96,1334719
ALK,NYSE,2021/01/22 16:00:00,54.2,54.65,53.71,54.47,936103
ALK,NYSE,2021/01/25 16:00:00,54,54.05,51.23,52.9,2800310
ALK,NYSE,2021/01/26 16:00:00,53.5,53.65,51.62,51.83,2736962
ALK,NYSE,2021/01/27 16:00:00,50.97,51.22,48.09,48.85,3787621
ALK,NYSE,2021/01/28 16:00:00,50.08,51.98,50.01,50.67,2884625
ALK,NYSE,2021/01/29 16:00:00,50.48,50.56,48.13,48.83,2231022
ALK,NYSE,2021/02/01 16:00:00,49.36,50.56,48.25,49.89,2704686
ALK,NYSE,2021/02/02 16:00:00,50.85,51.24,50.18,50.66,2376171
ALK,NYSE,2021/02/03 16:00:00,51.25,52.74,50.76,52.54,1530819
ALK,NYSE,2021/02/04 16:00:00,52.8,54.71,52.72,54.48,1745375
ALK,NYSE,2021/02/05 16:00:00,54.98,55.15,54.05,54.18,1163516
ALK,NYSE,2021/02/08 16:00:00,54.6,57.6,54.59,57.08,1755410
ALK,NYSE,2021/02/09 16:00:00,56.48,56.59,55.57,55.74,1296287
ALK,NYSE,2021/02/10 16:00:00,56.11,57.68,55.65,57.36,1445083
ALK,NYSE,2021/02/11 16:00:00,57.04,57.74,56.45,57.69,1362137
ALK,NYSE,2021/02/12 16:00:00,57.19,58.17,56.92,57.56,967282
ALK,NYSE,2021/02/16 16:00:00,58.54,60.1,57.69,59.94,1650693
ALK,NYSE,2021/02/17 16:00:00,59.38,60.25,58.94,59.99,1357743
ALK,NYSE,2021/02/18 16:00:00,59.21,60.18,58.43,59.9,1416254
ALK,NYSE,2021/02/19 16:00:00,60.42,62.86,60.18,62.28,1986487
ALK,NYSE,2021/02/22 16:00:00,63.91,66.13,62.64,63.61,4115860
ALK,NYSE,2021/02/23 16:00:00,64.72,66.97,62.15,66.52,3113296
ALK,NYSE,2021/02/24 16:00:00,66.9,68.99,66.64,67.45,3229545
ALK,NYSE,2021/02/25 16:00:00,67.49,67.89,64.07,65.56,2035146
ALK,NYSE,2021/02/26 16:00:00,65.32,66.57,63.58,65.02,2203699
ALK,NYSE,2021/03/01 16:00:00,67.08,67.67,64.31,64.83,2445443
ALK,NYSE,2021/03/02 16:00:00,64.57,65.82,64.05,65.42,1094453
ALK,NYSE,2021/03/03 16:00:00,66.13,67.22,65.18,65.96,1212037
ALK,NYSE,2021/03/04 16:00:00,65.32,66.7,61.85,64.62,1592999
ALK,NYSE,2021/03/05 16:00:00,65.04,65.29,59.69,64.89,1783996
ALK,NYSE,2021/03/08 16:00:00,65.99,69.17,65.61,67.99,2201370
ALK,NYSE,2021/03/09 16:00:00,68.66,68.75,66.21,66.89,1449131
ALK,NYSE,2021/03/10 16:00:00,66.36,67.68,65.15,66.39,1648429
ALK,NYSE,2021/03/11 16:00:00,66.86,66.99,65.11,65.69,1998685
ALK,NYSE,2021/03/12 16:00:00,66.01,68.88,65.8,68.02,1865640
ALK,NYSE,2021/03/15 16:00:00,69.44,72.62,68.86,71.98,3738049
ALK,NYSE,2021/03/16 16:00:00,72.41,72.5,70.2,70.6,2045530
ALK,NYSE,2021/03/17 16:00:00,70.05,73.26,69.76,73.2,1948885
ALK,NYSE,2021/03/18 16:00:00,72.69,73.75,70.21,70.59,1885840
ALK,NYSE,2021/03/19 16:00:00,69.98,71.69,68.22,70.78,2414319
ALK,NYSE,2021/03/22 16:00:00,70.42,70.42,68.24,68.56,1728588
ALK,NYSE,2021/03/23 16:00:00,67.6,68.79,65.23,65.66,1669811
ALK,NYSE,2021/03/24 16:00:00,66.7,68.64,65.37,65.42,1305171
ALK,NYSE,2021/03/25 16:00:00,64.25,67.97,63.5,67.75,2028088
ALK,NYSE,2021/03/26 16:00:00,68.6,69.54,66.88,68.32,1222252
ALK,NYSE,2021/03/29 16:00:00,68.65,68.83,66.35,67.5,1478934
ALK,NYSE,2021/03/30 16:00:00,68.01,70.34,67.75,69.94,1602132
ALK,NYSE,2021/03/31 16:00:00,70.02,70.05,68.57,69.21,1184432
ALK,NYSE,2021/04/01 16:00:00,69.67,70.44,68.95,69.49,810336
ALK,NYSE,2021/04/05 16:00:00,70.74,72.75,70.49,71.09,1427323
ALK,NYSE,2021/04/06 16:00:00,72.44,73.9,71.85,73.74,2764155
ALK,NYSE,2021/04/07 16:00:00,73.7,74.25,71.72,72.36,1246893
ALK,NYSE,2021/04/08 16:00:00,71.78,72.95,70.36,72.69,1278563
ALK,NYSE,2021/04/09 16:00:00,72.7,72.95,71.59,72.63,909526